"V1" "V2" "V3" "V4" "V5"
"1" 120.832346455715 50.726408170274 0 1 0
"2" 117.381448632687 55.8297090856528 0 2 0
"3" 120.412583888101 52.3439333609386 0 3 0
"4" 123.97491575136 47.6186620616329 0 4 0
"5" 126.041762883795 49.6150611126104 0 5 0
"6" 122.484900708934 49.0098386708129 0 6 0
"7" 119.612601567662 56.698023169072 0 7 0
"8" 124.703780842103 56.151808537324 0 8 0
"9" 121.440179262236 51.2491534534518 0 9 0
"10" 120.626791139394 54.8103180627418 0 10 0
"11" 122.957737187923 57.2178304088967 0 11 0
"12" 124.135371361668 51.108037201568 0 12 0
"13" 122.371918943487 55.8609166500482 0 13 0
"14" 121.888349341666 58.3017091788196 0 14 0
"15" 122.322398680639 49.531419015805 0 15 0
"16" 125.012678975272 60.5782407965238 0 16 0
"17" 120.397274502855 60.7917876030764 0 17 0
"18" 123.721050136733 51.4313964507822 0 18 0
"19" 120.949623284735 57.294162791338 0 19 0
"20" 119.62888892302 55.9826712243205 0 20 0
"21" 123.347639928297 54.925107874933 0 21 0
"22" 121.905464407511 46.3014790223765 0 22 0
"23" 119.416823085906 56.6558139269486 0 23 0
"24" 120.274777261288 52.8812509030552 0 24 0
"25" 120.442586498394 52.0321586454615 0 25 0
"26" 121.244766894512 48.1788818799413 0 26 0
"27" 120.501634653749 54.2193220177025 0 27 0
"28" 119.374978994356 47.3683846345322 0 28 0
"29" 118.487301455121 50.1721910583651 0 29 0
"30" 119.785703955216 50.3246827154987 0 30 0
"31" 121.46491298631 53.8736561308646 0 31 0
"32" 121.989130796295 51.814686667737 0 32 0
"33" 121.627879502995 50.7184996190841 0 33 0
"34" 119.739214131038 58.3141177672396 0 34 0
"35" 122.214146291364 43.3953138691171 0 35 0
"36" 122.55177172012 52.4051653600811 0 36 0
"37" 123.529259935135 44.7253027744945 0 37 0
"38" 119.958972227991 56.6733527151995 0 38 0
"39" 122.31157092763 47.3238387654776 0 39 0
"40" 120.112332584179 51.7510042009235 0 40 0
"41" 117.564498179191 57.3644647582339 0 41 0
"42" 118.514280905504 47.5725824004903 0 42 0
"43" 118.946420750876 57.0208418432748 0 43 0
"44" 121.048719356613 56.5671978745462 0 44 0
"45" 118.138536340199 51.0274951873088 0 45 0
"46" 118.392528067422 53.0392894112531 0 46 0
"47" 120.191759074784 52.9599899516064 0 47 0
"48" 124.73141664854 56.1255562037875 0 48 0
"49" 121.911181347231 47.1246333496754 0 49 0
"50" 121.891767098148 53.5148999642522 0 50 0
"51" 123.994017411558 56.438178872869 0 51 0
"52" 120.973416218316 45.7931858159068 0 52 0
"53" 122.407103805889 47.0990378002399 0 53 0
"54" 121.313556539408 49.8138909519508 0 54 0
"55" 120.875493257706 54.2620739511044 0 55 0
"56" 118.113240000749 49.0873046757546 0 56 0
"57" 117.384980300821 51.8268364613366 0 57 0
"58" 117.189015958509 50.6740358531835 0 58 0
"59" 119.037386476188 39.19395447096 0 59 0
"60" 121.183830607325 45.5479331072931 0 60 0
"61" 122.017056880321 54.3760087583436 0 61 0
"62" 124.548059508471 49.0177003743775 0 62 0
"63" 117.915103029478 53.7942295237659 0 63 0
"64" 122.459886333731 52.2212966301618 0 64 0
"65" 118.250259087365 49.5786779813219 0 65 0
"66" 122.261789770725 50.1725682658554 0 66 0
"67" 118.186363540542 51.2755237337401 0 67 0
"68" 119.437313271627 50.8887989241536 0 68 0
"69" 118.961725488329 44.3061778099297 0 69 0
"70" 117.171361184779 60.3536626841151 0 70 0
"71" 121.648133208549 48.4848944203398 0 71 0
"72" 121.492021590839 52.6957095684738 0 72 0
"73" 125.55978428644 57.0547266686482 0 73 0
"74" 122.222109893775 54.7562001447943 0 74 0
"75" 123.404521452221 46.2862241560364 0 75 0
"76" 120.973542775367 48.7119953611984 0 76 0
"77" 119.312702125578 54.6200481556775 0 77 0
"78" 126.393647683644 46.5049724018557 0 78 0
"79" 116.960417969098 58.1666401093047 0 79 0
"80" 122.710494499671 45.0732507816729 0 80 0
"81" 118.289827837937 52.7172383293459 0 81 0
"82" 119.463618282373 47.15072592065 0 82 0
"83" 120.28000086935 55.3170540213007 0 83 0
"84" 120.446948740952 52.1798124404634 0 84 0
"85" 121.730776569968 45.5794547428805 0 85 0
"86" 123.543706224213 49.9275973884981 0 86 0
"87" 122.566782136914 50.350875268448 0 87 0
"88" 117.087128588831 48.8089851396275 0 88 0
"89" 121.399859894655 55.1657838515502 0 89 0
"90" 118.007080531704 50.0919778046191 0 90 0
"91" 125.038857595349 58.5147714408059 0 91 0
"92" 115.807572025437 49.4310883429079 0 92 0
"93" 116.825083550207 53.725334072193 0 93 0
"94" 122.487794984498 50.6706191607528 0 94 0
"95" 116.006425670888 45.3097199489919 0 95 0
"96" 122.129105107089 53.4939986278888 0 96 0
"97" 121.224699365816 53.6594464327034 0 97 0
"98" 123.070013441748 54.7510983584044 0 98 0
"99" 118.21365745932 54.490500782303 0 99 0
"100" 124.504719762237 56.880706356933 0 100 0
"101" 122.338182612532 50.9146951917837 0 101 0
"102" 126.158928927434 56.5050792658744 0 102 0
"103" 121.770243851506 56.4288698126112 0 103 0
"104" 121.03514612204 58.635765740009 0 104 0
"105" 119.299419858442 52.3256185365285 0 105 0
"106" 121.385773927962 47.586893062192 0 106 0
"107" 120.49817170327 57.7579548925259 0 107 0
"108" 118.837565192713 45.9544343609106 0 108 0
"109" 122.352376489262 56.4525449599685 0 109 0
"110" 117.780299675137 49.5632419240822 0 110 0
"111" 119.775282260832 52.3842013244899 0 111 0
"112" 121.20711849599 52.4899021795028 0 112 0
"113" 119.720422444052 49.8575261364043 0 113 0
"114" 121.247836155732 49.5811816152333 0 114 0
"115" 116.803857209424 50.2498764444568 0 115 0
"116" 122.102633735437 45.7040443196563 0 116 0
"117" 120.215707752517 54.4736735691681 0 117 0
"118" 124.175774625443 53.6954853891835 0 118 0
"119" 119.154315833786 46.8010015941264 0 119 0
"120" 122.02922030134 49.3577323406973 0 120 0
"121" 119.012718626782 54.5533814480934 0 121 0
"122" 119.918429882036 51.0342899489786 0 122 0
"123" 122.308629147118 60.3499422268448 0 123 0
"124" 120.218846460034 54.8492782217116 0 124 0
"125" 123.441366350148 53.3495270375945 0 125 0
"126" 122.334121486958 52.2183942451363 0 126 0
"127" 120.177523233874 54.8321367258321 0 127 0
"128" 123.645191973782 57.4318715595582 0 128 0
"129" 119.390257889088 49.6885703297157 0 129 0
"130" 122.083755362906 55.2832125780845 0 130 0
"131" 121.111967894562 56.2222907141526 0 131 0
"132" 122.744996106162 51.4124178150778 0 132 0
"133" 123.247229078922 58.862192007888 0 133 0
"134" 120.560160926306 50.2705928109438 0 134 0
"135" 118.30960820564 53.1112832903182 0 135 0
"136" 122.130880462735 49.8468218557829 0 136 0
"137" 119.981437119009 53.0758558390116 0 137 0
"138" 122.188314174212 43.0685573572154 0 138 0
"139" 120.152121740992 44.2548599886962 0 139 0
"140" 120.295268374264 42.2037518274288 0 140 0
"141" 120.513825783268 43.7771724823702 0 141 0
"142" 116.912779772236 46.5350529107274 0 142 0
"143" 119.770957007685 52.9078159891351 0 143 0
"144" 120.260168215698 47.392658220107 0 144 0
"145" 124.394640855674 52.9913912600159 0 145 0
"146" 123.836210219917 56.0532958935193 0 146 0
"147" 126.718648563977 50.3377034439207 0 147 0
"148" 119.167316676124 58.9572740309795 0 148 0
"149" 121.22702802949 47.5789210272568 0 149 0
"150" 123.416134765478 47.361112724268 0 150 0
"151" 121.6065373692 45.7886325946844 0 151 0
"152" 122.703386900325 46.9702951529594 0 152 0
"153" 118.629042849988 55.5307264571243 0 153 0
"154" 122.149321111387 51.3361996646726 0 154 0
"155" 123.838883428717 56.7933617139481 0 155 0
"156" 123.455531395506 48.7370448828541 0 156 0
"157" 123.082120866561 51.4128291526373 0 157 0
"158" 120.27879817459 50.5598741645167 0 158 0
"159" 117.175417567088 43.8950323755853 0 159 0
"160" 120.805879185497 51.1514977195998 0 160 0
"161" 121.533981956381 54.2221543517111 0 161 0
"162" 124.24554948869 53.2724981982151 0 162 0
"163" 114.571528451117 51.9766635581912 0 163 0
"164" 122.727998484267 47.120248272408 0 164 0
"165" 118.652661845733 51.8670896505594 0 165 0
"166" 117.065478828399 55.4517644369735 0 166 0
"167" 119.512994979214 50.352442283564 0 167 0
"168" 122.516456687454 53.9373288040493 0 168 0
"169" 116.775149067377 54.8364140597722 0 169 0
"170" 120.549505289116 47.7694125117917 0 170 0
"171" 117.921765255491 53.4865856458474 0 171 0
"172" 120.117739351946 45.8167226662061 0 172 0
"173" 117.762142086698 55.4016910894509 0 173 0
"174" 120.801021554007 52.3971606801905 0 174 0
"175" 118.08717915726 49.7688701496804 0 175 0
"176" 122.912837851164 49.8674562429372 0 176 0
"177" 118.02134350859 57.6990834029353 0 177 0
"178" 117.67988066545 49.2940369928315 0 178 0
"179" 122.593558690112 54.8344258069449 0 179 0
"180" 123.161796896071 47.0201013213846 0 180 0
"181" 119.604894177107 51.5563992401295 0 181 0
"182" 121.979495670168 49.9319595195055 0 182 0
"183" 118.879603384517 52.5466716913879 0 183 0
"184" 121.514138418207 44.6404647483175 0 184 0
"185" 121.57264514939 55.9085215377991 0 185 0
"186" 118.189376431194 46.3591793838913 0 186 0
"187" 121.781772766147 52.8531695512588 0 187 0
"188" 124.427615304599 55.7615865817048 0 188 0
"189" 122.766661257785 51.3429223763809 0 189 0
"190" 120.069857046149 47.6302481932202 0 190 0
"191" 123.216932193192 55.0217743892089 0 191 0
"192" 122.50088458074 57.6545351244626 0 192 0
"193" 118.155000166104 51.6445754413748 0 193 0
"194" 123.556085954064 54.6571064627084 0 194 0
"195" 124.725410354346 45.8157726301605 0 195 0
"196" 119.505147727545 45.5521742253809 0 196 0
"197" 119.96445018734 50.0875979848 0 197 0
"198" 118.624302286219 56.3245566259529 0 198 0
"199" 119.434770752481 61.3744103348493 0 199 0
"200" 121.256396977042 52.8427603310037 0 200 0
"201" 121.46133349429 59.5279696211667 0 201 0
"202" 118.677616225446 54.0276786840192 0 202 0
"203" 121.203222572853 57.3775154262438 0 203 0
"204" 116.600567861386 51.7299523140754 0 204 0
"205" 120.646617204276 49.0310894367371 0 205 0
"206" 115.580670118742 50.9491060310854 0 206 0
"207" 124.774433496518 44.3445969100621 0 207 0
"208" 116.444841976504 47.8774858938675 0 208 0
"209" 119.304312896468 54.2549036363112 0 209 0
"210" 121.342229524829 54.6187894779308 0 210 0
"211" 121.984292478877 49.1024837935163 0 211 0
"212" 121.827136200655 54.7935668137522 0 212 0
"213" 127.535717547229 44.9831356952304 0 213 0
"214" 119.396061887031 54.6813661127929 0 214 0
"215" 122.50761343945 47.1652927880207 0 215 0
"216" 124.580974772995 49.6635830929132 0 216 0
"217" 117.963852945569 52.3783167135543 0 217 0
"218" 118.979447186703 43.3327751936972 0 218 0
"219" 122.38251380247 55.2177380822487 0 219 0
"220" 125.868084711432 54.3860778391376 0 220 0
"221" 119.496577080423 50.351810166036 0 221 0
"222" 120.638682164208 61.4313009356568 0 222 0
"223" 115.083292371266 48.3464722067616 0 223 0
"224" 117.472428783936 53.476918969824 0 224 0
"225" 119.336200678221 55.9966168420629 0 225 0
"226" 122.051216386498 59.1961314256346 0 226 0
"227" 120.055895500652 51.1188077087384 0 227 0
"228" 121.825782238833 46.9010387044132 0 228 0
"229" 123.36446983024 48.1910717019739 0 229 0
"230" 118.937113935562 56.0233931751658 0 230 0
"231" 120.307747251815 57.5188334611252 0 231 0
"232" 119.821905879715 50.3415080377027 0 232 0
"233" 121.556811304184 51.8323198329119 0 233 0
"234" 120.929832440227 54.5816761206711 0 234 0
"235" 121.276626263051 55.5657666412712 0 235 0
"236" 119.564069895897 52.5539679559018 0 236 0
"237" 122.187879095229 52.1943609558155 0 237 0
"238" 121.351610763723 56.0626868735789 0 238 0
"239" 118.2608546996 51.5077937123404 0 239 0
"240" 119.992105777277 44.8230976976574 0 240 0
"241" 122.311133575711 59.2781451831647 0 241 0
"242" 118.985276448987 46.8418313209254 0 242 0
"243" 121.683435397109 54.0647030376653 0 243 0
"244" 121.201565931531 54.9947937119296 0 244 0
"245" 119.444465845184 56.137361386313 0 245 0
"246" 123.285774521538 51.271165459407 0 246 0
"247" 116.863405925342 59.0851305669564 0 247 0
"248" 123.742975151974 52.7697405772599 0 248 0
"249" 121.101081849375 48.3504975970151 0 249 0
"250" 118.361167231191 52.0551609676364 0 250 0
"251" 123.006217040994 57.9273485108732 0 251 0
"252" 122.9478745285 53.7540769479535 0 252 0
"253" 124.530748532802 52.0440858506962 0 253 0
"254" 121.759212891292 49.3931425982434 0 254 0
"255" 121.606434308935 61.0058873116558 0 255 0
"256" 120.831986489036 57.7648096180132 0 256 0
"257" 118.418339205194 45.9672347328241 0 257 0
"258" 123.564421935148 52.8904884411985 0 258 0
"259" 118.847214659595 46.7204918674345 0 259 0
"260" 119.794179393209 57.1690203518391 0 260 0
"261" 121.314217590716 48.9370133863264 0 261 0
"262" 122.948791550239 50.7156751828416 0 262 0
"263" 121.532658763535 55.3601047512844 0 263 0
"264" 122.38308221276 52.0273754849434 0 264 0
"265" 120.133436408299 50.2398370250699 0 265 0
"266" 117.14911129287 49.8560546041164 0 266 0
"267" 124.312083034017 59.4973504219069 0 267 0
"268" 118.316302150313 50.4022888249293 0 268 0
"269" 122.184500674137 47.7821107977208 0 269 0
"270" 120.553702315906 53.0000755436202 0 270 0
"271" 120.856694617837 51.3200215189522 0 271 0
"272" 122.706637391669 49.4102235203913 0 272 0
"273" 121.855687665601 53.4521297587084 0 273 0
"274" 122.103522810748 48.7067764024099 0 274 0
"275" 121.691716812405 55.9925286257764 0 275 0
"276" 124.066313618149 51.8311740403085 0 276 0
"277" 121.506951575257 44.0054009072456 0 277 0
"278" 123.727768834026 52.800070821291 0 278 0
"279" 126.592839943369 57.2289633232007 0 279 0
"280" 119.028113722157 53.9685564968073 0 280 0
"281" 123.198784639936 51.4386083168195 0 281 0
"282" 119.908043822351 48.0779563046577 0 282 0
"283" 123.05996030466 52.4372870728756 0 283 0
"284" 119.041058492201 48.2236660596521 0 284 0
"285" 121.899753473271 52.0197737818396 0 285 0
"286" 122.651799683867 49.8502718054721 0 286 0
"287" 120.109354054419 53.2275933178696 0 287 0
"288" 122.424174862698 55.2399312455095 0 288 0
"289" 121.080399849111 49.7298489294471 0 289 0
"290" 121.542187817663 61.3154398372835 0 290 0
"291" 122.465100141408 57.1911456678094 0 291 0
"292" 122.842842569645 48.4098052202111 0 292 0
"293" 120.229168534667 56.4178342255345 0 293 0
"294" 121.915000537946 45.3238388488755 0 294 0
"295" 121.3602678764 62.2467501169956 0 295 0
"296" 119.769782336906 49.873357146296 0 296 0
"297" 120.747372888929 52.826323197611 0 297 0
"298" 123.607230811216 49.7077812983915 0 298 0
"299" 122.96276950203 53.9469481739126 0 299 0
"300" 119.099199295555 54.2063610332149 0 300 0
"301" 120.239953030651 50.3616769256075 0 301 0
"302" 119.424284505794 49.3946323958963 0 302 0
"303" 123.571963614164 58.7111275887348 0 303 0
"304" 119.314354750886 48.4117193907398 0 304 0
"305" 123.356616245182 58.1845247817335 0 305 0
"306" 119.299758878057 50.0083966190886 0 306 0
"307" 120.310726460976 48.2055089351293 0 307 0
"308" 119.122884325356 52.7630244211423 0 308 0
"309" 122.035807023612 53.1963588114454 0 309 0
"310" 116.783376316902 48.9403404630612 0 310 0
"311" 121.861052177514 56.8104108249536 0 311 0
"312" 123.215537531427 54.7642301161616 0 312 0
"313" 119.924452076553 54.2923159056723 0 313 0
"314" 122.11336287172 48.6248680984846 0 314 0
"315" 118.825479324641 51.5529308985475 0 315 0
"316" 119.400312586661 53.0440700570112 0 316 0
"317" 118.752952378124 53.135322447741 0 317 0
"318" 117.450206169691 53.0395262639206 0 318 0
"319" 119.458617578792 53.0206351584878 0 319 0
"320" 120.988373503719 62.2521117234945 0 320 0
"321" 120.327819563808 45.8051460185873 0 321 0
"322" 120.393186913862 54.499374911013 0 322 0
"323" 119.167516304999 54.3530261172154 0 323 0
"324" 126.065598099146 53.7647104551042 0 324 0
"325" 118.416790900039 46.9255241619371 0 325 0
"326" 118.34850990841 53.4465040941169 0 326 0
"327" 119.243217337575 51.2970790611398 0 327 0
"328" 122.38562626309 61.483276321234 0 328 0
"329" 121.787045717805 54.0585316757932 0 329 0
"330" 123.177114215 60.0482246832572 0 330 0
"331" 121.344547449233 52.5610936016973 0 331 0
"332" 118.034412668531 51.9990078226898 0 332 0
"333" 122.405224113335 48.2131182540106 0 333 0
"334" 124.738989548427 56.8815243256438 0 334 0
"335" 119.946927722235 50.4256376197895 0 335 0
"336" 119.54613680696 50.0847455672441 0 336 0
"337" 120.857251720557 56.6808069601895 0 337 0
"338" 124.388794849201 53.4455541250458 0 338 0
"339" 118.467956235837 55.716619681248 0 339 0
"340" 122.354508243426 48.8258639188971 0 340 0
"341" 124.640730879858 49.2473001719408 0 341 0
"342" 117.631676381537 46.1065118162412 0 342 0
"343" 122.322776029548 51.1490304671964 0 343 0
"344" 122.172651933176 47.9021222332897 0 344 0
"345" 122.627905525703 50.8956432997773 0 345 0
"346" 117.816285388975 45.5840543999009 0 346 0
"347" 125.00422182046 44.919545977252 0 347 0
"348" 117.363655083813 57.1399105384737 0 348 0
"349" 121.606069976937 49.2817616488275 0 349 0
"350" 122.840409242645 43.0966272745876 0 350 0
"351" 118.998129383939 50.7294976670199 0 351 0
"352" 121.332908145391 53.2413870867577 0 352 0
"353" 119.669325998882 46.1100841748955 0 353 0
"354" 119.577713613351 48.6702069866003 0 354 0
"355" 121.058485332331 57.7155941852076 0 355 0
"356" 122.50781042097 57.4589618481873 0 356 0
"357" 124.715354739841 52.9570595457558 0 357 0
"358" 123.954301908092 45.0448486611456 0 358 0
"359" 122.295363430188 54.7018326269776 0 359 0
"360" 124.709130874147 44.4372239823855 0 360 0
"361" 118.459302211187 52.6666625965518 0 361 0
"362" 121.214898294041 43.385488076739 0 362 0
"363" 122.870489881831 52.9156047857829 0 363 0
"364" 118.975116102879 51.1244422981196 0 364 0
"365" 123.955128693543 49.0469628126406 0 365 0
"366" 122.627964961633 54.4594955925875 0 366 0
"367" 118.808405663034 53.6051338234634 0 367 0
"368" 125.848589838927 50.6789125927453 0 368 0
"369" 123.453005566579 52.6820206149529 0 369 0
"370" 116.630249326794 44.6970685743478 0 370 0
"371" 122.168407030822 51.9216007029648 0 371 0
"372" 114.043432259605 43.3218759529675 0 372 0
"373" 121.206193790751 53.3504359586177 0 373 0
"374" 124.311205387105 47.8637489710181 0 374 0
"375" 122.121058936288 45.052944050624 0 375 0
"376" 121.55785842541 56.434623735832 0 376 0
"377" 121.101883036339 57.6044901798327 0 377 0
"378" 123.840544425661 49.6090347751036 0 378 0
"379" 121.73985840516 45.1027755315025 0 379 0
"380" 124.807615010541 55.8242708906215 0 380 0
"381" 118.415517928247 58.6598095394797 0 381 0
"382" 117.273135361972 50.6196768679387 0 382 0
"383" 119.468044464209 41.4671887402713 0 383 0
"384" 121.81780560526 54.0872136911424 0 384 0
"385" 120.883609609163 50.2996072828639 0 385 0
"386" 120.15608363306 51.7785102153057 0 386 0
"387" 121.781919525392 59.7963471410054 0 387 0
"388" 119.246976354337 51.6187913184457 0 388 0
"389" 123.501359389134 51.3289747814793 0 389 0
"390" 120.149065230624 50.5162646461928 0 390 0
"391" 123.140665278217 52.1886231434794 0 391 0
"392" 118.983123239602 54.7580595862959 0 392 0
"393" 119.17419056812 38.6804831818163 0 393 0
"394" 117.344757006517 50.9529101497975 0 394 0
"395" 124.123401464607 52.0422450211066 0 395 0
"396" 119.736870720874 51.3634140897162 0 396 0
"397" 120.564203110887 54.4656639563923 0 397 0
"398" 124.333896167651 46.6914826959388 0 398 0
"399" 123.192438248562 47.3242336342304 0 399 0
"400" 121.542784233335 55.7147494477728 0 400 0
"401" 122.275540108097 52.9613877738136 0 401 0
"402" 120.035964162599 45.683976745025 0 402 0
"403" 119.734569001796 51.6596725006722 0 403 0
"404" 119.514047889234 56.1731848322402 0 404 0
"405" 119.562228751191 50.4255954045972 0 405 0
"406" 119.897893728804 50.0521794330736 0 406 0
"407" 119.304794317601 44.7975792690075 0 407 0
"408" 121.970252704833 53.9417417192856 0 408 0
"409" 119.806489528319 52.9201200736831 0 409 0
"410" 121.372011870574 51.5151719914413 0 410 0
"411" 124.363051833452 53.6329440281387 0 411 0
"412" 119.609470219847 39.9519314217154 0 412 0
"413" 120.424930050357 49.9210917797454 0 413 0
"414" 118.275105413596 54.2733351844309 0 414 0
"415" 119.860702475368 55.8417763454503 0 415 0
"416" 126.306900823289 54.6003520957368 0 416 0
"417" 120.639765942487 62.5313752597152 0 417 0
"418" 119.805297406133 46.4387017147046 0 418 0
"419" 122.605126977808 50.8514151323683 0 419 0
"420" 119.85113837698 47.9926784688124 0 420 0
"421" 119.05641496122 47.3270086241754 0 421 0
"422" 120.23226184974 51.7091992104855 0 422 0
"423" 121.556278373223 58.9504268537854 0 423 0
"424" 119.800133913928 55.6773405258954 0 424 0
"425" 121.284632662596 48.4963489377859 0 425 0
"426" 117.088695533113 50.8790158510781 0 426 0
"427" 122.314115208417 48.2943072938001 0 427 0
"428" 121.515112213323 51.1291984405908 0 428 0
"429" 119.743055827738 52.9699541654836 0 429 0
"430" 120.91758722002 49.2569055068271 0 430 0
"431" 120.168604182355 56.446637369569 0 431 0
"432" 123.449230445497 54.0489179276518 0 432 0
"433" 115.446766876884 55.7007292257811 0 433 0
"434" 119.914218579058 56.5404464603834 0 434 0
"435" 123.58307945771 49.5925077541206 0 435 0
"436" 119.409715042166 53.312070658606 0 436 0
"437" 120.709976197956 51.9815400096301 0 437 0
"438" 121.859561214308 40.2953923432606 0 438 0
"439" 119.984688101458 51.0519433928175 0 439 0
"440" 120.14413279716 48.0406310933392 0 440 0
"441" 119.785572731436 52.0357391435461 0 441 0
"442" 123.406959369999 53.6797848234867 0 442 0
"443" 118.700335428042 48.5301441482824 0 443 0
"444" 123.899188996484 50.712282619145 0 444 0
"445" 79.8033155448187 102.569862663366 0 445 0
"446" 71.8509881823893 101.374685006066 0 446 0
"447" 72.1106824263386 102.000296370559 0 447 0
"448" 68.8728703369812 102.090217089422 0 448 0
"449" 75.8251434195406 102.173514101703 0 449 0
"450" 75.3598369222577 102.554151448349 0 450 0
"451" 77.7888231693259 102.648855914198 0 451 0
"452" 76.886826977657 101.155662286003 0 452 0
"453" 75.8116851738518 101.846272517006 0 453 0
"454" 79.4891216916951 102.638506911934 0 454 0
"455" 75.750858222077 101.612490263594 0 455 0
"456" 72.5791088476604 102.696048498452 0 456 0
"457" 74.3437418014215 101.87662738155 0 457 0
"458" 77.0969618581987 102.000880283954 0 458 0
"459" 82.35601639513 102.3581698106 0 459 0
"460" 82.8564886742541 101.503207109021 0 460 0
"461" 75.563265839399 101.683446903481 0 461 0
"462" 72.422734668287 101.204804063059 0 462 0
"463" 79.8771314568643 101.739829005936 0 463 0
"464" 73.8506346015394 101.446932577379 0 464 0
"465" 73.8419095714275 101.629492128959 0 465 0
"466" 73.6006140419591 101.308289069046 0 466 0
"467" 78.4028849714562 101.543094455547 0 467 0
"468" 78.5592932336702 102.396937202559 0 468 0
"469" 71.7362062404584 102.18818250181 0 469 0
"470" 73.8418302114309 101.129184920585 0 470 0
"471" 77.364426220564 101.544252457082 0 471 0
"472" 72.4288153995 101.524807238916 0 472 0
"473" 76.438901545043 102.515089561459 0 473 0
"474" 79.532276323581 102.977167108004 0 474 0
"475" 77.1807370626563 101.956297656785 0 475 0
"476" 74.8886125629607 102.49834586896 0 476 0
"477" 73.4411858242129 102.114987166127 0 477 0
"478" 81.4297879787453 101.586285570882 0 478 0
"479" 78.5933873867998 101.93635104703 0 479 0
"480" 71.7421914447934 101.337652435929 0 480 0
"481" 68.6630798621661 102.056913569352 0 481 0
"482" 80.8506188963582 101.547189485019 0 482 0
"483" 81.4310032486465 101.73071662832 0 483 0
"484" 78.489422784468 101.504155230494 0 484 0
"485" 76.4888749141322 101.901173214641 0 485 0
"486" 75.1617383726361 102.743484037416 0 486 0
"487" 73.5674026121895 101.879648572522 0 487 0
"488" 74.0219869062731 102.308599428701 0 488 0
"489" 75.7988538536339 101.651600641678 0 489 0
"490" 75.2279748289828 101.786368189493 0 490 0
"491" 70.1151415911141 102.093730091125 0 491 0
"492" 79.9242744216761 102.03752467146 0 492 0
"493" 72.5168617346409 101.610424900099 0 493 0
"494" 73.8730413152379 102.635971047956 0 494 0
"495" 78.3396421788277 101.620961314609 0 495 0
"496" 76.5834588067409 101.584820234279 0 496 0
"497" 75.8102604029999 101.412367045394 0 497 0
"498" 73.5688438104074 100.905791679273 0 498 0
"499" 77.5583996627941 102.161685173041 0 499 0
"500" 75.1917796213454 102.308667885398 0 500 0
"501" 81.4935321252923 101.592186716367 0 501 0
"502" 78.8982764284561 101.470302909107 0 502 0
"503" 73.983926304882 101.979489253673 0 503 0
"504" 68.5127513745946 102.708789930302 0 504 0
"505" 78.3989219673604 101.516661048062 0 505 0
"506" 75.0199202783761 102.047835625895 0 506 0
"507" 75.4789721077929 101.630586058847 0 507 0
"508" 71.2979755679882 101.350552867941 0 508 0
"509" 71.0055638290288 101.126265557545 0 509 0
"510" 73.7558505338058 102.470949784125 0 510 0
"511" 72.6582750720389 101.290964075589 0 511 0
"512" 74.77122961828 102.085103126057 0 512 0
"513" 73.7473157195282 101.687059468752 0 513 0
"514" 79.6051837760778 101.726228729439 0 514 0
"515" 70.3199795931846 101.360413762987 0 515 0
"516" 75.5371892420973 101.833832837536 0 516 0
"517" 73.2233972080736 102.798694132819 0 517 0
"518" 72.4761453401834 102.319293820607 0 518 0
"519" 74.6876473467048 101.870012505789 0 519 0
"520" 72.5554807826437 102.286252474085 0 520 0
"521" 80.6419160479055 102.061834402509 0 521 0
"522" 70.5744012111625 101.85454554202 0 522 0
"523" 72.8552111431284 102.364354481516 0 523 0
"524" 75.2547425720031 101.639451343309 0 524 0
"525" 72.9734901670881 101.107258793681 0 525 0
"526" 73.7206136143754 101.36886465381 0 526 0
"527" 70.2885093898334 101.780853627362 0 527 0
"528" 68.8346512199466 103.133664543839 0 528 0
"529" 75.3900967917267 102.088329543182 0 529 0
"530" 82.0479341086255 101.914792088305 0 530 0
"531" 74.90714252637 101.392766124167 0 531 0
"532" 79.9713212955481 102.18086356792 0 532 0
"533" 77.0816401885637 102.066150808327 0 533 0
"534" 76.1692285153558 101.654090886841 0 534 0
"535" 76.6556938269466 102.15173113773 0 535 0
"536" 71.6797695420661 101.106392163919 0 536 0
"537" 74.0231374639365 101.623790271797 0 537 0
"538" 76.0234805153072 102.001002593937 0 538 0
"539" 78.375230659135 101.991407694263 0 539 0
"540" 74.2128573446183 101.804351691667 0 540 0
"541" 73.8369312751142 101.611110776149 0 541 0
"542" 74.74072488268 102.295432692638 0 542 0
"543" 74.2697307308139 101.048653083484 0 543 0
"544" 72.7327416973622 101.68038186908 0 544 0
"545" 71.738998735551 102.060701682749 0 545 0
"546" 74.2609285461781 102.389600288363 0 546 0
"547" 77.6959796142531 101.799162598911 0 547 0
"548" 78.9664640258558 101.938357278404 0 548 0
"549" 73.4573362056281 101.429469385148 0 549 0
"550" 78.3060806451031 102.39100012403 0 550 0
"551" 73.9775723663256 101.716017183241 0 551 0
"552" 72.1061821453362 102.28082864856 0 552 0
"553" 73.3473739978526 101.58470267846 0 553 0
"554" 73.6463886869683 102.440295659476 0 554 0
"555" 76.7483315576839 101.519483968726 0 555 0
"556" 75.189214287933 101.721892162135 0 556 0
"557" 72.820714437526 101.38036910051 0 557 0
"558" 75.5118763137351 102.331810364434 0 558 0
"559" 74.0131763111129 102.359570050792 0 559 0
"560" 74.9077836651093 102.199711042389 0 560 0
"561" 74.7714909221624 101.410062674304 0 561 0
"562" 76.827595955353 102.295978169621 0 562 0
"563" 72.676150556769 101.694276126529 0 563 0
"564" 74.7837916807342 101.854100092059 0 564 0
"565" 74.3969827569404 102.113471055964 0 565 0
"566" 71.3496335405413 102.491188310974 0 566 0
"567" 78.3863956554844 102.357450269175 0 567 0
"568" 72.1765947876564 101.508954482518 0 568 0
"569" 79.1335539557111 101.865691146775 0 569 0
"570" 73.9109812877776 101.653346179237 0 570 0
"571" 75.8468536816117 101.726136708784 0 571 0
"572" 73.9082838255152 101.445041054026 0 572 0
"573" 73.5818400662469 102.023934873042 0 573 0
"574" 71.4222148691148 101.871024216031 0 574 0
"575" 74.5908867218492 101.452608360846 0 575 0
"576" 76.4924600156672 101.572698155267 0 576 0
"577" 75.2742107100331 101.610599111205 0 577 0
"578" 71.2372936761285 101.598005278065 0 578 0
"579" 80.5273511673643 102.516116785121 0 579 0
"580" 81.3796118669579 102.171422262158 0 580 0
"581" 78.9680384891229 101.271469967515 0 581 0
"582" 78.6138522022796 102.018900496139 0 582 0
"583" 75.2291704184151 101.403576379218 0 583 0
"584" 69.3058171732713 102.357654129479 0 584 0
"585" 70.9191843010373 101.286003613233 0 585 0
"586" 75.139531771522 101.829668427433 0 586 0
"587" 75.6208022968483 101.669687326217 0 587 0
"588" 78.2917042899851 100.820646695417 0 588 0
"589" 73.8476834136412 101.241750318244 0 589 0
"590" 80.7819385228287 102.807656630292 0 590 0
"591" 79.7366460427711 102.323540453948 0 591 0
"592" 73.7358946884448 101.748107527753 0 592 0
"593" 73.5587367813399 102.819397816895 0 593 0
"594" 79.771321373293 102.464692461383 0 594 0
"595" 71.4511787993907 101.982268137574 0 595 0
"596" 73.3544731987403 101.785466050157 0 596 0
"597" 73.7523214267622 102.607781270966 0 597 0
"598" 84.2626134268281 101.705553884352 0 598 0
"599" 74.2721076251212 101.747128046614 0 599 0
"600" 73.6973341742812 101.311872141436 0 600 0
"601" 75.2316793752815 101.377761323095 0 601 0
"602" 70.6745560239684 101.415103583377 0 602 0
"603" 82.7209455427697 101.916759303684 0 603 0
"604" 71.2210608299871 101.79155528082 0 604 0
"605" 73.9734255939791 100.546003376263 0 605 0
"606" 73.4099793305087 101.791887155259 0 606 0
"607" 69.8630444254262 102.080404208123 0 607 0
"608" 72.8981082427916 102.63769084327 0 608 0
"609" 79.7206741019548 101.77700766955 0 609 0
"610" 79.6451564196107 101.602195798197 0 610 0
"611" 71.2633498166988 102.251871711916 0 611 0
"612" 69.9902907444744 102.527192114151 0 612 0
"613" 77.0969383104098 101.778287904042 0 613 0
"614" 76.2950229050464 102.603116232968 0 614 0
"615" 76.961335828253 102.399293558019 0 615 0
"616" 71.7857968130286 102.329889825606 0 616 0
"617" 75.0816424239046 101.987451793952 0 617 0
"618" 73.6278509336357 101.744043098882 0 618 0
"619" 76.6529000022221 101.611882666226 0 619 0
"620" 75.4867523458836 102.433653632865 0 620 0
"621" 77.6068381964252 101.585596950616 0 621 0
"622" 75.2186628834783 101.482006970023 0 622 0
"623" 75.5831250247355 102.523600429891 0 623 0
"624" 73.1361610404206 101.96755112206 0 624 0
"625" 72.5669711332122 101.534887711643 0 625 0
"626" 70.9705136926223 101.107095595749 0 626 0
"627" 72.8712783796973 101.822837908112 0 627 0
"628" 70.4964066587854 102.235601877415 0 628 0
"629" 78.7034372865359 102.332056425087 0 629 0
"630" 75.8041696221327 101.831509210081 0 630 0
"631" 77.6129501109035 102.187022264547 0 631 0
"632" 74.3942609055301 101.916254527562 0 632 0
"633" 74.5939338882252 101.429551598437 0 633 0
"634" 74.9924099932134 103.001674576047 0 634 0
"635" 76.4691363941519 102.010293789442 0 635 0
"636" 75.7815683571849 101.639889387124 0 636 0
"637" 82.2895469349018 102.038760268758 0 637 0
"638" 77.0977670271631 102.011143705383 0 638 0
"639" 77.8982995882036 102.230448479864 0 639 0
"640" 81.1321188711692 102.40288035768 0 640 0
"641" 75.6636231666848 101.748538378342 0 641 0
"642" 75.5732300068357 101.937164337198 0 642 0
"643" 73.6546328692462 102.37020407251 0 643 0
"644" 79.6021223029468 101.832629996735 0 644 0
"645" 77.2815192049961 101.799483403571 0 645 0
"646" 76.2187179615997 102.389444198767 0 646 0
"647" 76.6796474688155 102.002120034218 0 647 0
"648" 74.6768455615367 102.535199653654 0 648 0
"649" 74.3280385151196 102.804541295462 0 649 0
"650" 73.9341326103145 101.369368601873 0 650 0
"651" 69.0332936668496 101.625024899214 0 651 0
"652" 75.3730584697436 101.996321819048 0 652 0
"653" 79.4236186070831 101.801235514664 0 653 0
"654" 80.6056169695212 101.62875089959 0 654 0
"655" 69.9710635326254 101.69705280554 0 655 0
"656" 76.3398308587352 101.76134378038 0 656 0
"657" 69.8311858027169 102.435076536475 0 657 0
"658" 73.0961931674272 101.832041572377 0 658 0
"659" 84.1263053303957 102.512764977341 0 659 0
"660" 78.6527309334332 102.150473141707 0 660 0
"661" 77.8815405251345 102.010026070053 0 661 0
"662" 71.7398287189861 102.374466496427 0 662 0
"663" 73.2244662995916 102.561486640661 0 663 0
"664" 76.8384950981482 101.51868279771 0 664 0
"665" 79.1157840361291 101.758508037981 0 665 0
"666" 79.4018578896715 101.476628824902 0 666 0
"667" 78.6667525173004 102.699834041075 0 667 0
"668" 72.9302514135 101.95820126896 0 668 0
"669" 75.2030966779486 101.513273037679 0 669 0
"670" 73.8189222109571 102.26066813719 0 670 0
"671" 78.1242212459555 101.800436105459 0 671 0
"672" 78.4880046644471 101.850804376637 0 672 0
"673" 75.5382654372833 102.255682898127 0 673 0
"674" 73.4894235319852 101.5372311939 0 674 0
"675" 77.6165988343562 102.10461441424 0 675 0
"676" 78.7301039382697 101.359689791024 0 676 0
"677" 71.4799296733716 101.275598141947 0 677 0
"678" 75.2648265880955 101.552472350542 0 678 0
"679" 70.4704033940369 101.160256865927 0 679 0
"680" 76.2306843198402 102.363942979168 0 680 0
"681" 74.4171818210188 101.020201697554 0 681 0
"682" 72.0331037633948 101.646742222197 0 682 0
"683" 79.3998299560323 100.723987674324 0 683 0
"684" 73.8916542117344 102.467864699319 0 684 0
"685" 89.9805670094217 109.637695995589 0 685 0
"686" 92.5683770003124 111.019298670015 0 686 0
"687" 92.0676072180263 110.318816999672 0 687 0
"688" 83.5870165751096 114.958846492546 0 688 0
"689" 91.3919889896471 113.49344835149 0 689 0
"690" 85.7394447699931 110.823925839086 0 690 0
"691" 89.5873338072217 112.484590607908 0 691 0
"692" 94.7449550678758 110.43523978957 0 692 0
"693" 84.2313311571624 115.344850352883 0 693 0
"694" 84.0686155507435 109.815852388091 0 694 0
"695" 94.5497915386854 111.697343099431 0 695 0
"696" 88.3177870588707 108.117734595104 0 696 0
"697" 96.0290030844483 110.956987958919 0 697 0
"698" 86.432640550621 115.635943751602 0 698 0
"699" 84.6002893081674 109.632930622414 0 699 0
"700" 86.4683300520353 110.228263003738 0 700 0
"701" 86.7263800227411 112.868943823823 0 701 0
"702" 83.9994040292187 110.905886947056 0 702 0
"703" 83.5805605675752 110.057787904715 0 703 0
"704" 88.4837395875532 110.281431241992 0 704 0
"705" 92.6273807835674 112.154949863613 0 705 0
"706" 86.7105053369392 112.791723456597 0 706 0
"707" 85.2254303587139 114.145482223677 0 707 0
"708" 87.2445009873663 110.847125932457 0 708 0
"709" 87.0100528469198 112.285369302444 0 709 0
"710" 85.6804988032875 107.463390828251 0 710 0
"711" 83.7254230233802 106.604618216653 0 711 0
"712" 87.0403185082427 113.95431754697 0 712 0
"713" 87.3015655713634 108.475201057542 0 713 0
"714" 87.4508493293622 112.749687758143 0 714 0
"715" 88.1185819516991 112.933546338969 0 715 0
"716" 92.3019156426694 110.544047179386 0 716 0
"717" 87.7258377116598 110.678472814903 0 717 0
"718" 86.7753347278462 112.156956625925 0 718 0
"719" 86.3710768747778 110.657317716807 0 719 0
"720" 88.6287152213772 113.037767277486 0 720 0
"721" 84.6680292311163 111.080827018196 0 721 0
"722" 86.8641900019047 112.861594854748 0 722 0
"723" 78.2738649992134 111.292170803318 0 723 0
"724" 86.0562669490913 110.060083294535 0 724 0
"725" 93.0534820795895 114.007247012286 0 725 0
"726" 83.6739341685112 109.854568281897 0 726 0
"727" 81.3421075351759 109.565161884325 0 727 0
"728" 89.2811881217926 109.848329329631 0 728 0
"729" 89.6132937334303 112.784359592826 0 729 0
"730" 88.3356564851746 109.483298197944 0 730 0
"731" 89.1606801596499 115.501253082443 0 731 0
"732" 89.0946569702782 110.464839737327 0 732 0
"733" 82.5310274036981 111.929029189159 0 733 0
"734" 88.5856161849355 109.950461573112 0 734 0
"735" 88.4623127111855 110.557505676382 0 735 0
"736" 90.5120517481595 113.423542636319 0 736 0
"737" 93.484112183518 111.829059847462 0 737 0
"738" 90.7724273804287 110.482605677107 0 738 0
"739" 83.7069413944837 110.934080919067 0 739 0
"740" 87.1473480627533 108.589621308032 0 740 0
"741" 86.3448777964412 110.504027343335 0 741 0
"742" 88.7238303428723 110.751569707838 0 742 0
"743" 94.9128500398465 113.638990155266 0 743 0
"744" 91.0655746766785 109.943955572002 0 744 0
"745" 91.5779990780444 111.308829372192 0 745 0
"746" 86.4390348887457 111.24268920535 0 746 0
"747" 88.213379595126 111.201688730707 0 747 0
"748" 87.2146394934317 109.41207905796 0 748 0
"749" 89.0316123927959 113.840692702349 0 749 0
"750" 97.9546067192147 110.604720543085 0 750 0
"751" 83.8448157931367 110.762553582712 0 751 0
"752" 90.794209425475 111.651768456969 0 752 0
"753" 88.4192256853882 112.566804196753 0 753 0
"754" 86.609484876816 109.15343344724 0 754 0
"755" 90.2240942837029 113.421363621432 0 755 0
"756" 83.5457926004424 109.992904309867 0 756 0
"757" 92.0089579881391 110.8134580708 0 757 0
"758" 85.8480992422245 111.514857787292 0 758 0
"759" 85.7190870483954 113.280726136809 0 759 0
"760" 85.3244674369508 114.224486798292 0 760 0
"761" 88.9854419294828 108.190041477134 0 761 0
"762" 95.8647966058266 110.966420592282 0 762 0
"763" 83.5812748739997 110.081731067497 0 763 0
"764" 85.6932129138966 109.273524345885 0 764 0
"765" 94.1628814021683 111.341285128685 0 765 0
"766" 87.735848962453 108.583991934296 0 766 0
"767" 87.1445610797313 108.178628267692 0 767 0
"768" 91.4282097280514 111.260106167102 0 768 0
"769" 92.9385746510801 112.106306008916 0 769 0
"770" 88.1054210902604 111.029184695317 0 770 0
"771" 86.2448998984627 110.412287435074 0 771 0
"772" 89.174099910497 112.91684693814 0 772 0
"773" 89.9789958748248 110.56298300601 0 773 0
"774" 91.0740107697586 112.811310400702 0 774 0
"775" 89.5370218689485 108.986027129933 0 775 0
"776" 89.8935411092931 113.701593662218 0 776 0
"777" 87.1914328088898 108.201449994841 0 777 0
"778" 87.9670957676896 113.497850001477 0 778 0
"779" 85.6781487866951 110.298967678553 0 779 0
"780" 92.3021177937458 111.151423581729 0 780 0
"781" 90.6198871232969 108.623741033554 0 781 0
"782" 88.1729273178768 110.939342698383 0 782 0
"783" 85.9936389885272 110.019435910176 0 783 0
"784" 84.9808577382576 107.508324892208 0 784 0
"785" 94.1975071931332 108.222520167693 0 785 0
"786" 90.8276571230187 109.278617791395 0 786 0
"787" 89.9433074907731 111.461540210674 0 787 0
"788" 90.1632850708353 110.484157203197 0 788 0
"789" 79.9769948410071 110.808170311806 0 789 0
"790" 79.8508560828926 110.41955795571 0 790 0
"791" 90.0881485718472 110.221372561015 0 791 0
"792" 89.0875153099138 110.082467540039 0 792 0
"793" 89.7779729466794 111.565993348295 0 793 0
"794" 87.6214510550408 111.981158567473 0 794 0
"795" 84.1060606433524 109.709468175157 0 795 0
"796" 84.9071238563739 112.95820383599 0 796 0
"797" 93.0227895795722 108.025237133124 0 797 0
"798" 87.7792411687414 110.784462460031 0 798 0
"799" 93.886204490615 108.05311883035 0 799 0
"800" 89.4497774173868 113.415279732791 0 800 0
"801" 82.403895796968 111.427522319534 0 801 0
"802" 85.2073658594743 110.493530400423 0 802 0
"803" 88.5593089249619 106.363848725851 0 803 0
"804" 85.11438533734 109.800836191819 0 804 0
"805" 91.8193403613598 110.604484532826 0 805 0
"806" 89.4626003976396 107.864502073794 0 806 0
"807" 84.2649579204455 111.451437632449 0 807 0
"808" 83.1760958793825 111.657618374353 0 808 0
"809" 86.0091896168357 110.799088789686 0 809 0
"810" 83.1691016410478 110.531448263241 0 810 0
"811" 83.1622777951236 112.293995052399 0 811 0
"812" 88.6926327240983 112.362694144661 0 812 0
"813" 84.3423041024958 107.198573568057 0 813 0
"814" 85.4550430687526 110.444024083616 0 814 0
"815" 87.3957548492116 111.92198996852 0 815 0
"816" 88.8328480656324 111.42237261089 0 816 0
"817" 86.4439458887189 110.427333488509 0 817 0
"818" 84.1749231494372 111.267729492269 0 818 0
"819" 85.4875192702909 112.433213975157 0 819 0
"820" 85.3222143418573 112.069785525038 0 820 0
"821" 83.605491371495 112.362325792382 0 821 0
"822" 86.466668755884 109.135087463582 0 822 0
"823" 86.9122350464273 108.6744110715 0 823 0
"824" 90.5320242578506 109.624288576658 0 824 0
"825" 83.1065778374917 108.290671397144 0 825 0
"826" 87.3019239036749 109.897691292305 0 826 0
"827" 85.6918578095752 111.241988777618 0 827 0
"828" 87.8788451318747 110.397588720272 0 828 0
"829" 95.0838500365844 109.733313081537 0 829 0
"830" 88.024006319025 110.467710844515 0 830 0
"831" 85.6172456640292 114.920036186691 0 831 0
"832" 89.6954397821027 109.301406092785 0 832 0
"833" 87.0600778655642 110.827924756678 0 833 0
"834" 94.2744533914759 116.111954292896 0 834 0
"835" 89.4548422397417 108.56410501495 0 835 0
"836" 90.6632011005232 111.791383224088 0 836 0
"837" 86.190754432806 114.10184190818 0 837 0
"838" 91.4903562553276 113.300736368614 0 838 0
"839" 91.5576276991918 112.881289141574 0 839 0
"840" 89.3617545485129 110.427653481431 0 840 0
"841" 86.9157095118273 112.29655257701 0 841 0
"842" 84.2827958353027 110.921032064135 0 842 0
"843" 87.7458727064178 111.660535425922 0 843 0
"844" 84.7329057932068 111.745120628725 0 844 0
"845" 86.5068362655935 110.345347118232 0 845 0
"846" 80.1491961734264 112.752356832389 0 846 0
"847" 79.0982883192419 108.94479659863 0 847 0
"848" 90.5464188702573 112.572139025684 0 848 0
"849" 90.6648790860875 112.82599260001 0 849 0
"850" 86.6426023083748 109.710844791732 0 850 0
"851" 85.1680116870958 108.967477442409 0 851 0
"852" 85.3521613748429 110.993606524007 0 852 0
"853" 87.6408471286898 108.345936526249 0 853 0
"854" 91.621346222797 108.950235754843 0 854 0
"855" 92.086659777364 110.520961730147 0 855 0
"856" 88.7832019709913 111.81367631652 0 856 0
"857" 86.7922389046124 113.350397949982 0 857 0
"858" 89.183500988953 113.355459712976 0 858 0
"859" 90.9700304019653 111.172874931349 0 859 0
"860" 84.311466018377 108.514252544889 0 860 0
"861" 83.5554574099937 113.607630644073 0 861 0
"862" 82.5421546171617 108.082725728637 0 862 0
"863" 91.7298308838902 112.322612450297 0 863 0
"864" 90.3829060769557 112.30876864337 0 864 0
"865" 87.6592270523068 112.531366737281 0 865 0
"866" 91.1884776246093 112.730230732379 0 866 0
"867" 91.3381728744584 108.999533922991 0 867 0
"868" 83.951627775419 110.031717841217 0 868 0
"869" 87.472564729172 112.161668309626 0 869 0
"870" 87.058037813783 112.59795614066 0 870 0
"871" 90.417296639151 109.527955813528 0 871 0
"872" 90.7031387793893 110.987791087502 0 872 0
"873" 80.9649877517664 115.6690263937 0 873 0
"874" 89.7448502079506 109.636543727861 0 874 0
"875" 88.6895238434562 108.712302603551 0 875 0
"876" 87.9901557951708 114.43251542464 0 876 0
"877" 87.8098338831202 110.744400744026 0 877 0
"878" 89.4570120355089 105.011331229369 0 878 0
"879" 92.1180374480248 109.446398950222 0 879 0
"880" 91.6298308579483 112.440749094166 0 880 0
"881" 88.8484979974968 112.055142129429 0 881 0
"882" 83.8262571564293 112.937694347257 0 882 0
"883" 85.4894717063971 106.079246609883 0 883 0
"884" 86.3653186988058 108.58291494846 0 884 0
"885" 86.4213289277453 107.119837570958 0 885 0
"886" 86.1316979465454 110.496854607872 0 886 0
"887" 92.4377210264094 110.526702487783 0 887 0
"888" 86.2719338256861 111.68256491228 0 888 0
"889" 84.1837285098094 111.963745489906 0 889 0
"890" 89.2047500515374 111.271984746217 0 890 0
"891" 86.410239488475 110.362138308673 0 891 0
"892" 86.4505846126703 109.197469227665 0 892 0
"893" 93.2155452742971 113.640192168238 0 893 0
"894" 92.2638267723752 114.555943328892 0 894 0
"895" 85.2611470496142 111.27737172246 0 895 0
"896" 82.7786307623463 109.512061248862 0 896 0
"897" 85.1126566238001 113.295836480197 0 897 0
"898" 91.2674089629049 109.570783358997 0 898 0
"899" 90.7268534741027 109.775283385881 0 899 0
"900" 86.3111956195715 108.878342464483 0 900 0
"901" 83.1808111571865 110.58008175912 0 901 0
"902" 93.6583649278262 108.304689051255 0 902 0
"903" 88.5872812034608 106.372107111724 0 903 0
"904" 86.1468650289899 109.79580183672 0 904 0
"905" 86.2692488611579 107.709177185246 0 905 0
"906" 89.9581995863369 113.069413595773 0 906 0
"907" 88.0480804945206 109.170064874705 0 907 0
"908" 94.2232062713618 108.148422939158 0 908 0
"909" 85.953074053216 114.348130259318 0 909 0
"910" 85.7633423107969 114.193648172822 0 910 0
"911" 91.8053461618987 111.74821895363 0 911 0
"912" 87.3444239582639 109.740143276052 0 912 0
"913" 89.0616540910127 110.092634473032 0 913 0
"914" 88.3900592274972 113.973160704951 0 914 0
"915" 90.0843843637665 108.082025703035 0 915 0
"916" 80.0683261379638 113.799105592879 0 916 0
"917" 87.0954524169117 110.137163723815 0 917 0
"918" 91.0050723412888 113.186920848819 0 918 0
"919" 88.9306475091169 111.299323412487 0 919 0
"920" 92.2434677972778 106.226209358735 0 920 0
"921" 81.9672759429845 111.687789729367 0 921 0
"922" 92.5508077968295 111.938948684825 0 922 0
"923" 89.0281624752238 110.486957007446 0 923 0
"924" 89.5659524976551 113.226465915648 0 924 0
"925" 89.0592963452842 108.935175382866 0 925 0
"926" 88.1956577663611 108.141440524211 0 926 0
"927" 87.5618551751371 111.761790975514 0 927 0
"928" 84.8854065804723 110.23098861161 0 928 0
"929" 92.951260430028 112.551378339771 0 929 0
"930" 84.5538566496737 113.584985274719 0 930 0
"931" 83.9809055689648 109.539336019469 0 931 0
"932" 88.5405869805918 112.181400852564 0 932 0
"933" 86.0975716738617 108.126113609518 0 933 0
"934" 90.507394966728 109.927849548484 0 934 0
"935" 86.2152799444091 106.229315818684 0 935 0
"936" 83.9379563123269 111.961081847476 0 936 0
"937" 89.448319885849 111.70565092023 0 937 0
"938" 87.3495999765664 112.764389866081 0 938 0
"939" 86.4715973324817 110.401757613768 0 939 0
"940" 88.2458886708184 108.446553786278 0 940 0
"941" 92.5923087548887 112.057145753588 0 941 0
"942" 83.3283023557101 112.790766582795 0 942 0
"943" 86.6426297299637 109.174233317321 0 943 0
"944" 89.50413547426 112.411989321167 0 944 0
"945" 89.5204480947962 112.336861430267 0 945 0
"946" 90.469933684094 109.079547780201 0 946 0
"947" 91.4018660722857 112.445335439443 0 947 0
"948" 95.8272905376938 108.628579354966 0 948 0
"949" 89.6606375934692 111.667028413054 0 949 0
"950" 88.1176124134133 110.617410897856 0 950 0
"951" 88.0570283529147 109.119295158869 0 951 0
"952" 93.7768760573912 109.584150322075 0 952 0
"953" 86.041900416664 110.663592284086 0 953 0
"954" 92.5862549220011 109.616426552337 0 954 0
"955" 87.7567208707492 110.582172318543 0 955 0
"956" 83.6566754470885 111.833136877342 0 956 0
"957" 89.5332222260441 110.218687311259 0 957 0
"958" 80.5138679134087 108.994662704636 0 958 0
"959" 89.3159164318202 113.006480868683 0 959 0
"960" 87.8581829206163 110.80398003889 0 960 0
"961" 84.5613422822294 110.039276244198 0 961 0
"962" 84.0332901610619 110.345927737898 0 962 0
"963" 88.0288990491737 113.117131085131 0 963 0
"964" 86.7450806110424 111.403366088017 0 964 0
"965" 87.6902914938656 107.612403729574 0 965 0
"966" 88.713045963663 110.455882924764 0 966 0
"967" 92.3344944130261 110.506867940834 0 967 0
"968" 85.8866641115775 113.130930979589 0 968 0
"969" 94.3835006862241 110.555701938653 0 969 0
"970" 85.9365423185571 107.608234152007 0 970 0
"971" 94.4157579679347 111.15526937075 0 971 0
"972" 92.3920632422737 110.154353840409 0 972 0
"973" 84.31664817409 113.628568868242 0 973 0
"974" 88.9536165170398 108.711774668659 0 974 0
"975" 84.8258540749284 106.865162834765 0 975 0
"976" 81.941562881003 112.10028248897 0 976 0
"977" 86.9193145179461 110.109942091234 0 977 0
"978" 87.3070451927106 114.053751452459 0 978 0
"979" 92.5367741421096 111.710390585728 0 979 0
"980" 89.6737550764862 113.124037101497 0 980 0
"981" 83.5223684721015 108.896679868229 0 981 0
"982" 90.1611187903611 109.088533334626 0 982 0
"983" 91.4949543632638 109.194596506347 0 983 0
"984" 84.4324058050142 110.146431855921 0 984 0
"985" 86.7737125121215 111.526271042295 0 985 0
"986" 90.3810635933805 108.758746363693 0 986 0
"987" 94.3344334900429 110.299997347416 0 987 0
"988" 81.4500748129737 110.577540910365 0 988 0
"989" 85.2103456834193 114.520019165971 0 989 0
"990" 84.1406933186461 110.960005100666 0 990 0
"991" 87.9272640360803 109.516039028412 0 991 0
"992" 87.3716773912824 109.482519660296 0 992 0
"993" 94.1228061521527 107.555149743676 0 993 0
"994" 89.1201962627527 111.073063378943 0 994 0
"995" 94.4822733575247 110.501851502885 0 995 0
"996" 87.6862282270098 107.111860818663 0 996 0
"997" 85.5970678583508 107.338202281629 0 997 0
"998" 89.8578958215781 114.246436447969 0 998 0
"999" 86.6506153908522 112.605636871767 0 999 0
"1000" 87.1187635620915 112.937958594655 0 1000 0
"1001" 87.31449490513 111.237845292875 0 1001 0
"1002" 89.7332133322909 114.701363614645 0 1002 0
"1003" 81.8563917346965 109.45706045049 0 1003 0
"1004" 84.1433142886403 108.530675834547 0 1004 0
"1005" 87.8873575786013 112.676308321285 0 1005 0
"1006" 85.187102512453 111.776403344674 0 1006 0
"1007" 86.1049491484709 108.155563900912 0 1007 0
"1008" 88.5872695074724 109.407438924957 0 1008 0
"1009" 85.8512703431863 113.717523417007 0 1009 0
"1010" 89.4395560605892 109.287714834209 0 1010 0
"1011" 85.8122861913326 110.603332198999 0 1011 0
"1012" 94.8168509064171 113.095236103711 0 1012 0
"1013" 82.5250664642268 109.957732097763 0 1013 0
"1014" 80.3017211957892 109.36030456168 0 1014 0
"1015" 94.6482112131186 112.917844818793 0 1015 0
"1016" 83.072324652591 110.243734206586 0 1016 0
"1017" 84.997002310086 109.679369308945 0 1017 0
"1018" 79.3489125767197 111.830769800204 0 1018 0
"1019" 84.487763379013 108.923629332628 0 1019 0
"1020" 92.7843246493275 108.719640539723 0 1020 0
"1021" 88.3896165621855 110.64885295791 0 1021 0
"1022" 87.8674153211782 109.267015207127 0 1022 0
"1023" 88.6471718797733 114.410746901955 0 1023 0
"1024" 85.1507201986295 112.297422877386 0 1024 0
"1025" 85.0009859088564 111.123051350379 0 1025 0
"1026" 85.3932917596482 111.473853869124 0 1026 0
"1027" 84.5602894008684 110.614195306971 0 1027 0
"1028" 86.2318702442838 109.361153063295 0 1028 0
"1029" 83.6539514576332 111.200286143532 0 1029 0
"1030" 86.3333406179049 110.617776938216 0 1030 0
"1031" 89.7086983447578 110.456252909381 0 1031 0
"1032" 86.6472745827886 112.466202295092 0 1032 0
"1033" 91.9957546330628 112.55633230175 0 1033 0
"1034" 91.1504227093251 108.714401320585 0 1034 0
"1035" 83.5650439688889 108.062400973172 0 1035 0
"1036" 92.0931442116955 107.682327076777 0 1036 0
"1037" 91.0823616269467 108.783423056981 0 1037 0
"1038" 84.633273611545 111.096288498589 0 1038 0
"1039" 82.5027428654852 114.642439375701 0 1039 0
"1040" 92.9674554565996 112.73662997124 0 1040 0
"1041" 85.903262071934 109.917584774261 0 1041 0
"1042" 88.8900040607152 112.664914001829 0 1042 0
"1043" 91.945225280529 107.262054838546 0 1043 0
"1044" 89.9710892566282 107.988210498581 0 1044 0
"1045" 86.767803819204 110.51423436811 0 1045 0
"1046" 89.234921104256 109.994022990268 0 1046 0
"1047" 91.9719931632497 109.184960082644 0 1047 0
"1048" 95.00306957349 108.872802132162 0 1048 0
"1049" 93.2127850509224 82.2955370410169 0 1049 0
"1050" 76.6029310039734 39.0165682524845 0 1050 0
"1051" 87.2952875693151 48.6079138247533 0 1051 0
"1052" 104.728579651021 97.1322113896099 0 1052 0
"1053" 89.2820188305292 90.5853584561903 0 1053 0
"1054" 99.7839603189676 52.8346202186923 0 1054 0
"1055" 94.001439466863 69.6151034075112 0 1055 0
"1056" 123.861684165288 62.5094334419295 0 1056 0
"1057" 82.0694023813906 82.4233960687241 0 1057 0
"1058" 71.2577770146189 39.5750811632421 0 1058 0
"1059" 98.8757821671656 95.7321736397429 0 1059 0
"1060" 122.791562430549 108.485574181278 0 1060 0
"1061" 82.2063337097552 98.3706466619849 0 1061 0
"1062" 122.693360316089 113.880507431936 0 1062 0
"1063" 114.436528807972 53.486663162343 0 1063 0
"1064" 79.8615113163936 98.3166104415117 0 1064 0
"1065" 75.0725845134531 68.0783141662234 0 1065 0
"1066" 99.4539699532703 40.140187265235 0 1066 0
"1067" 102.105063063688 111.70424128959 0 1067 0
"1068" 114.283883646125 79.7878214754461 0 1068 0
"1069" 87.7397052222498 39.3802093833916 0 1069 0
"1070" 81.7636448725899 38.9193760346739 0 1070 0
"1071" 117.977643409391 78.4396337658478 0 1071 0
"1072" 116.217435125955 76.8358661345836 0 1072 0
"1073" 73.8115540901545 114.802183918803 0 1073 0
"1074" 69.8473467003976 52.537771172077 0 1074 0
"1075" 69.5925362387883 55.8600356349932 0 1075 0
"1076" 103.073687019825 56.4137454323206 0 1076 0
"1077" 87.6710078207317 109.713806612314 0 1077 0
"1078" 75.1911836911411 83.1558759418386 0 1078 0
"1079" 99.4358161783641 49.8482554762658 0 1079 0
"1080" 79.6126656828337 100.513032032077 0 1080 0
"1081" 89.5385712043724 45.7967208298575 0 1081 0
"1082" 107.990107313847 93.4290347684502 0 1082 0
"1083" 114.830740951202 77.3018005343882 0 1083 0
"1084" 103.235947267853 65.1074563342521 0 1084 0
"1085" 115.444838803237 60.1798523782534 0 1085 0
"1086" 110.130248320324 113.876041431918 0 1086 0
"1087" 71.4615000371361 87.9648705669715 0 1087 0
"1088" 70.3491962530364 51.9928232045373 0 1088 0
"1089" 110.380235105318 55.4246124417986 0 1089 0
"1090" 75.4003799089502 99.6577537265692 0 1090 0
"1091" 84.2586241270259 68.5394066013542 0 1091 0
"1092" 117.95436045157 68.7265530773539 0 1092 0
"1093" 121.025075100113 45.8291377665819 0 1093 0
"1094" 114.320813683401 86.8337850843854 0 1094 0
"1095" 76.5828056408508 96.997382412762 0 1095 0
"1096" 80.8446256516142 80.9344680799441 0 1096 0
"1097" 69.2147653668704 44.2886865206608 0 1097 0
"1098" 79.0594998671462 69.3919697908647 0 1098 0
"1099" 81.2270887957472 91.5428746833483 0 1099 0
"1100" 120.79146924375 78.489667298649 0 1100 0
"1101" 123.048753713971 87.0725582285392 0 1101 0
"1102" 70.2028020213322 80.9315069841947 0 1102 0
"1103" 109.947424657859 70.4314346304414 0 1103 0
"1104" 94.7675863373759 50.5926073699448 0 1104 0
"1105" 79.632579523625 48.5584092638016 0 1105 0
"1106" 121.55188769595 38.7359566999864 0 1106 0
"1107" 113.748527029529 94.2317583748939 0 1107 0
"1108" 120.368690427001 88.9866797609153 0 1108 0
"1109" 98.379205995974 59.1934372260198 0 1109 0
"1110" 84.5059285691921 96.3805887426148 0 1110 0
"1111" 115.268700549217 115.025778486073 0 1111 0
"1112" 83.6211395349042 109.197328691785 0 1112 0
"1113" 74.9945350544325 70.0366017741827 0 1113 0
"1114" 126.989035415954 110.201016547998 0 1114 0
"1115" 111.068911179903 70.5747284909835 0 1115 0
"1116" 72.3546991179619 94.7827788008069 0 1116 0
"1117" 121.207778681878 97.4263852892337 0 1117 0
"1118" 104.356537431036 50.9015255057755 0 1118 0
"1119" 119.069249062745 99.2799473781966 0 1119 0
"1120" 123.251830515977 60.6234672705052 0 1120 0
"1121" 115.787718701059 56.3255375871051 0 1121 0
"1122" 122.2816435181 70.1569245440432 0 1122 0
"1123" 100.952648299353 45.6163476670299 1 1123 0
"1124" 117.970220984694 69.1415908878706 0 1124 0
"1125" 93.017002388727 50.7405982646983 0 1125 0
"1126" 125.006431203886 88.7167813261349 0 1126 0
"1127" 119.685894678723 86.5753242032937 0 1127 0
"1128" 119.789410714579 49.7726769353657 0 1128 0
"1129" 104.21124954138 92.6861833079923 0 1129 0
"1130" 124.696648834093 106.403406201401 0 1130 0
"1131" 103.653835070446 106.804882476071 0 1131 0
"1132" 72.0693029560073 84.3026098038859 0 1132 0
"1133" 102.034896783049 71.5454727642888 0 1133 0
"1134" 76.72141855251 50.8253081819242 0 1134 0
"1135" 103.000737774834 82.0954127713577 0 1135 0
"1136" 127.437021147737 56.1192703138679 0 1136 0
"1137" 110.298268690278 114.802995414011 0 1137 0
"1138" 101.160173323088 43.0177986152913 0 1138 0
"1139" 125.866238862674 55.9374135383343 0 1139 0
"1140" 120.585496721367 64.0586501233223 0 1140 0
"1141" 76.5357862687157 48.9118336714868 0 1141 0
"1142" 97.561821922182 49.5101928322324 0 1142 0
"1143" 101.761433726524 64.5376999277107 0 1143 0
"1144" 96.1877467338067 103.860732990037 0 1144 0
"1145" 112.861566249622 46.5230422850957 0 1145 0
"1146" 108.768430818066 112.310466754454 0 1146 0
"1147" 86.1675476160204 112.764061079873 0 1147 0
"1148" 84.9937934476772 55.0955013766655 0 1148 0
"1149" 110.267394881456 42.3798000986971 0 1149 0
"1150" 110.140855934367 92.1673245724439 0 1150 0
"1151" 122.003948145989 41.6704205980586 0 1151 0
"1152" 69.7201349825677 72.5468226049504 0 1152 0
"1153" 111.770543038508 50.6233857577282 0 1153 0
"1154" 87.8570842711886 112.019679998183 0 1154 0
"1155" 92.5457787465647 86.2498722402185 0 1155 0
"1156" 116.193756580698 101.242643169034 0 1156 0
"1157" 123.110248898292 41.2257486455005 0 1157 0
"1158" 122.745066518466 99.504354720692 0 1158 0
"1159" 88.9876422730686 55.82267494514 0 1159 0
"1160" 85.3948087988208 88.2112282851355 0 1160 0
"1161" 70.4744498364156 105.951808613557 0 1161 0
"1162" 115.611169413195 109.158016064978 0 1162 0
"1163" 113.590399519982 89.633648912449 0 1163 0
"1164" 88.6493246585234 78.7987066936275 0 1164 0
"1165" 121.219896869348 65.7709889156948 0 1165 0
"1166" 110.591459763467 98.1259559776645 0 1166 0
"1167" 107.993699414331 63.8093213937783 0 1167 0
"1168" 84.6375063706939 94.4467073235668 0 1168 0
"1169" 101.063683409889 86.6238273035841 0 1169 0
"1170" 83.1287993897349 50.6960912536786 0 1170 0
"1171" 115.008458572879 53.0518360427742 0 1171 0
"1172" 87.7147018864663 103.124052224809 0 1172 0
"1173" 68.8577468118042 82.3506136455087 0 1173 0
"1174" 79.8970187862859 40.7275650093275 0 1174 0
"1175" 102.11377637652 61.8131808299779 0 1175 0
"1176" 108.162915534096 90.3124397563885 0 1176 0
"1177" 112.567647120196 107.7130115794 0 1177 0
"1178" 78.4420300946418 92.6016993048882 0 1178 0
"1179" 96.9466528673012 52.8333963955078 0 1179 0
"1180" 77.5580838377715 68.9445337390944 0 1180 0
"1181" 101.039271503847 95.374583242964 0 1181 0
"1182" 118.501647713714 78.8707894699484 0 1182 0
"1183" 85.9183634257976 83.6681604700774 0 1183 0
"1184" 116.631815563426 108.559921651569 0 1184 0
"1185" 113.191786057681 49.0538901334447 0 1185 0
"1186" 119.139596453883 105.511806129757 0 1186 0
"1187" 110.39571186943 66.4994995799119 0 1187 0
"1188" 113.943660131821 111.243629942827 0 1188 0
"1189" 91.4587458893892 42.8479282686707 0 1189 0
"1190" 74.9192904101091 112.540196104342 0 1190 0
"1191" 99.8311909111023 97.8612077935271 0 1191 0
"1192" 72.4402153482593 66.7762208339036 0 1192 0
"1193" 98.6231589525529 98.9019349109065 0 1193 0
"1194" 99.0470981325481 99.7440124292367 0 1194 0
"1195" 72.0710883490531 113.992348118991 0 1195 0
"1196" 102.309267288515 56.9505692352617 0 1196 0
"1197" 119.488439187113 61.344325285401 0 1197 0
"1198" 71.0512116607748 64.4526378974283 0 1198 0
"1199" 103.301752439553 91.9442193325293 0 1199 0
"1200" 114.860190873374 56.9444126923409 0 1200 0
"1201" 75.9567505930372 93.0168741313913 0 1201 0
"1202" 94.3340733532346 67.7040854855388 0 1202 0
"1203" 111.05523249303 54.0162388736909 0 1203 0
"1204" 84.698320470149 56.503866417331 0 1204 0
"1205" 70.5280405417047 112.71455321972 0 1205 0
"1206" 68.9911133045171 73.2084476173798 0 1206 0
"1207" 97.5458719675529 47.5636300427943 0 1207 0
"1208" 92.0765360236781 49.881282368499 0 1208 0
"1209" 120.740943303549 60.7781655124446 0 1209 0
"1210" 114.060439505606 80.1511195615915 0 1210 0
"1211" 89.9904218773595 55.0939951743502 0 1211 0
"1212" 101.789300653058 39.0648106618324 0 1212 0
"1213" 115.479697235435 60.2328395069816 0 1213 0
"1214" 116.796636232106 92.758969571261 0 1214 0
"1215" 92.1224555264145 80.3130392671489 0 1215 0
"1216" 75.7541905585563 95.2510268597686 0 1216 0
"1217" 101.876270123676 46.0301669186606 0 1217 0
"1218" 99.1682473966372 107.983005799172 0 1218 0
"1219" 89.2644398571142 67.2474846688103 0 1219 0
"1220" 121.379759804737 91.6312934069839 0 1220 0
"1221" 75.8360578637304 71.732034236112 0 1221 0
"1222" 101.622148428909 106.277544974946 0 1222 0
"1223" 99.1092486623046 50.3187148470484 0 1223 0
"1224" 123.284907540412 48.7728377139821 0 1224 0
"1225" 123.49142769565 94.3077800903963 0 1225 0
"1226" 119.46715956235 102.490162240736 0 1226 0
"1227" 122.019243263651 91.0463896668093 0 1227 0
"1228" 109.767342870105 84.08842012209 0 1228 0
"1229" 88.3901347694152 91.6685465392879 0 1229 0
"1230" 124.427343101122 80.1953644574237 0 1230 0
"1231" 122.144139848126 72.2574983861639 0 1231 0
"1232" 105.631022623272 40.8995526675909 0 1232 0
"1233" 98.9769148251312 48.7748531289993 0 1233 0
"1234" 85.9898707679114 59.8405194337706 0 1234 0
"1235" 98.8454457119167 113.540801299175 0 1235 0
"1236" 70.4679557490402 85.1092869885876 0 1236 0
"1237" 106.033239496016 43.7218306524084 0 1237 0
"1238" 109.26618652309 106.959521025914 0 1238 0
"1239" 103.943674520624 96.8481292221773 0 1239 0
"1240" 72.8731672595223 56.5670432987658 0 1240 0
"1241" 87.0178266280414 66.9512533659808 0 1241 0
"1242" 100.852169612587 102.609899916278 0 1242 0
"1243" 112.475993746458 66.3579197893592 0 1243 0
"1244" 101.303563475945 69.3562088527943 0 1244 0
"1245" 79.2679668606187 95.1396722008689 0 1245 0
"1246" 89.2417231255554 60.8111700494379 0 1246 0
"1247" 111.674561826072 93.6229989616185 0 1247 0
"1248" 119.636622288679 65.0588485609596 0 1248 0
"1249" 99.7797950660746 55.5416634321606 0 1249 0
"1250" 78.1620210596085 48.2902157045167 0 1250 0
"1251" 84.4975511057783 47.7878627079356 0 1251 0
"1252" 84.4381447182208 39.1360812398372 0 1252 0
"1253" 75.2485851103013 91.9958450271488 0 1253 0
"1254" 117.502452720324 52.4175607553252 0 1254 0
"1255" 86.183491015546 72.1553596929331 0 1255 0
"1256" 100.529238955863 86.0007902115637 0 1256 0
"1257" 93.0003728196637 112.779319432512 0 1257 0
"1258" 89.1414128238676 73.351743370906 0 1258 0
"1259" 104.447712557071 115.48894337814 0 1259 0
"1260" 79.0794665747779 110.809264549104 0 1260 0
"1261" 98.2604473382539 79.4683024848645 0 1261 0
"1262" 93.586488116988 63.6409538781587 0 1262 0
"1263" 119.007932199225 92.7870177712888 0 1263 0
"1264" 69.4565386897174 76.140196741995 0 1264 0
"1265" 113.359796588109 64.719563355731 0 1265 0
"1266" 87.6039157461791 54.0047394104104 0 1266 0
"1267" 98.8504328538474 100.451528656688 0 1267 0
"1268" 72.1616802357911 49.9397426008023 0 1268 0
"1269" 69.1174429005664 62.1626484142897 0 1269 0
"1270" 111.873380380667 81.8439928353219 0 1270 0
"1271" 113.8843564134 60.9149810047538 0 1271 0
"1272" 84.9222254330652 53.1325697741044 0 1272 0
"1273" 87.3233262478044 87.8468090476533 0 1273 0
"1274" 94.551979778104 114.036716779921 0 1274 0
"1275" 126.078907045298 108.162997336421 0 1275 0
"1276" 99.1537058135389 48.505199285783 0 1276 0
"1277" 119.126603592989 108.908181728416 0 1277 0
"1278" 84.3091283817903 84.6175446001323 0 1278 0
"1279" 76.95350119248 85.2498996265609 0 1279 0
"1280" 103.95467816186 60.5428332904188 0 1280 0
"1281" 103.267439441432 73.4066536452016 0 1281 0
"1282" 106.113704462553 82.2393388885632 0 1282 0
"1283" 81.3740542009608 106.627571638567 0 1283 0
"1284" 123.324914065005 45.0634945621573 0 1284 0
"1285" 99.2442974254298 72.6552525855075 0 1285 0
"1286" 77.7603725844183 103.946686381424 0 1286 0
"1287" 121.223302609753 88.9363494803332 0 1287 0
"1288" 124.180651375605 114.047973959275 0 1288 0
"1289" 70.4026267911756 63.4135359338745 0 1289 0
"1290" 87.7808170582145 87.7477761462649 0 1290 0
"1291" 76.0035453738613 81.3916182766927 0 1291 0
"1292" 89.4662311167603 62.5033371319575 0 1292 0
"1293" 75.2567244874111 75.4263474914267 0 1293 0
"1294" 102.709908655204 86.3950548481042 0 1294 0
"1295" 87.4939893276336 66.7592191511509 0 1295 0
"1296" 123.384610732332 79.9848552413625 0 1296 0
"1297" 89.8232713435206 47.5077601337699 0 1297 0
"1298" 103.125651441057 62.0692018349493 0 1298 0
"1299" 101.182535158324 53.9721089450883 0 1299 0
"1300" 91.215003273299 116.043069397583 0 1300 0
"1301" 95.352537368625 71.7344496656957 0 1301 0
"1302" 118.749492835104 103.085967910263 0 1302 0
"1303" 78.7844852712343 39.9789660527534 0 1303 0
"1304" 71.9540521993614 77.7743973004727 0 1304 0
"1305" 120.610811857448 86.9444879257868 0 1305 0
"1306" 89.6925952191708 110.974979489313 0 1306 0
"1307" 118.271070631211 90.8133483160186 0 1307 0
"1308" 102.872946720536 57.5317449867884 0 1308 0
"1309" 113.510398852658 96.4704072648352 0 1309 0
"1310" 73.7054229253305 41.680606727053 0 1310 0
"1311" 123.373125600197 112.502499490953 0 1311 0
"1312" 122.364263766916 101.58424841548 0 1312 0
"1313" 74.182663698946 57.3642114478152 0 1313 0
"1314" 108.113946712679 79.8854704252302 0 1314 0
"1315" 90.5247676337912 61.2763504827207 0 1315 0
"1316" 123.347119814571 86.0742055044087 0 1316 0
"1317" 126.369099715232 89.7577742364994 0 1317 0
"1318" 93.5986628405071 56.7352619176708 0 1318 0
"1319" 124.495282062057 61.822096189784 0 1319 0
"1320" 112.083786846472 40.9985862901161 0 1320 0
"1321" 100.54499401641 71.0565170285982 0 1321 0
"1322" 109.963389000734 92.2530673017522 0 1322 0
"1323" 104.277135229539 108.925237658682 0 1323 0
"1324" 116.377958560163 96.7824797430413 0 1324 0
"1325" 96.0759306727087 46.8170170247719 0 1325 0
"1326" 103.017334802 68.3875650886451 0 1326 0
"1327" 84.3423969196879 88.8144148616205 0 1327 0
"1328" 112.919646870945 78.8987061887144 0 1328 0
"1329" 72.177559073732 89.0133152179532 0 1329 0
"1330" 119.983511903419 70.0822967318326 0 1330 0
"1331" 123.597373187513 46.1084709779557 0 1331 0
"1332" 104.595281224194 52.5356128998655 0 1332 0
"1333" 71.3370102263745 100.725582209425 0 1333 0
"1334" 109.682395861902 96.6347428867436 0 1334 0
"1335" 82.7792818931217 81.0821064109306 0 1335 0
"1336" 109.101167662163 80.0538210842778 0 1336 0
"1337" 92.8471195723416 70.4290976244814 0 1337 0
"1338" 106.889225254655 84.1974256959888 0 1338 0
"1339" 68.8213025805271 86.6787543082528 0 1339 0
"1340" 109.804682539505 61.5758929030595 0 1340 0
"1341" 117.963049248041 77.848669484085 0 1341 0
"1342" 75.9754369116922 113.875347950743 0 1342 0
"1343" 108.423234783698 56.30964883473 0 1343 0
"1344" 99.1885815748471 78.1636404994257 0 1344 0
"1345" 86.9598934209619 110.544397197115 0 1345 0
"1346" 84.1850414281715 55.9107786942627 0 1346 0
"1347" 96.330975468959 80.5109333492323 0 1347 0
"1348" 115.255870439036 42.1761448729841 0 1348 0
"1349" 68.7502425108481 112.936263258297 0 1349 0
"1350" 97.935536298206 94.185771699392 0 1350 0
"1351" 107.851504173002 43.7412422480486 0 1351 0
"1352" 74.3946832973742 73.9652359653734 0 1352 0
"1353" 97.407253187908 62.9144295310901 0 1353 0
"1354" 69.6627461376626 52.9243257387808 0 1354 0
"1355" 99.8883409001317 60.6197560302589 0 1355 0
"1356" 89.4382807741302 40.7181046143503 0 1356 0
"1357" 86.6924868127688 45.6067866013596 0 1357 0
"1358" 81.1956016243852 64.339478125022 0 1358 0
"1359" 112.572280808751 82.1177214798873 0 1359 0
"1360" 96.5655701977179 98.4936495366523 0 1360 0
"1361" 113.879094300684 102.322054586752 0 1361 0
"1362" 126.481129607377 76.7001000405026 0 1362 0
"1363" 75.8420315143718 64.9513186672623 0 1363 0
"1364" 124.551293579412 112.299499273769 0 1364 0
"1365" 103.433533050733 65.0847005750102 0 1365 0
"1366" 109.648713802794 111.251403202273 0 1366 0
"1367" 95.5369595281048 105.358546104964 0 1367 0
"1368" 85.3926563749522 52.5627920219145 0 1368 0
"1369" 96.1064920216005 74.4829341034037 0 1369 0
"1370" 107.449909966373 41.5684836969246 0 1370 0
"1371" 110.907901321291 108.807782543274 0 1371 0
"1372" 101.049396005393 111.540626317685 0 1372 0
"1373" 97.6540524885816 67.5761308711528 0 1373 0
"1374" 127.340848999018 84.0376859147744 0 1374 0
"1375" 112.924683732717 67.1259047231896 0 1375 0
"1376" 72.5976989597533 67.6982612244133 0 1376 0
"1377" 79.5032952112679 86.2926879691709 0 1377 0
"1378" 111.302004597583 88.5378780563862 0 1378 0
"1379" 127.201929866457 108.326525068806 0 1379 0
"1380" 69.2110797496587 61.4132235758294 0 1380 0
"1381" 105.820459038349 69.7929222498132 0 1381 0
"1382" 78.6601268373884 91.9900281396468 0 1382 0
"1383" 120.057967296798 48.0364140700696 0 1383 0
"1384" 119.495279444416 80.8447882323246 0 1384 0
"1385" 100.064442984273 55.6815139547666 0 1385 0
"1386" 81.3068505384839 69.1657245952533 0 1386 0
"1387" 73.1481426897219 93.3748130355428 0 1387 0
"1388" 122.641084822904 88.7679022791004 0 1388 0
"1389" 81.1206565221782 113.64905988355 0 1389 0
"1390" 69.765797819336 107.348842648491 0 1390 0
"1391" 119.641931675097 63.3576989808005 0 1391 0
"1392" 126.140965185201 90.1998129941976 0 1392 0
"1393" 92.8625673263421 76.6659583429362 0 1393 0
"1394" 97.8931982868559 52.9529783415642 0 1394 0
"1395" 85.2632468972239 77.3116512626707 0 1395 0
"1396" 103.079748223012 71.968562535585 0 1396 0
"1397" 104.20363220886 54.6290978954203 0 1397 0
"1398" 124.258938316266 90.0511374161375 0 1398 0
"1399" 79.8667546295677 92.2874007676142 0 1399 0
"1400" 81.6890715423182 96.5570404898843 0 1400 0
"1401" 79.0941354120854 72.0868825463786 0 1401 0
"1402" 113.904672465443 39.4225521007078 0 1402 0
"1403" 71.9047092148389 89.6657875624937 0 1403 0
"1404" 118.277347053423 67.1751502878703 0 1404 0
"1405" 121.235373496037 76.6234301131858 0 1405 0
"1406" 100.806518127004 46.1136789195404 0 1406 0
"1407" 85.3278046203721 93.0034105439463 0 1407 0
"1408" 77.5349873637114 78.3242226585299 0 1408 0
"1409" 76.83899751149 110.751674404371 0 1409 0
"1410" 72.5395858515017 61.8564621789144 0 1410 0
"1411" 91.7228440530516 109.334321223171 0 1411 0
"1412" 116.741482897349 48.0686902048396 0 1412 0
"1413" 85.9824176840205 109.040707123993 0 1413 0
"1414" 86.1351074672944 72.0950245230554 0 1414 0
"1415" 123.858362775459 55.6723045514423 0 1415 0
"1416" 111.664897638455 42.6657796671145 0 1416 0
"1417" 123.884921869533 96.8492077723594 0 1417 0
"1418" 108.289629819895 97.4457893309662 0 1418 0
"1419" 88.2349424757738 42.535935746504 0 1419 0
"1420" 82.035931968295 71.4459317859889 0 1420 0
"1421" 121.610488657811 51.6843267894899 0 1421 0
"1422" 74.0526110789942 45.8615422817255 0 1422 0
"1423" 126.405331956938 83.9620474293802 0 1423 0
"1424" 127.40447859098 98.4695835259839 0 1424 0
"1425" 123.640523894265 71.1117009382413 0 1425 0
"1426" 113.133723809887 96.7409550111636 0 1426 0
"1427" 89.9916096978316 73.4788178198354 0 1427 0
"1428" 105.689821639956 91.1602450297158 0 1428 0
"1429" 94.6884118879312 91.8446107656856 0 1429 0
"1430" 70.2847355784007 68.8447468711842 0 1430 0
"1431" 75.5983010327813 99.0988265948507 0 1431 0
"1432" 96.9286492551104 113.189116471692 0 1432 0
"1433" 70.8119812920466 85.5248223293906 0 1433 0
"1434" 83.4610539183911 62.1719451472768 0 1434 0
"1435" 73.4890497900006 73.3567729933958 0 1435 0
"1436" 90.5872486122208 51.2709917451437 0 1436 0
"1437" 106.750756184228 92.1342151461074 0 1437 0
"1438" 72.731334720174 79.8924641177992 0 1438 0
"1439" 80.7910549964213 39.5890721360356 0 1439 0
"1440" 117.129658587374 48.7035592402484 0 1440 0
"1441" 106.931862313397 108.914575507306 0 1441 0
"1442" 125.827108591876 54.3172640954567 0 1442 0
"1443" 103.872139212817 74.282584190049 0 1443 0
"1444" 121.153705427528 83.6539503618478 0 1444 0
"1445" 99.3540260639992 71.2576527106062 0 1445 0
"1446" 120.505223639335 65.2895136218647 0 1446 0
"1447" 70.874532480169 91.0147024303544 0 1447 0
"1448" 86.2417347586261 61.0572949846524 0 1448 0
"1449" 120.256221906363 86.2894554014842 0 1449 0
"1450" 125.370497044836 102.627067406403 0 1450 0
"1451" 102.074451390291 112.605267916869 0 1451 0
"1452" 115.886813422718 106.528613699346 0 1452 0
"1453" 80.9349276571115 77.4695779077319 0 1453 0
"1454" 77.7334746450922 55.2902085570483 0 1454 0
"1455" 96.8214784124033 97.7033054688035 0 1455 0
"1456" 107.313519523367 83.2580614909311 0 1456 0
"1457" 110.791016131371 63.1031034649114 0 1457 0
"1458" 92.4601063481428 83.1998674121813 0 1458 0
"1459" 80.9179657291875 105.721859064555 0 1459 0
"1460" 104.742161096989 49.776038622591 0 1460 0
"1461" 74.4366703289724 110.056129516046 0 1461 0
"1462" 92.5679668646882 88.0963973323493 0 1462 0
"1463" 81.0475563311574 88.3816618215453 0 1463 0
"1464" 82.06946341119 68.1186904156807 0 1464 0
"1465" 104.191619452739 82.5858295121166 0 1465 0
"1466" 117.161187164453 104.45210693157 0 1466 0
"1467" 70.7112071034165 67.7997943971265 0 1467 0
"1468" 71.8594131890158 82.9814811831211 0 1468 0
"1469" 110.761456022994 79.3802123652267 0 1469 0
"1470" 113.910304426165 57.8042635999101 0 1470 0
"1471" 88.3488398440522 105.045562037766 0 1471 0
"1472" 101.438887333536 86.8881025662275 0 1472 0
"1473" 105.891981785643 90.3402406786177 0 1473 0
"1474" 87.4078276189123 107.510131593744 0 1474 0
"1475" 69.643593678319 40.8678358645284 0 1475 0
"1476" 88.9186965059649 47.8061923460224 0 1476 0
"1477" 73.2539351879443 66.038129525153 0 1477 0
"1478" 92.9422976403125 63.5823119374177 0 1478 0
"1479" 78.8527016903202 116.091065737036 0 1479 0
"1480" 117.062768305566 77.7027942603883 0 1480 0
"1481" 97.2712224235647 44.5376628306651 0 1481 0
"1482" 75.1815122200766 93.975134607753 0 1482 0
"1483" 84.3021993351303 65.313666060775 0 1483 0
"1484" 122.616486900342 58.0179830464464 0 1484 0
"1485" 87.5375393322585 64.3567756000495 0 1485 0
"1486" 95.5747738309687 106.569170719763 0 1486 0
"1487" 110.081543888078 49.3076245759733 0 1487 0
"1488" 76.9894937812533 43.8774140536766 0 1488 0
"1489" 122.675052585577 108.689150947311 0 1489 0
"1490" 87.3988642089573 94.077220117147 0 1490 0
"1491" 70.0923803145627 72.901706431203 0 1491 0
"1492" 69.349330770136 53.486767655061 0 1492 0
"1493" 100.662506792207 109.428699348963 0 1493 0
"1494" 94.7897638738858 115.635067610364 0 1494 0
"1495" 85.027949508101 96.1929359384603 0 1495 0
"1496" 109.183892613983 64.0337007020819 0 1496 0
"1497" 124.052659834087 110.0960152663 0 1497 0
"1498" 123.760598162618 72.4740354402608 0 1498 0
"1499" 114.15580354887 92.2468419263267 0 1499 0
"1500" 74.4965898973002 66.1342312759963 0 1500 0
