"V1" "V2" "V3"
"1" 123.742975151974 52.7697405772599 1
"2" 122.354508243426 48.8258639188971 1
"3" 99.1537058135389 48.505199285783 1
"4" 100.064442984273 55.6815139547666 1
"5" 100.806518127004 46.1136789195404 1
"6" 111.664897638455 42.6657796671145 1
"7" 122.484900708934 49.0098386708129 2
"8" 121.244766894512 48.1788818799413 2
"9" 117.087128588831 48.8089851396275 2
"10" 122.02922030134 49.3577323406973 2
"11" 120.805879185497 51.1514977195998 2
"12" 120.117739351946 45.8167226662061 2
"13" 119.604894177107 51.5563992401295 2
"14" 120.069857046149 47.6302481932202 2
"15" 119.992105777277 44.8230976976574 2
"16" 123.285774521538 51.271165459407 2
"17" 123.727768834026 52.800070821291 2
"18" 126.065598099146 53.7647104551042 2
"19" 124.388794849201 53.4455541250458 2
"20" 123.58307945771 49.5925077541206 2
"21" 121.025075100113 45.8291377665819 2
"22" 125.866238862674 55.9374135383343 2
"23" 98.9769148251312 48.7748531289993 2
"24" 99.7797950660746 55.5416634321606 2
"25" 89.6925952191708 110.974979489313 2
"26" 120.973416218316 45.7931858159068 3
"27" 125.55978428644 57.0547266686482 3
"28" 121.20711849599 52.4899021795028 3
"29" 121.247836155732 49.5811816152333 3
"30" 123.441366350148 53.3495270375945 3
"31" 120.152121740992 44.2548599886962 3
"32" 120.260168215698 47.392658220107 3
"33" 121.22702802949 47.5789210272568 3
"34" 123.082120866561 51.4128291526373 3
"35" 124.24554948869 53.2724981982151 3
"36" 120.549505289116 47.7694125117917 3
"37" 118.08717915726 49.7688701496804 3
"38" 116.600567861386 51.7299523140754 3
"39" 122.50761343945 47.1652927880207 3
"40" 119.821905879715 50.3415080377027 3
"41" 121.759212891292 49.3931425982434 3
"42" 120.856694617837 51.3200215189522 3
"43" 123.607230811216 49.7077812983915 3
"44" 116.783376316902 48.9403404630612 3
"45" 121.861052177514 56.8104108249536 3
"46" 119.400312586661 53.0440700570112 3
"47" 121.606069976937 49.2817616488275 3
"48" 124.715354739841 52.9570595457558 3
"49" 125.848589838927 50.6789125927453 3
"50" 123.840544425661 49.6090347751036 3
"51" 121.73985840516 45.1027755315025 3
"52" 124.807615010541 55.8242708906215 3
"53" 120.15608363306 51.7785102153057 3
"54" 119.246976354337 51.6187913184457 3
"55" 119.736870720874 51.3634140897162 3
"56" 120.035964162599 45.683976745025 3
"57" 119.514047889234 56.1731848322402 3
"58" 124.363051833452 53.6329440281387 3
"59" 120.639765942487 62.5313752597152 3
"60" 120.23226184974 51.7091992104855 3
"61" 77.6959796142531 101.799162598911 3
"62" 87.3015655713634 108.475201057542 3
"63" 89.0875153099138 110.082467540039 3
"64" 89.4626003976396 107.864502073794 3
"65" 87.3957548492116 111.92198996852 3
"66" 86.5068362655935 110.345347118232 3
"67" 90.7031387793893 110.987791087502 3
"68" 85.2611470496142 111.27737172246 3
"69" 87.3495999765664 112.764389866081 3
"70" 83.5223684721015 108.896679868229 3
"71" 99.4539699532703 40.140187265235 3
"72" 97.8931982868559 52.9529783415642 3
"73" 121.610488657811 51.6843267894899 3
"74" 117.129658587374 48.7035592402484 3
"75" 124.703780842103 56.151808537324 4
"76" 121.440179262236 51.2491534534518 4
"77" 120.274777261288 52.8812509030552 4
"78" 119.785703955216 50.3246827154987 4
"79" 122.214146291364 43.3953138691171 4
"80" 122.55177172012 52.4051653600811 4
"81" 122.31157092763 47.3238387654776 4
"82" 120.112332584179 51.7510042009235 4
"83" 121.313556539408 49.8138909519508 4
"84" 118.113240000749 49.0873046757546 4
"85" 118.250259087365 49.5786779813219 4
"86" 125.038857595349 58.5147714408059 4
"87" 123.070013441748 54.7510983584044 4
"88" 121.385773927962 47.586893062192 4
"89" 122.130880462735 49.8468218557829 4
"90" 126.718648563977 50.3377034439207 4
"91" 118.629042849988 55.5307264571243 4
"92" 122.727998484267 47.120248272408 4
"93" 119.512994979214 50.352442283564 4
"94" 120.801021554007 52.3971606801905 4
"95" 122.912837851164 49.8674562429372 4
"96" 118.02134350859 57.6990834029353 4
"97" 121.781772766147 52.8531695512588 4
"98" 124.427615304599 55.7615865817048 4
"99" 122.766661257785 51.3429223763809 4
"100" 119.96445018734 50.0875979848 4
"101" 121.256396977042 52.8427603310037 4
"102" 116.444841976504 47.8774858938675 4
"103" 121.342229524829 54.6187894779308 4
"104" 121.556811304184 51.8323198329119 4
"105" 119.564069895897 52.5539679559018 4
"106" 119.444465845184 56.137361386313 4
"107" 121.101081849375 48.3504975970151 4
"108" 121.606434308935 61.0058873116558 4
"109" 121.532658763535 55.3601047512844 4
"110" 120.553702315906 53.0000755436202 4
"111" 122.706637391669 49.4102235203913 4
"112" 123.198784639936 51.4386083168195 4
"113" 120.109354054419 53.2275933178696 4
"114" 122.465100141408 57.1911456678094 4
"115" 121.915000537946 45.3238388488755 4
"116" 120.747372888929 52.826323197611 4
"117" 122.11336287172 48.6248680984846 4
"118" 119.458617578792 53.0206351584878 4
"119" 124.738989548427 56.8815243256438 4
"120" 119.946927722235 50.4256376197895 4
"121" 122.172651933176 47.9021222332897 4
"122" 118.998129383939 50.7294976670199 4
"123" 119.669325998882 46.1100841748955 4
"124" 118.975116102879 51.1244422981196 4
"125" 123.453005566579 52.6820206149529 4
"126" 121.55785842541 56.434623735832 4
"127" 121.81780560526 54.0872136911424 4
"128" 123.501359389134 51.3289747814793 4
"129" 123.140665278217 52.1886231434794 4
"130" 119.562228751191 50.4255954045972 4
"131" 119.897893728804 50.0521794330736 4
"132" 119.304794317601 44.7975792690075 4
"133" 121.970252704833 53.9417417192856 4
"134" 119.860702475368 55.8417763454503 4
"135" 126.306900823289 54.6003520957368 4
"136" 119.743055827738 52.9699541654836 4
"137" 120.14413279716 48.0406310933392 4
"138" 123.406959369999 53.6797848234867 4
"139" 75.8251434195406 102.173514101703 4
"140" 79.8771314568643 101.739829005936 4
"141" 77.5583996627941 102.161685173041 4
"142" 76.1692285153558 101.654090886841 4
"143" 74.0231374639365 101.623790271797 4
"144" 75.189214287933 101.721892162135 4
"145" 76.827595955353 102.295978169621 4
"146" 79.771321373293 102.464692461383 4
"147" 76.961335828253 102.399293558019 4
"148" 82.2895469349018 102.038760268758 4
"149" 77.2815192049961 101.799483403571 4
"150" 74.6768455615367 102.535199653654 4
"151" 78.6527309334332 102.150473141707 4
"152" 77.6165988343562 102.10461441424 4
"153" 87.4508493293622 112.749687758143 4
"154" 86.3710768747778 110.657317716807 4
"155" 86.8641900019047 112.861594854748 4
"156" 86.0562669490913 110.060083294535 4
"157" 83.6739341685112 109.854568281897 4
"158" 87.1473480627533 108.589621308032 4
"159" 91.5779990780444 111.308829372192 4
"160" 85.7190870483954 113.280726136809 4
"161" 86.2448998984627 110.412287435074 4
"162" 85.9936389885272 110.019435910176 4
"163" 87.6214510550408 111.981158567473 4
"164" 93.886204490615 108.05311883035 4
"165" 86.4439458887189 110.427333488509 4
"166" 85.6918578095752 111.241988777618 4
"167" 84.7329057932068 111.745120628725 4
"168" 86.6426023083748 109.710844791732 4
"169" 86.7922389046124 113.350397949982 4
"170" 87.472564729172 112.161668309626 4
"171" 89.7448502079506 109.636543727861 4
"172" 86.410239488475 110.362138308673 4
"173" 86.4505846126703 109.197469227665 4
"174" 86.1468650289899 109.79580183672 4
"175" 89.0616540910127 110.092634473032 4
"176" 89.0592963452842 108.935175382866 4
"177" 86.4715973324817 110.401757613768 4
"178" 85.8866641115775 113.130930979589 4
"179" 85.0009859088564 111.123051350379 4
"180" 85.3932917596482 111.473853869124 4
"181" 84.5602894008684 110.614195306971 4
"182" 86.3333406179049 110.617776938216 4
"183" 83.5650439688889 108.062400973172 4
"184" 82.5027428654852 114.642439375701 4
"185" 86.767803819204 110.51423436811 4
"186" 89.234921104256 109.994022990268 4
"187" 117.95436045157 68.7265530773539 4
"188" 83.6211395349042 109.197328691785 4
"189" 119.789410714579 49.7726769353657 4
"190" 74.9192904101091 112.540196104342 4
"191" 119.488439187113 61.344325285401 4
"192" 123.858362775459 55.6723045514423 4
"193" 119.612601567662 56.698023169072 5
"194" 119.62888892302 55.9826712243205 5
"195" 123.347639928297 54.925107874933 5
"196" 119.958972227991 56.6733527151995 5
"197" 118.392528067422 53.0392894112531 5
"198" 120.191759074784 52.9599899516064 5
"199" 124.73141664854 56.1255562037875 5
"200" 121.911181347231 47.1246333496754 5
"201" 122.407103805889 47.0990378002399 5
"202" 124.548059508471 49.0177003743775 5
"203" 122.459886333731 52.2212966301618 5
"204" 120.446948740952 52.1798124404634 5
"205" 121.730776569968 45.5794547428805 5
"206" 121.399859894655 55.1657838515502 5
"207" 118.007080531704 50.0919778046191 5
"208" 124.504719762237 56.880706356933 5
"209" 121.770243851506 56.4288698126112 5
"210" 119.720422444052 49.8575261364043 5
"211" 124.175774625443 53.6954853891835 5
"212" 119.918429882036 51.0342899489786 5
"213" 119.390257889088 49.6885703297157 5
"214" 122.744996106162 51.4124178150778 5
"215" 120.560160926306 50.2705928109438 5
"216" 119.981437119009 53.0758558390116 5
"217" 119.770957007685 52.9078159891351 5
"218" 122.703386900325 46.9702951529594 5
"219" 121.533981956381 54.2221543517111 5
"220" 118.879603384517 52.5466716913879 5
"221" 122.50088458074 57.6545351244626 5
"222" 119.434770752481 61.3744103348493 5
"223" 124.580974772995 49.6635830929132 5
"224" 119.496577080423 50.351810166036 5
"225" 119.336200678221 55.9966168420629 5
"226" 120.055895500652 51.1188077087384 5
"227" 118.937113935562 56.0233931751658 5
"228" 120.929832440227 54.5816761206711 5
"229" 118.985276448987 46.8418313209254 5
"230" 122.38308221276 52.0273754849434 5
"231" 120.133436408299 50.2398370250699 5
"232" 117.14911129287 49.8560546041164 5
"233" 118.316302150313 50.4022888249293 5
"234" 122.184500674137 47.7821107977208 5
"235" 121.855687665601 53.4521297587084 5
"236" 122.103522810748 48.7067764024099 5
"237" 124.066313618149 51.8311740403085 5
"238" 122.842842569645 48.4098052202111 5
"239" 119.769782336906 49.873357146296 5
"240" 120.239953030651 50.3616769256075 5
"241" 120.310726460976 48.2055089351293 5
"242" 123.215537531427 54.7642301161616 5
"243" 121.787045717805 54.0585316757932 5
"244" 118.467956235837 55.716619681248 5
"245" 121.332908145391 53.2413870867577 5
"246" 122.870489881831 52.9156047857829 5
"247" 120.564203110887 54.4656639563923 5
"248" 119.806489528319 52.9201200736831 5
"249" 121.372011870574 51.5151719914413 5
"250" 120.424930050357 49.9210917797454 5
"251" 122.605126977808 50.8514151323683 5
"252" 119.800133913928 55.6773405258954 5
"253" 122.314115208417 48.2943072938001 5
"254" 121.515112213323 51.1291984405908 5
"255" 123.449230445497 54.0489179276518 5
"256" 79.8033155448187 102.569862663366 5
"257" 71.8509881823893 101.374685006066 5
"258" 79.4891216916951 102.638506911934 5
"259" 74.3437418014215 101.87662738155 5
"260" 75.563265839399 101.683446903481 5
"261" 73.8506346015394 101.446932577379 5
"262" 73.6006140419591 101.308289069046 5
"263" 78.4028849714562 101.543094455547 5
"264" 78.5592932336702 102.396937202559 5
"265" 77.364426220564 101.544252457082 5
"266" 76.438901545043 102.515089561459 5
"267" 74.8886125629607 102.49834586896 5
"268" 76.4888749141322 101.901173214641 5
"269" 73.5674026121895 101.879648572522 5
"270" 74.0219869062731 102.308599428701 5
"271" 75.2279748289828 101.786368189493 5
"272" 79.9242744216761 102.03752467146 5
"273" 75.1917796213454 102.308667885398 5
"274" 73.983926304882 101.979489253673 5
"275" 78.3989219673604 101.516661048062 5
"276" 75.5371892420973 101.833832837536 5
"277" 75.2547425720031 101.639451343309 5
"278" 73.7206136143754 101.36886465381 5
"279" 75.3900967917267 102.088329543182 5
"280" 77.0816401885637 102.066150808327 5
"281" 76.6556938269466 102.15173113773 5
"282" 78.375230659135 101.991407694263 5
"283" 74.2609285461781 102.389600288363 5
"284" 73.9775723663256 101.716017183241 5
"285" 74.9077836651093 102.199711042389 5
"286" 74.7714909221624 101.410062674304 5
"287" 74.7837916807342 101.854100092059 5
"288" 73.9109812877776 101.653346179237 5
"289" 75.8468536816117 101.726136708784 5
"290" 73.9082838255152 101.445041054026 5
"291" 76.4924600156672 101.572698155267 5
"292" 75.2742107100331 101.610599111205 5
"293" 78.6138522022796 102.018900496139 5
"294" 75.2291704184151 101.403576379218 5
"295" 75.139531771522 101.829668427433 5
"296" 79.7366460427711 102.323540453948 5
"297" 73.7358946884448 101.748107527753 5
"298" 74.2721076251212 101.747128046614 5
"299" 73.6973341742812 101.311872141436 5
"300" 79.7206741019548 101.77700766955 5
"301" 79.6451564196107 101.602195798197 5
"302" 77.0969383104098 101.778287904042 5
"303" 76.2950229050464 102.603116232968 5
"304" 77.6068381964252 101.585596950616 5
"305" 75.2186628834783 101.482006970023 5
"306" 75.5831250247355 102.523600429891 5
"307" 78.7034372865359 102.332056425087 5
"308" 77.6129501109035 102.187022264547 5
"309" 75.7815683571849 101.639889387124 5
"310" 75.6636231666848 101.748538378342 5
"311" 79.6021223029468 101.832629996735 5
"312" 73.9341326103145 101.369368601873 5
"313" 76.8384950981482 101.51868279771 5
"314" 78.6667525173004 102.699834041075 5
"315" 75.2030966779486 101.513273037679 5
"316" 78.1242212459555 101.800436105459 5
"317" 75.2648265880955 101.552472350542 5
"318" 76.2306843198402 102.363942979168 5
"319" 89.9805670094217 109.637695995589 5
"320" 85.7394447699931 110.823925839086 5
"321" 86.4683300520353 110.228263003738 5
"322" 86.7263800227411 112.868943823823 5
"323" 83.9994040292187 110.905886947056 5
"324" 83.5805605675752 110.057787904715 5
"325" 92.6273807835674 112.154949863613 5
"326" 88.1185819516991 112.933546338969 5
"327" 89.0946569702782 110.464839737327 5
"328" 86.3448777964412 110.504027343335 5
"329" 86.609484876816 109.15343344724 5
"330" 83.5457926004424 109.992904309867 5
"331" 85.8480992422245 111.514857787292 5
"332" 87.1445610797313 108.178628267692 5
"333" 88.1054210902604 111.029184695317 5
"334" 89.5370218689485 108.986027129933 5
"335" 89.9433074907731 111.461540210674 5
"336" 82.403895796968 111.427522319534 5
"337" 83.605491371495 112.362325792382 5
"338" 86.466668755884 109.135087463582 5
"339" 86.9122350464273 108.6744110715 5
"340" 87.0600778655642 110.827924756678 5
"341" 85.3521613748429 110.993606524007 5
"342" 90.9700304019653 111.172874931349 5
"343" 83.5554574099937 113.607630644073 5
"344" 87.6592270523068 112.531366737281 5
"345" 80.9649877517664 115.6690263937 5
"346" 88.6895238434562 108.712302603551 5
"347" 85.4894717063971 106.079246609883 5
"348" 86.3111956195715 108.878342464483 5
"349" 87.0954524169117 110.137163723815 5
"350" 89.0281624752238 110.486957007446 5
"351" 93.7768760573912 109.584150322075 5
"352" 89.5332222260441 110.218687311259 5
"353" 87.1187635620915 112.937958594655 5
"354" 84.1433142886403 108.530675834547 5
"355" 85.8512703431863 113.717523417007 5
"356" 85.8122861913326 110.603332198999 5
"357" 85.1507201986295 112.297422877386 5
"358" 86.6472745827886 112.466202295092 5
"359" 85.903262071934 109.917584774261 5
"360" 120.057967296798 48.0364140700696 5
"361" 120.412583888101 52.3439333609386 6
"362" 119.416823085906 56.6558139269486 6
"363" 120.442586498394 52.0321586454615 6
"364" 120.501634653749 54.2193220177025 6
"365" 121.627879502995 50.7184996190841 6
"366" 121.891767098148 53.5148999642522 6
"367" 123.994017411558 56.438178872869 6
"368" 117.189015958509 50.6740358531835 6
"369" 122.261789770725 50.1725682658554 6
"370" 121.492021590839 52.6957095684738 6
"371" 119.463618282373 47.15072592065 6
"372" 123.543706224213 49.9275973884981 6
"373" 122.487794984498 50.6706191607528 6
"374" 122.129105107089 53.4939986278888 6
"375" 121.224699365816 53.6594464327034 6
"376" 122.102633735437 45.7040443196563 6
"377" 119.154315833786 46.8010015941264 6
"378" 119.012718626782 54.5533814480934 6
"379" 122.334121486958 52.2183942451363 6
"380" 120.177523233874 54.8321367258321 6
"381" 118.30960820564 53.1112832903182 6
"382" 116.912779772236 46.5350529107274 6
"383" 123.836210219917 56.0532958935193 6
"384" 117.921765255491 53.4865856458474 6
"385" 121.979495670168 49.9319595195055 6
"386" 123.216932193192 55.0217743892089 6
"387" 121.827136200655 54.7935668137522 6
"388" 117.472428783936 53.476918969824 6
"389" 120.307747251815 57.5188334611252 6
"390" 121.683435397109 54.0647030376653 6
"391" 121.201565931531 54.9947937119296 6
"392" 118.847214659595 46.7204918674345 6
"393" 119.908043822351 48.0779563046577 6
"394" 121.899753473271 52.0197737818396 6
"395" 120.229168534667 56.4178342255345 6
"396" 119.122884325356 52.7630244211423 6
"397" 118.752952378124 53.135322447741 6
"398" 120.988373503719 62.2521117234945 6
"399" 120.327819563808 45.8051460185873 6
"400" 118.416790900039 46.9255241619371 6
"401" 118.34850990841 53.4465040941169 6
"402" 121.344547449233 52.5610936016973 6
"403" 122.405224113335 48.2131182540106 6
"404" 122.322776029548 51.1490304671964 6
"405" 122.627905525703 50.8956432997773 6
"406" 117.363655083813 57.1399105384737 6
"407" 122.50781042097 57.4589618481873 6
"408" 118.459302211187 52.6666625965518 6
"409" 122.168407030822 51.9216007029648 6
"410" 117.273135361972 50.6196768679387 6
"411" 120.149065230624 50.5162646461928 6
"412" 123.192438248562 47.3242336342304 6
"413" 119.734569001796 51.6596725006722 6
"414" 119.85113837698 47.9926784688124 6
"415" 119.05641496122 47.3270086241754 6
"416" 120.91758722002 49.2569055068271 6
"417" 120.168604182355 56.446637369569 6
"418" 119.914218579058 56.5404464603834 6
"419" 119.984688101458 51.0519433928175 6
"420" 75.8116851738518 101.846272517006 6
"421" 75.750858222077 101.612490263594 6
"422" 77.0969618581987 102.000880283954 6
"423" 72.422734668287 101.204804063059 6
"424" 73.8419095714275 101.629492128959 6
"425" 73.8418302114309 101.129184920585 6
"426" 79.532276323581 102.977167108004 6
"427" 77.1807370626563 101.956297656785 6
"428" 73.4411858242129 102.114987166127 6
"429" 78.5933873867998 101.93635104703 6
"430" 71.7421914447934 101.337652435929 6
"431" 78.489422784468 101.504155230494 6
"432" 75.1617383726361 102.743484037416 6
"433" 75.7988538536339 101.651600641678 6
"434" 72.5168617346409 101.610424900099 6
"435" 73.8730413152379 102.635971047956 6
"436" 78.3396421788277 101.620961314609 6
"437" 76.5834588067409 101.584820234279 6
"438" 75.0199202783761 102.047835625895 6
"439" 75.4789721077929 101.630586058847 6
"440" 73.7473157195282 101.687059468752 6
"441" 79.6051837760778 101.726228729439 6
"442" 73.2233972080736 102.798694132819 6
"443" 74.6876473467048 101.870012505789 6
"444" 70.5744012111625 101.85454554202 6
"445" 74.90714252637 101.392766124167 6
"446" 79.9713212955481 102.18086356792 6
"447" 76.0234805153072 102.001002593937 6
"448" 74.2128573446183 101.804351691667 6
"449" 73.8369312751142 101.611110776149 6
"450" 74.2697307308139 101.048653083484 6
"451" 73.4573362056281 101.429469385148 6
"452" 73.3473739978526 101.58470267846 6
"453" 73.6463886869683 102.440295659476 6
"454" 76.7483315576839 101.519483968726 6
"455" 75.5118763137351 102.331810364434 6
"456" 74.0131763111129 102.359570050792 6
"457" 74.3969827569404 102.113471055964 6
"458" 79.1335539557111 101.865691146775 6
"459" 74.5908867218492 101.452608360846 6
"460" 71.2372936761285 101.598005278065 6
"461" 75.6208022968483 101.669687326217 6
"462" 75.2316793752815 101.377761323095 6
"463" 75.0816424239046 101.987451793952 6
"464" 73.6278509336357 101.744043098882 6
"465" 76.6529000022221 101.611882666226 6
"466" 75.4867523458836 102.433653632865 6
"467" 75.8041696221327 101.831509210081 6
"468" 74.3942609055301 101.916254527562 6
"469" 74.5939338882252 101.429551598437 6
"470" 76.4691363941519 102.010293789442 6
"471" 77.0977670271631 102.011143705383 6
"472" 75.5732300068357 101.937164337198 6
"473" 76.2187179615997 102.389444198767 6
"474" 76.6796474688155 102.002120034218 6
"475" 75.3730584697436 101.996321819048 6
"476" 79.4236186070831 101.801235514664 6
"477" 73.0961931674272 101.832041572377 6
"478" 79.4018578896715 101.476628824902 6
"479" 78.4880046644471 101.850804376637 6
"480" 75.5382654372833 102.255682898127 6
"481" 92.5683770003124 111.019298670015 6
"482" 84.0686155507435 109.815852388091 6
"483" 86.7105053369392 112.791723456597 6
"484" 87.0403185082427 113.95431754697 6
"485" 86.7753347278462 112.156956625925 6
"486" 84.6680292311163 111.080827018196 6
"487" 89.2811881217926 109.848329329631 6
"488" 89.1606801596499 115.501253082443 6
"489" 82.5310274036981 111.929029189159 6
"490" 88.7238303428723 110.751569707838 6
"491" 90.2240942837029 113.421363621432 6
"492" 83.5812748739997 110.081731067497 6
"493" 87.735848962453 108.583991934296 6
"494" 92.9385746510801 112.106306008916 6
"495" 87.1914328088898 108.201449994841 6
"496" 88.1729273178768 110.939342698383 6
"497" 90.0881485718472 110.221372561015 6
"498" 89.7779729466794 111.565993348295 6
"499" 85.4875192702909 112.433213975157 6
"500" 90.6632011005232 111.791383224088 6
"501" 89.3617545485129 110.427653481431 6
"502" 86.9157095118273 112.29655257701 6
"503" 84.311466018377 108.514252544889 6
"504" 91.7298308838902 112.322612450297 6
"505" 87.058037813783 112.59795614066 6
"506" 86.1316979465454 110.496854607872 6
"507" 83.1808111571865 110.58008175912 6
"508" 85.7633423107969 114.193648172822 6
"509" 91.8053461618987 111.74821895363 6
"510" 88.3900592274972 113.973160704951 6
"511" 92.5508077968295 111.938948684825 6
"512" 92.951260430028 112.551378339771 6
"513" 90.507394966728 109.927849548484 6
"514" 83.9379563123269 111.961081847476 6
"515" 89.448319885849 111.70565092023 6
"516" 92.5923087548887 112.057145753588 6
"517" 83.3283023557101 112.790766582795 6
"518" 86.6426297299637 109.174233317321 6
"519" 88.1176124134133 110.617410897856 6
"520" 86.041900416664 110.663592284086 6
"521" 88.0288990491737 113.117131085131 6
"522" 86.7450806110424 111.403366088017 6
"523" 92.5367741421096 111.710390585728 6
"524" 90.1611187903611 109.088533334626 6
"525" 86.6506153908522 112.605636871767 6
"526" 86.1049491484709 108.155563900912 6
"527" 89.4395560605892 109.287714834209 6
"528" 86.2318702442838 109.361153063295 6
"529" 83.6539514576332 111.200286143532 6
"530" 122.003948145989 41.6704205980586 6
"531" 85.9824176840205 109.040707123993 6
"532" 75.5983010327813 99.0988265948507 6
"533" 110.791016131371 63.1031034649114 6
"534" 78.8527016903202 116.091065737036 6
"535" 122.616486900342 58.0179830464464 6
"536" 121.46491298631 53.8736561308646 7
"537" 119.739214131038 58.3141177672396 7
"538" 117.564498179191 57.3644647582339 7
"539" 118.514280905504 47.5725824004903 7
"540" 122.017056880321 54.3760087583436 7
"541" 121.648133208549 48.4848944203398 7
"542" 120.218846460034 54.8492782217116 7
"543" 121.111967894562 56.2222907141526 7
"544" 120.295268374264 42.2037518274288 7
"545" 124.394640855674 52.9913912600159 7
"546" 123.838883428717 56.7933617139481 7
"547" 120.27879817459 50.5598741645167 7
"548" 117.67988066545 49.2940369928315 7
"549" 123.161796896071 47.0201013213846 7
"550" 123.556085954064 54.6571064627084 7
"551" 120.646617204276 49.0310894367371 7
"552" 125.868084711432 54.3860778391376 7
"553" 121.276626263051 55.5657666412712 7
"554" 122.187879095229 52.1943609558155 7
"555" 122.9478745285 53.7540769479535 7
"556" 124.312083034017 59.4973504219069 7
"557" 121.506951575257 44.0054009072456 7
"558" 119.041058492201 48.2236660596521 7
"559" 121.3602678764 62.2467501169956 7
"560" 119.099199295555 54.2063610332149 7
"561" 123.571963614164 58.7111275887348 7
"562" 117.450206169691 53.0395262639206 7
"563" 119.167516304999 54.3530261172154 7
"564" 119.243217337575 51.2970790611398 7
"565" 122.295363430188 54.7018326269776 7
"566" 121.542784233335 55.7147494477728 7
"567" 122.275540108097 52.9613877738136 7
"568" 119.805297406133 46.4387017147046 7
"569" 117.088695533113 50.8790158510781 7
"570" 119.409715042166 53.312070658606 7
"571" 72.1106824263386 102.000296370559 7
"572" 75.3598369222577 102.554151448349 7
"573" 72.4288153995 101.524807238916 7
"574" 80.8506188963582 101.547189485019 7
"575" 78.8982764284561 101.470302909107 7
"576" 71.2979755679882 101.350552867941 7
"577" 73.7558505338058 102.470949784125 7
"578" 72.6582750720389 101.290964075589 7
"579" 80.6419160479055 102.061834402509 7
"580" 74.74072488268 102.295432692638 7
"581" 72.7327416973622 101.68038186908 7
"582" 78.3060806451031 102.39100012403 7
"583" 72.820714437526 101.38036910051 7
"584" 72.676150556769 101.694276126529 7
"585" 78.9680384891229 101.271469967515 7
"586" 78.2917042899851 100.820646695417 7
"587" 73.8476834136412 101.241750318244 7
"588" 71.4511787993907 101.982268137574 7
"589" 73.3544731987403 101.785466050157 7
"590" 73.7523214267622 102.607781270966 7
"591" 71.2210608299871 101.79155528082 7
"592" 72.8981082427916 102.63769084327 7
"593" 73.1361610404206 101.96755112206 7
"594" 72.5669711332122 101.534887711643 7
"595" 72.8712783796973 101.822837908112 7
"596" 74.9924099932134 103.001674576047 7
"597" 73.6546328692462 102.37020407251 7
"598" 74.3280385151196 102.804541295462 7
"599" 77.8815405251345 102.010026070053 7
"600" 79.1157840361291 101.758508037981 7
"601" 72.9302514135 101.95820126896 7
"602" 73.8189222109571 102.26066813719 7
"603" 73.4894235319852 101.5372311939 7
"604" 83.5870165751096 114.958846492546 7
"605" 88.4837395875532 110.281431241992 7
"606" 85.2254303587139 114.145482223677 7
"607" 87.0100528469198 112.285369302444 7
"608" 89.6132937334303 112.784359592826 7
"609" 88.3356564851746 109.483298197944 7
"610" 88.4623127111855 110.557505676382 7
"611" 91.4282097280514 111.260106167102 7
"612" 89.9789958748248 110.56298300601 7
"613" 90.1632850708353 110.484157203197 7
"614" 84.1060606433524 109.709468175157 7
"615" 83.1691016410478 110.531448263241 7
"616" 84.3423041024958 107.198573568057 7
"617" 88.024006319025 110.467710844515 7
"618" 87.7458727064178 111.660535425922 7
"619" 90.5464188702573 112.572139025684 7
"620" 91.1884776246093 112.730230732379 7
"621" 83.951627775419 110.031717841217 7
"622" 90.417296639151 109.527955813528 7
"623" 91.6298308579483 112.440749094166 7
"624" 86.3653186988058 108.58291494846 7
"625" 92.4377210264094 110.526702487783 7
"626" 85.953074053216 114.348130259318 7
"627" 84.8854065804723 110.23098861161 7
"628" 86.0975716738617 108.126113609518 7
"629" 89.50413547426 112.411989321167 7
"630" 87.7567208707492 110.582172318543 7
"631" 81.941562881003 112.10028248897 7
"632" 86.7737125121215 111.526271042295 7
"633" 85.2103456834193 114.520019165971 7
"634" 87.8873575786013 112.676308321285 7
"635" 82.5250664642268 109.957732097763 7
"636" 79.3489125767197 111.830769800204 7
"637" 84.487763379013 108.923629332628 7
"638" 88.6471718797733 114.410746901955 7
"639" 89.7086983447578 110.456252909381 7
"640" 84.633273611545 111.096288498589 7
"641" 92.9674554565996 112.73662997124 7
"642" 98.379205995974 59.1934372260198 7
"643" 120.585496721367 64.0586501233223 7
"644" 112.861566249622 46.5230422850957 7
"645" 110.39571186943 66.4994995799119 7
"646" 101.303563475945 69.3562088527943 7
"647" 118.277347053423 67.1751502878703 7
"648" 74.4366703289724 110.056129516046 7
"649" 120.832346455715 50.726408170274 8
"650" 122.322398680639 49.531419015805 8
"651" 121.048719356613 56.5671978745462 8
"652" 117.384980300821 51.8268364613366 8
"653" 122.222109893775 54.7562001447943 8
"654" 122.710494499671 45.0732507816729 8
"655" 119.299419858442 52.3256185365285 8
"656" 116.803857209424 50.2498764444568 8
"657" 121.6065373692 45.7886325946844 8
"658" 122.593558690112 54.8344258069449 8
"659" 121.514138418207 44.6404647483175 8
"660" 121.57264514939 55.9085215377991 8
"661" 118.189376431194 46.3591793838913 8
"662" 119.505147727545 45.5521742253809 8
"663" 115.580670118742 50.9491060310854 8
"664" 119.304312896468 54.2549036363112 8
"665" 123.36446983024 48.1910717019739 8
"666" 121.351610763723 56.0626868735789 8
"667" 119.028113722157 53.9685564968073 8
"668" 122.96276950203 53.9469481739126 8
"669" 120.393186913862 54.499374911013 8
"670" 119.54613680696 50.0847455672441 8
"671" 118.983123239602 54.7580595862959 8
"672" 124.333896167651 46.6914826959388 8
"673" 121.284632662596 48.4963489377859 8
"674" 120.709976197956 51.9815400096301 8
"675" 71.7362062404584 102.18818250181 8
"676" 70.1151415911141 102.093730091125 8
"677" 68.5127513745946 102.708789930302 8
"678" 71.0055638290288 101.126265557545 8
"679" 72.5554807826437 102.286252474085 8
"680" 71.6797695420661 101.106392163919 8
"681" 78.3863956554844 102.357450269175 8
"682" 73.5818400662469 102.023934873042 8
"683" 71.4222148691148 101.871024216031 8
"684" 80.7819385228287 102.807656630292 8
"685" 73.4099793305087 101.791887155259 8
"686" 80.6056169695212 101.62875089959 8
"687" 78.7301039382697 101.359689791024 8
"688" 70.4704033940369 101.160256865927 8
"689" 74.4171818210188 101.020201697554 8
"690" 72.0331037633948 101.646742222197 8
"691" 73.8916542117344 102.467864699319 8
"692" 92.0676072180263 110.318816999672 8
"693" 89.5873338072217 112.484590607908 8
"694" 88.3177870588707 108.117734595104 8
"695" 92.3019156426694 110.544047179386 8
"696" 87.7258377116598 110.678472814903 8
"697" 90.5120517481595 113.423542636319 8
"698" 90.7724273804287 110.482605677107 8
"699" 90.794209425475 111.651768456969 8
"700" 85.3244674369508 114.224486798292 8
"701" 87.9670957676896 113.497850001477 8
"702" 90.8276571230187 109.278617791395 8
"703" 87.7792411687414 110.784462460031 8
"704" 85.2073658594743 110.493530400423 8
"705" 90.5320242578506 109.624288576658 8
"706" 85.6172456640292 114.920036186691 8
"707" 89.6954397821027 109.301406092785 8
"708" 86.190754432806 114.10184190818 8
"709" 79.0982883192419 108.94479659863 8
"710" 90.6648790860875 112.82599260001 8
"711" 87.6408471286898 108.345936526249 8
"712" 90.3829060769557 112.30876864337 8
"713" 91.3381728744584 108.999533922991 8
"714" 87.8098338831202 110.744400744026 8
"715" 89.2047500515374 111.271984746217 8
"716" 93.2155452742971 113.640192168238 8
"717" 89.5659524976551 113.226465915648 8
"718" 87.5618551751371 111.761790975514 8
"719" 84.5538566496737 113.584985274719 8
"720" 83.9809055689648 109.539336019469 8
"721" 89.5204480947962 112.336861430267 8
"722" 91.4018660722857 112.445335439443 8
"723" 88.0570283529147 109.119295158869 8
"724" 87.8581829206163 110.80398003889 8
"725" 84.5613422822294 110.039276244198 8
"726" 84.0332901610619 110.345927737898 8
"727" 92.3344944130261 110.506867940834 8
"728" 85.9365423185571 107.608234152007 8
"729" 87.6862282270098 107.111860818663 8
"730" 85.187102512453 111.776403344674 8
"731" 83.072324652591 110.243734206586 8
"732" 88.3896165621855 110.64885295791 8
"733" 91.0823616269467 108.783423056981 8
"734" 94.001439466863 69.6151034075112 8
"735" 110.298268690278 114.802995414011 8
"736" 93.0003728196637 112.779319432512 8
"737" 84.9222254330652 53.1325697741044 8
"738" 123.597373187513 46.1084709779557 8
"739" 81.1206565221782 113.64905988355 8
"740" 125.827108591876 54.3172640954567 8
"741" 120.626791139394 54.8103180627418 9
"742" 125.012678975272 60.5782407965238 9
"743" 121.905464407511 46.3014790223765 9
"744" 117.915103029478 53.7942295237659 9
"745" 123.404521452221 46.2862241560364 9
"746" 118.21365745932 54.490500782303 9
"747" 123.247229078922 58.862192007888 9
"748" 118.155000166104 51.6445754413748 9
"749" 124.725410354346 45.8157726301605 9
"750" 118.624302286219 56.3245566259529 9
"751" 121.984292478877 49.1024837935163 9
"752" 124.530748532802 52.0440858506962 9
"753" 121.691716812405 55.9925286257764 9
"754" 119.299758878057 50.0083966190886 9
"755" 122.035807023612 53.1963588114454 9
"756" 117.816285388975 45.5840543999009 9
"757" 123.954301908092 45.0448486611456 9
"758" 121.214898294041 43.385488076739 9
"759" 118.808405663034 53.6051338234634 9
"760" 119.468044464209 41.4671887402713 9
"761" 72.5791088476604 102.696048498452 9
"762" 81.4310032486465 101.73071662832 9
"763" 81.4935321252923 101.592186716367 9
"764" 72.4761453401834 102.319293820607 9
"765" 72.8552111431284 102.364354481516 9
"766" 72.9734901670881 101.107258793681 9
"767" 71.738998735551 102.060701682749 9
"768" 72.1061821453362 102.28082864856 9
"769" 72.1765947876564 101.508954482518 9
"770" 80.5273511673643 102.516116785121 9
"771" 70.9191843010373 101.286003613233 9
"772" 69.8630444254262 102.080404208123 9
"773" 70.9705136926223 101.107095595749 9
"774" 77.8982995882036 102.230448479864 9
"775" 85.6804988032875 107.463390828251 9
"776" 94.9128500398465 113.638990155266 9
"777" 83.8448157931367 110.762553582712 9
"778" 91.0740107697586 112.811310400702 9
"779" 92.3021177937458 111.151423581729 9
"780" 90.6198871232969 108.623741033554 9
"781" 84.9808577382576 107.508324892208 9
"782" 84.9071238563739 112.95820383599 9
"783" 84.2649579204455 111.451437632449 9
"784" 85.4550430687526 110.444024083616 9
"785" 87.8788451318747 110.397588720272 9
"786" 91.621346222797 108.950235754843 9
"787" 92.086659777364 110.520961730147 9
"788" 82.5421546171617 108.082725728637 9
"789" 92.1180374480248 109.446398950222 9
"790" 85.1126566238001 113.295836480197 9
"791" 86.2692488611579 107.709177185246 9
"792" 88.0480804945206 109.170064874705 9
"793" 88.9306475091169 111.299323412487 9
"794" 88.1956577663611 108.141440524211 9
"795" 90.469933684094 109.079547780201 9
"796" 84.31664817409 113.628568868242 9
"797" 89.6737550764862 113.124037101497 9
"798" 84.4324058050142 110.146431855921 9
"799" 88.5872695074724 109.407438924957 9
"800" 94.6482112131186 112.917844818793 9
"801" 87.8674153211782 109.267015207127 9
"802" 91.1504227093251 108.714401320585 9
"803" 75.4003799089502 99.6577537265692 9
"804" 122.2816435181 70.1569245440432 9
"805" 120.740943303549 60.7781655124446 9
"806" 123.324914065005 45.0634945621573 9
"807" 103.017334802 68.3875650886451 9
"808" 119.641931675097 63.3576989808005 9
"809" 91.7228440530516 109.334321223171 9
"810" 120.505223639335 65.2895136218647 9
"811" 117.381448632687 55.8297090856528 10
"812" 124.135371361668 51.108037201568 10
"813" 120.397274502855 60.7917876030764 10
"814" 121.989130796295 51.814686667737 10
"815" 118.138536340199 51.0274951873088 10
"816" 120.875493257706 54.2620739511044 10
"817" 122.352376489262 56.4525449599685 10
"818" 123.416134765478 47.361112724268 10
"819" 118.652661845733 51.8670896505594 10
"820" 117.963852945569 52.3783167135543 10
"821" 118.2608546996 51.5077937123404 10
"822" 121.542187817663 61.3154398372835 10
"823" 118.825479324641 51.5529308985475 10
"824" 118.034412668531 51.9990078226898 10
"825" 121.058485332331 57.7155941852076 10
"826" 124.123401464607 52.0422450211066 10
"827" 118.275105413596 54.2733351844309 10
"828" 123.899188996484 50.712282619145 10
"829" 81.4297879787453 101.586285570882 10
"830" 70.2885093898334 101.780853627362 10
"831" 78.9664640258558 101.938357278404 10
"832" 71.3496335405413 102.491188310974 10
"833" 71.2633498166988 102.251871711916 10
"834" 71.7857968130286 102.329889825606 10
"835" 71.7398287189861 102.374466496427 10
"836" 86.432640550621 115.635943751602 10
"837" 87.2445009873663 110.847125932457 10
"838" 88.6287152213772 113.037767277486 10
"839" 93.0534820795895 114.007247012286 10
"840" 83.7069413944837 110.934080919067 10
"841" 85.6781487866951 110.298967678553 10
"842" 89.4497774173868 113.415279732791 10
"843" 91.8193403613598 110.604484532826 10
"844" 88.8328480656324 111.42237261089 10
"845" 84.1749231494372 111.267729492269 10
"846" 89.183500988953 113.355459712976 10
"847" 84.1837285098094 111.963745489906 10
"848" 90.0843843637665 108.082025703035 10
"849" 88.2458886708184 108.446553786278 10
"850" 87.6902914938656 107.612403729574 10
"851" 88.713045963663 110.455882924764 10
"852" 88.9536165170398 108.711774668659 10
"853" 91.4949543632638 109.194596506347 10
"854" 89.1201962627527 111.073063378943 10
"855" 85.5970678583508 107.338202281629 10
"856" 94.8168509064171 113.095236103711 10
"857" 84.997002310086 109.679369308945 10
"858" 88.8900040607152 112.664914001829 10
"859" 91.9719931632497 109.184960082644 10
"860" 82.2063337097552 98.3706466619849 10
"861" 114.436528807972 53.486663162343 10
"862" 111.770543038508 50.6233857577282 10
"863" 87.8570842711886 112.019679998183 10
"864" 119.636622288679 65.0588485609596 10
"865" 105.820459038349 69.7929222498132 10
"866" 88.3488398440522 105.045562037766 10
"867" 87.4078276189123 107.510131593744 10
"868" 118.186363540542 51.2755237337401 11
"869" 122.566782136914 50.350875268448 11
"870" 122.083755362906 55.2832125780845 11
"871" 117.065478828399 55.4517644369735 11
"872" 117.762142086698 55.4016910894509 11
"873" 118.677616225446 54.0276786840192 11
"874" 123.177114215 60.0482246832572 11
"875" 121.101883036339 57.6044901798327 11
"876" 119.785572731436 52.0357391435461 11
"877" 82.35601639513 102.3581698106 11
"878" 75.8102604029999 101.412367045394 11
"879" 69.9902907444744 102.527192114151 11
"880" 81.1321188711692 102.40288035768 11
"881" 73.2244662995916 102.561486640661 11
"882" 94.7449550678758 110.43523978957 11
"883" 84.6002893081674 109.632930622414 11
"884" 88.5856161849355 109.950461573112 11
"885" 85.11438533734 109.800836191819 11
"886" 88.6926327240983 112.362694144661 11
"887" 86.2719338256861 111.68256491228 11
"888" 93.6583649278262 108.304689051255 11
"889" 89.9581995863369 113.069413595773 11
"890" 88.5405869805918 112.181400852564 11
"891" 83.6566754470885 111.833136877342 11
"892" 92.3920632422737 110.154353840409 11
"893" 84.8258540749284 106.865162834765 11
"894" 87.9272640360803 109.516039028412 11
"895" 89.9710892566282 107.988210498581 11
"896" 86.9598934209619 110.544397197115 11
"897" 81.6890715423182 96.5570404898843 11
"898" 110.081543888078 49.3076245759733 11
"899" 123.97491575136 47.6186620616329 12
"900" 118.289827837937 52.7172383293459 12
"901" 122.338182612532 50.9146951917837 12
"902" 122.149321111387 51.3361996646726 12
"903" 122.516456687454 53.9373288040493 12
"904" 121.203222572853 57.3775154262438 12
"905" 120.831986489036 57.7648096180132 12
"906" 123.05996030466 52.4372870728756 12
"907" 122.651799683867 49.8502718054721 12
"908" 121.781919525392 59.7963471410054 12
"909" 81.3796118669579 102.171422262158 12
"910" 73.5587367813399 102.819397816895 12
"911" 69.8311858027169 102.435076536475 12
"912" 88.4192256853882 112.566804196753 12
"913" 79.8508560828926 110.41955795571 12
"914" 83.1760958793825 111.657618374353 12
"915" 91.5576276991918 112.881289141574 12
"916" 85.1680116870958 108.967477442409 12
"917" 88.7832019709913 111.81367631652 12
"918" 87.3444239582639 109.740143276052 12
"919" 89.6606375934692 111.667028413054 12
"920" 86.9193145179461 110.109942091234 12
"921" 84.1406933186461 110.960005100666 12
"922" 87.3716773912824 109.482519660296 12
"923" 87.6710078207317 109.713806612314 12
"924" 93.017002388727 50.7405982646983 12
"925" 115.008458572879 53.0518360427742 12
"926" 114.860190873374 56.9444126923409 12
"927" 121.379759804737 91.6312934069839 12
"928" 106.033239496016 43.7218306524084 12
"929" 117.502452720324 52.4175607553252 12
"930" 98.2604473382539 79.4683024848645 12
"931" 92.5679668646882 88.0963973323493 12
"932" 122.371918943487 55.8609166500482 13
"933" 116.825083550207 53.725334072193 13
"934" 117.780299675137 49.5632419240822 13
"935" 119.167316676124 58.9572740309795 13
"936" 127.535717547229 44.9831356952304 13
"937" 120.638682164208 61.4313009356568 13
"938" 122.051216386498 59.1961314256346 13
"939" 118.361167231191 52.0551609676364 13
"940" 119.794179393209 57.1690203518391 13
"941" 122.948791550239 50.7156751828416 13
"942" 121.080399849111 49.7298489294471 13
"943" 122.627964961633 54.4594955925875 13
"944" 124.311205387105 47.8637489710181 13
"945" 82.0479341086255 101.914792088305 13
"946" 82.7209455427697 101.916759303684 13
"947" 69.9710635326254 101.69705280554 13
"948" 87.2146394934317 109.41207905796 13
"949" 89.8935411092931 113.701593662218 13
"950" 93.0227895795722 108.025237133124 13
"951" 87.3019239036749 109.897691292305 13
"952" 91.4903562553276 113.300736368614 13
"953" 88.8484979974968 112.055142129429 13
"954" 94.3344334900429 110.299997347416 13
"955" 94.4822733575247 110.501851502885 13
"956" 122.745066518466 99.504354720692 13
"957" 96.9466528673012 52.8333963955078 13
"958" 87.3233262478044 87.8468090476533 13
"959" 107.449909966373 41.5684836969246 13
"960" 88.9186965059649 47.8061923460224 13
"961" 123.455531395506 48.7370448828541 14
"962" 114.571528451117 51.9766635581912 14
"963" 121.825782238833 46.9010387044132 14
"964" 121.314217590716 48.9370133863264 14
"965" 120.883609609163 50.2996072828639 14
"966" 84.2626134268281 101.705553884352 14
"967" 96.0290030844483 110.956987958919 14
"968" 94.1628814021683 111.341285128685 14
"969" 94.1975071931332 108.222520167693 14
"970" 94.3835006862241 110.555701938653 14
"971" 96.1064920216005 74.4829341034037 14
"972" 123.529259935135 44.7253027744945 15
"973" 120.973542775367 48.7119953611984 15
"974" 122.38251380247 55.2177380822487 15
"975" 123.955128693543 49.0469628126406 15
"976" 82.8564886742541 101.503207109021 15
"977" 95.8647966058266 110.966420592282 15
"978" 88.5872812034608 106.372107111724 15
"979" 94.2232062713618 108.148422939158 15
"980" 121.55188769595 38.7359566999864 15
"981" 84.5059285691921 96.3805887426148 15
"982" 123.284907540412 48.7728377139821 15
"983" 100.852169612587 102.609899916278 15
"984" 113.8843564134 60.9149810047538 15
"985" 73.1481426897219 93.3748130355428 15
"986" 125.370497044836 102.627067406403 15
"987" 120.513825783268 43.7771724823702 16
"988" 121.46133349429 59.5279696211667 16
"989" 122.311133575711 59.2781451831647 16
"990" 122.424174862698 55.2399312455095 16
"991" 124.640730879858 49.2473001719408 16
"992" 121.859561214308 40.2953923432606 16
"993" 88.5593089249619 106.363848725851 16
"994" 95.00306957349 108.872802132162 16
"995" 104.728579651021 97.1322113896099 16
"996" 87.0178266280414 66.9512533659808 16
"997" 69.4565386897174 76.140196741995 16
"998" 89.8232713435206 47.5077601337699 16
"999" 123.347119814571 86.0742055044087 16
"1000" 86.2417347586261 61.0572949846524 16
"1001" 87.3988642089573 94.077220117147 16
"1002" 119.437313271627 50.8887989241536 17
"1003" 120.857251720557 56.6808069601895 17
"1004" 91.3919889896471 113.49344835149 17
"1005" 85.9898707679114 59.8405194337706 17
"1006" 87.6039157461791 54.0047394104104 17
"1007" 87.4939893276336 66.7592191511509 17
"1008" 81.1956016243852 64.339478125022 17
"1009" 85.027949508101 96.1929359384603 17
"1010" 120.949623284735 57.294162791338 18
"1011" 122.308629147118 60.3499422268448 18
"1012" 123.645191973782 57.4318715595582 18
"1013" 119.609470219847 39.9519314217154 18
"1014" 88.9854419294828 108.190041477134 18
"1015" 86.4213289277453 107.119837570958 18
"1016" 87.3070451927106 114.053751452459 18
"1017" 84.3021993351303 65.313666060775 18
"1018" 123.006217040994 57.9273485108732 19
"1019" 122.121058936288 45.052944050624 19
"1020" 68.8577468118042 82.3506136455087 19
"1021" 105.689821639956 91.1602450297158 19
"1022" 102.074451390291 112.605267916869 19
"1023" 123.356616245182 58.1845247817335 20
"1024" 117.970220984694 69.1415908878706 20
"1025" 103.000737774834 82.0954127713577 20
"1026" 121.556278373223 58.9504268537854 21
"1027" 87.31449490513 111.237845292875 21
"1028" 69.8473467003976 52.537771172077 21
"1029" 95.352537368625 71.7344496656957 21
"1030" 86.0091896168357 110.799088789686 22
"1031" 116.217435125955 76.8358661345836 22
"1032" 69.2147653668704 44.2886865206608 22
"1033" 71.4799296733716 101.275598141947 23
"1034" 86.4390348887457 111.24268920535 23
"1035" 89.174099910497 112.91684693814 23
"1036" 92.2638267723752 114.555943328892 23
"1037" 81.8563917346965 109.45706045049 23
"1038" 111.873380380667 81.8439928353219 23
"1039" 104.277135229539 108.925237658682 23
"1040" 121.235373496037 76.6234301131858 23
"1041" 76.83899751149 110.751674404371 23
"1042" 84.2313311571624 115.344850352883 24
"1043" 89.0316123927959 113.840692702349 24
"1044" 83.8262571564293 112.937694347257 24
"1045" 91.0050723412888 113.186920848819 24
"1046" 89.3159164318202 113.006480868683 24
"1047" 81.4500748129737 110.577540910365 24
"1048" 79.0794665747779 110.809264549104 24
"1049" 86.1351074672944 72.0950245230554 24
"1050" 106.750756184228 92.1342151461074 24
"1051" 78.2738649992134 111.292170803318 25
"1052" 87.9901557951708 114.43251542464 25
"1053" 89.8578958215781 114.246436447969 25
"1054" 89.7332133322909 114.701363614645 25
"1055" 86.183491015546 72.1553596929331 25
"1056" 97.407253187908 62.9144295310901 25
"1057" 101.049396005393 111.540626317685 25
"1058" 97.9546067192147 110.604720543085 26
"1059" 92.0089579881391 110.8134580708 27
"1060" 86.1675476160204 112.764061079873 27
"1061" 74.0526110789942 45.8615422817255 28
"1062" 90.7268534741027 109.775283385881 29
"1063" 91.9957546330628 112.55633230175 29
"1064" 99.1682473966372 107.983005799172 29
"1065" 91.0655746766785 109.943955572002 30
"1066" 72.1616802357911 49.9397426008023 31
