tiempios dijkstraMAllPairs
9.31e-05
0.0001295
0.0001673
0.0003141
0.0004333
0.0009633
0.0015308
0.0015181
0.0015331
0.0019401
0.0027189
0.0030292
0.0039484
0.004691
0.0052888
0.0066404
0.0076779
0.0085416
0.0098765
0.012518
0.0129867
0.0148237
0.0165909
0.0182821
0.0204209
0.0221508
0.02484
0.0272442
0.0307171
tiempos FloydWarshall
8.00000000001e-06
1.95e-05
5.24e-05
0.0001163
0.0002207
0.0003758
0.0005931
0.000887
0.0012251
0.0016869
0.0022861
0.0030454
0.0037144
0.0047213
0.0058064
0.0071512
0.0084917
0.0102279
0.0118626
0.0138065
0.0157773
0.0184991
0.0208555
0.0236386
0.0270825
0.030322
0.0367674
0.0378515
0.0426906
DJ/0.5 time8.40542693052e-071.09429261298e-051.48891250476e-058.4986430045e-05
DJ/0.75 time8.40542693052e-071.09429261298e-051.48891250476e-058.4986430045e-05
DJ/1.00 time8.40542693052e-071.09429261298e-051.48891250476e-058.4986430045e-05
DJ time8.40542693052e-071.09429261298e-051.48891250476e-058.4986430045e-05
Fw time=1.92850930046e-06-6.68080329555e-065.77149348041e-05-0.000106589545703