"V1" "V2" "V3" "V4" "V5"
"1" 150.649029220522 132.273718189728 2 1 5
"2" 149.142646207044 132.101024376825 2 2 8
"3" 149.6837185904 131.353352540897 2 3 7
"4" 148.510896341404 132.006475803791 2 4 7
"5" 146.910007664443 131.214261271151 2 5 6
"6" 147.981230430087 132.108106596419 2 6 7
"7" 149.625648710366 132.45942705829 2 7 6
"8" 151.796368968277 131.560777494136 2 8 6
"9" 153.526941719585 131.723691108982 2 9 7
"10" 147.685310420115 131.136595916376 2 10 7
"11" 146.824865262153 130.062423259277 2 11 10
"12" 151.528566948728 131.972057902203 2 12 5
"13" 148.179678503211 132.571514608342 2 13 7
"14" 154.347888537967 132.052654356557 2 14 9
"15" 147.062226862626 132.089750088313 2 15 8
"16" 151.492120841603 131.363318932944 2 16 8
"17" 151.880671553844 131.728682794866 2 17 7
"18" 145.201335616192 132.656384333186 2 18 4
"19" 148.288128218567 131.68811148902 2 19 8
"20" 155.221179998212 132.589957294361 2 20 11
"21" 149.49825867164 132.543181338363 2 21 7
"22" 146.551571886592 131.408495047503 2 22 6
"23" 152.14991537867 130.737779090257 2 23 6
"24" 147.886155273044 132.775120168887 2 24 8
"25" 150.035394911251 131.767327472983 2 25 7
"26" 148.56186657342 132.952268676937 0 26 0
"27" 152.635852470868 132.231814026285 2 27 9
"28" 147.058111688186 131.568953335568 2 28 8
"29" 150.371207571495 131.645890422065 2 29 6
"30" 151.345314131967 131.413878264953 2 30 6
"31" 151.914632216219 131.500453730755 2 31 7
"32" 148.193601224094 131.834624131472 2 32 8
"33" 152.149903945989 131.67008339173 2 33 6
"34" 148.362086879585 131.753031247929 2 34 7
"35" 148.742508865509 131.100822659274 2 35 6
"36" 148.588227644952 131.045022299162 2 36 7
"37" 151.68180037904 131.734120316936 2 37 7
"38" 149.730937266043 131.701018821561 2 38 7
"39" 148.958626921677 131.699759506799 2 39 8
"40" 145.51435155409 132.237083754743 2 40 12
"41" 151.517661791424 131.669589855395 2 41 5
"42" 148.315503762927 130.987913169941 2 42 7
"43" 148.612457647483 131.854116145782 2 43 8
"44" 153.054608068194 132.060415946534 2 44 7
"45" 148.158132845195 131.533878767185 2 45 8
"46" 148.473544765526 132.041564395125 2 46 6
"47" 146.49018990895 132.064104712406 2 47 7
"48" 150.867255554355 131.386271359309 2 48 6
"49" 144.836666080643 131.337423137219 0 49 0
"50" 148.64025566494 131.926216164415 2 50 8
"51" 148.330661988868 130.90780752778 2 51 6
"52" 145.628268225322 131.0535722445 2 52 8
"53" 153.17865007037 131.444030665865 2 53 7
"54" 150.313222902454 131.469447501849 2 54 6
"55" 146.318086676899 132.276026157442 2 55 6
"56" 148.877521657065 131.431977554835 2 56 7
"57" 149.167508374869 131.416125579935 2 57 7
"58" 152.390685905377 132.317942563193 2 58 8
"59" 149.354139366695 131.298359222177 2 59 6
"60" 147.318927458567 131.517817113335 2 60 8
"61" 148.034100292992 131.261263722279 2 61 9
"62" 150.301288965328 131.483048223041 2 62 6
"63" 151.784912333711 130.905365297731 2 63 9
"64" 148.37619501859 131.41178708103 2 64 8
"65" 149.285171661102 131.366767517626 2 65 7
"66" 147.606833170931 131.786458008093 2 66 7
"67" 152.386481865186 131.823173211309 2 67 8
"68" 150.925443198925 131.714133818193 2 68 6
"69" 151.500272991951 131.662312073141 2 69 6
"70" 145.338299596224 131.796994442036 2 70 7
"71" 146.680193336448 131.311664041901 2 71 6
"72" 152.626620280309 131.941721556165 2 72 8
"73" 143.863884921521 131.904162331962 2 73 12
"74" 150.087055525302 131.134305000999 2 74 6
"75" 152.080500198495 130.708433218806 2 75 5
"76" 145.692515701756 131.674912021852 2 76 5
"77" 148.476920624902 131.442476297763 2 77 7
"78" 151.314339861442 132.164773483821 2 78 5
"79" 150.815859526756 131.531197893246 2 79 7
"80" 147.288683595447 131.405235388347 2 80 9
"81" 150.047101156002 131.21118631698 2 81 5
"82" 153.095849248159 131.308974530981 2 82 5
"83" 150.455507812352 132.405500021787 2 83 5
"84" 148.619603080775 131.564362554083 2 84 8
"85" 149.207321509773 131.921548031452 2 85 7
"86" 148.479601976963 131.613563208836 2 86 8
"87" 148.962864992877 131.149295589911 2 87 6
"88" 147.819876244095 131.382901955081 2 88 6
"89" 151.311677057635 131.66264212362 2 89 5
"90" 151.072060798814 131.513012976756 2 90 8
"91" 149.906109413788 131.927043355939 2 91 7
"92" 153.631246272496 131.02355851193 2 92 7
"93" 148.72793238295 132.408744717162 0 93 0
"94" 151.592737967515 131.828729320439 2 94 6
"95" 146.838599967523 132.212063649981 2 95 7
"96" 147.96234643494 131.558058863699 2 96 6
"97" 147.565338776855 132.227571428256 2 97 6
"98" 146.030198058926 131.401383100829 2 98 6
"99" 154.00001265093 131.751914619241 0 99 0
"100" 148.294967016908 130.936906047117 2 100 7
"101" 148.014576208136 130.394417880511 2 101 10
"102" 146.447740055808 131.738029597146 2 102 11
"103" 149.864147792862 130.683758458503 2 103 9
"104" 144.582185687178 131.259801389496 2 104 14
"105" 145.143610944679 131.139089309702 2 105 6
"106" 144.587251625269 131.415811024281 2 106 7
"107" 150.463606875715 131.097768566537 0 107 0
"108" 148.319077852415 131.269363513765 2 108 8
"109" 145.54778642956 130.395193502207 2 109 8
"110" 145.733119496653 131.964087144704 2 110 7
"111" 150.67897469448 131.457103303011 2 111 7
"112" 151.275451778747 130.926327459176 2 112 7
"113" 148.17691780079 131.434644541837 2 113 7
"114" 149.223518787181 131.174139819671 2 114 5
"115" 152.839049382756 131.803070821317 2 115 9
"116" 150.290999972351 131.252029883362 2 116 6
"117" 147.71504260996 131.755554839859 2 117 7
"118" 149.02373633899 131.340677909591 2 118 6
"119" 152.070592453669 131.493685942948 2 119 6
"120" 149.471346457009 132.804144364304 2 120 5
"121" 146.735547186295 132.441097986275 2 121 9
"122" 151.665305690105 131.194471430027 0 122 0
"123" 153.73713271826 130.860821649627 2 123 7
"124" 153.463420714572 130.444847374882 2 124 9
"125" 150.305027802241 131.424029326824 2 125 6
"126" 150.556036858174 132.391539891544 2 126 6
"127" 144.399247632779 131.194129313644 2 127 12
"128" 146.177464224443 132.600938235221 0 128 0
"129" 148.026305579873 130.561028098375 0 129 0
"130" 147.922074184506 132.15206915266 2 130 6
"131" 150.65692068813 131.102517979187 2 131 9
"132" 146.95174330106 131.399271114493 2 132 6
"133" 149.573556035562 130.398630498434 2 133 11
"134" 147.855529906952 131.05916682715 2 134 8
"135" 150.286676067119 131.326288112807 2 135 7
"136" 152.668660889988 131.193675509577 2 136 7
"137" 146.029094570655 131.870524996824 2 137 6
"138" 148.673986605488 132.345546115759 0 138 0
"139" 149.081324498148 131.588908723069 2 139 7
"140" 152.358250817843 131.662038694209 2 140 7
"141" 153.938021502463 132.080284340981 2 141 8
"142" 145.025903318223 131.814087685453 2 142 6
"143" 151.057273837241 130.556667357868 2 143 7
"144" 149.626846831706 132.096428671521 2 144 11
"145" 152.319188111382 131.880632841068 2 145 7
"146" 149.980570866076 131.612587675979 2 146 6
"147" 152.0690539468 131.537401362126 2 147 5
"148" 149.434320189768 131.865088394244 2 148 7
"149" 149.710090001592 132.307373946504 2 149 12
"150" 149.288981916033 131.787852192395 2 150 7
"151" 148.017534991727 132.12241352033 2 151 7
"152" 153.533884242092 131.050551026257 2 152 6
"153" 148.380873998139 131.21619773018 2 153 9
"154" 145.198462634723 130.355764869521 2 154 12
"155" 143.851471192859 132.130457517464 2 155 11
"156" 149.85658055834 131.83905119668 2 156 7
"157" 149.158421833806 131.791319188778 2 157 6
"158" 151.478615072751 131.804420129053 2 158 6
"159" 148.222690461033 132.085211041113 2 159 9
"160" 149.186627538928 131.458310793595 2 160 6
"161" 148.270425248437 131.537637774794 2 161 7
"162" 151.355256393873 132.174272695481 2 162 6
"163" 149.339948931003 131.676117940511 2 163 8
"164" 146.577154137678 131.165029853039 2 164 7
"165" 147.359831582001 131.27084758787 2 165 7
"166" 146.892860673493 131.009054127835 2 166 7
"167" 147.223667601269 131.649691049842 2 167 9
"168" 150.762138185171 131.393213906715 2 168 7
"169" 147.966096401345 131.274147225075 2 169 8
"170" 146.647901344451 130.225491413154 0 170 0
"171" 149.764036825544 131.491769151209 2 171 6
"172" 155.088693969039 130.944867336598 0 172 0
"173" 145.300232008481 132.121607940598 2 173 7
"174" 150.883006849096 132.032156773755 2 174 5
"175" 145.526755460629 131.174618940388 2 175 7
"176" 147.018497530286 131.887301296368 2 176 9
"177" 150.062824546708 131.573891895339 2 177 6
"178" 144.323814536022 131.381527023072 2 178 9
"179" 149.647718549191 131.005390414372 2 179 8
"180" 150.626489690731 131.791974924556 2 180 6
"181" 148.45569789837 131.74971747949 2 181 7
"182" 152.503427208049 132.574064060025 2 182 8
"183" 154.577973981897 130.659546911058 0 183 0
"184" 148.509053644496 131.803055230309 2 184 7
"185" 149.487629290345 131.670956344435 2 185 8
"186" 150.863420368337 131.673197956849 2 186 7
"187" 152.713775634207 131.514125553708 2 187 6
"188" 148.128709563705 132.978160306778 0 188 0
"189" 151.982383517479 131.466137986652 2 189 6
"190" 147.567389941406 131.811363512307 2 190 7
"191" 147.971007415606 131.909633109994 2 191 7
"192" 150.299691801812 131.55038467081 2 192 5
"193" 150.164747163265 132.090034225177 2 193 6
"194" 151.357638578706 131.586738970764 2 194 6
"195" 149.915006797611 131.897803630518 2 195 6
"196" 146.750824329793 131.264472259172 2 196 5
"197" 154.255591358918 131.956624934348 2 197 8
"198" 146.025995128649 131.995633004129 2 198 5
"199" 152.151983372417 130.994491879956 2 199 7
"200" 150.551397346546 130.976765847284 0 200 0
"201" 146.779515825981 132.283529373431 2 201 8
"202" 149.486489989924 131.836852403251 2 202 8
"203" 151.105657615991 132.027511287656 2 203 4
"204" 146.301489771526 131.383746803138 2 204 10
"205" 149.40020597056 132.159207866973 2 205 6
"206" 142.878106567989 131.716102596304 0 206 0
"207" 148.762422026792 131.640562065481 2 207 9
"208" 149.928326339545 131.862137153729 2 208 7
"209" 151.913903566563 131.660243637452 2 209 7
"210" 149.475867359108 131.599418273713 2 210 9
"211" 151.031005237531 131.331890222464 2 211 5
"212" 154.414492242453 131.335693382194 0 212 0
"213" 148.973527449064 132.012928710873 2 213 8
"214" 149.307936049642 130.933388553011 2 214 7
"215" 147.748485053766 131.615315684196 2 215 6
"216" 148.214964178036 131.026907267604 2 216 7
"217" 147.884645839563 132.264126657388 2 217 6
"218" 102.55072842924 106.741117897272 0 218 0
"219" 103.149735028845 106.849134209595 2 219 3
"220" 105.876653853382 120.241761959236 2 220 11
"221" 104.196509831609 117.146934828105 2 221 7
"222" 104.3981814258 112.178750948409 2 222 2
"223" 108.426572114052 116.104437925059 2 223 7
"224" 107.068918097764 116.660354304188 0 224 0
"225" 108.502128282869 114.683389184583 2 225 5
"226" 105.234566664862 115.150917312003 2 226 9
"227" 106.105853307456 117.863058838627 2 227 3
"228" 104.029795138564 111.144772078716 2 228 3
"229" 111.004151933197 110.555595020364 0 229 0
"230" 107.387302296468 112.914606304358 2 230 3
"231" 106.458562293804 120.89120245692 0 231 0
"232" 109.857234267774 114.887258783227 0 232 0
"233" 106.280833997516 115.824589977609 2 233 5
"234" 108.011363467101 112.011138861516 0 234 0
"235" 108.44983306561 112.371960125469 0 235 0
"236" 105.286278726088 118.854302404217 0 236 0
"237" 99.0549076811821 112.284426363604 2 237 11
"238" 100.105469809121 111.599004430682 2 238 4
"239" 102.011984975966 117.383582481642 2 239 1
"240" 111.757834032251 120.665963965311 0 240 0
"241" 103.540801556107 122.751112039859 2 241 6
"242" 104.387809057622 118.62136820504 2 242 4
"243" 98.9242023628888 103.04631185603 2 243 9
"244" 105.328895052491 112.812998805202 2 244 9
"245" 101.007130442278 111.961952941689 2 245 4
"246" 103.866618582619 117.240358748306 2 246 4
"247" 104.594358319721 123.758556577475 0 247 0
"248" 105.083629902804 114.558596807295 2 248 7
"249" 99.5860065552684 108.360667612088 2 249 3
"250" 106.60347691762 110.115735571108 2 250 6
"251" 108.706276328672 114.376082886163 2 251 6
"252" 108.064300510885 113.983098401771 2 252 5
"253" 110.559395361709 110.540067357432 0 253 0
"254" 107.491298277636 113.850292451499 2 254 4
"255" 107.328614780819 113.172716576239 2 255 3
"256" 102.24516578101 111.053864387385 2 256 9
"257" 98.6769482320148 113.015381513352 0 257 0
"258" 107.726507070784 109.316300881023 0 258 0
"259" 107.324831482779 115.497708446633 2 259 9
"260" 103.198442710475 120.422338357578 2 260 3
"261" 103.520651154694 114.324786093057 2 261 2
"262" 103.645056768475 116.739363860803 2 262 2
"263" 105.344446577335 115.398809506047 2 263 9
"264" 103.386559518645 115.16243811449 2 264 4
"265" 107.333002751708 118.946023028844 2 265 5
"266" 104.418359053306 113.377191994509 2 266 4
"267" 108.199335162113 106.795837352328 2 267 7
"268" 100.21868460547 110.778935187912 2 268 11
"269" 104.236586091367 121.763408274183 2 269 21
"270" 105.625799765308 115.424368170657 2 270 5
"271" 105.212250718171 112.276786441665 2 271 4
"272" 107.831051389848 109.826107337896 0 272 0
"273" 101.792390121705 109.272348973264 2 273 6
"274" 102.946236489321 116.095982231284 2 274 15
"275" 105.690208641133 106.552947144389 2 275 2
"276" 102.215095088668 117.045634798948 2 276 5
"277" 110.311340737854 117.281571858049 0 277 0
"278" 106.30558428537 114.492756821559 2 278 5
"279" 105.922351407121 118.142371573724 2 279 4
"280" 103.806240178913 113.387148002542 2 280 6
"281" 102.372435919451 115.471368899992 2 281 1
"282" 103.048677663318 112.728589042871 2 282 3
"283" 105.62796464416 114.77286954362 2 283 4
"284" 107.143772580434 122.254749664958 2 284 17
"285" 98.9755403056643 119.493060230375 2 285 7
"286" 104.405570328994 115.721831528868 2 286 4
"287" 106.996252664378 114.398631826121 2 287 4
"288" 106.277011544082 120.565609837956 0 288 0
"289" 99.8374911692839 112.593983698706 2 289 12
"290" 106.793209533466 115.658668112368 2 290 12
"291" 104.013999967137 122.336655536151 2 291 7
"292" 105.828198074809 118.780582726027 2 292 6
"293" 102.631032040683 117.659294681867 2 293 7
"294" 104.386669309988 114.81733666246 2 294 5
"295" 99.2808610910044 118.813967377915 2 295 4
"296" 108.419000290006 116.607130719394 0 296 0
"297" 103.319452336364 117.228874752558 2 297 5
"298" 104.006183645521 111.804868896892 2 298 4
"299" 106.487346142868 112.56090858379 2 299 6
"300" 101.175746192006 107.475901661979 2 300 3
"301" 99.8861681119928 121.320560322458 2 301 7
"302" 103.503538939238 111.633007773056 2 302 6
"303" 102.994633212457 117.815527729267 2 303 9
"304" 106.064530736985 117.430639655415 2 304 4
"305" 109.018348651309 118.809628478208 2 305 21
"306" 107.312406365481 112.127285691025 2 306 2
"307" 102.213207694001 115.050411177783 2 307 1
"308" 105.828750978891 110.849515159438 2 308 11
"309" 105.184841110814 113.641909060072 2 309 5
"310" 103.542725698305 115.450757941224 2 310 6
"311" 103.874042221191 113.933392371671 2 311 6
"312" 102.468648759892 111.813547107579 2 312 20
"313" 104.87220633308 115.28418811731 2 313 4
"314" 103.315139418749 116.768004369747 2 314 2
"315" 103.035715995543 112.080791020323 2 315 4
"316" 103.206202619696 115.022738636142 2 316 2
"317" 102.861981898701 111.735727503053 0 317 0
"318" 101.093930870509 107.671008845747 2 318 4
"319" 104.273934459153 111.918772847963 2 319 3
"320" 106.152778642576 108.274394159707 0 320 0
"321" 106.909319549661 118.102211775366 2 321 6
"322" 103.206784014693 117.290751772265 2 322 6
"323" 104.695750842682 116.108943579952 2 323 2
"324" 101.866830099802 117.628886347191 2 324 1
"325" 105.137857272352 123.10329946279 2 325 6
"326" 108.492570343842 117.508848124719 2 326 9
"327" 103.476011420629 115.699878235392 2 327 5
"328" 100.743870840871 109.60384250757 2 328 6
"329" 106.061408447732 116.190983166554 2 329 6
"330" 105.127015738155 115.26836908599 2 330 5
"331" 107.356572348618 115.336021691229 2 331 10
"332" 100.947084114139 114.188225969588 2 332 8
"333" 103.916799903292 110.972077754987 2 333 5
"334" 105.894116873722 111.449673979385 2 334 11
"335" 98.6715419346203 112.487777469294 2 335 10
"336" 103.858953844672 122.598166811638 2 336 2
"337" 104.666152543662 108.655184155556 2 337 1
"338" 103.982498600259 115.512171114086 2 338 5
"339" 103.366987606635 114.691499209749 2 339 9
"340" 106.823457624989 114.501719961434 2 340 3
"341" 99.1206252439828 105.619510535545 2 341 21
"342" 103.006803461778 113.368787518544 2 342 2
"343" 104.603411389403 115.174657383896 2 343 4
"344" 106.875613764167 117.075939247668 2 344 7
"345" 102.924909487148 109.814426555062 2 345 4
"346" 105.791924562836 111.285993339685 2 346 12
"347" 103.830588321242 118.224253629587 2 347 5
"348" 109.108028566963 116.906977030344 2 348 22
"349" 104.785136282596 110.940451043606 2 349 7
"350" 101.917763007904 116.81483017331 2 350 4
"351" 108.171994378357 109.394942832606 2 351 11
"352" 99.5950709650862 116.789503742571 0 352 0
"353" 102.994420877556 109.336554589421 2 353 22
"354" 106.804529945346 113.496384970403 2 354 5
"355" 106.025235818374 116.220837419716 2 355 7
"356" 107.238434238593 113.103595390267 2 356 4
"357" 105.8474490108 114.69809251001 2 357 5
"358" 101.355727115392 111.385250109019 2 358 5
"359" 104.219426128216 117.33311917329 2 359 7
"360" 102.784286655997 106.663682779013 0 360 0
"361" 107.913410369085 120.591461980607 0 361 0
"362" 105.688549088181 111.738703800279 2 362 7
"363" 106.551279088405 112.891580815067 2 363 5
"364" 106.192922690921 114.598241780573 2 364 13
"365" 103.592607166216 112.40592908742 2 365 5
"366" 107.68475633697 115.277694991482 2 366 3
"367" 105.835000227867 118.1322221194 2 367 5
"368" 105.271560512718 116.727009535965 2 368 10
"369" 104.952504600458 114.705074445287 2 369 4
"370" 102.53598200425 114.054137406532 2 370 6
"371" 103.687088521574 120.730672216831 2 371 4
"372" 102.212197276931 115.618074514113 2 372 1
"373" 101.219053548038 117.336417135537 2 373 5
"374" 101.971687687494 112.418779365078 2 374 5
"375" 107.361863350267 113.317703565792 2 375 3
"376" 103.406914681134 110.158765551725 2 376 5
"377" 105.662781250732 112.192055713028 2 377 4
"378" 103.655617774388 119.851755058179 2 378 6
"379" 107.177196979821 112.702682973771 2 379 14
"380" 105.825035810054 109.170571322401 2 380 2
"381" 107.708400020354 112.273290928885 2 381 3
"382" 104.988729329606 110.57607032268 2 382 8
"383" 104.82372518802 107.201573576242 0 383 0
"384" 104.828550224086 122.341854694882 2 384 8
"385" 102.521294547688 116.767064789512 2 385 2
"386" 105.863299072071 111.164394029806 2 386 11
"387" 104.073160069846 107.984320778368 0 387 0
"388" 104.271183125228 116.764202658321 2 388 4
"389" 105.999003268415 110.088388116829 2 389 5
"390" 109.704427746257 115.325119396311 2 390 4
"391" 107.117965493659 116.206758840687 2 391 11
"392" 107.960905618972 113.987444667575 2 392 6
"393" 104.241461015277 115.18551813414 2 393 5
"394" 106.492105988491 120.840174018434 0 394 0
"395" 105.64424124234 114.880306572712 2 395 3
"396" 104.765971511029 120.436414752989 2 396 5
"397" 101.794128883756 113.420473931014 2 397 12
"398" 107.635303518667 117.153793429152 2 398 8
"399" 98.718172208551 119.855096943268 2 399 6
"400" 106.668975690371 120.115341501478 0 400 0
"401" 103.584932586799 107.829113266247 0 401 0
"402" 103.837360843411 117.693288457225 2 402 4
"403" 103.543385510995 112.630644994515 2 403 3
"404" 99.4457230976572 117.563572129365 0 404 0
"405" 102.927421224778 115.726070373131 2 405 5
"406" 109.301440749863 110.488430880643 2 406 9
"407" 104.746101118559 114.819529718746 2 407 5
"408" 104.205789593712 114.286910471254 2 408 3
"409" 103.84433815042 119.312992135011 2 409 9
"410" 106.01220981296 114.530959500659 2 410 3
"411" 103.135355086369 117.08693691869 2 411 7
"412" 104.224209293524 117.05588628819 2 412 8
"413" 110.696195550022 117.836989804721 0 413 0
"414" 105.198861482123 113.624060012477 2 414 4
"415" 108.414630746957 115.544088483296 2 415 12
"416" 106.140312390201 117.669051372699 2 416 4
"417" 109.333437562566 113.014252790302 0 417 0
"418" 101.927015758145 108.689761083272 2 418 12
"419" 102.769036264253 116.776256957881 2 419 4
"420" 106.010888409092 110.378752589581 2 420 9
"421" 104.202443669533 106.975891397517 2 421 8
"422" 103.974518284948 114.64973191872 2 422 3
"423" 100.712889850295 120.193822757341 2 423 3
"424" 100.949017735207 119.069095365427 2 424 6
"425" 105.300722939156 115.514164876515 2 425 8
"426" 104.614803434828 113.899829203077 0 426 0
"427" 101.032925097176 117.919265210035 2 427 10
"428" 106.552414504669 110.943000697916 2 428 3
"429" 101.869553474931 111.836063307672 2 429 4
"430" 105.68188190558 118.772938503641 2 430 5
"431" 103.168469116879 115.839772680648 2 431 14
"432" 107.254969884261 114.283697984777 2 432 3
"433" 106.787847649941 112.952220867568 2 433 5
"434" 98.8059385195904 117.709500560972 0 434 0
"435" 105.002227244 119.671442659817 2 435 11
"436" 104.287193687729 114.821196186791 2 436 4
"437" 104.113159098555 118.580442973295 2 437 2
"438" 102.13669361636 111.18683143283 2 438 7
"439" 97.1479580107727 114.158917546519 2 439 22
"440" 102.14281169809 119.2176575562 2 440 9
"441" 102.672015147769 110.5939582443 2 441 8
"442" 101.117690348148 116.039840494492 2 442 4
"443" 104.969387640757 120.410751304556 2 443 4
"444" 108.668823693339 109.512520347868 0 444 0
"445" 106.401700820376 117.319412884887 2 445 5
"446" 102.684298299825 109.550079835625 2 446 1
"447" 106.889331861259 108.537193481358 2 447 10
"448" 106.129546114392 118.152409958849 2 448 4
"449" 97.2915284998534 115.858736079132 0 449 0
"450" 104.836620051885 115.785434088583 2 450 3
"451" 104.789545380859 116.607577500345 2 451 9
"452" 105.663120370344 108.203440536571 2 452 1
"453" 104.057915102401 116.774334933648 2 453 5
"454" 102.696525961849 113.986550094969 2 454 5
"455" 104.322754409998 109.545370990996 2 455 8
"456" 102.344618395012 112.66468340757 2 456 19
"457" 108.053718631022 111.685604718699 2 457 16
"458" 102.375986663782 117.134552965899 2 458 4
"459" 106.752282142251 112.362589280585 2 459 4
"460" 100.203098169053 121.221014825033 2 460 6
"461" 101.393365338698 114.974683240142 2 461 2
"462" 106.968125564093 104.410826446288 2 462 3
"463" 103.868288844318 118.772748079005 2 463 2
"464" 103.470910100126 111.858279105522 2 464 2
"465" 106.234050972599 112.282479269572 2 465 10
"466" 104.008648822696 112.892116959469 2 466 7
"467" 105.77469095631 109.626947967352 2 467 6
"468" 97.714566325086 125.650750101941 0 468 0
"469" 104.305456631599 117.322961771136 2 469 6
"470" 110.648404161606 119.734687416638 2 470 23
"471" 105.355433304718 111.517956279383 2 471 7
"472" 104.702068315355 117.329074489778 2 472 3
"473" 106.91185662146 110.939529424974 2 473 6
"474" 104.863495138514 122.371473208009 2 474 9
"475" 109.336694352902 115.788080001048 2 475 22
"476" 106.153549802807 117.724114743669 2 476 4
"477" 100.357242124498 119.726248590982 2 477 3
"478" 104.118398552337 111.16495035445 2 478 4
"479" 106.457487219723 120.388226540808 0 479 0
"480" 100.398279731962 114.311588120406 2 480 6
"481" 106.127336000877 110.11857597605 2 481 4
"482" 105.072639873851 112.864213361477 2 482 11
"483" 103.22295542121 112.397028078913 2 483 4
"484" 103.547098561955 111.940290071929 2 484 3
"485" 102.993093614672 117.833356980537 2 485 10
"486" 103.610287633005 109.168542110885 2 486 2
"487" 101.994512123542 122.016115446629 0 487 0
"488" 102.874903829442 109.022057840112 2 488 2
"489" 103.812536209898 120.264717208022 2 489 7
"490" 105.636980442914 112.474971809636 2 490 3
"491" 106.079403052923 119.172882894989 2 491 7
"492" 106.957766324692 115.635010853236 2 492 13
"493" 108.560913930947 117.592661711379 2 493 8
"494" 104.74924120112 118.052450202975 2 494 6
"495" 106.416600229645 117.442252223511 2 495 5
"496" 107.138884060857 117.780018007282 2 496 6
"497" 104.819457196491 118.618637723009 2 497 2
"498" 108.190244221904 121.701161541799 0 498 0
"499" 108.134656759076 117.515538350342 2 499 2
"500" 102.644458624786 121.408550945841 2 500 5
"501" 102.451846085312 117.601849849351 0 501 0
"502" 104.59837207536 112.097298631515 2 502 3
"503" 101.717706176393 113.106182856543 2 503 5
"504" 102.036441311574 105.913613019884 2 504 13
"505" 106.571881592926 109.837102217633 2 505 13
"506" 103.144530843988 109.708498788516 2 506 2
"507" 102.698998525589 116.425902102703 2 507 6
"508" 103.172259079757 112.140797215076 2 508 4
"509" 108.034728318632 119.083095046371 2 509 6
"510" 106.228186899686 123.394052175015 2 510 8
"511" 106.258146505897 109.143663880487 0 511 0
"512" 105.06788471629 118.662565718854 2 512 4
"513" 100.965406313161 119.648815182565 2 513 3
"514" 103.056085789424 117.655036913953 2 514 7
"515" 102.005220673008 112.126451467785 2 515 12
"516" 106.485072842541 113.698152018446 2 516 7
"517" 105.787015193635 113.08229985253 2 517 4
"518" 110.865203987405 117.482134605797 0 518 0
"519" 101.964273402969 103.580228382107 0 519 0
"520" 100.736619963906 120.125310144753 2 520 4
"521" 103.209994278047 110.24791909619 2 521 2
"522" 102.150553093726 114.743118217752 2 522 2
"523" 101.791374726415 117.152993467453 2 523 3
"524" 103.679408638587 113.376486646511 2 524 4
"525" 108.461710366142 111.48697349103 0 525 0
"526" 104.855682431692 114.624987179777 2 526 5
"527" 105.595940479834 108.750392087423 2 527 24
"528" 105.193568011701 112.080494628274 2 528 5
"529" 103.189865418927 125.316133726939 0 529 0
"530" 99.0552472865741 115.485113834694 2 530 5
"531" 102.295590714778 118.523164065382 2 531 6
"532" 101.555633202258 114.207632301159 2 532 9
"533" 103.991621772554 111.44313789618 0 533 0
"534" 104.355693732236 110.448889284716 2 534 6
"535" 105.39916619023 116.167687650916 2 535 6
"536" 103.430905617839 117.358065447202 2 536 6
"537" 105.114585501161 116.955067489715 2 537 8
"538" 102.330957783448 114.553340250169 2 538 2
"539" 103.598322312279 120.449361649241 2 539 2
"540" 103.471158336614 118.774929289265 2 540 4
"541" 108.139429747483 115.280596378394 2 541 11
"542" 106.769267383254 116.227539817743 2 542 14
"543" 105.589432998339 115.337690060337 2 543 5
"544" 106.506136893263 113.103353926124 2 544 4
"545" 102.289558739534 120.345748024491 2 545 10
"546" 105.921649664704 110.388432246724 2 546 10
"547" 102.834855801787 114.477422602805 2 547 2
"548" 103.979287493615 105.346945036409 2 548 20
"549" 108.062807421037 112.123636679424 2 549 4
"550" 104.287286523769 116.468914950702 2 550 5
"551" 103.687153745942 110.478562732189 2 551 8
"552" 104.507918489166 120.050809795616 2 552 2
"553" 101.8617102188 113.636472209531 2 553 11
"554" 109.814881830571 118.906942004859 2 554 7
"555" 106.641041964707 113.052765546135 2 555 5
"556" 106.32017288894 116.849253362623 2 556 6
"557" 110.397187485587 109.525813224207 2 557 8
"558" 102.10719005841 116.623022166792 2 558 15
"559" 106.168843392927 116.689959308207 2 559 13
"560" 101.659478081698 112.436786819434 2 560 7
"561" 107.05515622765 116.265950976542 2 561 10
"562" 103.441656568015 119.52320704223 2 562 7
"563" 103.698681698556 115.558470163253 2 563 5
"564" 104.803565431259 114.585248456334 2 564 6
"565" 104.698959151273 112.544904280471 2 565 18
"566" 107.203350875168 112.084310057606 2 566 3
"567" 108.140599681925 107.440115219222 0 567 0
"568" 104.308420116891 120.152636762405 2 568 6
"569" 105.102023489781 115.35556398252 2 569 5
"570" 108.641133682643 119.827272708695 0 570 0
"571" 100.137122930791 116.401774158737 2 571 3
"572" 100.685357443313 119.579915042111 2 572 4
"573" 106.934466579471 118.961140995398 2 573 6
"574" 104.734365219984 118.214290031233 2 574 4
"575" 103.510588241126 114.178484444397 2 575 1
"576" 101.573587603716 114.728739670464 2 576 4
"577" 100.767303018389 112.253384180673 2 577 2
"578" 108.804679559981 113.972627220345 2 578 9
"579" 108.164417408955 114.438743747538 2 579 6
"580" 106.86233678515 107.466454644942 2 580 11
"581" 103.287274808327 119.460435974678 2 581 8
"582" 103.203724071406 104.53655099804 2 582 18
"583" 102.947275794671 114.083143255986 2 583 7
"584" 103.977836220629 116.270860977309 2 584 5
"585" 108.865284359839 115.052376040754 0 585 0
"586" 103.858894753466 116.227936841997 2 586 4
"587" 102.061930045901 110.05042168157 2 587 11
"588" 105.773836123261 119.340653630805 2 588 6
"589" 102.066312285463 113.772118800008 2 589 20
"590" 106.424878427843 118.377492849162 2 590 5
"591" 107.92929391241 116.775738263053 2 591 9
"592" 106.804355210244 114.399966421194 2 592 2
"593" 102.580398141642 110.237340820349 2 593 9
"594" 101.312649762791 121.287909982882 2 594 8
"595" 102.949413981075 109.654582396056 2 595 3
"596" 100.691257256357 114.328919268362 2 596 5
"597" 101.875807744674 116.469968964893 2 597 4
"598" 106.862633248366 112.246004844309 2 598 5
"599" 102.966676625595 122.729126748391 0 599 0
"600" 103.442204818483 108.080572665766 2 600 2
"601" 100.299325945534 119.573265668783 2 601 2
"602" 101.768905047386 108.021427319833 2 602 3
"603" 101.81065728353 116.813366915579 2 603 4
"604" 106.618272076529 109.127721582159 2 604 3
"605" 102.10943771156 115.254825675282 0 605 0
"606" 105.03999432069 117.907379148653 2 606 5
"607" 104.640412767167 110.27538279422 2 607 9
"608" 107.022502264043 120.747258697929 2 608 16
"609" 104.048480625576 109.975596019797 2 609 14
"610" 104.354053816193 111.769872495196 2 610 3
"611" 103.616830303762 111.620575392584 2 611 5
"612" 104.696948253949 110.927863294443 2 612 6
"613" 108.257000490907 110.151190726102 2 613 17
"614" 106.706561025541 115.099046998034 2 614 8
"615" 104.265365088094 116.681873670071 2 615 5
"616" 104.986582930971 111.83998536402 2 616 8
"617" 100.597767187004 114.679982577194 2 617 8
"618" 103.540503707375 116.717306237582 2 618 3
"619" 103.144315969451 116.922986517034 2 619 1
"620" 102.253400203467 119.855559168617 2 620 10
"621" 101.622284553936 113.26707124806 2 621 6
"622" 103.768826006735 107.757680955985 2 622 3
"623" 106.58444429028 111.20230052926 2 623 4
"624" 101.383637961422 115.289323643768 2 624 3
"625" 102.211636488647 118.048842952415 2 625 3
"626" 105.83048276779 115.62351469938 2 626 4
"627" 106.181270883403 115.265556436461 2 627 14
"628" 104.741109109394 116.105712501407 2 628 3
"629" 103.688294487672 114.32325684435 2 629 4
"630" 107.180402333579 111.608841829624 2 630 17
"631" 106.421039952451 121.379127119877 0 631 0
"632" 99.5156405725247 111.219407192549 2 632 8
"633" 98.5917145027263 110.929146605856 2 633 7
"634" 102.385037259873 108.843096647606 2 634 13
"635" 102.19694066639 118.833812475084 2 635 7
"636" 102.458340797327 117.132012276378 2 636 5
"637" 106.965261397857 114.287385716493 2 637 4
"638" 104.598510271103 118.841341466135 2 638 1
"639" 107.486858320416 113.063757740046 2 639 2
"640" 102.920615857716 110.276535806211 2 640 4
"641" 102.925853961938 120.794390873213 2 641 1
"642" 107.258067889433 114.216722071871 2 642 4
"643" 103.701393840284 111.972629424845 2 643 3
"644" 103.905818652843 113.548062348476 2 644 7
"645" 105.592816650388 119.860565507772 0 645 0
"646" 106.505757916676 117.831068833532 2 646 4
"647" 105.750794195139 113.990658924845 2 647 4
"648" 107.709860293121 108.134020019567 0 648 0
"649" 101.815866017227 117.284030162768 2 649 2
"650" 104.189913040171 116.849382611982 2 650 5
"651" 106.948552269475 114.779439930651 2 651 5
"652" 102.062636914923 114.787267964926 2 652 3
"653" 104.663062776559 125.291858301169 0 653 0
"654" 106.330296677129 107.413503526347 0 654 0
"655" 103.890708281557 106.878637021355 2 655 2
"656" 108.722834631458 116.356852969617 2 656 1
"657" 103.171758032708 116.536967094364 2 657 4
"658" 102.200199550061 115.502823033203 2 658 0
"659" 105.716348063608 116.259667599703 2 659 5
"660" 108.050131436104 118.824179755707 2 660 3
"661" 106.031793773515 123.790973995195 2 661 20
"662" 100.659205596188 108.151508311121 2 662 2
"663" 102.439717198597 116.640583854145 2 663 3
"664" 107.557648952646 113.280497142929 2 664 4
"665" 104.204333570567 118.098331926143 0 665 0
"666" 103.2190379796 115.237635340825 2 666 1
"667" 103.902122188488 115.340801064963 2 667 4
"668" 106.533795957617 118.550424321194 2 668 6
"669" 104.037516699711 112.319862327236 2 669 4
"670" 102.621860756183 105.638206101987 0 670 0
"671" 105.009081503525 113.414494648816 2 671 2
"672" 104.978622602552 118.673852240754 2 672 3
"673" 101.41676474576 113.364160329828 2 673 4
"674" 105.697295988958 112.49601311011 2 674 4
"675" 102.801712692418 121.881671893059 2 675 7
"676" 103.46669412469 112.424111910904 2 676 3
"677" 109.482816132622 110.503769160464 2 677 10
"678" 103.840501721603 110.840083380304 2 678 6
"679" 105.452243503355 116.827121394481 2 679 14
"680" 108.023927930006 113.221186308421 2 680 8
"681" 102.210782883545 118.433037482476 2 681 5
"682" 104.634132132974 113.510260737255 2 682 3
"683" 106.411269750112 114.288509419994 2 683 5
"684" 103.31324472306 123.891649655173 0 684 0
"685" 17.6743106574165 44.8969155639461 2 685 17
"686" 19.7461594139584 37.0471194014808 2 686 17
"687" 19.202792286274 36.9911321187543 2 687 20
"688" 18.9938890880204 38.5570757418409 2 688 17
"689" 18.4965895389648 41.1904157412941 2 689 17
"690" 18.1970859033324 48.269076707105 2 690 17
"691" 17.4855212261069 35.6459188610891 2 691 18
"692" 19.1100340375524 42.8017774677722 2 692 20
"693" 17.7332498387635 42.57593928512 2 693 17
"694" 18.005045210813 43.932017819042 2 694 14
"695" 18.2595476928653 41.7572070287424 2 695 16
"696" 17.2299221282485 43.0924146304777 2 696 15
"697" 16.6796328424431 45.8890833072338 2 697 27
"698" 18.1630859231387 44.1745033647756 2 698 15
"699" 20.0455580155907 48.5193107813816 2 699 17
"700" 19.4431286769318 47.5206585155222 2 700 17
"701" 18.9580277826364 41.0718904902113 2 701 18
"702" 17.6865198776417 44.8308222080899 2 702 16
"703" 19.2826787100984 36.0015709619336 2 703 19
"704" 17.022080235592 45.0591812344871 2 704 17
"705" 18.3051349915574 41.076746558677 2 705 17
"706" 19.5927560803182 46.7847814683748 0 706 0
"707" 18.850039358291 40.196415380527 2 707 18
"708" 17.3541959162632 46.4417213972781 2 708 21
"709" 19.1292434186745 45.2781413597785 2 709 20
"710" 16.714934506852 50.9007007718414 0 710 0
"711" 19.1830766637945 47.6389247764042 2 711 18
"712" 19.0059710457177 42.9609677294973 2 712 15
"713" 18.5288585538475 41.0495643753287 2 713 17
"714" 16.7166678874598 39.1336206439618 0 714 0
"715" 19.6293413025127 43.0551968207333 2 715 17
"716" 18.9483717985722 39.9856309425334 2 716 18
"717" 18.3947267218048 42.9602533074597 2 717 18
"718" 17.7017127459355 43.5248018190423 2 718 15
"719" 17.9138289110086 35.3560094235247 2 719 24
"720" 19.7709133122093 42.2040431016218 2 720 15
"721" 17.5208316103128 41.8304312752968 2 721 17
"722" 17.8057199543682 39.7084543712142 2 722 18
"723" 19.0023043982427 33.4905494953539 2 723 23
"724" 18.1256168004727 43.2763965375916 2 724 14
"725" 18.3134885099049 42.2128479747555 2 725 15
"726" 18.8063775220355 39.6868405580205 2 726 19
"727" 18.8309381032891 42.1410574818082 2 727 17
"728" 19.2461190772383 42.2506919952524 0 728 0
"729" 17.5684511910832 44.0068706629356 2 729 16
"730" 16.2293340332998 42.2267872565532 2 730 14
"731" 17.8161737172931 53.701932198274 0 731 0
"732" 17.129572552366 45.876646794694 2 732 17
"733" 18.5109420870702 46.4119404789886 2 733 16
"734" 18.8547435148414 40.3593699680267 2 734 20
"735" 18.6480931755801 43.4021270824061 2 735 19
"736" 17.821461559259 46.9407071258713 2 736 18
"737" 19.0748334186609 39.8903592834705 2 737 18
"738" 18.4567099442473 32.4718549918869 0 738 0
"739" 19.1536480595151 44.2656840208864 2 739 14
"740" 16.9500497307952 44.1216427019329 2 740 18
"741" 18.1637431093041 43.622379718716 2 741 14
"742" 18.4966574800054 40.835582018831 2 742 17
"743" 19.3373032937917 46.305589207292 2 743 18
"744" 18.4361974844486 40.2877919750304 2 744 18
"745" 19.6951624418892 43.2690354927865 2 745 16
"746" 16.9973921653528 39.5409648536238 2 746 22
"747" 21.139571348085 43.145732975988 0 747 0
"748" 18.624855395034 40.4659142922405 2 748 19
"749" 17.6175172813905 40.7340824400246 2 749 15
"750" 18.1093399443852 39.9895898688206 2 750 17
"751" 17.810152565476 46.9155577628363 2 751 19
"752" 19.0561693892052 42.2171945431979 2 752 18
"753" 19.6368922059449 46.5151056671334 2 753 15
"754" 17.0960079278898 43.6182966476422 2 754 21
"755" 17.6456640244073 37.1093832884453 0 755 0
"756" 16.952805359523 35.7693985293318 0 756 0
"757" 18.987404489462 43.0894223170575 2 757 14
"758" 18.2519522471109 39.7796741664617 2 758 18
"759" 18.2699905805674 47.1122696238579 2 759 18
"760" 19.6430553349898 43.3013968754854 2 760 17
"761" 18.6636056470379 40.388480286271 2 761 19
"762" 19.3641390210176 45.4967240995284 2 762 16
"763" 18.8034540913576 42.981544797511 2 763 15
"764" 17.0207285498826 47.6082470376753 2 764 18
"765" 19.868718034971 45.6079083446519 2 765 15
"766" 19.3383203529956 45.6956511256068 2 766 15
"767" 17.2893236007057 45.1764706769742 2 767 15
"768" 18.3402296151028 41.3230313271676 2 768 18
"769" 18.1191836601798 42.0270588617709 2 769 15
"770" 20.2661096930419 40.581319147306 2 770 18
"771" 17.614616436468 42.8313008351674 2 771 16
"772" 16.5510525587668 48.6846528340386 2 772 16
"773" 18.4300675667235 44.5785904732759 2 773 15
"774" 19.2009953404654 44.0712681190715 2 774 16
"775" 19.4479579589708 40.2343331249208 2 775 15
"776" 19.358405574617 45.6547984086953 2 776 16
"777" 19.1561764772943 44.4133757517183 2 777 15
"778" 20.1950197367926 46.625293843105 2 778 20
"779" 18.7510075645884 50.8261106756694 2 779 16
"780" 18.9645655367517 38.0644830933535 2 780 26
"781" 16.6139070068257 43.0221167944205 0 781 0
"782" 18.4174487108965 37.7145095337859 2 782 22
"783" 20.2594061462496 48.6793582097967 2 783 17
"784" 17.6606658461488 45.5925655944473 2 784 18
"785" 18.9265977609756 42.8802095844849 2 785 16
"786" 18.3419828624665 33.1168245176918 0 786 0
"787" 19.76196716582 47.7103653794309 2 787 17
"788" 18.8743409919173 35.0707223854456 2 788 19
"789" 18.5679503290112 42.6943590559849 2 789 15
"790" 19.5901019582011 39.1791545635466 2 790 16
"791" 20.1393586559113 41.730064375774 2 791 18
"792" 18.6154060135044 40.42265419477 2 792 18
"793" 18.0720124861637 38.8202059396896 2 793 17
"794" 19.6319308590036 50.9111788171542 2 794 27
"795" 18.0510140339025 43.4416720249711 2 795 16
"796" 18.9668646516635 52.3182714797558 0 796 0
"797" 18.501420166967 39.601902220715 2 797 18
"798" 20.5416446615492 41.4089064919071 2 798 20
"799" 18.4980742686488 39.9466816348313 2 799 16
"800" 18.8919282104096 41.9898905161276 2 800 18
"801" 17.7742055895398 48.1017820943706 0 801 0
"802" 18.4030247494994 40.8329337953263 2 802 18
"803" 20.253677457628 38.0969617676584 0 803 0
"804" 19.22886132149 40.3656212213625 2 804 18
"805" 18.308700363576 47.3884006706055 2 805 15
"806" 19.0812544051191 46.2705635647254 2 806 16
"807" 19.257485848668 47.6777410128634 2 807 17
"808" 17.8776196011886 46.2763452841975 2 808 19
"809" 17.7268452513061 46.8052609957086 2 809 18
"810" 17.7863427307729 44.7348278343816 2 810 16
"811" 18.0982310474366 48.2379389621734 2 811 18
"812" 18.4162614394611 45.1516989553819 2 812 15
"813" 19.4642038876513 44.7501652646576 2 813 16
"814" 18.8448143922637 45.0617299298271 2 814 16
"815" 20.0264386757341 40.4809027000096 0 815 0
"816" 19.1765449413255 47.7154463557394 2 816 17
"817" 20.4855002094658 40.3479623545728 2 817 16
"818" 18.1154090409511 40.2863780060125 2 818 18
"819" 19.5258549900539 41.6364780293765 0 819 0
"820" 18.7676431782034 43.2466591791318 2 820 14
"821" 18.4218069605221 32.8847180585152 0 821 0
"822" 19.3982775495261 39.1463018176973 2 822 17
"823" 19.2875233103237 45.9264855448861 2 823 16
"824" 18.6936487844448 51.1050257929174 0 824 0
"825" 17.2716722410102 48.9070265249546 2 825 15
"826" 18.0217344487077 44.7332057919049 2 826 14
"827" 18.5309183935544 46.7154584062548 2 827 17
"828" 17.8920000842637 46.0923532699993 2 828 18
"829" 17.9886641257986 39.9350873415573 2 829 16
"830" 19.3476349082222 49.3566888804762 2 830 15
"831" 17.9291159286203 34.9355592197778 2 831 26
"832" 18.7929592028282 41.0085394713143 2 832 17
"833" 16.8157162661381 37.8503493761675 2 833 18
"834" 18.2207414562213 46.6812861245583 2 834 17
"835" 18.4554909428847 39.6131248566482 2 835 17
"836" 17.7786058637919 43.3491587514835 2 836 14
"837" 18.0244473234871 35.0270009457333 2 837 25
"838" 17.8315375606551 43.2949788323896 2 838 15
"839" 18.166268925162 41.3380367175028 2 839 15
"840" 19.0535721951757 43.2232204480985 2 840 15
"841" 19.4692810134692 47.0954971098979 2 841 16
"842" 19.2312636330233 43.085256495096 2 842 19
"843" 17.8076988482747 46.2532478835383 2 843 20
"844" 20.0432404214521 49.2331614853528 2 844 16
"845" 21.1101230741241 42.8130648042891 0 845 0
"846" 17.8245697815306 45.6169266855015 2 846 18
"847" 19.1427238834314 39.1764212560046 2 847 17
"848" 18.3123751473263 45.8054035666356 2 848 17
"849" 17.1678438529176 43.9683430844358 2 849 15
"850" 17.7654123684833 42.6953086623232 2 850 16
"851" 18.836574928424 45.486888758562 2 851 20
"852" 19.4587176183183 44.8689959030588 2 852 16
"853" 19.455414078025 46.5086476787977 2 853 17
"854" 18.7559872222406 42.8232559174592 2 854 17
"855" 18.7323511435823 38.4815598128134 2 855 22
"856" 17.4185384977524 44.0126167683122 2 856 15
"857" 17.9407547778409 45.7481486581092 2 857 19
"858" 18.1483947473181 40.6003766695417 2 858 16
"859" 19.2528415178642 39.7300175891815 2 859 17
"860" 18.3094133031346 45.4377416745355 0 860 0
"861" 18.7650788807034 46.2975802735214 2 861 16
"862" 19.1678364582452 39.2148671736687 2 862 17
"863" 17.2971016872709 36.5443911961531 2 863 22
"864" 16.4973434030786 38.7032650428996 0 864 0
"865" 18.4735471781686 33.933432437577 2 865 18
"866" 18.4747593333918 47.5044506585966 2 866 15
"867" 18.2189747700735 39.2636337195815 2 867 20
"868" 19.8982172721534 45.2116833451242 2 868 15
"869" 17.8717931609654 41.0756284997994 0 869 0
"870" 17.2176497070801 47.3739257816601 2 870 14
"871" 17.7089981812613 47.7137067334491 0 871 0
"872" 17.0642102659649 41.5628679837512 2 872 15
"873" 19.1244413955422 38.5968906449985 2 873 16
"874" 19.2543873378088 45.6969942418998 2 874 16
"875" 16.2878155969732 39.4971343250277 2 875 21
"876" 18.4592479581497 43.7673871930109 2 876 15
"877" 17.7277090433595 47.2744273959872 2 877 20
"878" 18.835066070996 40.3994170148839 2 878 19
"879" 18.8461114152071 42.5456379451049 2 879 15
"880" 18.3133628906309 47.4325917225955 2 880 16
"881" 18.2960873931871 42.1621469026534 2 881 15
"882" 19.4199603208353 34.6440682180984 0 882 0
"883" 18.6996591525752 47.0843314991688 2 883 16
"884" 18.2243177243734 40.5335468893615 2 884 17
"885" 18.1356609768875 41.9583944462724 2 885 16
"886" 17.7127441971006 39.6141780140287 2 886 17
"887" 19.0252162671493 37.0840321764261 2 887 21
"888" 17.7360095586917 39.0852373098004 0 888 0
"889" 15.7761579905027 42.4713538998262 0 889 0
"890" 16.6553032942357 37.3863285191681 2 890 20
"891" 18.3811338127872 41.7991276295052 2 891 15
"892" 17.3217549040128 41.1180135284853 2 892 17
"893" 19.183024857822 40.858525517094 2 893 22
"894" 17.8836728973752 39.1965385563064 2 894 17
"895" 18.6076435789282 44.0145448868492 2 895 15
"896" 17.6674094827303 41.7287978844923 2 896 16
"897" 17.7077016881637 44.6495884721344 2 897 16
"898" 17.3324884719931 45.4470624773673 2 898 18
"899" 17.8952692976178 44.8239905928463 2 899 15
"900" 17.2122742707703 41.2368689244293 2 900 16
"901" 19.0219858121163 39.8751665026462 2 901 17
"902" 19.2478708681845 44.8762971352435 2 902 16
"903" 18.1281491388673 41.8690063261877 2 903 16
"904" 18.816486316758 44.7506219581689 2 904 14
"905" 20.6677779869437 45.8795245085782 2 905 16
"906" 18.6851224767439 47.6934427367158 2 906 16
"907" 19.527897840771 45.0191058179517 2 907 17
"908" 17.9782712104706 40.6091206251805 2 908 17
"909" 17.7614448953528 41.8818939064482 2 909 15
"910" 18.6561110498939 44.3223692277395 0 910 0
"911" 17.5390443070955 41.3888023288344 2 911 17
"912" 18.5785466557698 45.680866705986 2 912 18
"913" 19.061796013815 43.1850441537007 2 913 15
"914" 19.6730274673954 45.6381886607909 2 914 15
"915" 20.4925874477183 40.2468034729184 2 915 15
"916" 19.1663285766823 40.4395644663292 2 916 19
"917" 20.996741115964 45.2889527436172 0 917 0
"918" 18.7309706034636 40.2487107927099 2 918 19
"919" 18.1143125589277 42.163308097875 2 919 15
"920" 17.9242707640923 44.9308529712458 2 920 16
"921" 20.4802573039268 43.908049172014 0 921 0
"922" 19.1230159134463 36.7865006008821 0 922 0
"923" 19.5964937254417 40.4852588553615 2 923 19
"924" 18.6559924813329 43.0616543250437 2 924 14
"925" 17.1185880743112 40.803874992838 2 925 18
"926" 17.7004501276447 49.8492120256586 2 926 16
"927" 18.9038653041403 38.7056191181035 2 927 17
"928" 19.4044921927013 45.695510584039 2 928 16
"929" 18.8571465408605 49.4325849051269 2 929 26
"930" 18.3876504369493 41.6949589231236 2 930 15
"931" 17.4484843587942 38.3680398824975 2 931 17
"932" 16.8067529293423 46.7810476567795 2 932 15
"933" 18.7613896761236 42.8388171796382 2 933 16
"934" 19.441554392496 43.4166732009221 2 934 16
"935" 19.7462249940071 50.7648385987982 2 935 23
"936" 17.5096652194518 41.113245609553 0 936 0
"937" 18.207827746756 37.0801013404141 2 937 20
"938" 19.7448104297508 36.8731312737527 2 938 16
"939" 18.3389045433274 37.6531772920707 2 939 23
"940" 16.8196756325066 47.9314375555618 0 940 0
"941" 17.3368943939399 41.9130606690776 2 941 15
"942" 18.6622698472965 47.4737898709052 2 942 16
"943" 18.4807088239299 49.2795443615345 2 943 17
"944" 18.1415228899195 43.2156218548483 2 944 15
"945" 18.311002945661 43.9699484946628 2 945 16
"946" 18.2083991462888 41.120538011197 2 946 17
"947" 20.4553962328361 46.8493159465901 0 947 0
"948" 19.4809649208049 43.0905819650285 2 948 18
"949" 17.0765511197099 35.9021337753992 0 949 0
"950" 17.7029162523059 48.7857317884451 2 950 15
"951" 17.6474144730549 37.5305106353099 2 951 23
"952" 20.3144914807079 42.4669026950423 2 952 20
"953" 17.650453483594 45.4226849348114 2 953 16
"954" 18.5345580127888 53.0063700410974 0 954 0
"955" 18.1270213498845 39.9424339559298 2 955 17
"956" 18.17982943473 37.4328139669385 2 956 24
"957" 19.7615512865049 43.67539609494 2 957 16
"958" 19.1850805056256 39.5726915157025 2 958 16
"959" 17.9480841976101 48.7260354787355 2 959 16
"960" 19.697527728174 51.9224841912243 0 960 0
"961" 17.868066046905 48.8950340940893 2 961 15
"962" 18.9085426376752 47.8203604838486 2 962 16
"963" 17.9470474928909 34.436498837124 0 963 0
"964" 19.7574337508899 39.2220212278303 2 964 17
"965" 17.9982329216092 44.3540682384681 2 965 15
"966" 18.8722770686371 46.9995668417061 2 966 14
"967" 17.9190269979385 45.0347381699984 2 967 16
"968" 20.0117755441944 45.5042303276099 2 968 16
"969" 17.2763974187413 39.1404681497796 2 969 20
"970" 17.0985488661798 48.2461794266191 2 970 17
"971" 20.017197606031 51.4779913949481 2 971 23
"972" 18.6378480892372 50.2510103715733 2 972 22
"973" 18.9218295821095 45.9148136101108 2 973 18
"974" 19.0284296724857 44.7966380515332 2 974 15
"975" 17.5264744500819 39.8277430954283 2 975 18
"976" 17.0932657462147 40.6169709762463 2 976 18
"977" 15.8571130205774 37.8878330803175 2 977 25
"978" 17.19560285558 42.1273687490002 0 978 0
"979" 19.0904471226669 46.6237233351168 2 979 17
"980" 17.8820788959332 44.0693485065855 2 980 14
"981" 17.8366013314462 49.1013541421604 2 981 14
"982" 19.5895001023047 42.5829423207275 2 982 17
"983" 19.3705195649942 52.1939229000209 0 983 0
"984" 18.5883676277558 45.1680058911753 2 984 16
"985" 18.2175647754355 37.0072112531804 2 985 20
"986" 19.0443463987936 39.5096822848231 2 986 15
"987" 18.5814334633473 46.3567457487113 2 987 15
"988" 17.0028237935576 43.1787486568794 2 988 18
"989" 18.3104730315155 40.0830951958929 2 989 16
"990" 16.216257294352 42.5281258172182 0 990 0
"991" 19.3217749053585 42.6823923588724 2 991 15
"992" 17.6234488451707 46.4975702952286 2 992 16
"993" 18.7705602838543 36.8113151205388 2 993 18
"994" 17.3021289114159 41.7840620709019 2 994 15
"995" 17.8951916984854 44.7305719092126 2 995 15
"996" 19.6794357310421 48.9797763649871 2 996 17
"997" 18.9084422693994 44.3017711052305 2 997 16
"998" 18.3550088881787 39.9807789776927 2 998 17
"999" 19.0784153155296 44.8856941737173 2 999 15
"1000" 19.2185041812986 37.8962421206859 0 1000 0
"1001" 17.3349992727185 38.3817501872138 2 1001 18
"1002" 18.5627920177819 41.3456104186643 2 1002 20
"1003" 18.3910290922541 43.6185430028041 2 1003 14
"1004" 18.2275395574002 42.4112125065716 2 1004 17
"1005" 17.1996229547558 41.8984242174602 2 1005 15
"1006" 20.0127887408975 43.4059305924435 2 1006 15
"1007" 18.4841593806619 40.0713236983159 2 1007 17
"1008" 18.9047826816476 36.7685345132165 2 1008 19
"1009" 19.0818345367218 39.16543093231 2 1009 16
"1010" 18.8178410155443 45.2102935941055 2 1010 15
"1011" 18.3398337098283 41.088254645647 2 1011 16
"1012" 18.3333660056123 39.280788517962 2 1012 20
"1013" 18.4512490972803 41.0921578159034 2 1013 17
"1014" 19.095491127459 33.1421248507066 2 1014 22
"1015" 18.2734089416908 47.9259530044768 2 1015 16
"1016" 17.3160965750118 42.4762269840577 2 1016 15
"1017" 17.2981103970611 43.9495754805802 2 1017 16
"1018" 18.4264832210692 43.8174773888424 2 1018 14
"1019" 19.5609813374406 49.0055767669714 2 1019 16
"1020" 20.0681788554016 41.9416194111631 2 1020 18
"1021" 18.9524729782357 32.3261860184301 2 1021 23
"1022" 19.1177012935037 47.8806472685287 2 1022 17
"1023" 17.6642985094369 41.8159150107136 2 1023 16
"1024" 18.2697851359403 43.5243794743719 2 1024 13
"1025" 17.5392705803245 42.0686831154655 2 1025 14
"1026" 19.5988647813406 45.4470888166618 2 1026 15
"1027" 18.5234266107422 36.5027699990659 2 1027 17
"1028" 19.6206759998652 38.0834568341446 2 1028 17
"1029" 17.7216403506228 42.9262736593536 2 1029 14
"1030" 18.0573534896307 50.0142961026857 2 1030 23
"1031" 18.6033338746124 50.0144949928588 0 1031 0
"1032" 20.0267420931087 45.960059609776 2 1032 17
"1033" 17.7912817078556 38.2742325916029 2 1033 18
"1034" 19.2956240453127 36.2904147852387 2 1034 18
"1035" 16.9482850925061 41.0543176058257 2 1035 17
"1036" 17.9892285208925 42.1939137766722 2 1036 14
"1037" 18.3272737538613 41.3406701372049 2 1037 17
"1038" 18.4068452742016 38.6267938430103 2 1038 16
"1039" 19.2238325321295 46.9800460374612 2 1039 20
"1040" 17.2620186182841 45.0213173477486 2 1040 16
"1041" 19.8165521793121 42.2524421577423 2 1041 16
"1042" 19.6921790389104 39.570942701129 2 1042 17
"1043" 20.2365696185378 40.8671883598985 0 1043 0
"1044" 19.7103570897565 45.625037918449 2 1044 14
"1045" 19.8112030841016 47.4369093661835 2 1045 19
"1046" 17.8964851147429 42.9758313216175 2 1046 15
"1047" 18.7821806504072 43.1977814220828 2 1047 15
"1048" 19.1562193060822 54.9417121826993 0 1048 0
"1049" 74.4979574723006 97.7645266824501 2 1049 20
"1050" 23.5185695585326 37.0258740283299 0 1050 0
"1051" 20.009677784207 62.1524137790044 0 1051 0
"1052" 105.956604212815 115.020842588239 2 1052 4
"1053" 47.1724764873388 91.7064895819392 0 1053 0
"1054" 139.508390631608 60.9394645910793 0 1054 0
"1055" 64.3683935899614 40.1586906764234 0 1055 0
"1056" 132.151899168663 85.7395478753017 0 1056 0
"1057" 63.045717745175 104.078386585177 0 1057 0
"1058" 92.2422819970577 45.5464042633753 0 1058 0
"1059" 150.598725953653 39.428226693315 0 1059 0
"1060" 92.4612580947484 60.5220433332507 0 1060 0
"1061" 84.7468118463027 81.3832390220762 0 1061 0
"1062" 25.3537910264109 48.118356351181 0 1062 0
"1063" 142.741169225063 127.553943708634 2 1063 6
"1064" 123.825202275787 69.1318652275603 0 1064 0
"1065" 152.254770437442 36.8901316330813 2 1065 17
"1066" 38.9609109565159 70.2776382139041 0 1066 0
"1067" 148.916038534213 33.4948631159336 0 1067 0
"1068" 25.0591835611137 52.4918236259254 0 1068 0
"1069" 61.4080384891928 37.2818627259484 0 1069 0
"1070" 153.790318082958 120.312724360963 2 1070 7
"1071" 37.2324980460804 114.887517639817 0 1071 0
"1072" 122.811932064061 37.136028622103 0 1072 0
"1073" 142.104836420528 33.5906012844452 0 1073 0
"1074" 57.8866956243677 43.5651136498136 0 1074 0
"1075" 90.7042450684934 91.9691939616526 0 1075 0
"1076" 104.625835722507 110.465622476486 2 1076 6
"1077" 103.415970753045 118.71915438513 2 1077 3
"1078" 75.2616527000264 79.6350726233283 0 1078 0
"1079" 113.29948018611 71.5656512630519 0 1079 0
"1080" 98.0513378329223 130.197476486962 0 1080 0
"1081" 92.2952809892915 100.324282025004 0 1081 0
"1082" 55.6447501242509 33.256275718764 0 1082 0
"1083" 56.7832686656296 36.3646682704215 0 1083 0
"1084" 45.7306277466324 90.2032576320456 0 1084 0
"1085" 68.6705549148616 33.0056381614167 0 1085 0
"1086" 125.085690751531 127.841748585262 0 1086 0
"1087" 54.6921347707293 97.8794216805047 0 1087 0
"1088" 123.679657122214 67.448441085423 0 1088 0
"1089" 37.0975123213941 53.1658758606889 0 1089 0
"1090" 149.406329049334 99.0012874029022 0 1090 0
"1091" 45.623161568601 130.446759884131 0 1091 0
"1092" 100.04074212467 80.0237218206711 0 1092 0
"1093" 102.558059030412 62.4768895307546 0 1093 0
"1094" 74.4038949037925 81.1741530955331 0 1094 0
"1095" 131.888732428444 43.1858700819903 0 1095 0
"1096" 38.6907522695261 126.750745360085 0 1096 0
"1097" 152.587059351424 91.1420271372925 0 1097 0
"1098" 128.380458048002 62.820448854663 0 1098 0
"1099" 60.0285828289116 123.555737832455 0 1099 0
"1100" 105.902485950664 91.5740060857424 0 1100 0
"1101" 122.296707258003 131.249720275071 0 1101 0
"1102" 94.6615362284115 70.8288859028086 0 1102 0
"1103" 107.056964266787 113.756631697673 2 1103 1
"1104" 144.24861622823 72.1758694827924 0 1104 0
"1105" 68.5281003345514 120.490293652928 0 1105 0
"1106" 19.4496757854582 40.7817218377287 2 1106 16
"1107" 112.439227814695 80.2466151237962 0 1107 0
"1108" 147.084245946511 82.3678631272382 0 1108 0
"1109" 43.2989857355738 90.8281932744402 0 1109 0
"1110" 85.3572129064481 51.0715363773507 0 1110 0
"1111" 65.5914613600932 75.0817019910385 0 1111 0
"1112" 108.355374674834 53.5322578830396 0 1112 0
"1113" 98.7471967778272 56.5940170005132 0 1113 0
"1114" 115.742994659471 101.896384095316 2 1114 22
"1115" 40.295804843143 71.1699022158894 0 1115 0
"1116" 149.09614258314 97.486836949283 0 1116 0
"1117" 94.7098760331582 45.1233111591623 0 1117 0
"1118" 17.8969818559702 68.4925539600025 0 1118 0
"1119" 49.8215635138016 39.9741807745394 0 1119 0
"1120" 141.486023368719 72.7189048220153 0 1120 0
"1121" 52.1573527868133 53.6896969315173 0 1121 0
"1122" 50.0741934222179 58.5410586149683 0 1122 0
"1123" 125.393710624928 53.8026470467771 2 1123 19
"1124" 16.7386304451612 59.7208965195623 0 1124 0
"1125" 80.5987005549379 114.744274658575 0 1125 0
"1126" 82.8338233916093 57.4688351758081 0 1126 0
"1127" 16.8986933808437 36.373311118554 2 1127 21
"1128" 75.3122929268504 95.0651052453749 0 1128 0
"1129" 89.0965889926613 52.7138103513383 0 1129 0
"1130" 108.414744810912 56.0692794858949 0 1130 0
"1131" 94.665046503543 97.2280753916912 0 1131 0
"1132" 71.9617278464789 37.2371442248032 2 1132 17
"1133" 89.4346298709148 63.1837660655052 0 1133 0
"1134" 153.417897040594 51.4443026190804 0 1134 0
"1135" 42.8653902319489 57.5896303461267 0 1135 0
"1136" 77.0995010464134 63.7183271001371 0 1136 0
"1137" 131.091737930443 124.830524689647 0 1137 0
"1138" 114.18241795163 127.008084093346 2 1138 5
"1139" 147.387364135844 102.934589907781 0 1139 0
"1140" 28.4924824737829 90.7594221428876 0 1140 0
"1141" 111.236992607676 111.830232401917 2 1141 7
"1142" 109.499698036881 33.5651756522282 0 1142 0
"1143" 21.6982899901545 69.1347300693746 0 1143 0
"1144" 118.660945975608 110.712017386062 0 1144 0
"1145" 21.4058061312484 77.6289391323117 0 1145 0
"1146" 26.5332354836692 57.5319513106434 0 1146 0
"1147" 135.09074067697 93.6753676620217 0 1147 0
"1148" 57.4775118865856 65.9327781119426 0 1148 0
"1149" 125.559578089075 125.041865261016 0 1149 0
"1150" 53.5522815403961 34.3792495821387 0 1150 0
"1151" 143.005615200474 76.5468945634939 0 1151 0
"1152" 83.5507433704284 79.7286265687796 0 1152 0
"1153" 116.98035485775 66.2942401486492 0 1153 0
"1154" 64.3899620517786 43.020984043053 0 1154 0
"1155" 76.3434471718768 67.6747883828423 0 1155 0
"1156" 80.8786911810821 47.1695027771031 0 1156 0
"1157" 92.366950464764 64.1146989288094 0 1157 0
"1158" 65.9785282996414 104.389868361039 0 1158 0
"1159" 62.3380282854273 117.263241292321 0 1159 0
"1160" 52.1704330242772 73.2047446104334 0 1160 0
"1161" 55.8898825410839 40.6738443862516 0 1161 0
"1162" 114.127775313763 97.6547086133235 0 1162 0
"1163" 30.060172490318 114.56798615223 0 1163 0
"1164" 57.9904351017508 112.211831126699 0 1164 0
"1165" 43.2776822050822 109.253041450274 0 1165 0
"1166" 123.801214984473 103.515338012743 0 1166 0
"1167" 22.8715189831896 101.263564917816 0 1167 0
"1168" 119.780989940074 96.3893372048589 0 1168 0
"1169" 27.2450602421943 110.229055094285 0 1169 0
"1170" 95.2439767091657 50.948092340924 0 1170 0
"1171" 77.9895833214857 90.5441612703005 0 1171 0
"1172" 114.253019390228 116.622377207242 0 1172 0
"1173" 127.941012626942 97.0972251649031 0 1173 0
"1174" 44.9972150785126 96.9990998274092 0 1174 0
"1175" 102.916832667992 123.061653565156 0 1175 0
"1176" 56.5314536807765 54.6478904003214 0 1176 0
"1177" 147.748911890114 67.0995102563466 0 1177 0
"1178" 114.018971687076 121.041305751145 0 1178 0
"1179" 122.751499215709 125.25314996367 2 1179 6
"1180" 116.945980213043 108.031983916593 0 1180 0
"1181" 136.709977660778 73.4795938740446 0 1181 0
"1182" 38.7986383117614 82.1501864951348 0 1182 0
"1183" 52.6647490994655 122.001524437458 0 1183 0
"1184" 132.856051957548 33.4213859121751 0 1184 0
"1185" 77.3156057885265 105.031338612309 0 1185 0
"1186" 54.4657759200957 96.0432028580987 0 1186 0
"1187" 80.2216524025564 66.283276006937 0 1187 0
"1188" 81.1610989159684 64.625307071815 0 1188 0
"1189" 153.248051710512 118.710240184707 0 1189 0
"1190" 36.9520029790039 52.4448046647945 0 1190 0
"1191" 74.2559852381376 55.2598441123472 0 1191 0
"1192" 82.3936402212223 127.796516438768 0 1192 0
"1193" 88.9342821276105 79.7594330801101 0 1193 0
"1194" 31.3305500472666 76.146870012881 0 1194 0
"1195" 116.247110271674 44.6061791015536 0 1195 0
"1196" 106.399216277492 99.3567491301711 0 1196 0
"1197" 36.3784171135358 72.797559701182 0 1197 0
"1198" 143.29627960454 94.458819512981 0 1198 0
"1199" 119.689239676593 111.052354509916 0 1199 0
"1200" 29.5990691281849 99.0921866000945 0 1200 0
"1201" 52.0070529925549 127.229650116081 0 1201 0
"1202" 93.3518414017102 106.006459552047 0 1202 0
"1203" 108.998946273305 33.2166513243021 0 1203 0
"1204" 17.7724387111703 90.3713790414313 0 1204 0
"1205" 47.0426305277723 65.8143256546693 0 1205 0
"1206" 51.8752643980691 82.0962759732551 0 1206 0
"1207" 92.1805395892671 76.1997006327947 0 1207 0
"1208" 23.1266390187979 51.1495391814277 2 1208 19
"1209" 116.206145817377 91.2861472386229 2 1209 23
"1210" 48.8903273715216 47.219058468518 0 1210 0
"1211" 149.403065913572 121.705541027657 0 1211 0
"1212" 78.7588526588504 54.3829268762875 0 1212 0
"1213" 68.7278635540614 58.5781856028479 0 1213 0
"1214" 16.8606211584534 97.1546492525013 0 1214 0
"1215" 36.3769448615879 90.7643790618772 0 1215 0
"1216" 78.1051768523403 57.5549756192203 0 1216 0
"1217" 50.2691218398362 66.6970150148963 0 1217 0
"1218" 113.197558637614 122.187831113796 0 1218 0
"1219" 54.2513396284602 84.0182388852192 0 1219 0
"1220" 89.8051010057345 35.2334342971125 0 1220 0
"1221" 151.509240894884 83.1907067581997 0 1221 0
"1222" 17.4352161655227 89.5689881879896 0 1222 0
"1223" 76.4457517669144 70.7029837600664 0 1223 0
"1224" 36.6418100193942 60.0834638850624 0 1224 0
"1225" 48.586750909436 53.4796509254675 0 1225 0
"1226" 33.5878700381806 104.285972000816 0 1226 0
"1227" 46.0346946563413 95.0892380698868 0 1227 0
"1228" 65.1354503936186 101.519779035391 0 1228 0
"1229" 52.0703966439794 66.046004430509 0 1229 0
"1230" 20.8103549250363 53.0937505673625 0 1230 0
"1231" 126.930257542055 61.4149810875749 0 1231 0
"1232" 153.641153337614 116.220220974534 0 1232 0
"1233" 72.7010107564216 33.0448397909329 2 1233 19
"1234" 143.781419250803 108.965094628675 0 1234 0
"1235" 75.8462028263297 41.6317151335441 0 1235 0
"1236" 111.742488784809 91.8120044710412 2 1236 12
"1237" 96.3681355506193 107.786714302314 2 1237 1
"1238" 49.8185401798495 66.83074536303 0 1238 0
"1239" 139.584237742923 115.853535915958 0 1239 0
"1240" 20.9252427515655 80.9846903757606 0 1240 0
"1241" 124.26902562207 117.987350560544 0 1241 0
"1242" 109.32013589589 114.974477576987 2 1242 4
"1243" 42.580063934359 74.6041167116223 0 1243 0
"1244" 31.1001077802402 110.721407150179 2 1244 12
"1245" 116.075869863879 59.0635165500648 0 1245 0
"1246" 129.351918849825 49.3485737763975 0 1246 0
"1247" 82.0750729966897 53.5903031351419 0 1247 0
"1248" 143.590512464735 97.4491940194385 0 1248 0
"1249" 91.7043224794099 129.335644132224 0 1249 0
"1250" 80.5223878333117 37.6904527193382 0 1250 0
"1251" 130.817432191595 71.4449401301555 0 1251 0
"1252" 57.7088525824901 88.1092239033775 0 1252 0
"1253" 66.9822312762698 43.0149630171956 0 1253 0
"1254" 83.8157058320562 95.4189450457093 0 1254 0
"1255" 136.034640017145 64.3978458684419 0 1255 0
"1256" 72.1976542568815 98.8038725776123 0 1256 0
"1257" 36.930808602816 109.5367450851 0 1257 0
"1258" 106.030964526932 81.874934058124 0 1258 0
"1259" 50.1814740184529 94.7963866827844 0 1259 0
"1260" 125.99272161856 108.702026516438 0 1260 0
"1261" 154.374502045598 120.515538508604 0 1261 0
"1262" 57.027039640639 65.7455093172641 0 1262 0
"1263" 49.6040569732917 106.32766625745 0 1263 0
"1264" 91.04894484627 52.9272273219593 2 1264 20
"1265" 19.2900696615101 89.7263078827052 0 1265 0
"1266" 35.5018361089461 61.0316286147491 0 1266 0
"1267" 81.9881490936605 68.4416850491159 0 1267 0
"1268" 29.268547786658 53.7313813442607 0 1268 0
"1269" 49.554858998839 50.0915102862369 0 1269 0
"1270" 103.411904966273 80.9223527939756 2 1270 21
"1271" 87.8405180195043 109.364205102419 0 1271 0
"1272" 103.503855421734 89.0395839951717 0 1272 0
"1273" 30.4771335533961 40.1455055189144 0 1273 0
"1274" 44.0233900568111 130.831724511553 0 1274 0
"1275" 120.953462385346 39.5861669197933 0 1275 0
"1276" 135.018831334753 68.3900421549774 0 1276 0
"1277" 34.6796219668944 41.9470616231255 0 1277 0
"1278" 39.5790322323738 122.723806090945 0 1278 0
"1279" 39.404078500366 62.1685843507028 0 1279 0
"1280" 93.6542156080372 128.20370636308 2 1280 23
"1281" 124.170761716755 59.1828972622995 0 1281 0
"1282" 150.846321452605 114.047636698714 0 1282 0
"1283" 50.6253350590085 79.00414545957 0 1283 0
"1284" 101.376000129534 82.8589287497098 0 1284 0
"1285" 18.7690452295164 115.665219371946 0 1285 0
"1286" 103.318366221541 112.126267649637 2 1286 4
"1287" 91.2966009937169 78.8506879241743 0 1287 0
"1288" 111.68692112753 92.2090062054218 0 1288 0
"1289" 72.2192971332329 60.6838345171839 0 1289 0
"1290" 41.8957941115998 61.2414985781009 0 1290 0
"1291" 154.713208141735 46.505517152197 0 1291 0
"1292" 104.584653479077 50.0262771864006 0 1292 0
"1293" 65.0640797126302 108.688983374205 0 1293 0
"1294" 61.898913541519 34.5535138318046 0 1294 0
"1295" 39.9171562263374 127.105505306918 0 1295 0
"1296" 30.9040479500192 106.46745044025 0 1296 0
"1297" 105.441958879098 132.881789818767 0 1297 0
"1298" 47.4641320787142 115.051619032639 2 1298 14
"1299" 104.441054856472 41.8480342777178 0 1299 0
"1300" 67.7973562326637 127.792905313711 0 1300 0
"1301" 121.289112777858 129.15636072057 0 1301 0
"1302" 113.220143221453 69.5190731104651 2 1302 7
"1303" 56.8566309418854 43.3419372535319 0 1303 0
"1304" 140.717105909505 82.1866879830605 0 1304 0
"1305" 15.8352888442436 123.661748931366 0 1305 0
"1306" 44.6100606401994 114.562545068951 0 1306 0
"1307" 40.1714505917811 93.5946700595033 0 1307 0
"1308" 17.8776602780249 43.7621445182924 2 1308 17
"1309" 78.436527402943 125.877197588765 2 1309 8
"1310" 133.66342916615 71.8403276242369 0 1310 0
"1311" 71.1486587376922 72.6554490925663 0 1311 0
"1312" 143.996081448341 86.7173165797098 0 1312 0
"1313" 26.2713502188697 111.768739600108 0 1313 0
"1314" 21.7764309002634 44.5927155378608 0 1314 0
"1315" 111.753444928875 48.5412770685347 0 1315 0
"1316" 28.1554769380594 106.776171776616 0 1316 0
"1317" 128.607902500196 125.033247347579 0 1317 0
"1318" 77.4316694426159 121.462166872045 0 1318 0
"1319" 39.8032537105769 109.882714591027 0 1319 0
"1320" 144.913240094505 99.7259204637696 0 1320 0
"1321" 70.7544236525618 116.543614176179 0 1321 0
"1322" 24.9451997802664 126.886309111365 0 1322 0
"1323" 64.6765894024341 69.0252550632215 0 1323 0
"1324" 57.6738718749079 54.1661570093754 0 1324 0
"1325" 71.1250008248459 63.8140699790565 0 1325 0
"1326" 69.8848419972354 42.5864647319152 0 1326 0
"1327" 88.867804526912 50.0451127005239 0 1327 0
"1328" 111.277092885858 41.09036818253 0 1328 0
"1329" 76.8179271633945 89.1395029199787 0 1329 0
"1330" 15.9595108896793 119.837213652879 0 1330 0
"1331" 22.8493596206214 113.822346758921 0 1331 0
"1332" 40.1182452063564 60.589194740746 0 1332 0
"1333" 42.2000002725902 54.4474592033868 0 1333 0
"1334" 72.9488400507754 65.4810927629551 0 1334 0
"1335" 90.8452108711148 38.904939749906 0 1335 0
"1336" 42.6973128963943 121.307469304258 0 1336 0
"1337" 74.357533512681 111.155774298745 0 1337 0
"1338" 64.0929992950487 127.890518927516 0 1338 0
"1339" 124.145426360052 85.5831717150788 0 1339 0
"1340" 155.056205833145 70.2774925896594 0 1340 0
"1341" 25.0462186791646 52.7218653827781 2 1341 21
"1342" 89.9428566588587 53.9415968781163 0 1342 0
"1343" 60.3562894049711 64.5111030272894 0 1343 0
"1344" 125.068423397839 114.124723949526 0 1344 0
"1345" 22.7494763550456 121.861417861233 0 1345 0
"1346" 146.249075071746 98.5848704696035 0 1346 0
"1347" 80.0818507068814 110.676949783723 0 1347 0
"1348" 124.374221312666 65.8458898854562 0 1348 0
"1349" 102.616639080238 60.6484511769223 0 1349 0
"1350" 152.366350550915 117.426672354295 0 1350 0
"1351" 67.4882052388671 70.927836124079 0 1351 0
"1352" 112.945273334724 93.9050127603671 2 1352 11
"1353" 132.53555992252 130.548411910867 0 1353 0
"1354" 37.8482175051882 109.522313005349 0 1354 0
"1355" 146.950485074667 59.9421613574258 0 1355 0
"1356" 115.524059275491 84.0645982017994 0 1356 0
"1357" 59.3349263853881 90.1648520145536 0 1357 0
"1358" 123.47910040741 130.595710004662 0 1358 0
"1359" 62.8429107699232 57.3549370499965 0 1359 0
"1360" 141.559566486578 69.0282130586201 0 1360 0
"1361" 93.4606695410383 62.3789723417223 0 1361 0
"1362" 83.2943870535676 110.726963509554 0 1362 0
"1363" 26.0744439395565 66.4280801953812 0 1363 0
"1364" 154.952142951236 122.234969522429 0 1364 0
"1365" 113.038043973414 87.5101608194905 2 1365 13
"1366" 118.41393790343 102.376127116396 0 1366 0
"1367" 119.005894873245 65.9176392835648 0 1367 0
"1368" 53.071288556387 88.4236396773367 0 1368 0
"1369" 132.548028480305 109.269754937465 0 1369 0
"1370" 63.7639482899124 76.8914627582958 0 1370 0
"1371" 18.0719789639892 110.908171485976 0 1371 0
"1372" 60.7213176945331 44.555074717154 0 1372 0
"1373" 66.0007789271553 131.604653077461 0 1373 0
"1374" 133.913896410285 87.2595035065528 0 1374 0
"1375" 150.145933902785 109.2385737964 0 1375 0
"1376" 100.149125627416 126.170552591094 0 1376 0
"1377" 44.6203992280471 84.6866977569577 0 1377 0
"1378" 33.5592460590616 113.644837741426 2 1378 23
"1379" 135.769120972464 127.362189340385 0 1379 0
"1380" 31.9282920653021 43.6947886181742 0 1380 0
"1381" 63.2806408580498 77.7120256614272 0 1381 0
"1382" 86.7413729483838 48.7369948112813 0 1382 0
"1383" 52.2812826285809 71.0307636401558 0 1383 0
"1384" 29.4471382530514 67.2258951104166 0 1384 0
"1385" 83.8459502103829 74.7713067960794 0 1385 0
"1386" 48.7391809009015 36.944997008493 0 1386 0
"1387" 106.216032531772 90.2489794968913 0 1387 0
"1388" 116.823264120378 107.103843082981 0 1388 0
"1389" 73.2987367681895 67.2998369103531 0 1389 0
"1390" 107.144130893663 127.172449690825 0 1390 0
"1391" 98.059366972846 80.4327140969356 0 1391 0
"1392" 80.2564013926298 118.704031961157 0 1392 0
"1393" 122.860077585835 83.974627517352 0 1393 0
"1394" 50.8869014971391 104.968576484528 0 1394 0
"1395" 82.6109506930709 48.0710388298833 0 1395 0
"1396" 72.1235728349316 40.1324950214465 0 1396 0
"1397" 120.26788797061 89.676341214081 0 1397 0
"1398" 41.8709929032016 123.635662576595 0 1398 0
"1399" 127.974275436693 125.507258974286 0 1399 0
"1400" 23.5769099364172 124.255164962955 0 1400 0
"1401" 21.6851152735046 48.1882673779515 0 1401 0
"1402" 71.4574789244695 128.877315280522 0 1402 0
"1403" 62.3618967147829 119.01888720912 0 1403 0
"1404" 140.335332531607 37.2559027553983 0 1404 0
"1405" 39.6811169603847 118.845035647408 0 1405 0
"1406" 127.6029089249 100.039566402448 0 1406 0
"1407" 131.967944687068 68.8921148752668 0 1407 0
"1408" 71.6739988555277 57.2415862923025 0 1408 0
"1409" 96.9815638082988 68.1019131273113 0 1409 0
"1410" 16.5384845687144 39.6685369279433 2 1410 22
"1411" 97.5322446399049 66.7921279881072 0 1411 0
"1412" 155.139658324131 91.987428418385 0 1412 0
"1413" 153.267009040352 33.7675574969341 0 1413 0
"1414" 65.4830429877089 96.0870549723234 0 1414 0
"1415" 142.791090208792 115.504938002559 0 1415 0
"1416" 121.410575641457 48.4083777675467 0 1416 0
"1417" 139.460693317793 58.6425941469958 0 1417 0
"1418" 73.3504619472331 94.5915914923532 0 1418 0
"1419" 39.8474919823034 103.017152034946 0 1419 0
"1420" 96.3839640934496 106.36308765593 0 1420 0
"1421" 81.574972197952 121.867634263552 0 1421 0
"1422" 100.835798727944 68.8033798408914 0 1422 0
"1423" 149.987812465675 40.7141039827012 0 1423 0
"1424" 64.231058580251 127.008646694125 0 1424 0
"1425" 93.44696759157 104.456783966933 0 1425 0
"1426" 142.492192771576 48.6484879621762 0 1426 0
"1427" 24.6789569470994 79.6657541565293 0 1427 0
"1428" 40.5433752125798 80.7547558099756 0 1428 0
"1429" 104.286498563848 87.2813672737968 0 1429 0
"1430" 121.722591822087 48.2895743731856 0 1430 0
"1431" 117.89718496959 37.1209659335982 0 1431 0
"1432" 132.811429437998 124.064092268028 0 1432 0
"1433" 78.1191370773841 126.064930253141 0 1433 0
"1434" 138.225587308478 41.2260497174369 0 1434 0
"1435" 107.573230941256 106.42566125023 2 1435 8
"1436" 109.562354587614 63.8551366722208 0 1436 0
"1437" 30.7338202227372 103.58633747177 0 1437 0
"1438" 21.5008509261532 117.141850290586 0 1438 0
"1439" 92.5196696729269 98.9948471038937 0 1439 0
"1440" 118.87646669999 104.900654163748 0 1440 0
"1441" 85.3684093393312 37.0245689641909 0 1441 0
"1442" 128.519361379733 115.991347047257 0 1442 0
"1443" 25.9959772872918 125.088263924733 2 1443 5
"1444" 147.598554629134 75.8823024208738 0 1444 0
"1445" 127.764235089507 128.044773506069 0 1445 0
"1446" 54.1416915007053 118.265557524594 0 1446 0
"1447" 134.406131475884 77.6136512581991 0 1447 0
"1448" 118.017119770341 78.4848197112159 2 1448 16
"1449" 83.4140433517558 34.4063520491765 0 1449 0
"1450" 16.1076347081558 91.2804238121028 0 1450 0
"1451" 74.1224461813447 100.422760713377 0 1451 0
"1452" 89.2785354831164 100.667331218794 0 1452 0
"1453" 55.1005180977304 129.028070119928 0 1453 0
"1454" 52.1003606691201 64.4344608045441 0 1454 0
"1455" 102.215474904593 129.09287921277 0 1455 0
"1456" 99.1621710832321 50.8078269466267 0 1456 0
"1457" 136.01696133809 35.2699655941852 0 1457 0
"1458" 115.143314876577 36.0155572038064 0 1458 0
"1459" 100.405261720113 131.413636391859 0 1459 0
"1460" 124.558997113838 42.3410778730121 0 1460 0
"1461" 67.3749293051722 54.4586175029469 0 1461 0
"1462" 143.262274857209 36.1680850078444 0 1462 0
"1463" 94.90993707314 50.3067791735474 0 1463 0
"1464" 38.4614280386678 95.858652577944 0 1464 0
"1465" 55.7836497222684 65.846857182901 0 1465 0
"1466" 108.101874324158 101.234766868066 0 1466 0
"1467" 17.5334698112418 85.4429406059875 0 1467 0
"1468" 146.422065032769 58.1049671994167 0 1468 0
"1469" 42.4165910792715 71.1631192991698 0 1469 0
"1470" 37.1628267566913 47.3983434971779 0 1470 0
"1471" 138.178488947248 35.2382015343133 0 1471 0
"1472" 118.456583827501 91.4555074617871 0 1472 0
"1473" 25.4943330363124 92.0346453806814 0 1473 0
"1474" 37.3601236473745 120.147779453648 0 1474 0
"1475" 136.284666780484 66.6433964211168 0 1475 0
"1476" 47.25214708365 104.10922899872 0 1476 0
"1477" 88.1896287090514 93.3779135270287 0 1477 0
"1478" 33.8341924057512 35.4222333884075 0 1478 0
"1479" 47.7624135830652 125.882114598181 0 1479 0
"1480" 24.9517309867865 98.2677554445786 0 1480 0
"1481" 52.8796397353377 56.8841236026093 0 1481 0
"1482" 112.828085573123 75.9564201932037 0 1482 0
"1483" 21.3985159744012 35.7316950789956 0 1483 0
"1484" 17.1879169610899 117.373874894713 0 1484 0
"1485" 148.283727848234 98.8963036884267 0 1485 0
"1486" 152.459776342697 87.6571137740459 0 1486 0
"1487" 125.210422952104 91.5319997248379 0 1487 0
"1488" 90.8631731175963 78.3801448682474 0 1488 0
"1489" 138.511504117214 76.6384243694405 0 1489 0
"1490" 141.782827783528 57.8784185262113 0 1490 0
"1491" 37.9975366639365 110.574309836861 0 1491 0
"1492" 99.6794012830631 78.4314999822565 0 1492 0
"1493" 65.0182621450121 42.3499745910259 0 1493 0
"1494" 33.8946024297496 90.8614630008866 0 1494 0
"1495" 27.167310657731 89.6613038117944 0 1495 0
"1496" 72.4860994390231 36.1515676938988 0 1496 0
"1497" 112.626626987931 84.785205270213 0 1497 0
"1498" 117.179567435681 81.0663702740367 0 1498 0
"1499" 56.6025822872594 38.1873463112579 0 1499 0
"1500" 100.543196623953 110.128850521921 2 1500 8
