"V1" "V2" "V3"
"1" 102.011984975966 117.383582481642 2
"2" 102.372435919451 115.471368899992 2
"3" 102.213207694001 115.050411177783 2
"4" 104.666152543662 108.655184155556 2
"5" 105.663120370344 108.203440536571 2
"6" 103.510588241126 114.178484444397 2
"7" 103.144315969451 116.922986517034 2
"8" 102.925853961938 120.794390873213 2
"9" 102.200199550061 115.502823033203 2
"10" 107.056964266787 113.756631697673 2
"11" 96.3681355506193 107.786714302314 2
"12" 104.3981814258 112.178750948409 3
"13" 103.520651154694 114.324786093057 3
"14" 103.645056768475 116.739363860803 3
"15" 105.690208641133 106.552947144389 3
"16" 104.695750842682 116.108943579952 3
"17" 103.858953844672 122.598166811638 3
"18" 102.212197276931 115.618074514113 3
"19" 105.825035810054 109.170571322401 3
"20" 102.521294547688 116.767064789512 3
"21" 102.684298299825 109.550079835625 3
"22" 103.470910100126 111.858279105522 3
"23" 103.610287633005 109.168542110885 3
"24" 102.874903829442 109.022057840112 3
"25" 108.134656759076 117.515538350342 3
"26" 102.330957783448 114.553340250169 3
"27" 103.598322312279 120.449361649241 3
"28" 102.834855801787 114.477422602805 3
"29" 104.507918489166 120.050809795616 3
"30" 106.804355210244 114.399966421194 3
"31" 103.442204818483 108.080572665766 3
"32" 100.299325945534 119.573265668783 3
"33" 107.486858320416 113.063757740046 3
"34" 103.890708281557 106.878637021355 3
"35" 100.659205596188 108.151508311121 3
"36" 103.2190379796 115.237635340825 3
"37" 103.149735028845 106.849134209595 4
"38" 106.105853307456 117.863058838627 4
"39" 104.029795138564 111.144772078716 4
"40" 107.387302296468 112.914606304358 4
"41" 99.5860065552684 108.360667612088 4
"42" 107.328614780819 113.172716576239 4
"43" 103.198442710475 120.422338357578 4
"44" 103.048677663318 112.728589042871 4
"45" 107.312406365481 112.127285691025 4
"46" 103.315139418749 116.768004369747 4
"47" 103.206202619696 115.022738636142 4
"48" 104.273934459153 111.918772847963 4
"49" 101.866830099802 117.628886347191 4
"50" 103.006803461778 113.368787518544 4
"51" 107.68475633697 115.277694991482 4
"52" 107.361863350267 113.317703565792 4
"53" 107.708400020354 112.273290928885 4
"54" 103.543385510995 112.630644994515 4
"55" 104.205789593712 114.286910471254 4
"56" 100.712889850295 120.193822757341 4
"57" 107.254969884261 114.283697984777 4
"58" 104.113159098555 118.580442973295 4
"59" 104.836620051885 115.785434088583 4
"60" 101.393365338698 114.974683240142 4
"61" 103.868288844318 118.772748079005 4
"62" 104.702068315355 117.329074489778 4
"63" 103.547098561955 111.940290071929 4
"64" 104.819457196491 118.618637723009 4
"65" 104.59837207536 112.097298631515 4
"66" 103.144530843988 109.708498788516 4
"67" 100.965406313161 119.648815182565 4
"68" 103.209994278047 110.24791909619 4
"69" 102.150553093726 114.743118217752 4
"70" 107.203350875168 112.084310057606 4
"71" 100.137122930791 116.401774158737 4
"72" 100.767303018389 112.253384180673 4
"73" 104.354053816193 111.769872495196 4
"74" 103.540503707375 116.717306237582 4
"75" 103.768826006735 107.757680955985 4
"76" 101.383637961422 115.289323643768 4
"77" 104.598510271103 118.841341466135 4
"78" 103.701393840284 111.972629424845 4
"79" 101.815866017227 117.284030162768 4
"80" 102.062636914923 114.787267964926 4
"81" 108.050131436104 118.824179755707 4
"82" 102.439717198597 116.640583854145 4
"83" 105.009081503525 113.414494648816 4
"84" 104.978622602552 118.673852240754 4
"85" 104.634132132974 113.510260737255 4
"86" 145.201335616192 132.656384333186 5
"87" 151.105657615991 132.027511287656 5
"88" 100.105469809121 111.599004430682 5
"89" 104.387809057622 118.62136820504 5
"90" 101.007130442278 111.961952941689 5
"91" 103.866618582619 117.240358748306 5
"92" 104.418359053306 113.377191994509 5
"93" 105.212250718171 112.276786441665 5
"94" 105.922351407121 118.142371573724 5
"95" 105.62796464416 114.77286954362 5
"96" 104.405570328994 115.721831528868 5
"97" 106.996252664378 114.398631826121 5
"98" 99.2808610910044 118.813967377915 5
"99" 104.006183645521 111.804868896892 5
"100" 101.175746192006 107.475901661979 5
"101" 106.064530736985 117.430639655415 5
"102" 104.87220633308 115.28418811731 5
"103" 101.093930870509 107.671008845747 5
"104" 106.823457624989 114.501719961434 5
"105" 104.603411389403 115.174657383896 5
"106" 102.924909487148 109.814426555062 5
"107" 101.917763007904 116.81483017331 5
"108" 104.952504600458 114.705074445287 5
"109" 103.687088521574 120.730672216831 5
"110" 104.271183125228 116.764202658321 5
"111" 109.704427746257 115.325119396311 5
"112" 105.64424124234 114.880306572712 5
"113" 106.01220981296 114.530959500659 5
"114" 106.140312390201 117.669051372699 5
"115" 103.974518284948 114.64973191872 5
"116" 106.552414504669 110.943000697916 5
"117" 101.869553474931 111.836063307672 5
"118" 104.287193687729 114.821196186791 5
"119" 101.117690348148 116.039840494492 5
"120" 106.129546114392 118.152409958849 5
"121" 102.375986663782 117.134552965899 5
"122" 106.752282142251 112.362589280585 5
"123" 106.968125564093 104.410826446288 5
"124" 106.153549802807 117.724114743669 5
"125" 100.357242124498 119.726248590982 5
"126" 104.118398552337 111.16495035445 5
"127" 105.636980442914 112.474971809636 5
"128" 103.172259079757 112.140797215076 5
"129" 105.06788471629 118.662565718854 5
"130" 101.791374726415 117.152993467453 5
"131" 103.471158336614 118.774929289265 5
"132" 108.062807421037 112.123636679424 5
"133" 104.734365219984 118.214290031233 5
"134" 101.573587603716 114.728739670464 5
"135" 103.858894753466 116.227936841997 5
"136" 102.949413981075 109.654582396056 5
"137" 101.875807744674 116.469968964893 5
"138" 101.768905047386 108.021427319833 5
"139" 106.618272076529 109.127721582159 5
"140" 106.58444429028 111.20230052926 5
"141" 102.211636488647 118.048842952415 5
"142" 105.83048276779 115.62351469938 5
"143" 103.688294487672 114.32325684435 5
"144" 106.965261397857 114.287385716493 5
"145" 102.920615857716 110.276535806211 5
"146" 107.258067889433 114.216722071871 5
"147" 106.505757916676 117.831068833532 5
"148" 108.722834631458 116.356852969617 5
"149" 103.171758032708 116.536967094364 5
"150" 107.557648952646 113.280497142929 5
"151" 103.902122188488 115.340801064963 5
"152" 104.037516699711 112.319862327236 5
"153" 105.697295988958 112.49601311011 5
"154" 103.46669412469 112.424111910904 5
"155" 105.956604212815 115.020842588239 5
"156" 103.415970753045 118.71915438513 5
"157" 109.32013589589 114.974477576987 5
"158" 103.318366221541 112.126267649637 5
"159" 150.649029220522 132.273718189728 6
"160" 151.528566948728 131.972057902203 6
"161" 152.080500198495 130.708433218806 6
"162" 145.692515701756 131.674912021852 6
"163" 150.455507812352 132.405500021787 6
"164" 151.311677057635 131.66264212362 6
"165" 149.471346457009 132.804144364304 6
"166" 150.883006849096 132.032156773755 6
"167" 150.299691801812 131.55038467081 6
"168" 146.750824329793 131.264472259172 6
"169" 146.025995128649 131.995633004129 6
"170" 108.502128282869 114.683389184583 6
"171" 106.280833997516 115.824589977609 6
"172" 107.491298277636 113.850292451499 6
"173" 103.386559518645 115.16243811449 6
"174" 105.625799765308 115.424368170657 6
"175" 102.215095088668 117.045634798948 6
"176" 103.319452336364 117.228874752558 6
"177" 105.184841110814 113.641909060072 6
"178" 103.476011420629 115.699878235392 6
"179" 105.127015738155 115.26836908599 6
"180" 103.982498600259 115.512171114086 6
"181" 105.8474490108 114.69809251001 6
"182" 101.355727115392 111.385250109019 6
"183" 106.551279088405 112.891580815067 6
"184" 103.592607166216 112.40592908742 6
"185" 105.835000227867 118.1322221194 6
"186" 101.219053548038 117.336417135537 6
"187" 104.241461015277 115.18551813414 6
"188" 104.765971511029 120.436414752989 6
"189" 103.837360843411 117.693288457225 6
"190" 102.927421224778 115.726070373131 6
"191" 105.198861482123 113.624060012477 6
"192" 102.769036264253 116.776256957881 6
"193" 106.787847649941 112.952220867568 6
"194" 104.969387640757 120.410751304556 6
"195" 104.057915102401 116.774334933648 6
"196" 106.127336000877 110.11857597605 6
"197" 103.22295542121 112.397028078913 6
"198" 106.416600229645 117.442252223511 6
"199" 101.717706176393 113.106182856543 6
"200" 105.787015193635 113.08229985253 6
"201" 103.679408638587 113.376486646511 6
"202" 99.0552472865741 115.485113834694 6
"203" 105.589432998339 115.337690060337 6
"204" 104.287286523769 116.468914950702 6
"205" 105.102023489781 115.35556398252 6
"206" 100.685357443313 119.579915042111 6
"207" 106.424878427843 118.377492849162 6
"208" 101.81065728353 116.813366915579 6
"209" 103.616830303762 111.620575392584 6
"210" 104.265365088094 116.681873670071 6
"211" 104.741109109394 116.105712501407 6
"212" 105.750794195139 113.990658924845 6
"213" 104.189913040171 116.849382611982 6
"214" 106.948552269475 114.779439930651 6
"215" 105.716348063608 116.259667599703 6
"216" 101.41676474576 113.364160329828 6
"217" 102.210782883545 118.433037482476 6
"218" 106.411269750112 114.288509419994 6
"219" 114.18241795163 127.008084093346 6
"220" 149.625648710366 132.45942705829 7
"221" 151.796368968277 131.560777494136 7
"222" 146.551571886592 131.408495047503 7
"223" 152.14991537867 130.737779090257 7
"224" 150.371207571495 131.645890422065 7
"225" 148.742508865509 131.100822659274 7
"226" 151.517661791424 131.669589855395 7
"227" 148.473544765526 132.041564395125 7
"228" 146.318086676899 132.276026157442 7
"229" 149.354139366695 131.298359222177 7
"230" 151.500272991951 131.662312073141 7
"231" 150.087055525302 131.134305000999 7
"232" 151.314339861442 132.164773483821 7
"233" 150.047101156002 131.21118631698 7
"234" 153.095849248159 131.308974530981 7
"235" 148.962864992877 131.149295589911 7
"236" 147.819876244095 131.382901955081 7
"237" 147.565338776855 132.227571428256 7
"238" 145.143610944679 131.139089309702 7
"239" 149.223518787181 131.174139819671 7
"240" 150.290999972351 131.252029883362 7
"241" 149.02373633899 131.340677909591 7
"242" 150.305027802241 131.424029326824 7
"243" 147.922074184506 132.15206915266 7
"244" 149.980570866076 131.612587675979 7
"245" 152.0690539468 131.537401362126 7
"246" 153.533884242092 131.050551026257 7
"247" 151.478615072751 131.804420129053 7
"248" 149.186627538928 131.458310793595 7
"249" 151.355256393873 132.174272695481 7
"250" 150.062824546708 131.573891895339 7
"251" 151.982383517479 131.466137986652 7
"252" 150.164747163265 132.090034225177 7
"253" 151.357638578706 131.586738970764 7
"254" 149.915006797611 131.897803630518 7
"255" 151.031005237531 131.331890222464 7
"256" 147.748485053766 131.615315684196 7
"257" 147.884645839563 132.264126657388 7
"258" 103.540801556107 122.751112039859 7
"259" 108.064300510885 113.983098401771 7
"260" 107.333002751708 118.946023028844 7
"261" 106.30558428537 114.492756821559 7
"262" 103.806240178913 113.387148002542 7
"263" 105.828198074809 118.780582726027 7
"264" 104.386669309988 114.81733666246 7
"265" 103.542725698305 115.450757941224 7
"266" 103.874042221191 113.933392371671 7
"267" 103.035715995543 112.080791020323 7
"268" 106.909319549661 118.102211775366 7
"269" 103.206784014693 117.290751772265 7
"270" 105.137857272352 123.10329946279 7
"271" 106.061408447732 116.190983166554 7
"272" 103.916799903292 110.972077754987 7
"273" 103.830588321242 118.224253629587 7
"274" 106.804529945346 113.496384970403 7
"275" 107.238434238593 113.103595390267 7
"276" 102.53598200425 114.054137406532 7
"277" 101.971687687494 112.418779365078 7
"278" 103.406914681134 110.158765551725 7
"279" 103.655617774388 119.851755058179 7
"280" 105.999003268415 110.088388116829 7
"281" 98.718172208551 119.855096943268 7
"282" 104.746101118559 114.819529718746 7
"283" 100.949017735207 119.069095365427 7
"284" 105.68188190558 118.772938503641 7
"285" 106.401700820376 117.319412884887 7
"286" 102.696525961849 113.986550094969 7
"287" 100.203098169053 121.221014825033 7
"288" 105.77469095631 109.626947967352 7
"289" 104.305456631599 117.322961771136 7
"290" 104.74924120112 118.052450202975 7
"291" 107.138884060857 117.780018007282 7
"292" 102.644458624786 121.408550945841 7
"293" 102.698998525589 116.425902102703 7
"294" 100.736619963906 120.125310144753 7
"295" 104.855682431692 114.624987179777 7
"296" 105.193568011701 112.080494628274 7
"297" 104.355693732236 110.448889284716 7
"298" 103.430905617839 117.358065447202 7
"299" 106.506136893263 113.103353926124 7
"300" 106.641041964707 113.052765546135 7
"301" 106.32017288894 116.849253362623 7
"302" 103.698681698556 115.558470163253 7
"303" 106.934466579471 118.961140995398 7
"304" 103.977836220629 116.270860977309 7
"305" 105.773836123261 119.340653630805 7
"306" 100.691257256357 114.328919268362 7
"307" 106.862633248366 112.246004844309 7
"308" 105.03999432069 117.907379148653 7
"309" 104.696948253949 110.927863294443 7
"310" 101.622284553936 113.26707124806 7
"311" 102.458340797327 117.132012276378 7
"312" 106.533795957617 118.550424321194 7
"313" 103.840501721603 110.840083380304 7
"314" 104.625835722507 110.465622476486 7
"315" 25.9959772872918 125.088263924733 7
"316" 149.6837185904 131.353352540897 8
"317" 146.910007664443 131.214261271151 8
"318" 147.981230430087 132.108106596419 8
"319" 151.880671553844 131.728682794866 8
"320" 149.49825867164 132.543181338363 8
"321" 150.035394911251 131.767327472983 8
"322" 151.345314131967 131.413878264953 8
"323" 151.914632216219 131.500453730755 8
"324" 152.149903945989 131.67008339173 8
"325" 148.362086879585 131.753031247929 8
"326" 148.588227644952 131.045022299162 8
"327" 149.730937266043 131.701018821561 8
"328" 153.054608068194 132.060415946534 8
"329" 150.867255554355 131.386271359309 8
"330" 148.330661988868 130.90780752778 8
"331" 153.17865007037 131.444030665865 8
"332" 150.313222902454 131.469447501849 8
"333" 148.877521657065 131.431977554835 8
"334" 150.301288965328 131.483048223041 8
"335" 150.925443198925 131.714133818193 8
"336" 145.338299596224 131.796994442036 8
"337" 146.680193336448 131.311664041901 8
"338" 150.815859526756 131.531197893246 8
"339" 149.207321509773 131.921548031452 8
"340" 149.906109413788 131.927043355939 8
"341" 151.592737967515 131.828729320439 8
"342" 146.838599967523 132.212063649981 8
"343" 147.96234643494 131.558058863699 8
"344" 148.294967016908 130.936906047117 8
"345" 145.733119496653 131.964087144704 8
"346" 147.71504260996 131.755554839859 8
"347" 152.070592453669 131.493685942948 8
"348" 153.73713271826 130.860821649627 8
"349" 150.556036858174 132.391539891544 8
"350" 146.95174330106 131.399271114493 8
"351" 152.668660889988 131.193675509577 8
"352" 146.029094570655 131.870524996824 8
"353" 149.081324498148 131.588908723069 8
"354" 152.358250817843 131.662038694209 8
"355" 145.025903318223 131.814087685453 8
"356" 151.057273837241 130.556667357868 8
"357" 152.319188111382 131.880632841068 8
"358" 149.288981916033 131.787852192395 8
"359" 149.85658055834 131.83905119668 8
"360" 149.158421833806 131.791319188778 8
"361" 146.577154137678 131.165029853039 8
"362" 147.359831582001 131.27084758787 8
"363" 146.892860673493 131.009054127835 8
"364" 150.762138185171 131.393213906715 8
"365" 149.764036825544 131.491769151209 8
"366" 145.300232008481 132.121607940598 8
"367" 145.526755460629 131.174618940388 8
"368" 148.45569789837 131.74971747949 8
"369" 148.509053644496 131.803055230309 8
"370" 150.863420368337 131.673197956849 8
"371" 152.713775634207 131.514125553708 8
"372" 147.567389941406 131.811363512307 8
"373" 152.151983372417 130.994491879956 8
"374" 149.40020597056 132.159207866973 8
"375" 151.913903566563 131.660243637452 8
"376" 108.426572114052 116.104437925059 8
"377" 105.083629902804 114.558596807295 8
"378" 106.60347691762 110.115735571108 8
"379" 108.706276328672 114.376082886163 8
"380" 98.9755403056643 119.493060230375 8
"381" 104.013999967137 122.336655536151 8
"382" 102.631032040683 117.659294681867 8
"383" 106.487346142868 112.56090858379 8
"384" 99.8861681119928 121.320560322458 8
"385" 100.743870840871 109.60384250757 8
"386" 106.875613764167 117.075939247668 8
"387" 104.785136282596 110.940451043606 8
"388" 105.688549088181 111.738703800279 8
"389" 105.662781250732 112.192055713028 8
"390" 107.960905618972 113.987444667575 8
"391" 103.135355086369 117.08693691869 8
"392" 104.008648822696 112.892116959469 8
"393" 105.355433304718 111.517956279383 8
"394" 106.91185662146 110.939529424974 8
"395" 100.398279731962 114.311588120406 8
"396" 103.812536209898 120.264717208022 8
"397" 106.079403052923 119.172882894989 8
"398" 108.034728318632 119.083095046371 8
"399" 103.056085789424 117.655036913953 8
"400" 106.485072842541 113.698152018446 8
"401" 102.295590714778 118.523164065382 8
"402" 105.39916619023 116.167687650916 8
"403" 109.814881830571 118.906942004859 8
"404" 101.659478081698 112.436786819434 8
"405" 104.803565431259 114.585248456334 8
"406" 104.308420116891 120.152636762405 8
"407" 108.164417408955 114.438743747538 8
"408" 98.5917145027263 110.929146605856 8
"409" 142.741169225063 127.553943708634 8
"410" 153.790318082958 120.312724360963 8
"411" 111.236992607676 111.830232401917 8
"412" 149.142646207044 132.101024376825 9
"413" 148.510896341404 132.006475803791 9
"414" 153.526941719585 131.723691108982 9
"415" 147.685310420115 131.136595916376 9
"416" 148.179678503211 132.571514608342 9
"417" 147.062226862626 132.089750088313 9
"418" 151.492120841603 131.363318932944 9
"419" 148.288128218567 131.68811148902 9
"420" 147.886155273044 132.775120168887 9
"421" 148.958626921677 131.699759506799 9
"422" 148.315503762927 130.987913169941 9
"423" 148.612457647483 131.854116145782 9
"424" 148.158132845195 131.533878767185 9
"425" 146.49018990895 132.064104712406 9
"426" 145.628268225322 131.0535722445 9
"427" 149.167508374869 131.416125579935 9
"428" 147.318927458567 131.517817113335 9
"429" 148.37619501859 131.41178708103 9
"430" 149.285171661102 131.366767517626 9
"431" 147.606833170931 131.786458008093 9
"432" 152.386481865186 131.823173211309 9
"433" 152.626620280309 131.941721556165 9
"434" 148.476920624902 131.442476297763 9
"435" 148.619603080775 131.564362554083 9
"436" 148.479601976963 131.613563208836 9
"437" 146.030198058926 131.401383100829 9
"438" 144.587251625269 131.415811024281 9
"439" 148.319077852415 131.269363513765 9
"440" 145.54778642956 130.395193502207 9
"441" 150.67897469448 131.457103303011 9
"442" 151.275451778747 130.926327459176 9
"443" 150.286676067119 131.326288112807 9
"444" 149.434320189768 131.865088394244 9
"445" 149.647718549191 131.005390414372 9
"446" 150.626489690731 131.791974924556 9
"447" 152.503427208049 132.574064060025 9
"448" 147.971007415606 131.909633109994 9
"449" 149.928326339545 131.862137153729 9
"450" 148.973527449064 132.012928710873 9
"451" 149.307936049642 130.933388553011 9
"452" 104.196509831609 117.146934828105 9
"453" 108.199335162113 106.795837352328 9
"454" 101.792390121705 109.272348973264 9
"455" 103.503538939238 111.633007773056 9
"456" 100.947084114139 114.188225969588 9
"457" 106.025235818374 116.220837419716 9
"458" 104.219426128216 117.33311917329 9
"459" 104.828550224086 122.341854694882 9
"460" 104.224209293524 117.05588628819 9
"461" 104.202443669533 106.975891397517 9
"462" 102.13669361636 111.18683143283 9
"463" 102.672015147769 110.5939582443 9
"464" 104.322754409998 109.545370990996 9
"465" 108.560913930947 117.592661711379 9
"466" 105.114585501161 116.955067489715 9
"467" 103.687153745942 110.478562732189 9
"468" 103.441656568015 119.52320704223 9
"469" 103.287274808327 119.460435974678 9
"470" 102.947275794671 114.083143255986 9
"471" 104.986582930971 111.83998536402 9
"472" 99.5156405725247 111.219407192549 9
"473" 102.19694066639 118.833812475084 9
"474" 103.905818652843 113.548062348476 9
"475" 102.801712692418 121.881671893059 9
"476" 122.751499215709 125.25314996367 9
"477" 113.220143221453 69.5190731104651 9
"478" 100.543196623953 110.128850521921 9
"479" 154.347888537967 132.052654356557 10
"480" 152.635852470868 132.231814026285 10
"481" 148.193601224094 131.834624131472 10
"482" 151.68180037904 131.734120316936 10
"483" 152.390685905377 132.317942563193 10
"484" 147.288683595447 131.405235388347 10
"485" 151.072060798814 131.513012976756 10
"486" 153.631246272496 131.02355851193 10
"487" 149.864147792862 130.683758458503 10
"488" 148.17691780079 131.434644541837 10
"489" 152.839049382756 131.803070821317 10
"490" 153.463420714572 130.444847374882 10
"491" 150.65692068813 131.102517979187 10
"492" 153.938021502463 132.080284340981 10
"493" 148.017534991727 132.12241352033 10
"494" 148.380873998139 131.21619773018 10
"495" 148.222690461033 132.085211041113 10
"496" 149.339948931003 131.676117940511 10
"497" 147.966096401345 131.274147225075 10
"498" 147.018497530286 131.887301296368 10
"499" 146.779515825981 132.283529373431 10
"500" 149.486489989924 131.836852403251 10
"501" 148.762422026792 131.640562065481 10
"502" 149.475867359108 131.599418273713 10
"503" 148.214964178036 131.026907267604 10
"504" 98.9242023628888 103.04631185603 10
"505" 105.328895052491 112.812998805202 10
"506" 102.994633212457 117.815527729267 10
"507" 108.492570343842 117.508848124719 10
"508" 103.366987606635 114.691499209749 10
"509" 107.635303518667 117.153793429152 10
"510" 103.84433815042 119.312992135011 10
"511" 106.010888409092 110.378752589581 10
"512" 105.300722939156 115.514164876515 10
"513" 104.789545380859 116.607577500345 10
"514" 104.863495138514 122.371473208009 10
"515" 106.228186899686 123.394052175015 10
"516" 101.555633202258 114.207632301159 10
"517" 110.397187485587 109.525813224207 10
"518" 108.804679559981 113.972627220345 10
"519" 107.92929391241 116.775738263053 10
"520" 101.312649762791 121.287909982882 10
"521" 100.597767187004 114.679982577194 10
"522" 108.023927930006 113.221186308421 10
"523" 78.436527402943 125.877197588765 10
"524" 107.573230941256 106.42566125023 10
"525" 146.824865262153 130.062423259277 11
"526" 147.058111688186 131.568953335568 11
"527" 148.64025566494 131.926216164415 11
"528" 148.034100292992 131.261263722279 11
"529" 151.784912333711 130.905365297731 11
"530" 148.014576208136 130.394417880511 11
"531" 146.735547186295 132.441097986275 11
"532" 147.855529906952 131.05916682715 11
"533" 148.270425248437 131.537637774794 11
"534" 147.223667601269 131.649691049842 11
"535" 144.323814536022 131.381527023072 11
"536" 149.487629290345 131.670956344435 11
"537" 154.255591358918 131.956624934348 11
"538" 146.301489771526 131.383746803138 11
"539" 105.234566664862 115.150917312003 11
"540" 102.24516578101 111.053864387385 11
"541" 107.324831482779 115.497708446633 11
"542" 98.6715419346203 112.487777469294 11
"543" 105.271560512718 116.727009535965 11
"544" 104.988729329606 110.57607032268 11
"545" 109.301440749863 110.488430880643 11
"546" 101.032925097176 117.919265210035 11
"547" 102.14281169809 119.2176575562 11
"548" 106.234050972599 112.282479269572 11
"549" 102.289558739534 120.345748024491 11
"550" 107.05515622765 116.265950976542 11
"551" 102.580398141642 110.237340820349 11
"552" 104.640412767167 110.27538279422 11
"553" 106.706561025541 115.099046998034 11
"554" 155.221179998212 132.589957294361 12
"555" 146.447740055808 131.738029597146 12
"556" 149.573556035562 130.398630498434 12
"557" 143.851471192859 132.130457517464 12
"558" 105.876653853382 120.241761959236 12
"559" 99.0549076811821 112.284426363604 12
"560" 105.344446577335 115.398809506047 12
"561" 100.21868460547 110.778935187912 12
"562" 105.828750978891 110.849515159438 12
"563" 107.356572348618 115.336021691229 12
"564" 108.171994378357 109.394942832606 12
"565" 107.117965493659 116.206758840687 12
"566" 105.002227244 119.671442659817 12
"567" 106.889331861259 108.537193481358 12
"568" 105.072639873851 112.864213361477 12
"569" 102.993093614672 117.833356980537 12
"570" 108.139429747483 115.280596378394 12
"571" 105.921649664704 110.388432246724 12
"572" 101.8617102188 113.636472209531 12
"573" 106.86233678515 107.466454644942 12
"574" 102.061930045901 110.05042168157 12
"575" 145.51435155409 132.237083754743 13
"576" 143.863884921521 131.904162331962 13
"577" 149.626846831706 132.096428671521 13
"578" 149.710090001592 132.307373946504 13
"579" 145.198462634723 130.355764869521 13
"580" 99.8374911692839 112.593983698706 13
"581" 105.894116873722 111.449673979385 13
"582" 105.863299072071 111.164394029806 13
"583" 101.794128883756 113.420473931014 13
"584" 101.927015758145 108.689761083272 13
"585" 109.482816132622 110.503769160464 13
"586" 111.742488784809 91.8120044710412 13
"587" 112.945273334724 93.9050127603671 13
"588" 144.399247632779 131.194129313644 14
"589" 105.791924562836 111.285993339685 14
"590" 106.192922690921 114.598241780573 14
"591" 108.414630746957 115.544088483296 14
"592" 106.957766324692 115.635010853236 14
"593" 102.036441311574 105.913613019884 14
"594" 106.571881592926 109.837102217633 14
"595" 102.005220673008 112.126451467785 14
"596" 106.168843392927 116.689959308207 14
"597" 102.253400203467 119.855559168617 14
"598" 102.385037259873 108.843096647606 14
"599" 18.2697851359403 43.5243794743719 14
"600" 31.1001077802402 110.721407150179 14
"601" 113.038043973414 87.5101608194905 14
"602" 106.793209533466 115.658668112368 15
"603" 103.168469116879 115.839772680648 15
"604" 104.048480625576 109.975596019797 15
"605" 105.452243503355 116.827121394481 15
"606" 18.005045210813 43.932017819042 15
"607" 16.2293340332998 42.2267872565532 15
"608" 19.1536480595151 44.2656840208864 15
"609" 18.1637431093041 43.622379718716 15
"610" 18.987404489462 43.0894223170575 15
"611" 18.7676431782034 43.2466591791318 15
"612" 18.0217344487077 44.7332057919049 15
"613" 18.816486316758 44.7506219581689 15
"614" 18.6559924813329 43.0616543250437 15
"615" 17.8366013314462 49.1013541421604 15
"616" 18.3910290922541 43.6185430028041 15
"617" 18.4264832210692 43.8174773888424 15
"618" 17.5392705803245 42.0686831154655 15
"619" 19.7103570897565 45.625037918449 15
"620" 144.582185687178 131.259801389496 16
"621" 102.946236489321 116.095982231284 16
"622" 107.177196979821 112.702682973771 16
"623" 106.769267383254 116.227539817743 16
"624" 106.181270883403 115.265556436461 16
"625" 17.2299221282485 43.0924146304777 16
"626" 18.1630859231387 44.1745033647756 16
"627" 19.0059710457177 42.9609677294973 16
"628" 19.7709133122093 42.2040431016218 16
"629" 18.1256168004727 43.2763965375916 16
"630" 18.8034540913576 42.981544797511 16
"631" 19.3383203529956 45.6956511256068 16
"632" 17.2893236007057 45.1764706769742 16
"633" 18.4300675667235 44.5785904732759 16
"634" 19.4479579589708 40.2343331249208 16
"635" 19.1561764772943 44.4133757517183 16
"636" 18.5679503290112 42.6943590559849 16
"637" 18.4162614394611 45.1516989553819 16
"638" 17.2716722410102 48.9070265249546 16
"639" 17.7786058637919 43.3491587514835 16
"640" 19.0535721951757 43.2232204480985 16
"641" 17.4185384977524 44.0126167683122 16
"642" 17.2176497070801 47.3739257816601 16
"643" 18.4592479581497 43.7673871930109 16
"644" 18.3811338127872 41.7991276295052 16
"645" 18.6076435789282 44.0145448868492 16
"646" 17.8952692976178 44.8239905928463 16
"647" 17.7614448953528 41.8818939064482 16
"648" 19.061796013815 43.1850441537007 16
"649" 19.6730274673954 45.6381886607909 16
"650" 18.1143125589277 42.163308097875 16
"651" 18.3876504369493 41.6949589231236 16
"652" 16.8067529293423 46.7810476567795 16
"653" 17.3368943939399 41.9130606690776 16
"654" 17.868066046905 48.8950340940893 16
"655" 17.9982329216092 44.3540682384681 16
"656" 18.8722770686371 46.9995668417061 16
"657" 19.0284296724857 44.7966380515332 16
"658" 17.8820788959332 44.0693485065855 16
"659" 19.0443463987936 39.5096822848231 16
"660" 18.5814334633473 46.3567457487113 16
"661" 19.3217749053585 42.6823923588724 16
"662" 17.3021289114159 41.7840620709019 16
"663" 19.0784153155296 44.8856941737173 16
"664" 17.1996229547558 41.8984242174602 16
"665" 18.8178410155443 45.2102935941055 16
"666" 19.5988647813406 45.4470888166618 16
"667" 17.7216403506228 42.9262736593536 16
"668" 18.7821806504072 43.1977814220828 16
"669" 47.4641320787142 115.051619032639 16
"670" 108.053718631022 111.685604718699 17
"671" 102.10719005841 116.623022166792 17
"672" 107.022502264043 120.747258697929 17
"673" 18.2595476928653 41.7572070287424 17
"674" 17.6865198776417 44.8308222080899 17
"675" 17.7017127459355 43.5248018190423 17
"676" 18.3134885099049 42.2128479747555 17
"677" 17.5684511910832 44.0068706629356 17
"678" 18.5109420870702 46.4119404789886 17
"679" 19.6368922059449 46.5151056671334 17
"680" 19.3641390210176 45.4967240995284 17
"681" 19.868718034971 45.6079083446519 17
"682" 18.1191836601798 42.0270588617709 17
"683" 17.614616436468 42.8313008351674 17
"684" 16.5510525587668 48.6846528340386 17
"685" 19.2009953404654 44.0712681190715 17
"686" 19.358405574617 45.6547984086953 17
"687" 18.7510075645884 50.8261106756694 17
"688" 19.5901019582011 39.1791545635466 17
"689" 18.0510140339025 43.4416720249711 17
"690" 18.4980742686488 39.9466816348313 17
"691" 18.308700363576 47.3884006706055 17
"692" 19.0812544051191 46.2705635647254 17
"693" 19.4642038876513 44.7501652646576 17
"694" 18.8448143922637 45.0617299298271 17
"695" 20.4855002094658 40.3479623545728 17
"696" 19.2875233103237 45.9264855448861 17
"697" 19.3476349082222 49.3566888804762 17
"698" 17.8315375606551 43.2949788323896 17
"699" 18.166268925162 41.3380367175028 17
"700" 19.4692810134692 47.0954971098979 17
"701" 17.1678438529176 43.9683430844358 17
"702" 19.4587176183183 44.8689959030588 17
"703" 18.1483947473181 40.6003766695417 17
"704" 18.7650788807034 46.2975802735214 17
"705" 18.4747593333918 47.5044506585966 17
"706" 19.8982172721534 45.2116833451242 17
"707" 17.0642102659649 41.5628679837512 17
"708" 19.1244413955422 38.5968906449985 17
"709" 19.2543873378088 45.6969942418998 17
"710" 18.8461114152071 42.5456379451049 17
"711" 18.2960873931871 42.1621469026534 17
"712" 18.1356609768875 41.9583944462724 17
"713" 17.6674094827303 41.7287978844923 17
"714" 17.7077016881637 44.6495884721344 17
"715" 17.2122742707703 41.2368689244293 17
"716" 18.1281491388673 41.8690063261877 17
"717" 20.6677779869437 45.8795245085782 17
"718" 20.4925874477183 40.2468034729184 17
"719" 17.7004501276447 49.8492120256586 17
"720" 19.4044921927013 45.695510584039 17
"721" 18.7613896761236 42.8388171796382 17
"722" 19.441554392496 43.4166732009221 17
"723" 19.7448104297508 36.8731312737527 17
"724" 18.6622698472965 47.4737898709052 17
"725" 18.1415228899195 43.2156218548483 17
"726" 18.311002945661 43.9699484946628 17
"727" 17.7029162523059 48.7857317884451 17
"728" 19.7615512865049 43.67539609494 17
"729" 19.1850805056256 39.5726915157025 17
"730" 18.5883676277558 45.1680058911753 17
"731" 17.6234488451707 46.4975702952286 17
"732" 17.8951916984854 44.7305719092126 17
"733" 20.0127887408975 43.4059305924435 17
"734" 18.3398337098283 41.088254645647 17
"735" 18.2734089416908 47.9259530044768 17
"736" 17.3160965750118 42.4762269840577 17
"737" 17.2981103970611 43.9495754805802 17
"738" 19.5609813374406 49.0055767669714 17
"739" 17.9892285208925 42.1939137766722 17
"740" 18.4068452742016 38.6267938430103 17
"741" 19.8165521793121 42.2524421577423 17
"742" 17.8964851147429 42.9758313216175 17
"743" 19.4496757854582 40.7817218377287 17
"744" 118.017119770341 78.4848197112159 17
"745" 107.143772580434 122.254749664958 18
"746" 108.257000490907 110.151190726102 18
"747" 107.180402333579 111.608841829624 18
"748" 17.6743106574165 44.8969155639461 18
"749" 18.4965895389648 41.1904157412941 18
"750" 18.1970859033324 48.269076707105 18
"751" 17.7332498387635 42.57593928512 18
"752" 20.0455580155907 48.5193107813816 18
"753" 19.4431286769318 47.5206585155222 18
"754" 17.022080235592 45.0591812344871 18
"755" 18.5288585538475 41.0495643753287 18
"756" 19.6293413025127 43.0551968207333 18
"757" 17.5208316103128 41.8304312752968 18
"758" 18.8309381032891 42.1410574818082 18
"759" 17.129572552366 45.876646794694 18
"760" 18.4966574800054 40.835582018831 18
"761" 17.6175172813905 40.7340824400246 18
"762" 18.1093399443852 39.9895898688206 18
"763" 19.6430553349898 43.3013968754854 18
"764" 18.9265977609756 42.8802095844849 18
"765" 19.76196716582 47.7103653794309 18
"766" 17.7863427307729 44.7348278343816 18
"767" 19.3982775495261 39.1463018176973 18
"768" 17.9886641257986 39.9350873415573 18
"769" 20.0432404214521 49.2331614853528 18
"770" 19.1427238834314 39.1764212560046 18
"771" 17.7654123684833 42.6953086623232 18
"772" 19.455414078025 46.5086476787977 18
"773" 18.7559872222406 42.8232559174592 18
"774" 19.2528415178642 39.7300175891815 18
"775" 19.1678364582452 39.2148671736687 18
"776" 18.3133628906309 47.4325917225955 18
"777" 18.2243177243734 40.5335468893615 18
"778" 17.7127441971006 39.6141780140287 18
"779" 17.3217549040128 41.1180135284853 18
"780" 19.0219858121163 39.8751665026462 18
"781" 19.2478708681845 44.8762971352435 18
"782" 18.6851224767439 47.6934427367158 18
"783" 19.527897840771 45.0191058179517 18
"784" 17.5390443070955 41.3888023288344 18
"785" 17.9242707640923 44.9308529712458 18
"786" 17.4484843587942 38.3680398824975 18
"787" 18.4807088239299 49.2795443615345 18
"788" 18.2083991462888 41.120538011197 18
"789" 18.1270213498845 39.9424339559298 18
"790" 17.9480841976101 48.7260354787355 18
"791" 18.9085426376752 47.8203604838486 18
"792" 20.0117755441944 45.5042303276099 18
"793" 17.0985488661798 48.2461794266191 18
"794" 18.9084422693994 44.3017711052305 18
"795" 18.3550088881787 39.9807789776927 18
"796" 18.2275395574002 42.4112125065716 18
"797" 17.6642985094369 41.8159150107136 18
"798" 18.5234266107422 36.5027699990659 18
"799" 19.6206759998652 38.0834568341446 18
"800" 20.0267420931087 45.960059609776 18
"801" 16.9482850925061 41.0543176058257 18
"802" 18.3272737538613 41.3406701372049 18
"803" 17.2620186182841 45.0213173477486 18
"804" 19.6921790389104 39.570942701129 18
"805" 152.254770437442 36.8901316330813 18
"806" 19.7461594139584 37.0471194014808 19
"807" 18.9938890880204 38.5570757418409 19
"808" 17.4855212261069 35.6459188610891 19
"809" 18.9580277826364 41.0718904902113 19
"810" 18.3051349915574 41.076746558677 19
"811" 19.1830766637945 47.6389247764042 19
"812" 18.9483717985722 39.9856309425334 19
"813" 18.3947267218048 42.9602533074597 19
"814" 16.9500497307952 44.1216427019329 19
"815" 19.3373032937917 46.305589207292 19
"816" 18.4361974844486 40.2877919750304 19
"817" 19.6951624418892 43.2690354927865 19
"818" 18.2699905805674 47.1122696238579 19
"819" 20.2661096930419 40.581319147306 19
"820" 20.2594061462496 48.6793582097967 19
"821" 17.6606658461488 45.5925655944473 19
"822" 20.1393586559113 41.730064375774 19
"823" 18.501420166967 39.601902220715 19
"824" 18.8919282104096 41.9898905161276 19
"825" 18.4030247494994 40.8329337953263 19
"826" 19.22886132149 40.3656212213625 19
"827" 19.257485848668 47.6777410128634 19
"828" 18.0982310474366 48.2379389621734 19
"829" 19.1765449413255 47.7154463557394 19
"830" 18.1154090409511 40.2863780060125 19
"831" 18.5309183935544 46.7154584062548 19
"832" 18.7929592028282 41.0085394713143 19
"833" 18.2207414562213 46.6812861245583 19
"834" 18.4554909428847 39.6131248566482 19
"835" 18.3123751473263 45.8054035666356 19
"836" 18.4735471781686 33.933432437577 19
"837" 18.6996591525752 47.0843314991688 19
"838" 17.8836728973752 39.1965385563064 19
"839" 17.3324884719931 45.4470624773673 19
"840" 17.9782712104706 40.6091206251805 19
"841" 18.5785466557698 45.680866705986 19
"842" 17.1185880743112 40.803874992838 19
"843" 18.9038653041403 38.7056191181035 19
"844" 19.4809649208049 43.0905819650285 19
"845" 17.650453483594 45.4226849348114 19
"846" 19.7574337508899 39.2220212278303 19
"847" 17.9190269979385 45.0347381699984 19
"848" 17.0932657462147 40.6169709762463 19
"849" 19.0904471226669 46.6237233351168 19
"850" 19.5895001023047 42.5829423207275 19
"851" 17.0028237935576 43.1787486568794 19
"852" 18.3104730315155 40.0830951958929 19
"853" 19.6794357310421 48.9797763649871 19
"854" 17.3349992727185 38.3817501872138 19
"855" 18.4841593806619 40.0713236983159 19
"856" 19.0818345367218 39.16543093231 19
"857" 19.1177012935037 47.8806472685287 19
"858" 19.2956240453127 36.2904147852387 19
"859" 71.9617278464789 37.2371442248032 19
"860" 17.8776602780249 43.7621445182924 19
"861" 102.344618395012 112.66468340757 20
"862" 104.698959151273 112.544904280471 20
"863" 103.203724071406 104.53655099804 20
"864" 18.850039358291 40.196415380527 20
"865" 17.8057199543682 39.7084543712142 20
"866" 17.821461559259 46.9407071258713 20
"867" 19.0748334186609 39.8903592834705 20
"868" 18.624855395034 40.4659142922405 20
"869" 17.810152565476 46.9155577628363 20
"870" 19.0561693892052 42.2171945431979 20
"871" 18.2519522471109 39.7796741664617 20
"872" 18.6636056470379 40.388480286271 20
"873" 17.0207285498826 47.6082470376753 20
"874" 18.3402296151028 41.3230313271676 20
"875" 18.8743409919173 35.0707223854456 20
"876" 18.6154060135044 40.42265419477 20
"877" 18.0720124861637 38.8202059396896 20
"878" 17.7268452513061 46.8052609957086 20
"879" 17.8920000842637 46.0923532699993 20
"880" 16.8157162661381 37.8503493761675 20
"881" 19.2312636330233 43.085256495096 20
"882" 17.8245697815306 45.6169266855015 20
"883" 17.9407547778409 45.7481486581092 20
"884" 19.5964937254417 40.4852588553615 20
"885" 18.9218295821095 45.9148136101108 20
"886" 17.5264744500819 39.8277430954283 20
"887" 18.9047826816476 36.7685345132165 20
"888" 18.4512490972803 41.0921578159034 20
"889" 17.7912817078556 38.2742325916029 20
"890" 125.393710624928 53.8026470467771 20
"891" 102.468648759892 111.813547107579 21
"892" 103.979287493615 105.346945036409 21
"893" 19.2826787100984 36.0015709619336 21
"894" 19.1292434186745 45.2781413597785 21
"895" 18.8063775220355 39.6868405580205 21
"896" 18.8547435148414 40.3593699680267 21
"897" 18.6480931755801 43.4021270824061 21
"898" 20.1950197367926 46.625293843105 21
"899" 17.8776196011886 46.2763452841975 21
"900" 17.8076988482747 46.2532478835383 21
"901" 18.836574928424 45.486888758562 21
"902" 18.2189747700735 39.2636337195815 21
"903" 17.7277090433595 47.2744273959872 21
"904" 18.835066070996 40.3994170148839 21
"905" 16.6553032942357 37.3863285191681 21
"906" 18.7309706034636 40.2487107927099 21
"907" 18.207827746756 37.0801013404141 21
"908" 18.7705602838543 36.8113151205388 21
"909" 18.3333660056123 39.280788517962 21
"910" 20.0681788554016 41.9416194111631 21
"911" 19.8112030841016 47.4369093661835 21
"912" 23.1266390187979 51.1495391814277 21
"913" 72.7010107564216 33.0448397909329 21
"914" 91.04894484627 52.9272273219593 21
"915" 104.236586091367 121.763408274183 22
"916" 109.018348651309 118.809628478208 22
"917" 99.1206252439828 105.619510535545 22
"918" 102.066312285463 113.772118800008 22
"919" 106.031793773515 123.790973995195 22
"920" 19.202792286274 36.9911321187543 22
"921" 19.1100340375524 42.8017774677722 22
"922" 17.0960079278898 43.6182966476422 22
"923" 20.5416446615492 41.4089064919071 22
"924" 16.2878155969732 39.4971343250277 22
"925" 19.0252162671493 37.0840321764261 22
"926" 19.1663285766823 40.4395644663292 22
"927" 17.2763974187413 39.1404681497796 22
"928" 18.2175647754355 37.0072112531804 22
"929" 18.5627920177819 41.3456104186643 22
"930" 19.2238325321295 46.9800460374612 22
"931" 74.4979574723006 97.7645266824501 22
"932" 16.8986933808437 36.373311118554 22
"933" 109.108028566963 116.906977030344 23
"934" 102.994420877556 109.336554589421 23
"935" 97.1479580107727 114.158917546519 23
"936" 109.336694352902 115.788080001048 23
"937" 17.3541959162632 46.4417213972781 23
"938" 16.9973921653528 39.5409648536238 23
"939" 18.4174487108965 37.7145095337859 23
"940" 18.7323511435823 38.4815598128134 23
"941" 19.183024857822 40.858525517094 23
"942" 20.3144914807079 42.4669026950423 23
"943" 18.6378480892372 50.2510103715733 23
"944" 115.742994659471 101.896384095316 23
"945" 103.411904966273 80.9223527939756 23
"946" 25.0462186791646 52.7218653827781 23
"947" 16.5384845687144 39.6685369279433 23
"948" 110.648404161606 119.734687416638 24
"949" 19.0023043982427 33.4905494953539 24
"950" 17.2971016872709 36.5443911961531 24
"951" 19.7462249940071 50.7648385987982 24
"952" 17.6474144730549 37.5305106353099 24
"953" 20.017197606031 51.4779913949481 24
"954" 18.0573534896307 50.0142961026857 24
"955" 116.206145817377 91.2861472386229 24
"956" 93.6542156080372 128.20370636308 24
"957" 33.5592460590616 113.644837741426 24
"958" 105.595940479834 108.750392087423 25
"959" 17.9138289110086 35.3560094235247 25
"960" 18.3389045433274 37.6531772920707 25
"961" 18.17982943473 37.4328139669385 25
"962" 19.095491127459 33.1421248507066 25
"963" 18.9524729782357 32.3261860184301 25
"964" 15.8571130205774 37.8878330803175 26
"965" 18.9645655367517 38.0644830933535 27
"966" 18.0244473234871 35.0270009457333 27
"967" 18.8571465408605 49.4325849051269 27
"968" 16.6796328424431 45.8890833072338 28
"969" 19.6319308590036 50.9111788171542 28
"970" 17.9291159286203 34.9355592197778 28
