"V1" "V2" "V3" "V4" "V5"
"1" 148.364417401506 20.2999080337087 1 1 27
"2" 154.969480945189 21.1604449636032 1 2 20
"3" 147.832031588365 24.7426032887745 1 3 11
"4" 150.385618301331 23.7559377862841 1 4 9
"5" 152.042538558123 22.3584978778245 2 5 11
"6" 149.211263731201 21.3892306437124 2 6 11
"7" 155.029466821175 24.3960216542348 2 7 25
"8" 152.359526361224 19.0779560436895 1 8 8
"9" 150.298743276526 24.1889410255404 1 9 9
"10" 149.202495706678 27.0045612646793 1 10 10
"11" 147.17451435354 19.8514595949332 1 11 8
"12" 147.380417128858 27.8440206752358 1 12 16
"13" 156.806051533981 19.4991244617566 0 13 0
"14" 153.641994617965 21.7237249051808 1 14 20
"15" 152.070030046199 23.6562272593039 2 15 8
"16" 145.117673131846 21.2236490384005 1 16 33
"17" 147.768223737767 22.7367610670541 1 17 30
"18" 151.921893712214 24.5372210028296 2 18 8
"19" 150.976919741516 20.8675872665217 2 19 8
"20" 150.786745024429 23.194476519888 1 20 8
"21" 148.663535610248 24.8218390765344 2 21 11
"22" 146.683829010401 22.196168200255 2 22 11
"23" 152.831251427108 25.476993626657 1 23 8
"24" 148.741068977613 23.7337955529103 2 24 8
"25" 150.077548491653 25.8263368790145 2 25 13
"26" 148.256559832142 22.07151448469 2 26 10
"27" 148.411325478841 26.4789752418386 2 27 13
"28" 152.566910815099 25.5625064538684 2 28 13
"29" 147.690554825052 25.6277865680093 1 29 11
"30" 149.922357640879 27.4497141036436 1 30 15
"31" 149.889883177957 21.8247674619736 2 31 15
"32" 145.626907193024 23.5759475573655 1 32 16
"33" 154.86198588065 21.5459637785086 1 33 26
"34" 151.823138491205 22.8209957279469 1 34 10
"35" 150.316216058238 25.995833123897 2 35 12
"36" 153.575396019105 27.8107059675942 1 36 12
"37" 147.604350910107 18.8603055035636 2 37 7
"38" 148.647668052078 25.2380244167219 1 38 11
"39" 153.598735893976 24.3495231789336 1 39 7
"40" 150.201373057662 19.8960003302495 2 40 23
"41" 153.941570059868 20.8618574669399 2 41 12
"42" 148.362345471261 23.8323420499251 1 42 7
"43" 155.94080301159 25.5402451806024 1 43 9
"44" 154.378089506481 20.9651436218822 1 44 19
"45" 148.425057946785 22.7608285519045 2 45 9
"46" 152.533468284194 23.7271022429993 2 46 8
"47" 149.071105319199 23.7876133890411 1 47 8
"48" 155.018279830082 26.8744746160277 2 48 8
"49" 148.474890132031 23.0517631490784 2 49 10
"50" 151.027345129865 25.1362881210693 2 50 11
"51" 152.184728978275 24.5398694274892 2 51 10
"52" 151.162813240153 22.846327860457 2 52 10
"53" 149.155473893276 23.9394909398662 2 53 7
"54" 156.438296715533 27.6719635345 2 54 48
"55" 147.919650775408 19.239068920602 2 55 18
"56" 149.846127972433 20.7100921026404 2 56 9
"57" 149.696977021355 25.2688560500949 2 57 8
"58" 149.359121194003 23.0706778349473 2 58 38
"59" 153.235016230032 26.0470087599796 1 59 10
"60" 151.10078681133 21.0457575560283 1 60 8
"61" 153.189161063525 20.0631398332672 2 61 7
"62" 147.462702891718 29.844676917723 1 62 21
"63" 149.931474405596 24.4626947003093 2 63 9
"64" 153.237073156397 18.6355989360403 1 64 8
"65" 153.510844769926 24.0627946712193 1 65 8
"66" 150.555362069786 22.5324392615222 1 66 6
"67" 145.019021436096 26.1571391206178 2 67 24
"68" 148.666966502261 17.9794015198992 1 68 30
"69" 150.177943539918 19.0156396691993 1 69 10
"70" 153.714259515323 23.8622552889774 2 70 11
"71" 153.119827028559 25.2573945095453 1 71 7
"72" 152.043062212617 22.7919496603617 2 72 9
"73" 154.826833189194 29.0142307648455 1 73 12
"74" 150.629872112797 20.626956475084 2 74 10
"75" 148.38631292771 25.6870357842445 1 75 21
"76" 147.297316884252 25.357441245113 2 76 11
"77" 149.820884648896 22.2392750464079 2 77 20
"78" 150.2021968341 21.0566447145688 2 78 15
"79" 154.729318864114 25.1768781828575 2 79 7
"80" 143.671568932367 24.3320954608962 1 80 18
"81" 146.385266002077 24.3507588702853 2 81 20
"82" 155.572500733834 25.1846622747432 2 82 9
"83" 144.305211942213 23.2063702002998 2 83 12
"84" 146.511752311082 19.5338759702911 1 84 14
"85" 153.2095401465 23.8136608519683 1 85 17
"86" 158.505692931782 22.3431541937714 1 86 33
"87" 151.687088602856 23.9584229824392 2 87 11
"88" 148.428912115179 21.7755189736838 1 88 11
"89" 150.934558187084 23.8136130947933 2 89 8
"90" 152.799615430652 23.7165925344455 2 90 10
"91" 147.831078284511 21.6890313445999 2 91 12
"92" 150.72930773895 24.1985900465335 2 92 11
"93" 144.342756087654 23.1540745339544 1 93 13
"94" 148.287375092678 20.9892503225852 1 94 28
"95" 144.311956154698 21.8436539048371 1 95 14
"96" 152.174695894492 21.1074020002936 2 96 19
"97" 151.239245904936 22.2730235716179 1 97 15
"98" 151.051334600936 25.227508180369 1 98 10
"99" 145.634601922007 20.4885795760282 1 99 12
"100" 148.976386604452 25.6900871366956 1 100 9
"101" 153.89458393952 25.2616951535796 1 101 9
"102" 154.117860036721 24.0008780319604 1 102 17
"103" 154.061475872911 24.7018141923694 2 103 8
"104" 150.429478858156 25.4792905330687 2 104 11
"105" 149.01799288779 26.0760656798781 2 105 12
"106" 147.745196273738 25.5084819091192 1 106 10
"107" 147.102543023965 21.4806555443198 1 107 28
"108" 153.398737143034 30.974428509742 2 108 32
"109" 152.7595257855 23.3678445873376 2 109 13
"110" 151.540183623647 23.2690561355068 2 110 9
"111" 154.943234155009 15.6543435819273 2 111 16
"112" 154.090938869642 25.630383345398 1 112 11
"113" 146.32404018642 18.8359781775823 1 113 15
"114" 153.228759888645 24.7491228894968 2 114 6
"115" 148.670099427036 26.1185970431721 1 115 18
"116" 151.192898784342 24.0854046536787 2 116 10
"117" 155.949437311584 23.7647006318629 1 117 22
"118" 146.833871945377 21.3417947060911 2 118 8
"119" 150.066282896026 23.5389908155872 1 119 7
"120" 147.947051950524 24.1173984877587 1 120 8
"121" 154.571807378088 20.5273431393021 1 121 15
"122" 148.163213857068 25.3978707994774 2 122 16
"123" 154.319176843175 17.089968060079 1 123 46
"124" 150.517637652459 21.1159370618683 2 124 12
"125" 151.824246324289 23.195083867401 1 125 10
"126" 149.379159864967 20.855188144284 2 126 10
"127" 151.007374405777 22.8882322692883 2 127 9
"128" 145.406850481511 28.5996314184864 2 128 9
"129" 151.138330405449 23.8424291441595 1 129 7
"130" 150.959669430263 24.0644740101028 1 130 11
"131" 151.082646232584 24.4142409405897 1 131 8
"132" 153.592186927924 24.2984486493916 1 132 8
"133" 152.029023447313 24.6229573968404 2 133 7
"134" 150.449285690051 25.5608841553212 2 134 10
"135" 149.64688357161 22.5900015225993 2 135 15
"136" 148.308647275991 24.9156342777386 2 136 13
"137" 149.634293699053 24.0469266684644 1 137 12
"138" 153.893875582528 19.3478465419796 1 138 14
"139" 150.336913389981 26.1767540301696 2 139 11
"140" 151.199311764026 26.5697895933697 1 140 14
"141" 151.90903532033 23.1856330326397 2 141 9
"142" 143.111032298976 27.2346771506101 2 142 35
"143" 156.922478313911 25.6108270550458 1 143 12
"144" 151.369515500045 25.9629727732606 1 144 10
"145" 150.047640777176 26.8959070709744 2 145 11
"146" 153.943242353494 23.5092221058977 2 146 12
"147" 146.172733811355 24.9403803851835 2 147 28
"148" 147.292142619693 27.48352151216 1 148 23
"149" 145.945062384073 25.48531339818 1 149 12
"150" 150.769398826187 18.9767331302841 1 150 12
"151" 152.591298420832 24.780075840167 2 151 14
"152" 146.86136594651 18.9014713022252 1 152 14
"153" 151.782766701459 25.5425786687025 1 153 9
"154" 146.621687191292 22.7565261112184 2 154 9
"155" 152.773482129893 22.553570736399 1 155 13
"156" 150.589006557089 25.3834162184927 2 156 11
"157" 151.583636862251 20.6733337106927 2 157 12
"158" 146.825930507237 24.216976999616 2 158 14
"159" 151.020905303305 24.8391155088077 1 159 9
"160" 148.649029303447 19.6014263638365 1 160 14
"161" 152.020431716013 24.6781424624055 1 161 8
"162" 148.661738669147 20.2996672303783 2 162 13
"163" 149.907101963203 22.9768336180741 1 163 15
"164" 143.326121617132 23.6906952647532 1 164 5
"165" 152.586762508661 23.835643586524 1 165 8
"166" 151.409366698746 24.4787565442 1 166 10
"167" 150.057149399338 23.9672394814949 1 167 17
"168" 154.685068279571 19.6966658560833 2 168 14
"169" 146.960002619296 22.5894022782002 2 169 7
"170" 150.614065626974 21.3038436950284 2 170 10
"171" 148.388986035836 28.1844960318545 2 171 20
"172" 146.224754678283 19.2043939650092 1 172 14
"173" 153.917627066634 25.9466172977519 2 173 15
"174" 151.824520450546 25.2004739334106 2 174 8
"175" 150.139012795325 23.0508592190144 2 175 8
"176" 154.937873709347 22.4413952003382 1 176 43
"177" 146.085926036984 22.5404446970363 2 177 13
"178" 153.758371157469 23.357190814295 1 178 12
"179" 149.419389199484 24.7742806261081 2 179 11
"180" 151.909667404799 23.9990809587253 2 180 10
"181" 145.382495560603 18.814365311872 2 181 22
"182" 150.526360364521 24.7010688533438 2 182 33
"183" 153.961874304337 19.492886965127 1 183 19
"184" 143.247819693806 27.5908912302062 1 184 33
"185" 147.585507520912 20.0282160141286 1 185 8
"186" 145.551454496065 25.201462409749 2 186 11
"187" 151.448341260152 23.5029819350911 1 187 10
"188" 145.569046295957 18.9693070510044 2 188 22
"189" 149.282668337848 20.421463005024 2 189 12
"190" 148.522679985285 22.6148721463166 2 190 13
"191" 155.471815868027 19.2372728577086 1 191 10
"192" 149.673243636731 21.2438199286591 2 192 11
"193" 150.554760935343 22.1677865209342 2 193 8
"194" 148.080891542668 24.1225541642116 2 194 9
"195" 148.31625622156 26.6708065843065 1 195 16
"196" 148.707900436707 23.456035344378 1 196 15
"197" 152.697839449774 22.134323680437 2 197 13
"198" 151.732376127409 24.3232263807688 1 198 8
"199" 152.41548166925 26.0251874700041 2 199 8
"200" 147.444916518736 24.5858533014963 2 200 10
"201" 150.554560430856 22.7710565407065 2 201 12
"202" 152.773528288213 21.5220705737462 1 202 12
"203" 149.936604425768 24.1957337238593 2 203 16
"204" 151.817961171342 23.0437007785015 1 204 10
"205" 152.521384331487 25.9880735530008 2 205 7
"206" 147.757134860337 26.0069712910645 1 206 14
"207" 143.348886169074 24.043691016118 2 207 6
"208" 151.67277516386 26.6160240293553 2 208 9
"209" 149.552002184485 22.4007700347283 2 209 11
"210" 153.023981894686 20.5335551617245 1 210 9
"211" 155.236444751354 18.3196954658919 2 211 13
"212" 147.037400534941 25.7275023810108 2 212 22
"213" 147.147661325633 24.1243831676054 1 213 14
"214" 152.417580014536 22.927271276661 2 214 7
"215" 150.824739220152 23.6647675364491 1 215 8
"216" 153.523194002252 25.148600779887 1 216 7
"217" 149.610471987964 26.4347773386167 2 217 9
"218" 153.864192930465 23.2958803884484 2 218 11
"219" 149.693094898315 27.1322269936315 2 219 14
"220" 146.909683860769 24.788553728882 2 220 28
"221" 155.297574784266 23.4234848197169 1 221 18
"222" 152.69204737712 23.7977254482667 1 222 9
"223" 146.127392110497 19.5764854209986 1 223 12
"224" 154.205733119826 24.5476435779167 1 224 7
"225" 148.850908142422 20.8168893485064 2 225 11
"226" 148.73201442023 22.6703294034529 2 226 8
"227" 154.243157588063 27.7856631054596 1 227 13
"228" 146.345671838163 21.4614935031478 1 228 9
"229" 149.058225418668 21.1468438399487 2 229 10
"230" 152.77714374202 24.5500833139134 1 230 11
"231" 153.531326968132 23.3778110226583 1 231 10
"232" 155.491190564683 18.3665893814616 2 232 14
"233" 152.720830951775 21.2218259636291 2 233 10
"234" 149.149923150231 26.8288297255348 2 234 9
"235" 147.867508578717 21.6882569668219 2 235 11
"236" 149.865431041101 22.6774984629529 1 236 15
"237" 150.723480869459 23.6344941103101 2 237 9
"238" 146.208211686785 20.1258162717109 1 238 21
"239" 152.834553620929 22.6426628377356 2 239 13
"240" 152.998452598732 24.8287223080308 1 240 7
"241" 146.811764109096 20.8136536666854 2 241 6
"242" 159.094229477954 24.0097109768096 2 242 19
"243" 152.37292726828 22.8070774456436 1 243 8
"244" 155.796479607724 26.0492709261369 1 244 14
"245" 148.408760330516 23.0384092052513 2 245 10
"246" 147.824825308693 24.0825199780806 2 246 9
"247" 152.31046475071 22.2418666880334 2 247 12
"248" 149.123818053294 21.4081601132015 2 248 10
"249" 153.130539152833 29.1937158596565 2 249 37
"250" 147.66429774551 28.9291770555225 2 250 12
"251" 154.4624586587 22.3972757534877 2 251 24
"252" 147.435866521789 23.1773273409313 2 252 34
"253" 150.532755041662 19.0198727775031 2 253 11
"254" 152.800933561287 16.7323544387266 1 254 15
"255" 150.629766954306 24.1810624418214 1 255 12
"256" 150.937295998354 21.3001214230988 2 256 7
"257" 147.651954133946 21.1761091566538 1 257 45
"258" 150.824349799552 18.4720551427611 1 258 8
"259" 149.296723119017 26.3059641229278 1 259 10
"260" 152.702670884072 19.8548138249683 1 260 16
"261" 152.432074532743 19.985333541812 2 261 19
"262" 144.741675946561 24.8696535354697 1 262 20
"263" 144.953446595679 20.0536799167168 2 263 13
"264" 158.13635077257 23.1029300301049 2 264 34
"265" 153.287514245222 22.427910162361 2 265 18
"266" 152.223615618264 22.1758613983118 1 266 13
"267" 155.557501894671 3.62722075683484 1 267 9
"268" 155.175376692357 1.05878990937212 1 268 12
"269" 155.236993184811 8.84203671456265 1 269 11
"270" 155.325567396882 2.45599236978299 1 270 10
"271" 155.150554609382 0.765629886419724 2 271 11
"272" 155.07537098373 1.4239061957367 1 272 12
"273" 155.207132465993 1.55137274381183 2 273 9
"274" 154.992392254369 5.31139717426997 1 274 10
"275" 154.958553433185 9.72688851475687 1 275 11
"276" 155.326160565978 2.78934810111672 1 276 9
"277" 154.769067140193 3.4807854004759 2 277 10
"278" 154.822486248477 -0.0874640800535382 1 278 11
"279" 155.382623047506 4.48828482202757 2 279 9
"280" 155.505123387327 3.99384559314772 1 280 10
"281" 155.388312153792 2.43072185863471 2 281 10
"282" 154.905443464594 3.37962877373885 2 282 8
"283" 154.984862515409 -1.42168761557892 1 283 10
"284" 155.529039732393 4.12069415087355 2 284 9
"285" 155.174059128632 5.38057275340544 1 285 9
"286" 154.992301010799 4.74933856863914 1 286 8
"287" 155.113606564065 7.06276818766083 2 287 10
"288" 155.324974306816 5.21820993978168 2 288 9
"289" 155.273500333706 7.73065627471209 2 289 11
"290" 154.887448520389 1.8323393523249 1 290 10
"291" 155.336256410667 6.03384886480214 2 291 10
"292" 154.97625260722 8.12263968110187 2 292 10
"293" 155.473510404526 3.5881277403188 1 293 10
"294" 155.203451665153 4.53426324912398 2 294 9
"295" 155.02037102886 3.50769701369751 2 295 9
"296" 155.491637825488 3.11540319259186 1 296 11
"297" 155.275210704008 7.03765269687622 1 297 11
"298" 155.159363623909 6.72342452587759 1 298 9
"299" 155.076039241449 3.93214249250871 1 299 9
"300" 155.40292297147 -1.92297781081828 2 300 13
"301" 155.235521849308 11.1360901653985 1 301 17
"302" 155.258643053492 7.15925820177524 2 302 10
"303" 155.54883407966 -0.684655292855058 2 303 12
"304" 155.083385267967 3.2561669788725 1 304 10
"305" 155.175072616879 6.4418153918274 1 305 10
"306" 155.5829771958 4.95526886916188 1 306 10
"307" 155.379146092073 6.0408995019543 2 307 11
"308" 155.110249869436 6.34856324414853 1 308 9
"309" 155.565869613044 3.44549221952765 2 309 10
"310" 155.09604516974 8.30881086849446 2 310 10
"311" 154.863785134786 6.6724327585723 2 311 11
"312" 155.707619264449 -1.56835638548846 1 312 9
"313" 155.453983025233 4.79053199770556 2 313 8
"314" 155.153221277563 -0.606771771835267 2 314 10
"315" 155.191843143459 4.02859099109437 2 315 9
"316" 154.998908184155 4.11820972767847 1 316 9
"317" 155.498688875405 10.0995049141468 2 317 25
"318" 155.15708634602 5.08639154263499 1 318 8
"319" 154.956174709341 0.349768613372285 1 319 9
"320" 155.316411031766 2.04414854688909 2 320 10
"321" 155.031611461547 2.78474598530296 1 321 13
"322" 155.219671767072 8.15864640660134 1 322 12
"323" 154.808455190575 4.06495397840034 1 323 9
"324" 155.113596845497 -0.219486760385584 1 324 9
"325" 155.188043736698 2.59869410113823 2 325 10
"326" 155.322877524045 2.74603429930171 2 326 9
"327" 155.618352979706 -1.38540651819997 1 327 13
"328" 155.176789994261 6.3813892625984 2 328 9
"329" 155.305677268537 5.65094287719661 2 329 10
"330" 155.070272728364 5.12200199420861 2 330 9
"331" 155.040545769622 7.30255581154152 2 331 10
"332" 154.705087174546 3.37927884206803 1 332 9
"333" 154.758679685684 4.65492904307486 1 333 12
"334" 155.183261213192 2.94776954096571 2 334 10
"335" 155.493343033693 -0.206162815722838 2 335 10
"336" 155.335286171996 5.69607570738627 2 336 10
"337" 155.4713460176 0.631427763148213 2 337 11
"338" 154.814617902139 4.10530768397535 2 338 10
"339" 154.630567090977 0.497576456498891 1 339 10
"340" 154.688550354835 3.08789916102611 2 340 10
"341" 155.270147842654 2.28121703123585 1 341 10
"342" 155.053036009105 9.36618186670716 2 342 10
"343" 155.181384228821 7.95480347314595 1 343 9
"344" 154.964393342095 4.14352088866681 1 344 9
"345" 154.87799401872 2.83747165456051 1 345 10
"346" 155.288805265305 4.223747001088 2 346 8
"347" 155.444106322672 4.10737825260284 1 347 8
"348" 155.602148938488 -4.84052156481695 1 348 8
"349" 155.564069510331 8.1514583786256 2 349 11
"350" 155.073994176539 4.1075007516776 2 350 8
"351" 155.711128032976 5.27001708337555 1 351 14
"352" 155.363102329203 0.499993924264922 2 352 10
"353" 155.626485494151 3.15801405192598 2 353 11
"354" 155.195041559349 7.23514198817042 1 354 9
"355" 155.324962719688 2.26568214275528 1 355 10
"356" 154.860498547688 -1.47705184055273 1 356 10
"357" 155.385739643012 8.8125599494834 1 357 10
"358" 155.089741122246 -1.89294970323635 2 358 11
"359" 155.122878014698 6.24679164642114 1 359 10
"360" 154.953350188368 8.02167554375477 1 360 10
"361" 155.026716024617 -1.67670309215037 1 361 10
"362" 155.247027946067 2.18128164310171 1 362 10
"363" 155.150446594255 0.437763044667297 1 363 10
"364" 154.998711424803 1.50198817844169 2 364 11
"365" 155.376569773352 1.81033830468563 1 365 9
"366" 155.268707407358 8.72678523186356 1 366 12
"367" 155.504201291871 6.88603048632941 1 367 9
"368" 155.109543967944 11.1848771089267 1 368 18
"369" 155.702076609384 5.34615040824218 2 369 13
"370" 155.407749708143 7.44452739237695 1 370 11
"371" 155.642968470748 -3.13402843884412 2 371 9
"372" 155.259305164136 2.92553354626685 2 372 11
"373" 154.921132283856 4.03445820229642 2 373 10
"374" 155.464409185362 4.41208210176571 2 374 8
"375" 155.430964052855 4.79691393843989 2 375 9
"376" 155.125257193709 2.54620433286947 1 376 11
"377" 155.281038376077 -0.805815223689192 2 377 11
"378" 155.022401051467 0.548894990357069 1 378 11
"379" 155.015126196265 10.2299838308815 1 379 13
"380" 154.973718494752 5.98494108281592 1 380 11
"381" 154.962906408591 4.25193595865945 1 381 10
"382" 155.237195317421 4.26358218448579 1 382 8
"383" 155.281383873795 4.69873987702083 2 383 9
"384" 155.468303732855 -0.296130824961168 1 384 11
"385" 155.279930800791 4.65538151843166 1 385 8
"386" 155.178744770835 5.61667236402026 2 386 10
"387" 155.055131370554 3.28261026622035 1 387 9
"388" 155.337236288607 1.94046893026733 2 388 10
"389" 154.948746631536 3.17914954034851 2 389 10
"390" 155.089786088442 4.59557110862957 2 390 9
"391" 155.310097651318 -1.39363934990642 2 391 11
"392" 155.146034940658 6.80904048883265 1 392 9
"393" 155.036869558337 2.19962579516499 1 393 13
"394" 155.266633373906 4.50228401730835 2 394 8
"395" 155.202280520479 -0.0642749685108051 1 395 10
"396" 155.61073018607 -1.20605002592111 2 396 12
"397" 154.871940068975 1.91127647387026 1 397 11
"398" 155.254946585796 5.38708872791619 2 398 10
"399" 155.044749749487 7.06056339911138 2 399 11
"400" 155.095069208847 8.9560920912888 1 400 11
"401" 155.319727967136 -0.90869338723138 2 401 11
"402" 155.051941781556 1.02102182578447 2 402 12
"403" 154.719563496077 9.2732645640062 1 403 12
"404" 155.485450631003 0.582929073511251 1 404 10
"405" 155.247426485443 4.90195493301887 1 405 8
"406" 155.185736577269 3.08382742494822 2 406 10
"407" 155.519825325127 3.38575332637962 2 407 10
"408" 155.46910710075 0.0892728701979437 2 408 10
"409" 155.728873261474 4.17882136103939 2 409 9
"410" 155.274609163564 4.25273481209031 2 410 8
"411" 155.459556925128 3.47360269337796 1 411 11
"412" 155.052437721677 10.3520539516767 2 412 12
"413" 155.527178333275 1.81816421852502 1 413 10
"414" 155.198711631784 5.30681985147359 2 414 9
"415" 154.918542426397 -1.67978208626327 1 415 9
"416" 155.100154464881 -5.86205737711728 2 416 23
"417" 155.37916651896 2.29160767698644 1 417 9
"418" 155.215400695948 3.96442901663935 2 418 8
"419" 155.356753079926 1.04014711412389 1 419 10
"420" 155.224994612648 7.3663472786295 2 420 10
"421" 155.550149303794 0.793613386293516 2 421 11
"422" 155.135848679437 0.9317730881847 2 422 11
"423" 154.7016329703 1.00568684739967 2 423 21
"424" 154.53203220843 4.06580308268915 1 424 12
"425" 154.635078961746 1.85434520334993 1 425 10
"426" 154.728618092268 4.91270021915096 2 426 11
"427" 154.645060774576 8.50272894762345 2 427 14
"428" 155.397951539196 5.11054426933836 2 428 9
"429" 155.386499573245 4.31495999175179 2 429 7
"430" 155.544702687903 8.03405057136171 1 430 10
"431" 155.33979660957 2.99173185465535 1 431 10
"432" 155.37183801918 6.7948229055314 2 432 8
"433" 155.235597274613 -4.35873165985728 1 433 9
"434" 155.27490842816 1.13285398576925 1 434 11
"435" 155.259787477075 0.085679927101745 2 435 13
"436" 155.427228069564 4.75635882405587 1 436 9
"437" 155.697708887846 0.189932938986969 1 437 10
"438" 155.048564194475 -0.118969647438588 2 438 8
"439" 155.292952029651 -3.17612209425782 2 439 12
"440" 14.2875081463516 99.8981679354927 2 440 8
"441" 19.0443415235962 94.6699704460596 1 441 25
"442" 14.6818660282638 94.4519287823922 1 442 6
"443" 20.3424067503749 102.380451208308 2 443 20
"444" 11.4581819499952 99.1269575867518 2 444 8
"445" 15.8553575593009 92.185688368162 2 445 6
"446" 14.853698555557 94.2094354360662 1 446 6
"447" 17.4186854977884 101.426154217549 2 447 18
"448" 14.7192372571609 95.0873342531142 2 448 5
"449" 16.8084332273075 92.5015127044837 1 449 8
"450" 15.4725794306454 97.4659319655231 2 450 5
"451" 15.8692924733076 95.3963218290134 1 451 11
"452" 17.0763139651706 93.2463890465183 2 452 5
"453" 16.2174295535659 91.1845873598247 2 453 9
"454" 15.093978503322 95.0686814988443 1 454 7
"455" 14.8982100152569 98.5101631495168 2 455 3
"456" 11.8831816699287 91.5864395220534 2 456 38
"457" 17.5922925464827 102.213294040909 1 457 3
"458" 14.7947306053751 96.7021530869823 2 458 5
"459" 15.5426336151931 90.3476351266504 1 459 12
"460" 16.3897119551434 91.9948498766644 1 460 6
"461" 15.6304129524828 95.5330564907605 1 461 7
"462" 15.2183938600716 98.4798419029093 2 462 3
"463" 15.2684319952811 97.9396079055967 2 463 5
"464" 16.8504505317339 92.8187761016131 2 464 8
"465" 16.6922740847147 88.7916664282329 2 465 5
"466" 15.8601278844138 94.2020593473691 1 466 4
"467" 12.5761114913219 81.5914120681462 2 467 14
"468" 15.7116996428693 91.2117705718976 1 468 5
"469" 17.6417928804993 98.5139327379786 2 469 8
"470" 14.889712274906 101.075613192316 2 470 5
"471" 16.7616283463945 88.4689518967759 1 471 4
"472" 15.8785346591385 90.2427810840892 1 472 11
"473" 17.306925680525 93.0110088125895 1 473 8
"474" 14.7862732955416 93.436211293863 1 474 5
"475" 15.0670738669084 91.1614925961414 2 475 20
"476" 13.8510581890292 92.7535583445854 1 476 6
"477" 11.0478566596424 96.2888358508302 1 477 39
"478" 15.2958131560007 87.2209720156465 1 478 16
"479" 17.9397372467959 86.5315620908122 2 479 11
"480" 15.3306547950068 100.667757721174 1 480 6
"481" 19.0565068806369 95.3998696711531 2 481 15
"482" 15.3000985143463 89.7751033837445 2 482 5
"483" 18.2069316622168 94.1512061734026 1 483 8
"484" 18.9363579938138 97.663720202946 1 484 3
"485" 17.8453547064496 86.7102265836571 2 485 12
"486" 18.1450149841467 99.5721254523053 1 486 1
"487" 17.6997342346705 93.2912455297369 1 487 16
"488" 13.9344328222149 91.2093238694133 2 488 44
"489" 14.0660089099386 84.8126036834503 2 489 8
"490" 15.3387869464317 88.7775598693672 2 490 4
"491" 16.1232527560655 95.9804291659359 1 491 7
"492" 12.2554075623636 93.8034392188061 1 492 11
"493" 14.8104606123493 99.8821685712874 1 493 11
"494" 18.6732297018908 98.5524513878607 2 494 8
"495" 17.7725154938127 82.5040636560806 2 495 6
"496" 12.6095517607012 95.3581425821706 2 496 12
"497" 17.2847173652435 86.39638719536 2 497 13
"498" 13.7085002379856 89.7242680932338 1 498 9
"499" 16.3159306217129 92.1003280359491 1 499 5
"500" 16.9228059407535 97.4231621394146 2 500 4
"501" 13.6924835283176 98.2361083842883 2 501 12
"502" 13.5993572419386 98.5749526905234 2 502 9
"503" 14.1585962133803 92.3934152422216 2 503 4
"504" 14.7325075882112 94.5211879438368 1 504 6
"505" 15.1486490245585 100.342051052743 2 505 7
"506" 17.7976474717402 100.234084349153 2 506 9
"507" 15.009407112303 89.1603839334483 2 507 6
"508" 16.8343195543496 92.9668267170719 2 508 9
"509" 16.5167455461401 89.0266297770932 2 509 3
"510" 16.0972175719806 88.6302083655832 1 510 6
"511" 14.8840900497648 91.7118181809327 1 511 8
"512" 16.2696572142889 98.8886346266744 1 512 13
"513" 16.9894956086667 85.7375230811848 2 513 15
"514" 14.0103548567975 92.7651915305553 2 514 5
"515" 14.9501750158511 96.179785834412 1 515 6
"516" 17.0094422020185 87.0870430956156 2 516 10
"517" 15.4280234029388 92.213471281234 2 517 9
"518" 16.9647970454236 97.1540521795485 2 518 5
"519" 17.0682290718498 99.4166140733937 2 519 6
"520" 14.5088890201533 89.9694534015962 2 520 7
"521" 13.2611887262045 97.9349822651413 2 521 7
"522" 15.6590394903995 94.8596478723456 1 522 16
"523" 15.3734943961048 89.1846313920149 1 523 6
"524" 15.3659844902044 100.12769818256 1 524 9
"525" 15.5799009446296 91.8957325033279 1 525 14
"526" 17.8074375337547 91.4863886914257 1 526 6
"527" 17.2509599030092 93.5683741953082 2 527 10
"528" 16.6926362847876 84.0781660262949 2 528 19
"529" 16.8211684869355 97.0920891285493 2 529 4
"530" 16.0766023652843 94.422666953142 1 530 4
"531" 13.6376022410773 88.8066762109895 1 531 7
"532" 17.9109114574763 97.0949478178114 2 532 6
"533" 17.234877882032 84.478422657864 2 533 21
"534" 14.0134127979082 86.9419001406025 1 534 8
"535" 14.0376150947057 96.8841978487021 1 535 6
"536" 17.3642414547691 97.9063114635485 1 536 11
"537" 15.1793159055089 96.8173570817045 1 537 3
"538" 15.2262358131741 96.4640898190734 1 538 8
"539" 19.2950732550643 93.8553608737792 2 539 13
"540" 13.3841541359048 92.2204325608127 1 540 11
"541" 17.777047899172 90.2692393521748 1 541 11
"542" 18.1770364338786 89.7754517533914 2 542 14
"543" 16.9923326035156 96.4820232424999 1 543 13
"544" 14.2302201470522 96.8011007997681 1 544 7
"545" 17.0047767393294 97.4848595915487 1 545 3
"546" 17.1783734260998 88.6402280701931 2 546 6
"547" 15.3885537270409 95.9129708597209 1 547 6
"548" 15.8337474754115 97.0862753783104 2 548 9
"549" 14.1992047992987 96.310628408403 2 549 7
"550" 16.3418220709426 96.8674737571764 2 550 8
"551" 18.2861832285695 95.4128852196259 1 551 7
"552" 15.0736693620211 82.9690876248581 1 552 8
"553" 16.1164709911311 96.0347422739477 1 553 8
"554" 16.6721409041335 98.5602889516907 2 554 14
"555" 17.3597670521199 89.1340055370849 1 555 8
"556" 12.112545745456 96.0241840700868 1 556 27
"557" 14.0434264368399 96.030613313546 2 557 6
"558" 15.275495788887 92.3135089972837 2 558 8
"559" 18.0076808286867 95.5102361201316 1 559 3
"560" 16.7080033071443 95.7278038219732 2 560 12
"561" 15.1371446293889 98.9062963936973 2 561 7
"562" 16.7333215784403 98.5632096209023 1 562 15
"563" 15.2272974565273 101.119117857477 1 563 9
"564" 15.7339729793779 94.4676014371623 2 564 6
"565" 14.3728537363591 85.2471363568128 2 565 20
"566" 17.2378446522535 91.116379039512 1 566 5
"567" 18.0887796456867 99.0031557566581 2 567 3
"568" 15.877512854355 89.9471215635901 2 568 5
"569" 17.3768014967197 100.849095375725 1 569 2
"570" 16.3381882040098 101.38642837997 1 570 8
"571" 16.1896671185492 93.9804938885954 2 571 5
"572" 14.8879877538329 87.1248544635861 2 572 6
"573" 16.2229817959427 102.173494234862 2 573 3
"574" 14.9444599977614 94.6857211075248 1 574 9
"575" 14.7007867576313 87.8317324384938 1 575 13
"576" 13.8030967556901 98.1935116675683 1 576 13
"577" 16.5124989856797 88.2946640121965 1 577 9
"578" 13.3759540412746 92.2405586629207 2 578 10
"579" 19.6759673381493 87.5743819378838 1 579 11
"580" 16.2983313009687 93.3270102050584 2 580 4
"581" 17.1906748048374 88.8883529476741 1 581 9
"582" 13.6587648387171 96.7732565883432 1 582 10
"583" 13.1896054558862 93.0681198387721 1 583 9
"584" 14.9107893876103 92.9595529818464 1 584 3
"585" 17.8955029115225 97.6788507510903 1 585 2
"586" 16.9645527142749 97.5245698944312 1 586 4
"587" 17.07459621418 95.559153022744 2 587 10
"588" 16.8458930696956 97.0273744055223 2 588 4
"589" 13.4871219584127 86.5238147331171 1 589 12
"590" 14.8268954214684 90.6385855217851 2 590 6
"591" 16.4621562078023 99.5178226921531 1 591 7
"592" 17.9038503975247 82.5854738044298 1 592 7
"593" 15.15810044395 92.4669579799406 2 593 6
"594" 15.3051468856945 100.239711076391 1 594 8
"595" 12.7511956127058 96.1101790968708 2 595 12
"596" 14.1485073038955 76.4302057156948 2 596 47
"597" 16.4793842116557 92.2291487693184 1 597 7
"598" 13.4779112817632 88.4776872368561 2 598 8
"599" 18.7474840099031 91.5485332363148 1 599 8
"600" 17.4235894250447 96.1571942495992 2 600 7
"601" 15.1610932601476 100.458970500272 2 601 6
"602" 15.7444441597758 99.1212373992189 1 602 19
"603" 16.8239378420439 89.5260871249715 2 603 4
"604" 15.1064971988022 91.2398286329842 2 604 19
"605" 12.9688335227619 100.379357548772 1 605 16
"606" 11.7363076744285 96.6450935947869 2 606 35
"607" 15.6276341972242 88.6158580771112 2 607 6
"608" 15.8383062431745 97.795962423543 1 608 5
"609" 15.1307609389732 95.5349539895878 2 609 5
"610" 15.1405339689293 89.4544111703833 2 610 6
"611" 17.9466156520325 95.0995168410136 2 611 5
"612" 15.9029780025654 95.7469660995827 2 612 8
"613" 13.9461867153557 85.1582792825799 2 613 14
"614" 16.1303266897986 94.3968880583782 2 614 5
"615" 16.6978580814064 87.9522376892912 1 615 5
"616" 16.9274513225709 92.5734563982132 2 616 10
"617" 16.0515139059078 95.3055687377896 2 617 8
"618" 17.3484904618633 90.6364684194408 2 618 4
"619" 17.2301958158738 94.8702304019861 2 619 16
"620" 16.422512533285 86.2248961391132 1 620 35
"621" 20.3932873340855 100.78471378921 0 621 0
"622" 15.5938475779399 100.832779407971 2 622 9
"623" 14.6494515032033 100.811165668412 1 623 6
"624" 16.1768331810156 99.2551392855361 2 624 8
"625" 18.4893675333759 95.8556969878438 2 625 6
"626" 16.1212666618232 88.8431267389595 1 626 7
"627" 17.4100227450218 89.2092312483656 2 627 7
"628" 19.1833880402561 84.813356300597 1 628 24
"629" 16.0879891530237 92.7640149480098 1 629 5
"630" 16.1036897221735 93.406027414425 2 630 4
"631" 15.6983461397696 92.8855767492585 2 631 4
"632" 14.9290515772442 95.2747472737856 1 632 6
"633" 16.9457840509222 89.589637966694 1 633 5
"634" 16.23370264628 96.2330162707706 2 634 7
"635" 16.1035768858081 91.7098327503574 2 635 5
"636" 13.6432205271505 88.8841663256809 2 636 8
"637" 15.1413488067241 93.6335594384875 2 637 4
"638" 14.645299412257 92.0484666729493 2 638 4
"639" 16.2522826928637 101.633388472408 2 639 1
"640" 14.7453306842691 82.6101718682728 1 640 10
"641" 15.1801879958755 86.0159937296508 2 641 10
"642" 15.79989255998 97.5716253065396 2 642 9
"643" 16.2608547484047 93.5196237196152 2 643 6
"644" 16.2596444871537 80.8179467381241 2 644 10
"645" 12.9607014248714 83.345448603242 2 645 9
"646" 18.4496215803289 98.4503324206538 1 646 7
"647" 15.9127413444667 93.9981336079668 2 647 4
"648" 19.1109057894818 98.5403321795197 2 648 3
"649" 18.8061870099118 97.8620913581336 1 649 2
"650" 18.0737959410985 93.4718099087763 1 650 11
"651" 15.7459218663535 93.7251094754692 2 651 3
"652" 17.2239731961236 90.8332207895698 1 652 6
"653" 19.2783277695702 91.4762180323235 2 653 5
"654" 16.9303680189245 93.8765719490891 1 654 11
"655" 17.7313767516127 91.1079910084427 1 655 7
"656" 15.2753299908292 93.7245580903779 2 656 4
"657" 13.685462973258 101.25514978268 2 657 14
"658" 19.0512906412467 97.1259355558954 1 658 4
"659" 17.2928363072367 93.6102015909206 1 659 11
"660" 14.8605990781042 98.6276684378538 1 660 4
"661" 17.8274318675526 92.6610021096125 2 661 13
"662" 15.7510974042124 94.0058520011684 2 662 5
"663" 15.072944082895 89.6564644921441 2 663 5
"664" 15.9146407934469 94.39108916145 2 664 5
"665" 15.1925651778506 89.3437374371191 1 665 5
"666" 15.1307474701081 86.0381807554794 1 666 9
"667" 15.3806492971268 95.8457578466899 1 667 5
"668" 14.7192631111841 97.8289112579147 2 668 18
"669" 16.246957238521 89.306635158524 1 669 6
"670" 17.5849195956573 87.1743155326854 2 670 5
"671" 20.0412326026922 100.720494520781 2 671 20
"672" 17.1232166955275 94.3360662764539 1 672 5
"673" 16.7927761689302 100.809566365971 2 673 2
"674" 17.1740161436824 92.4238182692238 2 674 11
"675" 19.4118479822055 90.2911825939078 0 675 0
"676" 18.0643678657662 95.837136356787 1 676 10
"677" 16.4074300618992 81.3133006119842 1 677 9
"678" 17.8954189117687 94.0573480610357 2 678 6
"679" 17.1402990435609 89.4326511424477 1 679 8
"680" 15.9033660142463 92.1799250627627 1 680 7
"681" 15.6063992965809 88.5358463990521 2 681 5
"682" 13.9423490802575 99.1039507403762 2 682 4
"683" 19.5661085170962 87.1954818782624 2 683 10
"684" 16.2179862930133 91.5742181358433 2 684 3
"685" 16.5909910505184 94.6585010071606 1 685 6
"686" 18.4373943320691 86.2982034225564 2 686 35
"687" 16.9003157397515 93.8071437816187 1 687 12
"688" 12.4214524490885 98.4057111013589 2 688 9
"689" 16.280626206567 94.2099298364193 1 689 8
"690" 13.8895002613506 100.012055946684 1 690 6
"691" 14.4736561804692 83.2362526756959 2 691 8
"692" 14.6849849050676 88.7400576545522 2 692 12
"693" 15.4022181675967 96.0101956891364 1 693 7
"694" 12.683256331314 89.8402840876486 1 694 15
"695" 13.378668659239 98.9274111872265 2 695 4
"696" 15.9956741434629 99.2931264119621 2 696 11
"697" 15.0961653923571 92.171148551288 2 697 6
"698" 16.5502597350735 94.4761304271542 2 698 5
"699" 17.0916305161012 98.4486444008889 1 699 27
"700" 17.808492948882 102.769564556948 2 700 7
"701" 18.8991918598811 94.2726225354311 1 701 19
"702" 15.7708667137687 93.9406901219151 1 702 5
"703" 16.1597837640388 88.1681231088895 1 703 6
"704" 14.1033286715271 98.5493443883885 1 704 13
"705" 14.7193386686734 93.2650198383596 2 705 6
"706" 17.0971722850522 91.8241470188013 1 706 7
"707" 17.8980812368082 97.5058121498896 2 707 3
"708" 14.8172647241297 90.5417192808231 1 708 5
"709" 14.8437942302425 88.2230306956814 2 709 11
"710" 15.9686380528759 89.8661501724951 2 710 6
"711" 15.1269445967059 88.8185601818006 1 711 14
"712" 14.0890283680932 90.8765490855701 2 712 14
"713" 15.1613579668239 92.1308882959936 1 713 7
"714" 15.2076440624344 98.2898122211458 2 714 4
"715" 14.1039942698589 87.3641278528442 1 715 9
"716" 18.1139689016437 85.3660759107111 2 716 16
"717" 17.2142018190089 88.155687929432 2 717 7
"718" 18.0807491827062 94.4286604103853 1 718 6
"719" 18.6390227033937 89.1499692066968 1 719 11
"720" 17.297410372784 94.3962771046361 1 720 6
"721" 13.4338457803435 93.5911080795936 2 721 2
"722" 15.8654803853518 91.4606184265504 1 722 4
"723" 16.6741929701304 87.2081982821763 2 723 9
"724" 14.0627937044519 99.3370395228497 2 724 6
"725" 17.4831452759271 97.2708855241889 1 725 18
"726" 18.1686800034386 96.3333105584072 1 726 6
"727" 17.8881943105082 83.2185600193718 1 727 4
"728" 19.8002467670193 91.0142116212915 2 728 17
"729" 17.1061491405813 99.5340047573274 2 729 7
"730" 13.2102801622412 104.982902989131 1 730 9
"731" 17.8532274406322 97.4258935728694 1 731 3
"732" 17.3995114102514 98.7224893619854 2 732 5
"733" 17.7987730715495 85.3105155203835 2 733 30
"734" 15.0024697737893 84.3937613467065 1 734 15
"735" 18.3115190080561 97.9007080488873 2 735 3
"736" 16.1786995750203 85.0323574115463 1 736 50
"737" 14.8601506745217 96.5310930250009 1 737 6
"738" 16.3766339268041 93.4957347265422 1 738 5
"739" 18.9085573242426 96.016575370525 2 739 5
"740" 15.2206988349637 96.4359845317482 2 740 9
"741" 17.4822779757057 100.730693865999 1 741 2
"742" 18.6149043491367 92.4654013209627 2 742 4
"743" 14.6876700644864 87.105854680642 1 743 15
"744" 15.3650738183347 94.2026310650789 1 744 5
"745" 14.1205639048971 83.5597548470128 1 745 10
"746" 16.9910860519641 83.0551547536818 2 746 8
"747" 19.1947304130653 92.0958625558489 1 747 22
"748" 18.1020071613598 102.397101466038 1 748 11
"749" 13.3909270654087 100.649846836455 1 749 5
"750" 12.8068711404976 94.5503447804352 1 750 3
"751" 17.4810392204679 102.016127836728 1 751 2
"752" 14.6350256431002 83.3209757137608 1 752 9
"753" 18.8413923445362 96.8813517371328 2 753 8
"754" 21.084450673925 103.662912176674 1 754 50
"755" 14.9829952166454 93.2742911128837 1 755 5
"756" 15.9493274451949 92.8023729927814 1 756 6
"757" 5.44303651427373 140.403677869917 2 757 5
"758" 12.698827845371 143.784621623488 1 758 30
"759" 2.82318650622774 132.634168480678 2 759 12
"760" 9.97478799437869 140.300468861157 2 760 7
"761" 9.18343403064184 136.545397940723 1 761 2
"762" 8.87092409081447 132.251847459211 1 762 6
"763" 11.4437866253513 135.059513115208 1 763 9
"764" 10.1056740793362 134.504779363353 2 764 5
"765" 8.88338127224295 144.055685822979 2 765 4
"766" 10.8051527083783 142.345932835651 2 766 5
"767" 9.22855371813593 135.120247927919 1 767 8
"768" 3.90773428485734 144.252470765488 1 768 22
"769" 4.44019674900663 124.42816577949 0 769 0
"770" 7.99468973249616 141.617386325701 1 770 35
"771" 10.3381110162631 133.2983162607 1 771 1
"772" 11.9575745663437 135.440114924858 1 772 5
"773" 13.3976472438718 142.577198322006 2 773 30
"774" 8.84852223647795 133.965799206623 1 774 4
"775" 13.1835560914801 135.999225972261 1 775 26
"776" 15.4961477513599 141.221075608841 2 776 9
"777" 9.15593776256642 140.742945922186 1 777 7
"778" 5.22773492446072 130.022675257935 2 778 8
"779" 10.2385834641503 141.607080480503 1 779 5
"780" 6.97289016549376 137.97104382907 2 780 14
"781" 9.97305879536347 133.991126075508 1 781 3
"782" 11.115016486134 135.119641147081 2 782 3
"783" 3.38781153791251 132.847853014359 2 783 11
"784" 10.8511628362832 138.593426857502 1 784 6
"785" 12.9268782289109 141.244677358188 2 785 23
"786" 15.705893858585 134.696148966964 1 786 32
"787" 11.1573355217954 140.016588226995 2 787 4
"788" 7.64727410879276 163.453855426041 0 788 0
"789" 7.81566494442608 142.580808119945 2 789 12
"790" 13.8795266963098 129.937429550713 2 790 9
"791" 10.5407079079278 141.119310922606 1 791 8
"792" 8.09207524327993 133.105263855196 2 792 1
"793" 10.5525635248322 138.706661507975 2 793 6
"794" 6.91007532813224 139.51090273703 1 794 4
"795" 11.9540306891626 124.561750046164 2 795 14
"796" 5.45102540418379 130.310219725871 1 796 2
"797" 8.21440590750172 140.752980669926 1 797 22
"798" 8.86865547188304 130.298645116344 2 798 33
"799" 9.71549747887873 133.528501230005 2 799 4
"800" 10.4843828314832 145.445168210591 2 800 10
"801" 5.5584200961195 138.356635944146 2 801 25
"802" 5.03918554390995 138.34330793986 1 802 20
"803" 8.79389257449929 144.653912519639 2 803 4
"804" 10.1514297735836 138.290456835841 2 804 5
"805" 8.64927107363664 135.528320186784 1 805 11
"806" 11.2292804001452 142.165201976433 2 806 3
"807" 1.12093417367722 133.838375074639 1 807 19
"808" 10.0304557699572 134.277782214251 2 808 6
"809" 10.3214157853096 130.93668820397 1 809 17
"810" 6.29299686461892 132.758820456848 2 810 3
"811" 11.702582682217 135.73271602156 1 811 3
"812" 8.92665419340212 132.937738169955 2 812 4
"813" 10.8998134254073 142.57630225828 2 813 4
"814" 7.99959011365445 133.30879436834 2 814 2
"815" 7.07345671189723 141.174884631775 2 815 9
"816" 7.42371664006129 135.069449524072 2 816 11
"817" 14.3399492898788 135.641758215927 1 817 5
"818" 9.49175497514626 141.166878450361 1 818 9
"819" 12.8500924794732 132.785047795651 2 819 8
"820" 6.75342979359685 140.812659848451 2 820 6
"821" 10.6781997349426 151.496932382281 1 821 10
"822" 8.22322885368475 139.324218593724 2 822 5
"823" 8.22683959952443 147.647032903777 1 823 4
"824" 11.0020864809362 141.225882282938 1 824 8
"825" 11.0558797365793 138.068182528465 1 825 4
"826" 10.0598624584866 134.446202903399 2 826 4
"827" 10.0179491788386 137.806215576094 1 827 3
"828" 11.3081120014208 142.63626859241 1 828 4
"829" 6.24079981337906 132.168908516033 2 829 17
"830" 11.4937600332488 138.977537456435 1 830 4
"831" 9.92578026926474 139.469531434918 2 831 7
"832" 7.06800665867112 135.08884554155 1 832 14
"833" 13.3534999974178 130.610454536943 2 833 18
"834" 5.57160433793956 140.924837491362 2 834 7
"835" 9.52916050247766 130.373708704914 2 835 30
"836" 13.3290960247126 129.862905838168 1 836 10
"837" 15.7711556120375 137.501749698628 1 837 3
"838" 1.37255039903264 136.09542360801 2 838 7
"839" 9.8117799570704 135.670592134205 1 839 4
"840" 6.14438403185012 134.877684022375 1 840 2
"841" 7.5652095220555 136.211077920187 1 841 12
"842" 12.9471408074307 138.076869712471 2 842 2
"843" 9.98928027966382 144.164287034328 1 843 3
"844" 8.97464833088659 142.646662832986 2 844 6
"845" 9.4480887807932 149.683232264165 1 845 23
"846" 11.0312140425015 136.271648395804 1 846 6
"847" 9.34763914109894 138.272714176216 1 847 23
"848" 6.17372667602349 134.685481345785 2 848 3
"849" 11.3206862161795 129.220673500545 1 849 12
"850" 6.97857994554301 134.841930475229 2 850 5
"851" 8.01360513334702 144.695014253027 2 851 12
"852" 4.62167728229167 141.799169351403 1 852 27
"853" 8.6140314028434 139.3808099355 1 853 4
"854" 8.38977156718881 136.05757962891 2 854 13
"855" 6.48918854944059 127.010032741012 2 855 30
"856" 10.0028029884996 141.071386447941 2 856 6
"857" 13.8143321493229 128.176837763589 2 857 36
"858" 8.68968391852474 140.30730313472 2 858 19
"859" 6.46967259013535 141.148842858729 1 859 9
"860" 12.4074223035997 145.989184917865 1 860 12
"861" 5.83451002952072 131.430242272602 1 861 13
"862" 4.57806134305827 137.674919121835 2 862 30
"863" 9.76860281041287 146.512975915582 2 863 6
"864" 4.27630374079941 146.951322159402 2 864 27
"865" 10.7476452013808 137.437401752513 1 865 8
"866" 10.1986231678816 135.435789300446 2 866 9
"867" 3.68046816002637 142.979761025331 2 867 4
"868" 10.0364864035864 140.020377163797 2 868 4
"869" 9.56785823957301 140.267025439318 2 869 4
"870" 6.08330269072876 144.095592011141 2 870 10
"871" 13.8969284442952 140.433027566829 1 871 4
"872" 7.28008201333661 139.242282382959 2 872 6
"873" 10.7320154177826 142.454913678061 2 873 5
"874" 12.5015913087171 135.290711965104 2 874 7
"875" 12.7586849833998 151.215223493804 2 875 24
"876" 11.6270219868372 134.56404904432 1 876 8
"877" 10.9192631803921 137.180538472761 1 877 4
"878" 7.54894539668213 131.767541309381 2 878 9
"879" 9.25494189084199 123.376878419975 2 879 41
"880" 10.5783651528385 133.014318710693 2 880 1
"881" 7.81512479582754 133.812473797336 1 881 1
"882" 9.17066749681291 145.212905784145 2 882 9
"883" 11.1256561408147 127.79027051723 2 883 20
"884" 10.2213156955297 150.650404400584 1 884 11
"885" 9.75595300078291 141.242033023529 2 885 8
"886" 2.82747855077381 137.580918922196 2 886 39
"887" 10.8728968990069 138.394994767172 1 887 5
"888" 13.7594112030839 136.637150478469 2 888 7
"889" 11.4695265461802 141.975885080299 1 889 14
"890" 9.18521157343814 142.771383017221 1 890 36
"891" 8.75348011970418 147.843881763766 1 891 5
"892" 6.32240950555925 131.532249177913 1 892 2
"893" 5.38272419788621 136.42437320719 2 893 5
"894" 8.94753557847204 134.192926164928 1 894 5
"895" 6.59836727628993 138.992347881778 2 895 2
"896" 10.0425987781774 143.206520141301 2 896 7
"897" 11.4466581849371 143.706533963955 0 897 0
"898" 6.71963939465622 127.937846449 2 898 9
"899" 7.37229104227208 148.058685642931 1 899 23
"900" 3.50510146467981 141.140999544982 2 900 11
"901" 6.15123267773819 135.836401396921 2 901 3
"902" 10.9339823864593 129.412249719308 2 902 6
"903" 10.1637672364931 140.041609769795 1 903 3
"904" 13.3629529445269 138.440317536541 2 904 14
"905" 9.92118080153775 130.381871278384 2 905 8
"906" 6.76263947869569 139.634145817755 1 906 4
"907" 4.57507031069524 139.886953852931 2 907 4
"908" 9.58333325477046 133.138604828017 2 908 4
"909" 9.97497300907362 136.505885569904 2 909 5
"910" 9.15629747730967 132.395625077476 1 910 6
"911" 9.03717948415845 124.092871800656 2 911 43
"912" 9.88492144907524 140.14113788349 2 912 5
"913" 7.3095043317011 137.573688337614 1 913 13
"914" 9.55149890429189 136.971157683735 1 914 3
"915" 11.0843830779805 142.334334481495 1 915 3
"916" 6.90591759711816 139.933419527091 1 916 4
"917" 5.09203786346547 140.966130526636 2 917 7
"918" 10.3214504365736 141.963322843616 2 918 7
"919" 11.0369302461524 141.303180102015 2 919 8
"920" 6.55233734815205 131.545465185928 1 920 3
"921" 5.97215861641375 147.602063743276 2 921 33
"922" 9.01329750319606 127.533803158796 2 922 18
"923" 11.9235866699942 135.587535446902 2 923 4
"924" 8.71696630670323 134.700121840075 2 924 2
"925" 14.1328050758613 146.518576928687 1 925 25
"926" 12.4330418567669 134.73642951891 1 926 1
"927" 10.8988885920639 137.665130582861 2 927 3
"928" 7.14686626704326 138.744515419008 1 928 9
"929" 5.71407918779419 144.905895218341 2 929 21
"930" 9.64990515668356 147.590534269745 1 930 4
"931" 7.13316922635313 135.580224621574 1 931 13
"932" 13.5704576394478 132.584853480765 1 932 7
"933" 7.17865908764402 142.217029066214 2 933 2
"934" 9.69425101280304 138.847700148962 2 934 6
"935" 9.50461668782027 137.323885028588 2 935 8
"936" 10.5139599456269 141.082594631484 1 936 7
"937" 13.9091030139058 129.751161686554 1 937 12
"938" 11.7839823202344 128.375984215769 2 938 16
"939" 9.09176576063976 134.655141116957 2 939 6
"940" 7.23689771074678 141.878198003786 1 940 5
"941" 6.12717392308507 134.578316156564 1 941 3
"942" 14.2247322576385 131.502007239345 2 942 14
"943" 10.3912608622562 144.507870653189 2 943 5
"944" 5.09282485796204 133.988601559811 1 944 5
"945" 10.7434842585488 139.76020982032 2 945 3
"946" 13.6897876083479 139.83244543377 2 946 9
"947" 10.3663106646137 133.624706140278 1 947 3
"948" 7.75962822456333 139.630129833515 1 948 3
"949" 9.06677669953346 135.844562276099 2 949 3
"950" 10.8836269696077 143.065545953119 2 950 4
"951" 12.8226423615839 142.6223135866 2 951 11
"952" 11.8849656152185 139.192794545792 1 952 3
"953" 10.6458778888403 146.185855461515 2 953 4
"954" 5.88197439808332 140.858719110954 1 954 10
"955" 5.04642391905337 146.840127845482 2 955 33
"956" 10.328835057473 144.454173046965 2 956 4
"957" 9.55094050017985 145.181250428366 1 957 7
"958" 12.4269031329191 134.772732652037 2 958 2
"959" 9.20034570700702 133.272670819748 2 959 8
"960" 7.3911731314621 140.584950596146 2 960 10
"961" 9.22135793847245 129.377917108788 1 961 15
"962" 11.3650529244663 141.310725664077 2 962 7
"963" 4.69294065378333 139.975170689133 2 963 5
"964" 6.67908658566681 146.032581334416 1 964 19
"965" 11.0639754027045 142.585336790886 2 965 5
"966" 12.5973622041808 144.58420887109 2 966 11
"967" 10.869260520174 139.94692597458 2 967 4
"968" 11.4776201078871 134.565640622291 2 968 7
"969" 10.1624155139713 146.250721261622 2 969 5
"970" 8.85912687371216 140.639768521798 2 970 6
"971" 8.68920618926864 134.774963510811 2 971 3
"972" 6.80843222935937 131.049555328675 2 972 7
"973" 10.7576087029463 141.322608428921 1 973 8
"974" 2.0897393298753 147.598092242579 1 974 16
"975" 11.874911105349 138.003726315797 1 975 1
"976" 10.2461689178143 142.594784484701 2 976 5
"977" 14.2042924024358 139.675316345985 1 977 13
"978" 13.9517058497831 135.211828423835 1 978 7
"979" 8.16250346889653 133.941381511757 1 979 2
"980" 10.4215745837001 136.110097086237 2 980 6
"981" 11.8860559452157 146.296168666731 2 981 8
"982" 7.36263451609555 139.061531053374 1 982 3
"983" 7.03749469241972 140.863571247027 1 983 5
"984" 16.0486053757879 143.876944801013 1 984 28
"985" 6.96460726591262 133.457583100907 2 985 5
"986" 8.28725913327044 133.354996165658 1 986 3
"987" 7.93525240999389 136.70420566694 2 987 19
"988" -1.73683268030758 138.74231039636 1 988 7
"989" 11.9639491118222 138.969039357824 1 989 7
"990" 9.36915578817034 139.069470235787 2 990 6
"991" 9.76728467560029 143.059125429493 2 991 6
"992" 5.57652699879097 134.228875293298 1 992 3
"993" 7.71070873262969 134.952651568286 2 993 9
"994" 7.70503790463693 142.453759709944 1 994 11
"995" 11.1894896611091 136.487213595863 1 995 4
"996" 9.97631651714653 142.376984579766 2 996 21
"997" 12.1479577194607 128.264505425869 2 997 11
"998" 10.9183601908686 138.119812631674 1 998 5
"999" 10.373310094323 134.715527641522 2 999 22
"1000" 8.20020519996338 140.260492120891 2 1000 20
"1001" 12.9661420383059 142.360090837567 1 1001 27
"1002" 12.8916349594865 137.655732893506 0 1002 0
"1003" 10.5423186240086 142.212767237704 2 1003 4
"1004" 11.6758297413646 138.378888282407 2 1004 4
"1005" 12.5732012852713 133.58333378571 2 1005 20
"1006" 8.30576880965106 139.334682111553 2 1006 4
"1007" 10.6576331752928 142.033264103993 2 1007 5
"1008" 10.9246952476368 129.585744661144 2 1008 7
"1009" 7.66864848408378 132.117304377763 1 1009 6
"1010" 9.34264899245897 139.475983972581 1 1010 9
"1011" 8.56743868056403 137.378550499594 2 1011 4
"1012" 6.49153724512626 140.627193901149 2 1012 7
"1013" 9.73303352922533 137.683897522885 1 1013 5
"1014" 15.7331948337156 133.19313584221 1 1014 27
"1015" 6.3197138211209 128.637470764712 1 1015 39
"1016" 12.8870034653333 138.867350202858 1 1016 3
"1017" 9.82005947842745 134.837196225409 2 1017 6
"1018" 10.4027955065806 136.869461303126 1 1018 3
"1019" 13.2420460687646 140.895306589742 1 1019 10
"1020" 8.0891482976828 137.956363374422 2 1020 6
"1021" 7.79329303667362 141.231166421752 2 1021 4
"1022" 11.9556845378128 151.851934555732 1 1022 4
"1023" 6.94073413403147 146.332801185753 1 1023 18
"1024" 8.18104793760389 140.79503072813 1 1024 21
"1025" 18.3805372264091 138.950533339273 2 1025 43
"1026" 5.47167911370584 130.018490861673 1 1026 8
"1027" 9.98096046112771 132.964348774342 1 1027 3
"1028" 10.5210325242398 143.365601025579 2 1028 5
"1029" 5.52374483856797 140.417911838985 2 1029 6
"1030" 8.32083443500064 148.165373945931 1 1030 16
"1031" 13.689063595377 139.768421851859 2 1031 10
"1032" 9.07789070527032 139.030374247112 1 1032 4
"1033" 11.5122863048667 136.770254717061 1 1033 5
"1034" 9.66798142245496 149.676037797046 2 1034 19
"1035" 11.0474247892388 135.843886775267 2 1035 2
"1036" 11.4673047106526 141.427464983905 2 1036 7
"1037" 12.7301244028387 132.557213540414 2 1037 6
"1038" 11.5852272094435 132.817410801749 2 1038 5
"1039" 11.638966866977 133.404565917634 1 1039 15
"1040" 9.565232043145 139.648427914097 2 1040 8
"1041" 4.78331024872822 133.577620494217 1 1041 7
"1042" 12.9682478706763 149.163063158938 1 1042 22
"1043" 10.4882042904518 139.223894999831 1 1043 9
"1044" 6.18879055514629 133.932175081575 1 1044 5
"1045" 5.99566411368247 129.45106006639 2 1045 18
"1046" 4.44136146183133 142.909420986409 2 1046 34
"1047" 2.20419484098945 135.265690089266 1 1047 2
"1048" 12.8889495402121 138.300547025242 2 1048 4
"1049" 12.237264360911 134.991796593725 2 1049 5
"1050" 10.1833325187145 133.828797322424 1 1050 2
"1051" 12.8728716690596 136.54331141166 1 1051 22
"1052" 9.79589429427197 144.404395330227 2 1052 2
"1053" 10.1528599790584 141.129295569055 1 1053 5
"1054" 8.78993247327037 139.359100353839 2 1054 5
"1055" 3.56545524400997 141.779906507221 1 1055 7
"1056" 6.84732477247941 133.111193940774 1 1056 42
"1057" 9.88737740619453 138.910456315199 1 1057 7
"1058" 12.256113156229 128.536486744727 2 1058 17
"1059" 9.63793485100712 136.574324284449 1 1059 4
"1060" 8.72940020898374 134.717566955274 1 1060 3
"1061" 9.88857346701089 131.465660759017 2 1061 10
"1062" 12.5147172832507 143.535401484355 2 1062 8
"1063" 8.65967272643008 136.280986236602 1 1063 8
"1064" 11.3655523872405 137.318163755233 1 1064 6
"1065" 3.7172897918344 137.331470592067 2 1065 11
"1066" 15.5094906922702 137.700907017424 2 1066 5
"1067" 11.2467175554037 130.868208801347 2 1067 7
"1068" 9.63791044248936 137.028840896979 1 1068 2
"1069" 11.2790234619352 144.079424293271 2 1069 7
"1070" 7.84199254699444 144.185524034443 2 1070 6
"1071" 8.11718536714274 135.071400743541 2 1071 1
"1072" 11.6065814672225 142.054584981176 2 1072 2
"1073" 10.6816152363038 141.51518483951 2 1073 7
"1074" 8.40696678199237 134.324590980058 2 1074 3
"1075" 9.47085758745124 132.276963352465 2 1075 10
"1076" 10.2676225370214 143.223994956188 2 1076 5
"1077" 13.0772662656915 135.569247294436 2 1077 23
"1078" 11.2946033379233 138.35242861776 1 1078 9
"1079" 6.12641499596004 139.962345839779 1 1079 3
"1080" 5.69328568035034 139.990568281991 2 1080 4
"1081" 8.61382739725222 130.951641971747 1 1081 34
"1082" 7.65006140409092 141.496667269536 2 1082 7
"1083" 4.31696467674519 144.378053023492 1 1083 16
"1084" 9.38764286644126 143.813503463073 1 1084 4
"1085" 8.41764818161919 137.664003648704 2 1085 8
"1086" 11.3331175084486 146.186649735374 2 1086 35
"1087" 9.59474615979566 132.212794281664 2 1087 9
"1088" 10.8818518792635 140.475453228925 2 1088 18
"1089" 9.53401929974492 140.399110886393 2 1089 3
"1090" 10.6748082780572 136.718825561016 1 1090 2
"1091" 9.68382189900328 140.537003756745 2 1091 3
"1092" 8.79539920457784 136.937363699746 2 1092 3
"1093" 3.52639233729033 145.60404859945 1 1093 45
"1094" 9.50748543979008 141.743007752624 2 1094 8
"1095" 13.5059422371315 143.000148554785 2 1095 17
"1096" 7.46270844737631 145.689964156723 1 1096 8
"1097" 14.3026682366983 130.715843352542 2 1097 30
"1098" 12.6252359427872 140.100140562696 1 1098 1
"1099" 1.1695620384779 145.183594962837 0 1099 0
"1100" 9.37683590839777 129.974435482427 2 1100 2
"1101" 5.45113146134017 135.212050791656 2 1101 10
"1102" 10.1458072590831 138.059467035382 1 1102 4
"1103" 10.2214766131815 137.702552225387 1 1103 6
"1104" 10.6337401777246 139.797954361607 2 1104 2
"1105" 7.6093150076289 133.940477991424 1 1105 2
"1106" 12.6700885738292 140.299788915477 2 1106 2
"1107" 6.73253702893203 131.749893885817 2 1107 5
"1108" 9.5705109718951 132.89371908588 1 1108 5
"1109" 8.15780202443893 135.615258322294 2 1109 10
"1110" 10.5545147864668 136.431774382406 1 1110 7
"1111" 10.8257568409565 133.030117898787 2 1111 0
"1112" 8.72055852797487 134.36745399281 1 1112 7
"1113" 12.6702518983359 129.55820418791 2 1113 37
"1114" 8.71343754531882 143.219625015028 2 1114 9
"1115" 8.90806536299317 146.905512127468 1 1115 16
"1116" 4.07723534298913 140.005703519048 1 1116 3
"1117" 7.84841826232841 138.703497354647 2 1117 4
"1118" 3.18695928091118 141.243781708748 1 1118 11
"1119" 10.8813461774359 145.248602683072 1 1119 6
"1120" 9.76438614632887 137.852763411916 1 1120 6
"1121" 8.01193746253581 132.8836125563 2 1121 2
"1122" 4.93793569520665 135.50260762633 2 1122 11
"1123" 10.7953576986274 137.930993264064 1 1123 4
"1124" 7.90933471766157 140.15192218567 2 1124 6
"1125" 10.5449415018374 137.688646280413 2 1125 5
"1126" 8.67623760667302 147.263337621788 2 1126 7
"1127" 11.074983704341 133.277202811238 1 1127 12
"1128" 9.83064702747504 142.073496726391 2 1128 6
"1129" 7.33263198840421 132.608976684317 1 1129 8
"1130" 16.3607886148877 146.722993929339 2 1130 24
"1131" 11.0824998349068 143.011152646646 2 1131 3
"1132" 12.7014473014848 139.008579304472 2 1132 5
"1133" 12.3472320448704 126.652478475174 2 1133 30
"1134" 10.6413286645898 149.217862694076 1 1134 16
"1135" 11.7577364264029 151.545685564285 2 1135 3
"1136" 8.02642927031724 132.757119253927 2 1136 3
"1137" 3.11598991051768 139.144029362094 2 1137 17
"1138" 8.20036367142983 138.84011415737 1 1138 4
"1139" 11.2456213942144 139.487015794031 1 1139 9
"1140" 6.71236239536827 139.47276878783 2 1140 3
"1141" 10.4778974850151 149.837621038386 2 1141 6
"1142" 10.2176229313233 141.888984177712 1 1142 6
"1143" 11.5314964085748 141.570690038176 2 1143 6
"1144" 6.89888407041813 140.90908173075 2 1144 6
"1145" 131.842170077672 173.715105701196 2 1145 13
"1146" 133.114663424815 171.132207781413 1 1146 17
"1147" 126.605342332327 171.498695682743 2 1147 35
"1148" 128.574793633402 178.201860668211 2 1148 27
"1149" 130.514864304589 171.887273799497 2 1149 13
"1150" 132.386731105364 174.435966405536 1 1150 12
"1151" 137.271131657934 175.799851205546 2 1151 23
"1152" 128.521565690342 173.847945771366 2 1152 32
"1153" 131.340433735904 172.077229550722 1 1153 17
"1154" 130.268248382791 171.774863885533 1 1154 14
"1155" 133.44117087702 175.062326549932 2 1155 17
"1156" 133.239206560235 175.890167932722 2 1156 24
"1157" 130.190849870209 174.786377787568 1 1157 15
"1158" 135.340962821946 170.797224011005 1 1158 14
"1159" 137.808406300981 174.092553805078 1 1159 22
"1160" 128.303478435493 171.933963378925 2 1160 18
"1161" 134.733664733952 175.594009846274 1 1161 16
"1162" 129.896635574286 174.604170965805 2 1162 16
"1163" 130.631260102836 174.915517400131 2 1163 13
"1164" 136.52804078885 173.495680208517 1 1164 21
"1165" 133.177518018509 168.177891911589 1 1165 22
"1166" 133.720555674 175.190890923736 2 1166 25
"1167" 133.94963068759 171.385158511882 2 1167 12
"1168" 134.838185930004 173.954578785507 2 1168 21
"1169" 129.122890963176 172.505418334889 2 1169 15
"1170" 134.709216417419 171.647661492013 1 1170 15
"1171" 130.87799467863 173.893517338725 1 1171 13
"1172" 133.490037743253 172.442529461012 2 1172 12
"1173" 127.555911533444 175.320445722395 2 1173 18
"1174" 133.641656334622 168.277976850336 1 1174 20
"1175" 137.172364811109 174.189208475331 2 1175 25
"1176" 130.450577101673 174.550402431124 2 1176 15
"1177" 132.03655321161 172.833431578888 2 1177 18
"1178" 135.744239402122 172.624982053759 1 1178 15
"1179" 136.641173557491 172.676696412834 2 1179 30
"1180" 134.353743386022 175.824126218881 1 1180 15
"1181" 134.712049559534 175.531230732979 2 1181 15
"1182" 129.180578478626 172.669496241939 1 1182 16
"1183" 126.616332146691 172.866880458933 2 1183 35
"1184" 131.618298463962 174.840699783926 2 1184 13
"1185" 138.00052011543 172.030696312556 2 1185 26
"1186" 133.721535456409 170.189604187736 2 1186 19
"1187" 136.064472453899 176.637369029434 2 1187 15
"1188" 132.138421948756 171.206867404743 1 1188 12
"1189" 130.369969078576 175.356723020689 2 1189 14
"1190" 129.274399034499 169.195255632441 2 1190 40
"1191" 135.762848059989 173.688775356468 1 1191 14
"1192" 131.081562943841 172.362883077605 2 1192 16
"1193" 133.435976346828 172.95650922915 1 1193 12
"1194" 133.580366356123 174.337528607556 2 1194 17
"1195" 138.865880025465 173.764113993349 2 1195 22
"1196" 134.192382123001 174.983649275236 1 1196 16
"1197" 128.270530606859 174.276380238222 2 1197 16
"1198" 132.496854482652 171.604654293873 1 1198 11
"1199" 132.402041117409 173.047909359874 1 1199 16
"1200" 128.392050340966 171.066158142535 1 1200 32
"1201" 135.076088169999 170.726960427194 2 1201 12
"1202" 127.824551401571 171.613293669859 2 1202 18
"1203" 134.380344102389 174.506335463975 2 1203 27
"1204" 131.95787755957 172.347227104461 2 1204 15
"1205" 128.082366284768 178.00307613616 1 1205 26
"1206" 141.978714683931 175.268998578898 2 1206 40
"1207" 129.374495756353 177.299581279516 1 1207 21
"1208" 131.951421857218 170.18130415845 2 1208 15
"1209" 131.655248501682 173.880044655114 2 1209 15
"1210" 136.899129793632 171.445702548868 2 1210 27
"1211" 132.150398998487 172.700466422691 2 1211 14
"1212" 132.007111266542 174.552946192945 1 1212 15
"1213" 131.001051903708 170.963750488923 2 1213 13
"1214" 131.206604286731 174.477105392865 2 1214 22
"1215" 135.733805020696 176.397128399816 1 1215 17
"1216" 133.673240775173 171.218251079526 2 1216 15
"1217" 126.531287216807 170.095394589218 2 1217 42
"1218" 134.27166310122 172.198231182617 2 1218 14
"1219" 140.643372834736 170.763620003102 2 1219 19
"1220" 131.178617182641 172.349040077113 1 1220 15
"1221" 131.780988871394 175.879022528981 1 1221 19
"1222" 134.598748411995 172.028624794922 1 1222 17
"1223" 133.722722973784 171.265361431427 1 1223 14
"1224" 132.121360936878 172.348703812755 2 1224 14
"1225" 136.10061255068 171.153812665553 1 1225 16
"1226" 126.797474936315 172.485124982228 2 1226 16
"1227" 130.018292279868 174.786993469023 2 1227 14
"1228" 128.9665580324 171.464753089482 2 1228 14
"1229" 132.158324121892 172.961808629699 2 1229 15
"1230" 135.887550666371 170.76963772238 2 1230 17
"1231" 138.199206605054 169.707262818093 1 1231 27
"1232" 132.553039438469 173.552089445062 2 1232 15
"1233" 131.236691424621 175.710780360149 1 1233 22
"1234" 135.920018637699 173.988121353211 2 1234 15
"1235" 130.507109589921 171.874076514862 2 1235 12
"1236" 132.173218502954 173.588518747077 1 1236 25
"1237" 128.013369791302 171.727602726292 2 1237 17
"1238" 131.310421754102 176.317086602395 2 1238 19
"1239" 128.423063375558 171.704667871481 2 1239 13
"1240" 131.320468289298 170.010688872495 2 1240 22
"1241" 134.94565433237 172.234630810466 1 1241 13
"1242" 128.162139656531 170.827092754402 2 1242 17
"1243" 129.652810123844 170.898353866914 1 1243 23
"1244" 133.64547039968 172.893959124405 1 1244 13
"1245" 133.622099459073 168.640159341626 1 1245 23
"1246" 131.950822960298 175.981046408442 1 1246 19
"1247" 126.71389340939 173.935722815416 2 1247 17
"1248" 134.46781914104 175.126141233887 1 1248 17
"1249" 137.661518472232 176.095513704476 2 1249 19
"1250" 128.712422841149 170.974625261436 2 1250 20
"1251" 127.862422972452 174.142979083092 1 1251 16
"1252" 127.488032358045 175.620295455148 1 1252 15
"1253" 134.089165902917 174.784985919656 1 1253 15
"1254" 123.120565475068 173.523300734135 1 1254 38
"1255" 128.170065158803 174.570585798796 1 1255 16
"1256" 134.49000626798 173.404703839192 2 1256 14
"1257" 129.520773913412 171.239323402494 2 1257 22
"1258" 132.425765059705 175.358663586607 1 1258 15
"1259" 131.233995855303 170.20583721635 2 1259 21
"1260" 130.753956569337 174.129036726056 2 1260 14
"1261" 135.739253429299 170.58147404248 1 1261 18
"1262" 134.549142399292 172.99543466894 2 1262 14
"1263" 129.030579083057 172.633096942025 2 1263 14
"1264" 133.555707582959 170.937134935815 1 1264 12
"1265" 132.746827529574 169.835185840723 2 1265 19
"1266" 135.232968789649 173.783845553187 2 1266 15
"1267" 133.212610707934 170.581399665947 2 1267 15
"1268" 134.451536620203 171.447679166588 1 1268 15
"1269" 139.149881068995 175.314280511531 2 1269 30
"1270" 131.486311682484 172.755027626817 2 1270 15
"1271" 137.087278521821 173.482570391083 1 1271 21
"1272" 137.9826296896 172.430304824654 2 1272 28
"1273" 136.248436511019 169.920571502037 2 1273 23
"1274" 133.503943234907 174.66021157036 2 1274 14
"1275" 127.337354496241 173.796385583652 1 1275 13
"1276" 130.789118014859 172.06037674515 1 1276 14
"1277" 137.56998957742 174.800314953073 2 1277 32
"1278" 130.124180740376 172.286823368397 2 1278 16
"1279" 143.036330725764 171.19077604079 0 1279 0
"1280" 130.382035769576 172.439502073087 1 1280 14
"1281" 140.933660821559 173.166777137379 2 1281 20
"1282" 130.539194656128 174.662763680542 2 1282 15
"1283" 128.998082136403 177.221176246425 2 1283 33
"1284" 130.54470753193 174.563981602349 1 1284 14
"1285" 129.27593837474 173.142501891658 1 1285 15
"1286" 137.535278609675 176.092502796903 2 1286 20
"1287" 131.205710564177 175.280347532462 2 1287 29
"1288" 130.745246739898 172.157155264043 1 1288 14
"1289" 128.590309067057 173.305171216107 1 1289 13
"1290" 138.389942939492 173.374881660371 2 1290 28
"1291" 135.833559540027 170.306142689251 2 1291 18
"1292" 126.167332007672 170.519208233086 2 1292 14
"1293" 132.616900055976 174.946319997592 2 1293 29
"1294" 131.32325456456 169.302814476217 2 1294 28
"1295" 131.876283537372 176.595049859171 2 1295 27
"1296" 138.107267032205 173.21777503541 1 1296 29
"1297" 139.952811387245 172.654584471634 0 1297 0
"1298" 135.702451705473 173.727092398333 1 1298 13
"1299" 133.212882546665 172.744511055029 2 1299 13
"1300" 131.060677980437 174.108193561156 2 1300 17
"1301" 134.756481137666 171.090883425056 2 1301 15
"1302" 130.086757224717 171.787562523907 2 1302 15
"1303" 140.594553522925 169.207889721792 1 1303 13
"1304" 134.855390302027 174.323468839126 1 1304 14
"1305" 135.896941104773 173.723540096855 2 1305 14
"1306" 133.220413465707 171.900740772275 2 1306 13
"1307" 130.551110303315 174.901868760533 1 1307 14
"1308" 134.906917428746 176.904805126771 1 1308 21
"1309" 128.584229190621 173.106354234267 2 1309 14
"1310" 132.151199158442 171.660157311983 1 1310 24
"1311" 135.44262934645 175.345454314475 2 1311 24
"1312" 123.873409290253 172.525251141526 1 1312 29
"1313" 132.312066765578 173.016681844516 1 1313 15
"1314" 133.189467659798 172.655670448642 2 1314 13
"1315" 127.650261708756 174.019236560987 2 1315 15
"1316" 127.630959326015 171.83066769943 1 1316 19
"1317" 135.406398367049 176.540158506875 2 1317 17
"1318" 132.154568146833 172.322825119784 1 1318 15
"1319" 133.396120080221 171.366930907341 2 1319 14
"1320" 133.821330203989 172.217681597615 2 1320 13
"1321" 131.842302074705 174.385515412577 2 1321 13
"1322" 135.517248983295 173.033426298598 2 1322 15
"1323" 134.641191591804 169.164605368327 0 1323 0
"1324" 132.909513630139 172.893034738133 1 1324 23
"1325" 128.777310397833 174.292086774935 1 1325 18
"1326" 128.926994175975 170.84784138321 2 1326 24
"1327" 137.062206443503 171.725760938279 2 1327 25
"1328" 132.0050483894 176.21895169052 1 1328 17
"1329" 128.322799940263 174.267385587421 2 1329 15
"1330" 137.798384806897 172.148098605671 1 1330 26
"1331" 127.94397916946 174.025659842297 1 1331 16
"1332" 133.383752124881 172.391453039824 1 1332 13
"1333" 130.805365825593 171.543227904026 2 1333 15
"1334" 133.065169328107 171.894237613621 1 1334 12
"1335" 135.962636734474 172.932855752639 2 1335 19
"1336" 130.904207199777 171.212324951853 2 1336 14
"1337" 129.267553780764 173.576803419764 1 1337 24
"1338" 128.879381614135 172.089578145266 1 1338 14
"1339" 138.713443937074 174.585307518688 1 1339 25
"1340" 128.820054488807 171.146009219952 2 1340 25
"1341" 136.521862580493 173.352077698591 1 1341 20
"1342" 132.914814448996 173.364917186677 1 1342 13
"1343" 137.734906634534 175.987370526029 1 1343 20
"1344" 137.22301599669 172.176035974536 2 1344 33
"1345" 131.880884929079 173.943260035334 1 1345 14
"1346" 130.704267967672 173.930374487386 2 1346 14
"1347" 131.238877610952 173.351790776985 1 1347 26
"1348" 127.388618110277 174.695158753213 2 1348 21
"1349" 127.858513065655 172.59548684725 1 1349 35
"1350" 135.35061270351 173.224005377823 2 1350 16
"1351" 135.439659067077 172.92471461293 1 1351 14
"1352" 124.73705228941 174.105961082401 1 1352 27
"1353" 129.130888070259 170.253107258927 2 1353 40
"1354" 130.457719767485 174.751353331811 1 1354 15
"1355" 134.856432820978 171.913889061908 2 1355 14
"1356" 130.616584677916 172.59143861879 1 1356 13
"1357" 128.959596998108 176.066953513413 1 1357 40
"1358" 135.463542053449 170.507156094205 2 1358 18
"1359" 126.165177394641 173.579174775014 2 1359 19
"1360" 134.151178326095 174.015692884754 2 1360 15
"1361" 129.798816459674 174.88080206553 1 1361 16
"1362" 133.941283632095 173.581398162306 2 1362 14
"1363" 130.759636175839 172.229275616407 1 1363 15
"1364" 135.117560928406 172.808280060405 2 1364 35
"1365" 138.732866678448 170.028145371476 2 1365 28
"1366" 133.423128461219 170.371791206475 1 1366 18
"1367" 135.969683252652 173.995329321672 1 1367 16
"1368" 132.918080671832 171.683444837203 2 1368 18
"1369" 134.011760381676 170.977166386891 2 1369 20
"1370" 131.435777694523 174.407285525967 1 1370 18
"1371" 136.758258505779 173.762830871868 1 1371 17
"1372" 135.475564234396 169.52038796099 1 1372 31
"1373" 130.25615149002 171.171264280742 1 1373 21
"1374" 134.059766930621 173.727824470897 1 1374 15
"1375" 132.845425705403 173.302506570849 2 1375 13
"1376" 133.41164464509 172.078759920945 2 1376 13
"1377" 131.005071353083 171.509141714179 1 1377 13
"1378" 134.531784674038 173.755419202614 1 1378 14
"1379" 131.246570609105 171.792031330224 1 1379 22
"1380" 128.129898949516 174.230372118549 1 1380 16
"1381" 134.703249107059 172.872562563881 1 1381 15
"1382" 136.90084177554 174.146400473875 2 1382 26
"1383" 136.058037520523 173.207645058677 2 1383 21
"1384" 132.134163446062 173.120755070871 2 1384 14
"1385" 131.042950356238 173.757961749782 1 1385 18
"1386" 136.674287991006 169.563750813999 2 1386 22
"1387" 132.4232700394 176.472438805804 1 1387 18
"1388" 136.99883939804 177.72458266282 0 1388 0
"1389" 138.315860322459 171.713285950442 2 1389 34
"1390" 126.201799148577 175.60445505612 1 1390 14
"1391" 131.536344582446 172.654078791943 2 1391 16
"1392" 136.295699563715 174.921713310587 2 1392 16
"1393" 134.780452689518 175.422633234215 2 1393 16
"1394" 134.121601187898 174.94378018527 1 1394 16
"1395" 134.587093432514 173.375418261206 2 1395 13
"1396" 131.923663675551 172.144257552769 1 1396 22
"1397" 130.010979317488 175.022038272515 1 1397 14
"1398" 87.6577631350694 -0.174757162383084 0 1398 0
"1399" 71.1739911369113 50.7240511776952 0 1399 0
"1400" 103.118354500367 37.194107139405 1 1400 43
"1401" 40.6350634640143 176.508403458341 0 1401 0
"1402" 2.64302599827508 2.48905898494995 0 1402 0
"1403" 108.446899442059 178.000117492468 0 1403 0
"1404" 19.9328159106188 15.5710135344903 0 1404 0
"1405" 12.8067144424131 80.3037183963609 2 1405 18
"1406" 30.2633526303558 111.516319062201 0 1406 0
"1407" 8.8938333757921 144.123790633452 1 1407 3
"1408" 155.401246439722 -2.31089403723156 1 1408 11
"1409" 15.9165478058281 161.436526109801 2 1409 16
"1410" 63.7653749315402 170.232471651221 0 1410 0
"1411" 0.265687239332648 89.7794479334659 0 1411 0
"1412" 29.2082072264432 137.197411371277 0 1412 0
"1413" 96.9153758364659 124.278735574082 0 1413 0
"1414" 151.29254665291 101.924902521793 0 1414 0
"1415" 139.42733750536 127.538934585114 0 1415 0
"1416" 106.910395510836 50.4853699707516 2 1416 38
"1417" 77.6350898187543 168.423020805367 0 1417 0
"1418" 17.0020298487794 101.020880682657 1 1418 3
"1419" 140.839452622576 120.308818703701 2 1419 23
"1420" 91.0523902609833 177.764127496205 2 1420 21
"1421" 4.66972891519488 37.1263866584192 0 1421 0
"1422" 89.8736201742961 57.1068210532354 0 1422 0
"1423" 103.52283171207 146.238953404414 0 1423 0
"1424" 96.4607371502302 75.6009487344599 0 1424 0
"1425" 89.1443890984521 104.424348295868 1 1425 20
"1426" 109.667715694425 156.630639413125 0 1426 0
"1427" 91.3406955970625 0.339068741311669 0 1427 0
"1428" 31.3786216366443 84.5092457327435 0 1428 0
"1429" 22.9735709268605 92.5977798668361 0 1429 0
"1430" 122.382385597655 163.867677436226 2 1430 36
"1431" 84.2489673774463 145.46782741172 0 1431 0
"1432" 41.2292165761576 62.3688450539568 1 1432 18
"1433" 106.35799172676 5.06407143674555 2 1433 44
"1434" 105.04286417034 155.642162834114 0 1434 0
"1435" 44.0150736124751 94.7154979529887 0 1435 0
"1436" 84.6374474871879 122.258673546807 1 1436 17
"1437" 35.1544789122959 110.64477808791 0 1437 0
"1438" 80.8988124571093 109.79533438023 1 1438 12
"1439" 99.4355241921523 138.215056153649 0 1439 0
"1440" 22.9539790828652 155.806621575867 2 1440 47
"1441" 3.92161710248634 125.11225409602 0 1441 0
"1442" 77.0313784007427 90.3373892158656 0 1442 0
"1443" 30.0589311615255 1.45235793504002 0 1443 0
"1444" 156.613930045549 167.026170565648 0 1444 0
"1445" 29.3966453735875 140.932637373707 0 1445 0
"1446" -0.865723898823089 38.3080791104726 0 1446 0
"1447" 18.5308744559574 155.494082605915 0 1447 0
"1448" 151.376730690499 128.726386031745 0 1448 0
"1449" 80.5408232281269 138.334070732227 0 1449 0
"1450" 51.4700491721835 111.248504793587 2 1450 8
"1451" 37.6813286756766 170.485009312566 0 1451 0
"1452" 23.2954161419033 170.252260708724 0 1452 0
"1453" 148.531674528522 -1.66973731668201 1 1453 36
"1454" 120.90187189776 78.5029455767767 0 1454 0
"1455" 109.969428189675 153.166294048967 0 1455 0
"1456" 9.31983957119407 128.116160727465 2 1456 17
"1457" 83.8874239608807 32.1534699624704 0 1457 0
"1458" 40.3594099557771 158.727159174261 0 1458 0
"1459" 125.318242650945 162.204848138413 0 1459 0
"1460" 30.8776704789638 18.2434340391091 0 1460 0
"1461" 50.5284779122528 34.7128735465968 2 1461 46
"1462" 134.995808075104 148.619517666923 0 1462 0
"1463" 0.657686823844826 24.3355463041873 0 1463 0
"1464" 112.9473542135 124.201856825622 0 1464 0
"1465" 33.7259878104461 40.82977004625 0 1465 0
"1466" 140.800565135608 130.02987277012 0 1466 0
"1467" 111.596781767423 170.245900834089 0 1467 0
"1468" 124.140952333636 46.3036885857991 0 1468 0
"1469" 67.1062328469863 67.9839664642446 2 1469 33
"1470" 22.5979174822013 134.128610465047 0 1470 0
"1471" 136.035194835729 119.094233371906 2 1471 43
"1472" 93.2789986858197 141.619449964691 0 1472 0
"1473" 87.3895480171193 61.5012925330071 0 1473 0
"1474" 36.0442407939811 175.280091867823 0 1474 0
"1475" 151.073662935151 113.383903907207 2 1475 16
"1476" 93.0775293413579 176.526737007008 2 1476 47
"1477" 144.556542978914 163.770244955642 0 1477 0
"1478" 93.8861621376361 131.67246156827 0 1478 0
"1479" 114.739110180357 98.1552191058323 0 1479 0
"1480" 98.8159450120442 99.8803137799673 0 1480 0
"1481" 157.265161618843 74.8044101566174 0 1481 0
"1482" 134.089319073895 77.2178370427301 0 1482 0
"1483" 26.3941383721465 26.4399574748422 1 1483 17
"1484" 55.3230680871915 171.493052785025 0 1484 0
"1485" 110.928045986919 110.712848271575 0 1485 0
"1486" 87.1623915658403 60.1948908342341 0 1486 0
"1487" 102.281349278501 35.6564800576645 1 1487 39
"1488" 51.6663837914227 118.436370934376 0 1488 0
"1489" 41.7165026064196 130.410680902848 0 1489 0
"1490" 51.7690205909739 170.739286873308 0 1490 0
"1491" 127.449589681673 9.35179587364722 2 1491 28
"1492" 30.2209982433617 121.366425674047 0 1492 0
"1493" 67.2949799269283 140.493391951892 0 1493 0
"1494" 113.484240509102 41.3005443787901 0 1494 0
"1495" 34.428127689269 122.700656849183 0 1495 0
"1496" 106.550882101046 140.31664536082 0 1496 0
"1497" 23.2430081455118 174.44773825008 0 1497 0
"1498" 43.9246693908747 170.20164338867 0 1498 0
"1499" 134.342553984315 8.02965991136686 1 1499 25
"1500" 118.252343197876 148.537529745176 2 1500 45
"1501" 63.078451734262 146.359716410677 0 1501 0
"1502" 117.93522911076 26.8161041908502 0 1502 0
"1503" 73.0253752528294 53.3132900573277 2 1503 25
"1504" 60.9977501353369 144.534850533578 0 1504 0
"1505" 100.588591219856 162.700934987995 0 1505 0
"1506" -0.179404974097152 113.563169600387 2 1506 1
"1507" 58.2749911063715 105.137137324716 0 1507 0
"1508" 141.487273053534 102.214724102859 0 1508 0
"1509" 37.7863916649122 49.0249582691549 0 1509 0
"1510" 1.52178665035418 135.298295215626 2 1510 3
"1511" 29.9116380698964 102.829155524684 0 1511 0
"1512" 129.089993142493 134.383060391497 0 1512 0
"1513" 148.02088219487 135.418728875677 2 1513 39
"1514" 116.838012227403 155.081176652772 0 1514 0
"1515" 129.133715933272 121.268920210171 2 1515 10
"1516" -0.119794050379949 39.7610307025212 0 1516 0
"1517" 76.6593618627637 24.0019485474439 0 1517 0
"1518" 68.7051986461234 130.468529268624 0 1518 0
"1519" 153.134637995381 62.9364144310939 0 1519 0
"1520" 113.946637602557 158.922415065311 0 1520 0
"1521" 133.045356250885 72.6548191140157 0 1521 0
"1522" 122.878364023238 167.025454403702 0 1522 0
"1523" 30.3224287820386 18.3008756183859 2 1523 29
"1524" 39.8653363911015 112.798803497625 0 1524 0
"1525" 37.7593005053374 131.979228258371 0 1525 0
"1526" 5.67191848188809 168.719687087835 2 1526 43
"1527" 146.48910516013 21.3951224515163 2 1527 10
"1528" 158.311226270823 42.8197317153874 2 1528 12
"1529" 57.4379995149952 77.3074542255543 0 1529 0
"1530" 26.4394329006612 73.0227794017243 0 1530 0
"1531" 108.430146858984 43.0235380512271 0 1531 0
"1532" 74.9530927686349 131.607212148129 0 1532 0
"1533" 151.846561755566 95.5043069016568 2 1533 37
"1534" 8.25461618027789 93.0134108438234 1 1534 31
"1535" 42.0445019500248 113.630259073744 0 1535 0
"1536" 11.5728022104588 166.119628681579 1 1536 20
"1537" 142.541476830279 93.9038791756452 0 1537 0
"1538" 1.51936222065059 109.781210077575 0 1538 0
"1539" 130.571214878914 77.485457860621 0 1539 0
"1540" 37.8454820462268 27.0006823648564 0 1540 0
"1541" 59.8347714200908 73.2435074473753 0 1541 0
"1542" 78.4618937800686 87.0186485192114 0 1542 0
"1543" 46.4350804094558 147.107578689759 0 1543 0
"1544" 59.0679189949455 101.45165339996 0 1544 0
"1545" 128.998526042283 7.2224363738634 0 1545 0
"1546" 133.116355785596 109.696088502688 1 1546 41
"1547" 134.597919482539 7.85860644562989 1 1547 24
"1548" 68.5990838624124 65.3627707595179 0 1548 0
"1549" 54.3554560017519 12.919435052428 0 1549 0
"1550" 10.86607795615 19.3785665364481 0 1550 0
"1551" 94.714180073783 131.942639244158 1 1551 49
"1552" 130.764013322288 12.5061318696119 0 1552 0
"1553" 98.8455285665381 154.000095975785 0 1553 0
"1554" 113.946134322945 23.8914416007904 0 1554 0
"1555" 104.255050673594 111.553025586799 0 1555 0
"1556" 20.4652614751245 162.543127882622 0 1556 0
"1557" 14.4064769511507 -0.384323949895411 0 1557 0
"1558" 97.208566729424 132.472221182066 0 1558 0
"1559" 134.746282530148 2.37834821648978 0 1559 0
"1560" 109.417563259291 70.1092026437351 0 1560 0
"1561" 48.9805955554562 68.7245213287108 0 1561 0
"1562" 37.701815937982 177.296616883916 0 1562 0
"1563" 91.9739408033027 171.929648394786 1 1563 24
"1564" 45.9653224772076 2.05301398548691 0 1564 0
"1565" 98.1277579238826 50.5888983347326 0 1565 0
"1566" 116.580502847901 38.5459957285065 0 1566 0
"1567" 126.737594996389 100.255900928833 0 1567 0
"1568" 39.7596091401813 57.9445087510877 0 1568 0
"1569" 140.469309827547 122.524805514112 0 1569 0
"1570" 90.8267262359651 66.7514234713064 2 1570 48
"1571" 133.642700545212 141.665591690429 0 1571 0
"1572" 137.6526126479 71.9514908283165 0 1572 0
"1573" 92.7058979396 135.760995016153 0 1573 0
"1574" 155.026727808206 144.835836029838 0 1574 0
"1575" 129.660088815135 172.600922358626 1 1575 13
"1576" 86.2769759754317 12.3394646440136 0 1576 0
"1577" 154.343684694528 155.542010043815 2 1577 34
"1578" 111.877801681758 2.27091556780301 0 1578 0
"1579" 109.550944152156 41.2754516687388 1 1579 50
"1580" 121.795069561512 152.289330668927 0 1580 0
"1581" 99.128949618916 7.36501932736978 0 1581 0
"1582" 81.3015681080312 170.742654175836 0 1582 0
"1583" 3.18697210106338 129.765811205529 2 1583 30
"1584" 70.2407546966307 83.0891727066259 0 1584 0
"1585" 69.2277366796371 130.63199457192 0 1585 0
"1586" 148.027154654056 160.186583137211 0 1586 0
"1587" 128.958302729897 118.908193732119 0 1587 0
"1588" 110.487666290555 137.001137228308 0 1588 0
"1589" 108.421434130268 61.6598846266122 0 1589 0
"1590" 69.5491621205391 20.904555161602 0 1590 0
"1591" 62.8864349844819 163.38575123095 0 1591 0
"1592" 124.786440190908 126.442102930888 1 1592 37
"1593" 145.937136053862 60.7274839864883 0 1593 0
"1594" 76.5493939568605 170.895008276475 0 1594 0
"1595" 68.9598835185868 72.2541417835867 0 1595 0
"1596" 0.295620206182302 29.1568669743374 0 1596 0
"1597" 65.6571506439647 11.6747130637004 0 1597 0
"1598" 11.0689017743362 32.9137110735666 0 1598 0
"1599" 116.162041765026 88.7368185231704 2 1599 46
"1600" 86.5923024463182 142.524703991503 0 1600 0
"1601" 22.6674062793619 76.5285886611594 0 1601 0
"1602" 77.3794804321282 85.2378732502111 0 1602 0
"1603" 7.62011936557341 15.1202074392213 0 1603 0
"1604" 20.7589904728466 30.3372848972628 1 1604 35
"1605" 81.0350706564364 35.9606683333409 0 1605 0
"1606" 120.741332703925 50.8013428838773 0 1606 0
"1607" 67.4014950126523 53.7895391653074 2 1607 38
"1608" 12.7896025985786 -2.78660149175975 0 1608 0
"1609" 157.683405400261 75.9071866706813 2 1609 18
"1610" 65.6019483223331 138.759412644059 0 1610 0
"1611" 150.148207295036 145.360300051891 0 1611 0
"1612" 61.5789023443 177.402746547277 2 1612 19
"1613" 104.7761888109 113.320920783278 0 1613 0
"1614" 5.9944610237866 141.439802984166 2 1614 5
"1615" 34.2159169948325 88.5862631628329 0 1615 0
"1616" 66.5266414788564 77.5889065558176 0 1616 0
"1617" 138.875440258733 118.927689870773 0 1617 0
"1618" 64.0708003122155 1.84447749235141 0 1618 0
"1619" 146.843687440773 134.63159879986 0 1619 0
"1620" 80.0241702333471 23.3193187176375 0 1620 0
"1621" 150.269910153684 62.2911438613653 0 1621 0
"1622" 76.9514532170868 51.6944584135551 0 1622 0
"1623" 132.5540894811 22.3385551397815 2 1623 24
"1624" 23.2784451339782 159.476013348994 0 1624 0
"1625" 73.4597980882648 35.4993996567447 0 1625 0
"1626" 65.7343101114299 148.975780742853 0 1626 0
"1627" 103.626840173243 45.6195739338442 2 1627 39
"1628" 59.4399257968606 29.4149151099376 2 1628 41
"1629" 113.290783233771 104.109237039859 0 1629 0
"1630" -0.329906398361608 174.693447495197 0 1630 0
"1631" 93.5207219363762 88.9709565951826 0 1631 0
"1632" 93.5984259119398 75.1727528459201 0 1632 0
"1633" 2.79597214819178 122.611902994848 0 1633 0
"1634" 137.249782628428 96.3019682993768 0 1634 0
"1635" 125.074287033269 39.41343605318 0 1635 0
"1636" 23.7825888593598 89.1829112605861 0 1636 0
"1637" 92.6192066783176 49.3507695271828 2 1637 41
"1638" 99.1443572022063 95.4106586240498 0 1638 0
"1639" 149.406495820968 93.0963776330828 0 1639 0
"1640" 90.4115247498461 174.696441738678 1 1640 42
"1641" 17.7247314707967 23.0842490908286 0 1641 0
"1642" 136.75779063422 5.80336608589435 2 1642 36
"1643" 66.9364164948525 122.602664801456 0 1643 0
"1644" 20.8916875944529 29.620158869499 2 1644 42
"1645" 26.9865518743443 100.780969387968 2 1645 27
"1646" 78.234059399169 171.891814807593 0 1646 0
"1647" 5.23166775092472 144.396489339955 1 1647 36
"1648" 35.6822311697389 76.1581854688144 0 1648 0
"1649" 108.200921381781 55.1432947210173 0 1649 0
"1650" 21.1405731429914 108.073783359912 2 1650 40
"1651" 93.9105144675352 34.7268269406383 0 1651 0
"1652" 15.372520968602 118.500472935456 0 1652 0
"1653" 26.2077625480205 103.455268987364 2 1653 25
"1654" 95.0008126791867 169.730381958011 2 1654 12
"1655" 139.414101064326 34.4381236795988 2 1655 6
"1656" 136.777135219638 46.7489764927835 0 1656 0
"1657" 27.0324378312963 2.7668119665629 2 1657 29
"1658" 143.338682820236 84.5105872882184 0 1658 0
"1659" 127.844960528106 155.90720935173 0 1659 0
"1660" 22.2324647738439 142.196478327893 0 1660 0
"1661" 69.8117065803937 51.3128082516305 0 1661 0
"1662" 101.486301736471 47.0868749496475 2 1662 39
"1663" 140.738342550188 119.958538672057 0 1663 0
"1664" 35.6349919373474 177.910648590437 0 1664 0
"1665" 87.331468201794 99.2735537463922 2 1665 8
"1666" 115.699483689498 144.813143925827 0 1666 0
"1667" 77.8533784383296 61.9551011429109 1 1667 39
"1668" 84.9716305045647 25.1884506970103 0 1668 0
"1669" 55.6096726077954 31.3168126447064 1 1669 48
"1670" 2.86761594821 54.9336657927102 0 1670 0
"1671" 120.869982356525 152.836651318102 0 1671 0
"1672" 117.271796714062 132.424803512962 0 1672 0
"1673" 91.3149196299388 51.2334877984951 0 1673 0
"1674" 2.3039743872384 62.9527450319522 2 1674 28
"1675" 155.599585976648 150.111254628861 0 1675 0
"1676" 85.5986618552351 45.4358150755027 0 1676 0
"1677" 119.261252183982 141.622486378201 0 1677 0
"1678" 19.8764650330149 119.843361308982 0 1678 0
"1679" 78.5164412765083 138.815017384299 1 1679 49
"1680" 111.070710216739 30.1914203526696 0 1680 0
"1681" 148.916802698686 131.944952038827 0 1681 0
"1682" 97.1750111604189 50.4950264788317 0 1682 0
"1683" 45.6777303078111 6.27173479827492 0 1683 0
"1684" 13.2312796629074 144.064953714771 1 1684 42
"1685" 33.648712371481 148.280120759792 2 1685 46
"1686" 50.173333373918 166.195926649314 0 1686 0
"1687" 53.4888324751333 81.8018146329539 0 1687 0
"1688" 12.2798577905123 93.0563850604025 2 1688 16
"1689" 88.5914021990398 105.556295498924 2 1689 21
"1690" 136.016081706507 166.861483531472 2 1690 34
"1691" 72.7100954776033 5.32838045026674 0 1691 0
"1692" 45.6024254856313 50.7882358474602 0 1692 0
"1693" 154.091259674841 29.6655830190527 2 1693 21
"1694" 91.7408455402597 15.616226533909 0 1694 0
"1695" 10.7351516747866 89.8850263436933 2 1695 42
"1696" 26.8695215774536 76.7650059289555 2 1696 46
"1697" 106.062761165856 89.4269934882744 2 1697 48
"1698" 45.3016459299839 97.5175497266837 0 1698 0
"1699" 157.376768516215 33.9855603712216 1 1699 30
"1700" 130.87908843031 89.5142610633658 0 1700 0
"1701" 148.651894135277 149.454964824852 0 1701 0
"1702" 128.470538658896 50.1753138041112 2 1702 19
"1703" 45.8491744549408 90.8237227034391 0 1703 0
"1704" 29.2258864206799 123.109542892886 0 1704 0
"1705" 1.57939928439663 144.945795366095 1 1705 43
"1706" 79.3056554558363 40.2957322276574 0 1706 0
"1707" 4.42608148138872 63.6010779429015 0 1707 0
"1708" 157.289246319323 163.444766000871 0 1708 0
"1709" 89.1084825321333 129.208812363279 0 1709 0
"1710" 23.1833544580061 87.2785150658886 0 1710 0
"1711" 32.0838661590216 121.492212270724 0 1711 0
"1712" 23.9580230701654 22.1281122099191 2 1712 44
"1713" 111.353470415055 148.83888602913 0 1713 0
"1714" 58.8484129180224 124.602570240568 0 1714 0
"1715" 16.1072283182805 101.800756270673 1 1715 2
"1716" 154.680814706116 127.875284964786 0 1716 0
"1717" 140.825202994305 40.3562242771202 0 1717 0
"1718" 76.8798718776633 123.431729714063 0 1718 0
"1719" 16.9557601411231 68.1802910912531 0 1719 0
"1720" 9.71061121336657 63.1250938118416 1 1720 34
"1721" 36.867425710548 101.079723515428 0 1721 0
"1722" 7.1811540946197 91.9756504862138 1 1722 29
"1723" 17.9746349622652 21.659413594202 0 1723 0
"1724" 2.60305885670956 92.6601891955232 1 1724 38
"1725" 111.877045713841 136.173402942967 1 1725 34
"1726" 152.125210751103 49.3435738374302 0 1726 0
"1727" 55.3022068476921 60.1360894000898 0 1727 0
"1728" 1.74428918818301 142.803486667512 0 1728 0
"1729" 74.5875804081627 74.1667007502258 0 1729 0
"1730" 97.0662678266794 15.8075988395665 0 1730 0
"1731" 80.7504512443746 165.473667963328 0 1731 0
"1732" 82.3920741472012 146.81588658506 0 1732 0
"1733" 60.6647599730232 51.488640215916 2 1733 39
"1734" 52.4226413569091 75.3970693296168 0 1734 0
"1735" 48.2560104169793 77.0136470624804 0 1735 0
"1736" 25.6098308320204 90.3103292139643 0 1736 0
"1737" 137.878793283449 121.471325078238 0 1737 0
"1738" 154.439064606491 162.015033381062 2 1738 30
"1739" 12.747980475931 25.186745339324 0 1739 0
"1740" 67.1700804938145 36.2862742696118 1 1740 50
"1741" 91.3833973368605 159.097838957426 2 1741 41
"1742" 150.069687062851 15.4408238553759 0 1742 0
"1743" 155.751177540501 90.949844131861 0 1743 0
"1744" 98.6711783166652 66.9618228169011 2 1744 31
"1745" 24.9955648841224 96.2329395618109 0 1745 0
"1746" 95.3768043397282 8.88560496041591 0 1746 0
"1747" 131.972221409314 103.502177530509 0 1747 0
"1748" 23.2087919096764 122.584562673679 0 1748 0
"1749" 35.0250550179357 6.83034077289977 0 1749 0
"1750" 82.5500585978613 51.2522104342495 0 1750 0
"1751" 111.386254887797 126.436184727308 0 1751 0
"1752" 53.5574017759487 34.9664836294922 0 1752 0
"1753" 26.4630075437309 47.3719724589303 0 1753 0
"1754" 26.0510584646597 97.8277345890527 2 1754 21
"1755" 123.82803149436 98.823275462177 0 1755 0
"1756" -1.18735937658114 93.9945619659599 1 1756 41
"1757" 30.52104961632 101.892941539693 0 1757 0
"1758" 6.83498103962311 164.489495812885 1 1758 25
"1759" 61.2147521715106 136.31691685129 0 1759 0
"1760" 106.724903646422 120.932416278452 0 1760 0
"1761" 125.934307111975 123.244782132981 0 1761 0
"1762" 139.851281115619 121.689668503033 0 1762 0
"1763" 37.2927917223003 154.436623787795 0 1763 0
"1764" 1.3768349323141 18.4597715161937 0 1764 0
"1765" 88.8808591616961 91.3397100782536 1 1765 20
"1766" 10.7600038392292 23.7370584532083 0 1766 0
"1767" 74.7421923237247 148.508783156394 0 1767 0
"1768" 28.5723019028596 15.4306073087401 2 1768 25
"1769" 70.3899192844251 67.0082243340167 0 1769 0
"1770" 94.455921579055 -2.69448843462867 0 1770 0
"1771" 130.895941631862 41.395194880277 0 1771 0
"1772" 153.81623661419 162.852287036177 1 1772 24
"1773" 71.9558658218938 142.137110298267 0 1773 0
"1774" 135.824780819551 46.1022922842581 0 1774 0
"1775" 152.094287027409 39.8743827118922 1 1775 37
"1776" 52.8321181872242 -0.563940117157834 0 1776 0
"1777" 87.2044859250348 175.686660659862 1 1777 13
"1778" 137.756283230208 169.649353490135 2 1778 28
"1779" 131.519643698026 37.2866624247161 0 1779 0
"1780" 155.749690469076 26.2890315410895 2 1780 12
"1781" 140.672741775264 56.4519034036852 0 1781 0
"1782" 12.1483357743756 127.805997678658 1 1782 12
"1783" 69.0754891297536 11.2887289884718 2 1783 42
"1784" 99.8649264389914 163.709454501798 0 1784 0
"1785" 56.2769351720421 49.0073831381729 0 1785 0
"1786" 72.0278198278874 64.6305308476569 0 1786 0
"1787" 85.5604408018422 101.912342752926 0 1787 0
"1788" 31.6310685250283 67.2966858030812 0 1788 0
"1789" 75.7966635801031 102.848785716032 1 1789 9
"1790" 40.4260111861623 83.8382694875931 0 1790 0
"1791" 64.9102104167643 143.347239063686 0 1791 0
"1792" 75.5539147849975 43.4559258292131 0 1792 0
"1793" 24.7548141914596 80.4994578285058 0 1793 0
"1794" 56.7224363001569 28.0897770187239 1 1794 33
"1795" 89.0159306471696 89.4783304844428 2 1795 6
"1796" 14.1008540781633 57.4621959872127 0 1796 0
"1797" 148.588746099535 120.882061578254 0 1797 0
"1798" 17.1083857873046 146.241539961425 2 1798 42
"1799" 16.8639787158337 129.601917945008 2 1799 10
"1800" 95.5522477623482 110.125416167951 0 1800 0
"1801" 72.0326993933423 169.342064345945 0 1801 0
"1802" 11.3577028633014 41.2582253833218 0 1802 0
"1803" 32.7214438388168 59.1333289665766 0 1803 0
"1804" 100.558556960495 40.4907473552699 0 1804 0
"1805" 22.8007626822817 67.0232162935891 0 1805 0
"1806" 101.045165997296 13.9342915987672 1 1806 43
"1807" 99.8106678415257 11.0027138953571 2 1807 25
"1808" 98.5383110386185 73.3754630393091 0 1808 0
"1809" 102.327084513694 48.2245744189337 0 1809 0
"1810" 18.9395356662402 2.51377932164569 0 1810 0
"1811" 124.272095504546 58.8074645674553 0 1811 0
"1812" 94.5272518778148 139.193413254231 0 1812 0
"1813" 67.2262949541841 68.8162827975108 1 1813 23
"1814" 151.130024859442 150.581764455894 0 1814 0
"1815" 79.4921369162559 146.968013764658 0 1815 0
"1816" 75.089076673084 150.584378226288 0 1816 0
"1817" 131.206908705232 97.085382698514 2 1817 35
"1818" 98.9687432861284 31.5083323311868 0 1818 0
"1819" 39.8012183063746 141.249785476401 0 1819 0
"1820" 137.181961993482 -2.51729652976416 0 1820 0
"1821" 92.9603489592971 11.0353401268057 0 1821 0
"1822" 135.824770259666 115.107439875932 1 1822 38
"1823" 0.879271999773263 46.8349469537822 0 1823 0
"1824" 65.4452420296348 28.6060300990056 0 1824 0
"1825" 60.3624891893997 93.1152048367952 0 1825 0
"1826" 6.46350032217772 136.663266456239 1 1826 47
"1827" 1.88855840814176 175.699580073935 0 1827 0
"1828" 44.0998362343863 96.6136247843325 0 1828 0
"1829" 69.6799194811935 139.694124107489 0 1829 0
"1830" 129.832985957467 74.7115249679699 0 1830 0
"1831" 56.1195029434387 8.83384549255468 0 1831 0
"1832" 7.24334211701215 -3.57375080979534 0 1832 0
"1833" 13.2824376984762 71.2715021965653 0 1833 0
"1834" 19.8912093656734 163.171566225284 0 1834 0
"1835" 35.8265789896907 175.342220405829 0 1835 0
"1836" 43.7134705730515 160.987570738823 0 1836 0
"1837" 26.7138222184438 59.8465134680135 0 1837 0
"1838" 78.3650658907207 13.9668103909245 0 1838 0
"1839" 89.3397955712278 124.878253333736 0 1839 0
"1840" 5.83662942933019 98.0401193544673 2 1840 26
"1841" 114.034529058397 102.910480339868 0 1841 0
"1842" 11.8104534646167 108.926727179998 2 1842 11
"1843" 30.4544147965142 130.327845980641 0 1843 0
"1844" 72.938348996055 46.0482484350707 0 1844 0
"1845" 140.883209489579 1.72597328254898 0 1845 0
"1846" 17.5680890991026 7.61255066915631 0 1846 0
"1847" 45.5278710893019 75.4408094207772 0 1847 0
"1848" 76.2835130227907 88.8647539056745 2 1848 9
"1849" 12.1667029713144 107.533432165141 0 1849 0
"1850" 102.191810780216 34.8545899145787 2 1850 38
"1851" 117.374964578454 106.165224289092 0 1851 0
"1852" 58.1747994069365 39.4160218387885 0 1852 0
"1853" 88.7627161450377 150.01115823669 0 1853 0
"1854" 38.1590057350915 173.845597034639 0 1854 0
"1855" 23.9125382016009 133.398875384338 0 1855 0
"1856" 16.4036597477778 77.9313093631859 0 1856 0
"1857" 42.4358524760906 98.7214068573957 0 1857 0
"1858" 135.956824538928 156.266736919313 0 1858 0
"1859" 127.317116414644 113.119052940244 0 1859 0
"1860" 156.688344092772 12.5219803436144 1 1860 22
"1861" 121.002193835773 16.5987373394903 0 1861 0
"1862" 97.6633616420393 138.583051111635 0 1862 0
"1863" 34.9785339700445 4.19035429182308 0 1863 0
"1864" 154.706868825097 53.8148686532145 1 1864 41
"1865" 42.3976095165539 151.134416485268 0 1865 0
"1866" 49.1527575126222 95.1179551243462 0 1866 0
"1867" 111.577764126521 88.8508207823888 1 1867 16
"1868" 74.4221043933279 47.4649357735564 0 1868 0
"1869" 18.6712947851671 8.8878722423096 0 1869 0
"1870" 95.5321145557521 177.813080900055 0 1870 0
"1871" 84.8444062491705 88.3078738166261 0 1871 0
"1872" 16.8793193449613 82.3467018914628 2 1872 49
"1873" 156.001249578215 0.764284271624218 2 1873 11
"1874" 82.9767393527078 76.3087566429128 0 1874 0
"1875" 62.6048567068807 39.3604244697325 0 1875 0
"1876" 27.7868447208157 153.69038154066 0 1876 0
"1877" 92.6658730556861 142.215196078095 0 1877 0
"1878" 46.1613217639373 105.399665768761 0 1878 0
"1879" 131.063809235908 122.387871415982 2 1879 47
"1880" 96.2977877188774 161.195385413058 1 1880 26
"1881" 99.39011990824 18.8518197187304 0 1881 0
"1882" 138.893984315018 62.9196245026232 2 1882 10
"1883" 49.1351221306732 82.8321181380501 0 1883 0
"1884" 49.3849542118574 19.0730876178927 0 1884 0
"1885" 83.7545406183286 156.416514448323 0 1885 0
"1886" 100.530485454176 -2.63904556044516 0 1886 0
"1887" 31.3097801005028 133.734928559588 0 1887 0
"1888" 67.9932415195783 141.847944752571 0 1888 0
"1889" -0.275332090299793 51.2965014356971 0 1889 0
"1890" 55.4041494284389 4.89989181430009 0 1890 0
"1891" 40.9051628473519 50.6450815843436 0 1891 0
"1892" 121.952210869036 120.780796981997 0 1892 0
"1893" 132.408883164988 101.903703639651 0 1893 0
"1894" 41.8314715538984 56.6819489258113 0 1894 0
"1895" 95.1354300521707 11.6198536701516 0 1895 0
"1896" 2.23279990294789 75.2610131737772 0 1896 0
"1897" 146.713872718339 154.654707078366 0 1897 0
"1898" 81.949266501172 125.45398312575 0 1898 0
"1899" 13.7349499534573 11.9612480824164 0 1899 0
"1900" 81.7925332470658 38.5803675163073 0 1900 0
"1901" 110.828846542184 115.838347831999 0 1901 0
"1902" 85.3520642068268 97.2355775136749 2 1902 9
"1903" 37.2067173904533 53.8862271134589 2 1903 37
"1904" 10.4989502328867 3.41262093270834 0 1904 0
"1905" 15.0362689253013 33.4140490820561 2 1905 16
"1906" 75.5599664976565 102.54130252114 1 1906 10
"1907" 85.4917871717345 10.3664762829751 0 1907 0
"1908" 112.68134326553 28.0014160227794 0 1908 0
"1909" 133.635806101328 70.2422203718461 0 1909 0
"1910" 142.1302283359 77.0011601483391 0 1910 0
"1911" 32.4661020067167 139.837287113172 0 1911 0
"1912" 11.7286295987093 12.3883125799347 0 1912 0
"1913" 45.4549067045511 42.4911929478832 0 1913 0
"1914" 87.8640398857739 167.727544673347 0 1914 0
"1915" 150.154065671933 62.5749550561969 0 1915 0
"1916" 135.093891130324 107.540409804988 1 1916 36
"1917" 115.464425036825 103.548019737616 0 1917 0
"1918" 3.05621118300109 70.8322812025109 0 1918 0
"1919" 152.198906127023 120.849704052173 0 1919 0
"1920" 135.182345255766 92.5985739404815 0 1920 0
"1921" 14.9465815026843 5.1200904203799 0 1921 0
"1922" 153.243064420239 156.836760129295 1 1922 31
"1923" 96.1534179553354 8.30554494068986 0 1923 0
"1924" 110.31585910058 78.9120764123553 0 1924 0
"1925" 74.1811267754827 136.99190730607 0 1925 0
"1926" 4.64159187767588 11.6680100004551 0 1926 0
"1927" 97.3097766713602 125.276487716673 0 1927 0
"1928" 46.4636939524113 54.0149788117272 0 1928 0
"1929" 101.981477798047 33.3484509020615 1 1929 36
"1930" 90.4132783647451 160.126876033125 1 1930 43
"1931" 7.55402830493794 69.2943603019505 0 1931 0
"1932" 77.3856224655033 99.2578559102473 1 1932 17
"1933" 67.4915144350492 78.9296811137844 0 1933 0
"1934" 123.447732936155 90.8191057281011 0 1934 0
"1935" 137.869359861323 77.2309459647989 2 1935 41
"1936" 8.62616688504436 52.7836230508143 0 1936 0
"1937" 117.175664990732 172.376572404612 0 1937 0
"1938" 135.5272271589 32.9021495429984 0 1938 0
"1939" 48.6604456138215 3.83363883090818 0 1939 0
"1940" 114.200026155555 94.1242501474329 0 1940 0
"1941" 81.3879094327082 19.4033751130724 0 1941 0
"1942" 113.711396099114 142.58891557466 2 1942 10
"1943" 122.505839300169 47.7369458314864 0 1943 0
"1944" 21.9865040138021 173.151769819321 0 1944 0
"1945" 117.090615080042 39.4382625006397 0 1945 0
"1946" 7.30085136154497 96.3785916705975 2 1946 7
"1947" 45.1891575818083 43.2340130800242 0 1947 0
"1948" 58.2099783897088 161.262509556693 0 1948 0
"1949" 107.302696651205 161.247341760099 0 1949 0
"1950" 148.687627661783 102.884224568418 0 1950 0
"1951" 15.3257690636565 98.0183184351643 2 1951 5
"1952" 84.2266042751933 26.606271655015 0 1952 0
"1953" 2.99216593152162 101.588504229425 1 1953 25
"1954" 35.5509329707334 17.1518538391633 1 1954 31
"1955" 50.4040876378359 67.5376275207146 0 1955 0
"1956" 109.142390300701 59.0801341320683 0 1956 0
"1957" 18.2272367664048 163.915406537852 0 1957 0
"1958" 80.3829670313859 141.963584657437 2 1958 32
"1959" 17.6987056987404 110.021235754182 0 1959 0
"1960" 139.443551721547 4.27814719233652 0 1960 0
"1961" 85.4596004184248 103.305868160137 0 1961 0
"1962" 81.2845096627627 80.0523463677578 0 1962 0
"1963" 26.9889974612638 77.2929586209369 2 1963 45
"1964" 68.450335304119 43.0095138166796 0 1964 0
"1965" 127.499996355231 17.4807665656846 0 1965 0
"1966" 105.074805237821 73.5747656246245 0 1966 0
"1967" 46.8845620524146 39.3624760587849 0 1967 0
"1968" 65.5584027279174 57.1331225945952 0 1968 0
"1969" 75.1036606602588 108.608998210869 2 1969 33
"1970" 76.6759033230376 17.8876537757272 2 1970 2
"1971" 18.8523396649359 32.3363705064414 1 1971 41
"1972" 71.0798889335527 107.42809974675 0 1972 0
"1973" 70.7475677886164 92.9023746718774 2 1973 16
"1974" 39.6765649335533 154.037912120699 2 1974 20
"1975" 87.2217105199788 128.097222398869 0 1975 0
"1976" 16.5187494598957 55.1666615026364 0 1976 0
"1977" 78.2717515970587 48.9498969889469 0 1977 0
"1978" 152.608510649561 45.7506291699458 0 1978 0
"1979" 148.718606094667 149.766903300448 0 1979 0
"1980" 150.722991893512 112.486167973734 2 1980 26
"1981" 149.69029313477 77.067896961972 0 1981 0
"1982" 33.0216744676907 30.1558656612713 0 1982 0
"1983" 94.8525662022207 113.371406621982 0 1983 0
"1984" 85.5245142391458 94.4743916693885 2 1984 10
"1985" 27.4013104818938 175.141378400177 0 1985 0
"1986" 1.15850197620151 58.8590373129422 0 1986 0
"1987" -0.772327185635251 100.025111774244 1 1987 8
"1988" 52.4592423292644 95.5883348842676 0 1988 0
"1989" 19.9091438694634 89.2978440460639 0 1989 0
"1990" 133.800144569432 28.6971526318685 1 1990 37
"1991" 154.956626500285 91.8532617481928 0 1991 0
"1992" 28.3841878917513 149.011323906062 1 1992 1
"1993" 138.741770878805 103.836382852802 0 1993 0
"1994" 5.19396053702882 147.610592909427 2 1994 31
"1995" 137.341500656963 166.395603322214 0 1995 0
"1996" 39.5509055632035 100.782636175506 0 1996 0
"1997" 19.9358312070636 139.339073205614 0 1997 0
"1998" 156.583127049048 77.7263775075584 0 1998 0
"1999" 149.271584493746 75.6543939320875 0 1999 0
"2000" 2.56981270730532 23.3316491655432 0 2000 0
