"V1" "V2" "V3" "V4" "V5"
"1" 148.364417401506 20.2999080337087 0 1 0
"2" 154.969480945189 21.1604449636032 0 2 0
"3" 147.832031588365 24.7426032887745 0 3 0
"4" 150.385618301331 23.7559377862841 0 4 0
"5" 152.042538558123 22.3584978778245 0 5 0
"6" 149.211263731201 21.3892306437124 0 6 0
"7" 155.029466821175 24.3960216542348 0 7 0
"8" 152.359526361224 19.0779560436895 0 8 0
"9" 150.298743276526 24.1889410255404 0 9 0
"10" 149.202495706678 27.0045612646793 0 10 0
"11" 147.17451435354 19.8514595949332 0 11 0
"12" 147.380417128858 27.8440206752358 0 12 0
"13" 156.806051533981 19.4991244617566 0 13 0
"14" 153.641994617965 21.7237249051808 0 14 0
"15" 152.070030046199 23.6562272593039 0 15 0
"16" 145.117673131846 21.2236490384005 0 16 0
"17" 147.768223737767 22.7367610670541 0 17 0
"18" 151.921893712214 24.5372210028296 0 18 0
"19" 150.976919741516 20.8675872665217 0 19 0
"20" 150.786745024429 23.194476519888 0 20 0
"21" 148.663535610248 24.8218390765344 0 21 0
"22" 146.683829010401 22.196168200255 0 22 0
"23" 152.831251427108 25.476993626657 0 23 0
"24" 148.741068977613 23.7337955529103 0 24 0
"25" 150.077548491653 25.8263368790145 0 25 0
"26" 148.256559832142 22.07151448469 0 26 0
"27" 148.411325478841 26.4789752418386 0 27 0
"28" 152.566910815099 25.5625064538684 0 28 0
"29" 147.690554825052 25.6277865680093 0 29 0
"30" 149.922357640879 27.4497141036436 0 30 0
"31" 149.889883177957 21.8247674619736 0 31 0
"32" 145.626907193024 23.5759475573655 0 32 0
"33" 154.86198588065 21.5459637785086 0 33 0
"34" 151.823138491205 22.8209957279469 0 34 0
"35" 150.316216058238 25.995833123897 0 35 0
"36" 153.575396019105 27.8107059675942 0 36 0
"37" 147.604350910107 18.8603055035636 0 37 0
"38" 148.647668052078 25.2380244167219 0 38 0
"39" 153.598735893976 24.3495231789336 0 39 0
"40" 150.201373057662 19.8960003302495 0 40 0
"41" 153.941570059868 20.8618574669399 0 41 0
"42" 148.362345471261 23.8323420499251 0 42 0
"43" 155.94080301159 25.5402451806024 0 43 0
"44" 154.378089506481 20.9651436218822 0 44 0
"45" 148.425057946785 22.7608285519045 0 45 0
"46" 152.533468284194 23.7271022429993 0 46 0
"47" 149.071105319199 23.7876133890411 0 47 0
"48" 155.018279830082 26.8744746160277 0 48 0
"49" 148.474890132031 23.0517631490784 0 49 0
"50" 151.027345129865 25.1362881210693 0 50 0
"51" 152.184728978275 24.5398694274892 0 51 0
"52" 151.162813240153 22.846327860457 0 52 0
"53" 149.155473893276 23.9394909398662 0 53 0
"54" 156.438296715533 27.6719635345 0 54 0
"55" 147.919650775408 19.239068920602 0 55 0
"56" 149.846127972433 20.7100921026404 0 56 0
"57" 149.696977021355 25.2688560500949 0 57 0
"58" 149.359121194003 23.0706778349473 0 58 0
"59" 153.235016230032 26.0470087599796 0 59 0
"60" 151.10078681133 21.0457575560283 0 60 0
"61" 153.189161063525 20.0631398332672 0 61 0
"62" 147.462702891718 29.844676917723 0 62 0
"63" 149.931474405596 24.4626947003093 0 63 0
"64" 153.237073156397 18.6355989360403 0 64 0
"65" 153.510844769926 24.0627946712193 0 65 0
"66" 150.555362069786 22.5324392615222 0 66 0
"67" 145.019021436096 26.1571391206178 0 67 0
"68" 148.666966502261 17.9794015198992 0 68 0
"69" 150.177943539918 19.0156396691993 0 69 0
"70" 153.714259515323 23.8622552889774 0 70 0
"71" 153.119827028559 25.2573945095453 0 71 0
"72" 152.043062212617 22.7919496603617 0 72 0
"73" 154.826833189194 29.0142307648455 0 73 0
"74" 150.629872112797 20.626956475084 0 74 0
"75" 148.38631292771 25.6870357842445 0 75 0
"76" 147.297316884252 25.357441245113 0 76 0
"77" 149.820884648896 22.2392750464079 0 77 0
"78" 150.2021968341 21.0566447145688 0 78 0
"79" 154.729318864114 25.1768781828575 0 79 0
"80" 143.671568932367 24.3320954608962 0 80 0
"81" 146.385266002077 24.3507588702853 0 81 0
"82" 155.572500733834 25.1846622747432 0 82 0
"83" 144.305211942213 23.2063702002998 0 83 0
"84" 146.511752311082 19.5338759702911 0 84 0
"85" 153.2095401465 23.8136608519683 0 85 0
"86" 158.505692931782 22.3431541937714 0 86 0
"87" 151.687088602856 23.9584229824392 0 87 0
"88" 148.428912115179 21.7755189736838 0 88 0
"89" 150.934558187084 23.8136130947933 0 89 0
"90" 152.799615430652 23.7165925344455 0 90 0
"91" 147.831078284511 21.6890313445999 0 91 0
"92" 150.72930773895 24.1985900465335 0 92 0
"93" 144.342756087654 23.1540745339544 0 93 0
"94" 148.287375092678 20.9892503225852 0 94 0
"95" 144.311956154698 21.8436539048371 0 95 0
"96" 152.174695894492 21.1074020002936 0 96 0
"97" 151.239245904936 22.2730235716179 0 97 0
"98" 151.051334600936 25.227508180369 0 98 0
"99" 145.634601922007 20.4885795760282 0 99 0
"100" 148.976386604452 25.6900871366956 0 100 0
"101" 153.89458393952 25.2616951535796 0 101 0
"102" 154.117860036721 24.0008780319604 0 102 0
"103" 154.061475872911 24.7018141923694 0 103 0
"104" 150.429478858156 25.4792905330687 0 104 0
"105" 149.01799288779 26.0760656798781 0 105 0
"106" 147.745196273738 25.5084819091192 0 106 0
"107" 147.102543023965 21.4806555443198 0 107 0
"108" 153.398737143034 30.974428509742 0 108 0
"109" 152.7595257855 23.3678445873376 0 109 0
"110" 151.540183623647 23.2690561355068 0 110 0
"111" 154.943234155009 15.6543435819273 0 111 0
"112" 154.090938869642 25.630383345398 0 112 0
"113" 146.32404018642 18.8359781775823 0 113 0
"114" 153.228759888645 24.7491228894968 0 114 0
"115" 148.670099427036 26.1185970431721 0 115 0
"116" 151.192898784342 24.0854046536787 0 116 0
"117" 155.949437311584 23.7647006318629 0 117 0
"118" 146.833871945377 21.3417947060911 0 118 0
"119" 150.066282896026 23.5389908155872 0 119 0
"120" 147.947051950524 24.1173984877587 0 120 0
"121" 154.571807378088 20.5273431393021 0 121 0
"122" 148.163213857068 25.3978707994774 0 122 0
"123" 154.319176843175 17.089968060079 0 123 0
"124" 150.517637652459 21.1159370618683 0 124 0
"125" 151.824246324289 23.195083867401 0 125 0
"126" 149.379159864967 20.855188144284 0 126 0
"127" 151.007374405777 22.8882322692883 0 127 0
"128" 145.406850481511 28.5996314184864 0 128 0
"129" 151.138330405449 23.8424291441595 0 129 0
"130" 150.959669430263 24.0644740101028 0 130 0
"131" 151.082646232584 24.4142409405897 0 131 0
"132" 153.592186927924 24.2984486493916 0 132 0
"133" 152.029023447313 24.6229573968404 0 133 0
"134" 150.449285690051 25.5608841553212 0 134 0
"135" 149.64688357161 22.5900015225993 0 135 0
"136" 148.308647275991 24.9156342777386 0 136 0
"137" 149.634293699053 24.0469266684644 0 137 0
"138" 153.893875582528 19.3478465419796 0 138 0
"139" 150.336913389981 26.1767540301696 0 139 0
"140" 151.199311764026 26.5697895933697 0 140 0
"141" 151.90903532033 23.1856330326397 0 141 0
"142" 143.111032298976 27.2346771506101 0 142 0
"143" 156.922478313911 25.6108270550458 0 143 0
"144" 151.369515500045 25.9629727732606 0 144 0
"145" 150.047640777176 26.8959070709744 0 145 0
"146" 153.943242353494 23.5092221058977 0 146 0
"147" 146.172733811355 24.9403803851835 0 147 0
"148" 147.292142619693 27.48352151216 0 148 0
"149" 145.945062384073 25.48531339818 0 149 0
"150" 150.769398826187 18.9767331302841 0 150 0
"151" 152.591298420832 24.780075840167 0 151 0
"152" 146.86136594651 18.9014713022252 0 152 0
"153" 151.782766701459 25.5425786687025 0 153 0
"154" 146.621687191292 22.7565261112184 0 154 0
"155" 152.773482129893 22.553570736399 0 155 0
"156" 150.589006557089 25.3834162184927 0 156 0
"157" 151.583636862251 20.6733337106927 0 157 0
"158" 146.825930507237 24.216976999616 0 158 0
"159" 151.020905303305 24.8391155088077 0 159 0
"160" 148.649029303447 19.6014263638365 0 160 0
"161" 152.020431716013 24.6781424624055 0 161 0
"162" 148.661738669147 20.2996672303783 0 162 0
"163" 149.907101963203 22.9768336180741 0 163 0
"164" 143.326121617132 23.6906952647532 0 164 0
"165" 152.586762508661 23.835643586524 0 165 0
"166" 151.409366698746 24.4787565442 0 166 0
"167" 150.057149399338 23.9672394814949 0 167 0
"168" 154.685068279571 19.6966658560833 0 168 0
"169" 146.960002619296 22.5894022782002 0 169 0
"170" 150.614065626974 21.3038436950284 0 170 0
"171" 148.388986035836 28.1844960318545 0 171 0
"172" 146.224754678283 19.2043939650092 0 172 0
"173" 153.917627066634 25.9466172977519 0 173 0
"174" 151.824520450546 25.2004739334106 0 174 0
"175" 150.139012795325 23.0508592190144 0 175 0
"176" 154.937873709347 22.4413952003382 0 176 0
"177" 146.085926036984 22.5404446970363 0 177 0
"178" 153.758371157469 23.357190814295 0 178 0
"179" 149.419389199484 24.7742806261081 0 179 0
"180" 151.909667404799 23.9990809587253 0 180 0
"181" 145.382495560603 18.814365311872 0 181 0
"182" 150.526360364521 24.7010688533438 0 182 0
"183" 153.961874304337 19.492886965127 0 183 0
"184" 143.247819693806 27.5908912302062 0 184 0
"185" 147.585507520912 20.0282160141286 0 185 0
"186" 145.551454496065 25.201462409749 0 186 0
"187" 151.448341260152 23.5029819350911 0 187 0
"188" 145.569046295957 18.9693070510044 0 188 0
"189" 149.282668337848 20.421463005024 0 189 0
"190" 148.522679985285 22.6148721463166 0 190 0
"191" 155.471815868027 19.2372728577086 0 191 0
"192" 149.673243636731 21.2438199286591 0 192 0
"193" 150.554760935343 22.1677865209342 0 193 0
"194" 148.080891542668 24.1225541642116 0 194 0
"195" 148.31625622156 26.6708065843065 0 195 0
"196" 148.707900436707 23.456035344378 0 196 0
"197" 152.697839449774 22.134323680437 0 197 0
"198" 151.732376127409 24.3232263807688 0 198 0
"199" 152.41548166925 26.0251874700041 0 199 0
"200" 147.444916518736 24.5858533014963 0 200 0
"201" 150.554560430856 22.7710565407065 0 201 0
"202" 152.773528288213 21.5220705737462 0 202 0
"203" 149.936604425768 24.1957337238593 0 203 0
"204" 151.817961171342 23.0437007785015 0 204 0
"205" 152.521384331487 25.9880735530008 0 205 0
"206" 147.757134860337 26.0069712910645 0 206 0
"207" 143.348886169074 24.043691016118 0 207 0
"208" 151.67277516386 26.6160240293553 0 208 0
"209" 149.552002184485 22.4007700347283 0 209 0
"210" 153.023981894686 20.5335551617245 0 210 0
"211" 155.236444751354 18.3196954658919 0 211 0
"212" 147.037400534941 25.7275023810108 0 212 0
"213" 147.147661325633 24.1243831676054 0 213 0
"214" 152.417580014536 22.927271276661 0 214 0
"215" 150.824739220152 23.6647675364491 0 215 0
"216" 153.523194002252 25.148600779887 0 216 0
"217" 149.610471987964 26.4347773386167 0 217 0
"218" 153.864192930465 23.2958803884484 0 218 0
"219" 149.693094898315 27.1322269936315 0 219 0
"220" 146.909683860769 24.788553728882 0 220 0
"221" 155.297574784266 23.4234848197169 0 221 0
"222" 152.69204737712 23.7977254482667 0 222 0
"223" 146.127392110497 19.5764854209986 0 223 0
"224" 154.205733119826 24.5476435779167 0 224 0
"225" 148.850908142422 20.8168893485064 0 225 0
"226" 148.73201442023 22.6703294034529 0 226 0
"227" 154.243157588063 27.7856631054596 0 227 0
"228" 146.345671838163 21.4614935031478 0 228 0
"229" 149.058225418668 21.1468438399487 0 229 0
"230" 152.77714374202 24.5500833139134 0 230 0
"231" 153.531326968132 23.3778110226583 0 231 0
"232" 155.491190564683 18.3665893814616 0 232 0
"233" 152.720830951775 21.2218259636291 0 233 0
"234" 149.149923150231 26.8288297255348 0 234 0
"235" 147.867508578717 21.6882569668219 0 235 0
"236" 149.865431041101 22.6774984629529 0 236 0
"237" 150.723480869459 23.6344941103101 0 237 0
"238" 146.208211686785 20.1258162717109 0 238 0
"239" 152.834553620929 22.6426628377356 0 239 0
"240" 152.998452598732 24.8287223080308 0 240 0
"241" 146.811764109096 20.8136536666854 0 241 0
"242" 159.094229477954 24.0097109768096 0 242 0
"243" 152.37292726828 22.8070774456436 0 243 0
"244" 155.796479607724 26.0492709261369 0 244 0
"245" 148.408760330516 23.0384092052513 0 245 0
"246" 147.824825308693 24.0825199780806 0 246 0
"247" 152.31046475071 22.2418666880334 0 247 0
"248" 149.123818053294 21.4081601132015 0 248 0
"249" 153.130539152833 29.1937158596565 0 249 0
"250" 147.66429774551 28.9291770555225 0 250 0
"251" 154.4624586587 22.3972757534877 0 251 0
"252" 147.435866521789 23.1773273409313 0 252 0
"253" 150.532755041662 19.0198727775031 0 253 0
"254" 152.800933561287 16.7323544387266 0 254 0
"255" 150.629766954306 24.1810624418214 0 255 0
"256" 150.937295998354 21.3001214230988 0 256 0
"257" 147.651954133946 21.1761091566538 0 257 0
"258" 150.824349799552 18.4720551427611 0 258 0
"259" 149.296723119017 26.3059641229278 0 259 0
"260" 152.702670884072 19.8548138249683 0 260 0
"261" 152.432074532743 19.985333541812 0 261 0
"262" 144.741675946561 24.8696535354697 0 262 0
"263" 144.953446595679 20.0536799167168 0 263 0
"264" 158.13635077257 23.1029300301049 0 264 0
"265" 153.287514245222 22.427910162361 0 265 0
"266" 152.223615618264 22.1758613983118 0 266 0
"267" 155.557501894671 3.62722075683484 0 267 0
"268" 155.175376692357 1.05878990937212 0 268 0
"269" 155.236993184811 8.84203671456265 0 269 0
"270" 155.325567396882 2.45599236978299 0 270 0
"271" 155.150554609382 0.765629886419724 0 271 0
"272" 155.07537098373 1.4239061957367 0 272 0
"273" 155.207132465993 1.55137274381183 0 273 0
"274" 154.992392254369 5.31139717426997 0 274 0
"275" 154.958553433185 9.72688851475687 0 275 0
"276" 155.326160565978 2.78934810111672 0 276 0
"277" 154.769067140193 3.4807854004759 0 277 0
"278" 154.822486248477 -0.0874640800535382 0 278 0
"279" 155.382623047506 4.48828482202757 0 279 0
"280" 155.505123387327 3.99384559314772 0 280 0
"281" 155.388312153792 2.43072185863471 0 281 0
"282" 154.905443464594 3.37962877373885 0 282 0
"283" 154.984862515409 -1.42168761557892 0 283 0
"284" 155.529039732393 4.12069415087355 0 284 0
"285" 155.174059128632 5.38057275340544 0 285 0
"286" 154.992301010799 4.74933856863914 0 286 0
"287" 155.113606564065 7.06276818766083 0 287 0
"288" 155.324974306816 5.21820993978168 0 288 0
"289" 155.273500333706 7.73065627471209 0 289 0
"290" 154.887448520389 1.8323393523249 0 290 0
"291" 155.336256410667 6.03384886480214 0 291 0
"292" 154.97625260722 8.12263968110187 0 292 0
"293" 155.473510404526 3.5881277403188 0 293 0
"294" 155.203451665153 4.53426324912398 0 294 0
"295" 155.02037102886 3.50769701369751 0 295 0
"296" 155.491637825488 3.11540319259186 0 296 0
"297" 155.275210704008 7.03765269687622 0 297 0
"298" 155.159363623909 6.72342452587759 0 298 0
"299" 155.076039241449 3.93214249250871 0 299 0
"300" 155.40292297147 -1.92297781081828 0 300 0
"301" 155.235521849308 11.1360901653985 0 301 0
"302" 155.258643053492 7.15925820177524 0 302 0
"303" 155.54883407966 -0.684655292855058 0 303 0
"304" 155.083385267967 3.2561669788725 0 304 0
"305" 155.175072616879 6.4418153918274 0 305 0
"306" 155.5829771958 4.95526886916188 0 306 0
"307" 155.379146092073 6.0408995019543 0 307 0
"308" 155.110249869436 6.34856324414853 0 308 0
"309" 155.565869613044 3.44549221952765 0 309 0
"310" 155.09604516974 8.30881086849446 0 310 0
"311" 154.863785134786 6.6724327585723 0 311 0
"312" 155.707619264449 -1.56835638548846 0 312 0
"313" 155.453983025233 4.79053199770556 0 313 0
"314" 155.153221277563 -0.606771771835267 0 314 0
"315" 155.191843143459 4.02859099109437 0 315 0
"316" 154.998908184155 4.11820972767847 0 316 0
"317" 155.498688875405 10.0995049141468 0 317 0
"318" 155.15708634602 5.08639154263499 0 318 0
"319" 154.956174709341 0.349768613372285 0 319 0
"320" 155.316411031766 2.04414854688909 0 320 0
"321" 155.031611461547 2.78474598530296 0 321 0
"322" 155.219671767072 8.15864640660134 0 322 0
"323" 154.808455190575 4.06495397840034 0 323 0
"324" 155.113596845497 -0.219486760385584 0 324 0
"325" 155.188043736698 2.59869410113823 0 325 0
"326" 155.322877524045 2.74603429930171 0 326 0
"327" 155.618352979706 -1.38540651819997 0 327 0
"328" 155.176789994261 6.3813892625984 0 328 0
"329" 155.305677268537 5.65094287719661 0 329 0
"330" 155.070272728364 5.12200199420861 0 330 0
"331" 155.040545769622 7.30255581154152 0 331 0
"332" 154.705087174546 3.37927884206803 0 332 0
"333" 154.758679685684 4.65492904307486 0 333 0
"334" 155.183261213192 2.94776954096571 0 334 0
"335" 155.493343033693 -0.206162815722838 0 335 0
"336" 155.335286171996 5.69607570738627 0 336 0
"337" 155.4713460176 0.631427763148213 0 337 0
"338" 154.814617902139 4.10530768397535 0 338 0
"339" 154.630567090977 0.497576456498891 0 339 0
"340" 154.688550354835 3.08789916102611 0 340 0
"341" 155.270147842654 2.28121703123585 0 341 0
"342" 155.053036009105 9.36618186670716 0 342 0
"343" 155.181384228821 7.95480347314595 0 343 0
"344" 154.964393342095 4.14352088866681 0 344 0
"345" 154.87799401872 2.83747165456051 0 345 0
"346" 155.288805265305 4.223747001088 0 346 0
"347" 155.444106322672 4.10737825260284 0 347 0
"348" 155.602148938488 -4.84052156481695 0 348 0
"349" 155.564069510331 8.1514583786256 0 349 0
"350" 155.073994176539 4.1075007516776 0 350 0
"351" 155.711128032976 5.27001708337555 0 351 0
"352" 155.363102329203 0.499993924264922 0 352 0
"353" 155.626485494151 3.15801405192598 0 353 0
"354" 155.195041559349 7.23514198817042 0 354 0
"355" 155.324962719688 2.26568214275528 0 355 0
"356" 154.860498547688 -1.47705184055273 0 356 0
"357" 155.385739643012 8.8125599494834 0 357 0
"358" 155.089741122246 -1.89294970323635 0 358 0
"359" 155.122878014698 6.24679164642114 0 359 0
"360" 154.953350188368 8.02167554375477 0 360 0
"361" 155.026716024617 -1.67670309215037 0 361 0
"362" 155.247027946067 2.18128164310171 0 362 0
"363" 155.150446594255 0.437763044667297 0 363 0
"364" 154.998711424803 1.50198817844169 0 364 0
"365" 155.376569773352 1.81033830468563 0 365 0
"366" 155.268707407358 8.72678523186356 0 366 0
"367" 155.504201291871 6.88603048632941 0 367 0
"368" 155.109543967944 11.1848771089267 0 368 0
"369" 155.702076609384 5.34615040824218 0 369 0
"370" 155.407749708143 7.44452739237695 0 370 0
"371" 155.642968470748 -3.13402843884412 0 371 0
"372" 155.259305164136 2.92553354626685 0 372 0
"373" 154.921132283856 4.03445820229642 0 373 0
"374" 155.464409185362 4.41208210176571 0 374 0
"375" 155.430964052855 4.79691393843989 0 375 0
"376" 155.125257193709 2.54620433286947 0 376 0
"377" 155.281038376077 -0.805815223689192 0 377 0
"378" 155.022401051467 0.548894990357069 0 378 0
"379" 155.015126196265 10.2299838308815 0 379 0
"380" 154.973718494752 5.98494108281592 0 380 0
"381" 154.962906408591 4.25193595865945 0 381 0
"382" 155.237195317421 4.26358218448579 0 382 0
"383" 155.281383873795 4.69873987702083 0 383 0
"384" 155.468303732855 -0.296130824961168 0 384 0
"385" 155.279930800791 4.65538151843166 0 385 0
"386" 155.178744770835 5.61667236402026 0 386 0
"387" 155.055131370554 3.28261026622035 0 387 0
"388" 155.337236288607 1.94046893026733 0 388 0
"389" 154.948746631536 3.17914954034851 0 389 0
"390" 155.089786088442 4.59557110862957 0 390 0
"391" 155.310097651318 -1.39363934990642 0 391 0
"392" 155.146034940658 6.80904048883265 0 392 0
"393" 155.036869558337 2.19962579516499 0 393 0
"394" 155.266633373906 4.50228401730835 0 394 0
"395" 155.202280520479 -0.0642749685108051 0 395 0
"396" 155.61073018607 -1.20605002592111 0 396 0
"397" 154.871940068975 1.91127647387026 0 397 0
"398" 155.254946585796 5.38708872791619 0 398 0
"399" 155.044749749487 7.06056339911138 0 399 0
"400" 155.095069208847 8.9560920912888 0 400 0
"401" 155.319727967136 -0.90869338723138 0 401 0
"402" 155.051941781556 1.02102182578447 0 402 0
"403" 154.719563496077 9.2732645640062 0 403 0
"404" 155.485450631003 0.582929073511251 0 404 0
"405" 155.247426485443 4.90195493301887 0 405 0
"406" 155.185736577269 3.08382742494822 0 406 0
"407" 155.519825325127 3.38575332637962 0 407 0
"408" 155.46910710075 0.0892728701979437 0 408 0
"409" 155.728873261474 4.17882136103939 0 409 0
"410" 155.274609163564 4.25273481209031 0 410 0
"411" 155.459556925128 3.47360269337796 0 411 0
"412" 155.052437721677 10.3520539516767 0 412 0
"413" 155.527178333275 1.81816421852502 0 413 0
"414" 155.198711631784 5.30681985147359 0 414 0
"415" 154.918542426397 -1.67978208626327 0 415 0
"416" 155.100154464881 -5.86205737711728 0 416 0
"417" 155.37916651896 2.29160767698644 0 417 0
"418" 155.215400695948 3.96442901663935 0 418 0
"419" 155.356753079926 1.04014711412389 0 419 0
"420" 155.224994612648 7.3663472786295 0 420 0
"421" 155.550149303794 0.793613386293516 0 421 0
"422" 155.135848679437 0.9317730881847 0 422 0
"423" 154.7016329703 1.00568684739967 0 423 0
"424" 154.53203220843 4.06580308268915 0 424 0
"425" 154.635078961746 1.85434520334993 0 425 0
"426" 154.728618092268 4.91270021915096 0 426 0
"427" 154.645060774576 8.50272894762345 0 427 0
"428" 155.397951539196 5.11054426933836 0 428 0
"429" 155.386499573245 4.31495999175179 0 429 0
"430" 155.544702687903 8.03405057136171 0 430 0
"431" 155.33979660957 2.99173185465535 0 431 0
"432" 155.37183801918 6.7948229055314 0 432 0
"433" 155.235597274613 -4.35873165985728 0 433 0
"434" 155.27490842816 1.13285398576925 0 434 0
"435" 155.259787477075 0.085679927101745 0 435 0
"436" 155.427228069564 4.75635882405587 0 436 0
"437" 155.697708887846 0.189932938986969 0 437 0
"438" 155.048564194475 -0.118969647438588 0 438 0
"439" 155.292952029651 -3.17612209425782 0 439 0
"440" 14.2875081463516 99.8981679354927 0 440 0
"441" 19.0443415235962 94.6699704460596 0 441 0
"442" 14.6818660282638 94.4519287823922 0 442 0
"443" 20.3424067503749 102.380451208308 0 443 0
"444" 11.4581819499952 99.1269575867518 0 444 0
"445" 15.8553575593009 92.185688368162 0 445 0
"446" 14.853698555557 94.2094354360662 0 446 0
"447" 17.4186854977884 101.426154217549 0 447 0
"448" 14.7192372571609 95.0873342531142 0 448 0
"449" 16.8084332273075 92.5015127044837 0 449 0
"450" 15.4725794306454 97.4659319655231 0 450 0
"451" 15.8692924733076 95.3963218290134 0 451 0
"452" 17.0763139651706 93.2463890465183 0 452 0
"453" 16.2174295535659 91.1845873598247 0 453 0
"454" 15.093978503322 95.0686814988443 0 454 0
"455" 14.8982100152569 98.5101631495168 0 455 0
"456" 11.8831816699287 91.5864395220534 0 456 0
"457" 17.5922925464827 102.213294040909 0 457 0
"458" 14.7947306053751 96.7021530869823 0 458 0
"459" 15.5426336151931 90.3476351266504 0 459 0
"460" 16.3897119551434 91.9948498766644 0 460 0
"461" 15.6304129524828 95.5330564907605 0 461 0
"462" 15.2183938600716 98.4798419029093 0 462 0
"463" 15.2684319952811 97.9396079055967 0 463 0
"464" 16.8504505317339 92.8187761016131 0 464 0
"465" 16.6922740847147 88.7916664282329 0 465 0
"466" 15.8601278844138 94.2020593473691 0 466 0
"467" 12.5761114913219 81.5914120681462 0 467 0
"468" 15.7116996428693 91.2117705718976 0 468 0
"469" 17.6417928804993 98.5139327379786 0 469 0
"470" 14.889712274906 101.075613192316 0 470 0
"471" 16.7616283463945 88.4689518967759 0 471 0
"472" 15.8785346591385 90.2427810840892 0 472 0
"473" 17.306925680525 93.0110088125895 0 473 0
"474" 14.7862732955416 93.436211293863 0 474 0
"475" 15.0670738669084 91.1614925961414 0 475 0
"476" 13.8510581890292 92.7535583445854 0 476 0
"477" 11.0478566596424 96.2888358508302 0 477 0
"478" 15.2958131560007 87.2209720156465 0 478 0
"479" 17.9397372467959 86.5315620908122 0 479 0
"480" 15.3306547950068 100.667757721174 0 480 0
"481" 19.0565068806369 95.3998696711531 0 481 0
"482" 15.3000985143463 89.7751033837445 0 482 0
"483" 18.2069316622168 94.1512061734026 0 483 0
"484" 18.9363579938138 97.663720202946 0 484 0
"485" 17.8453547064496 86.7102265836571 0 485 0
"486" 18.1450149841467 99.5721254523053 0 486 0
"487" 17.6997342346705 93.2912455297369 0 487 0
"488" 13.9344328222149 91.2093238694133 0 488 0
"489" 14.0660089099386 84.8126036834503 0 489 0
"490" 15.3387869464317 88.7775598693672 0 490 0
"491" 16.1232527560655 95.9804291659359 0 491 0
"492" 12.2554075623636 93.8034392188061 0 492 0
"493" 14.8104606123493 99.8821685712874 0 493 0
"494" 18.6732297018908 98.5524513878607 0 494 0
"495" 17.7725154938127 82.5040636560806 0 495 0
"496" 12.6095517607012 95.3581425821706 0 496 0
"497" 17.2847173652435 86.39638719536 0 497 0
"498" 13.7085002379856 89.7242680932338 0 498 0
"499" 16.3159306217129 92.1003280359491 0 499 0
"500" 16.9228059407535 97.4231621394146 0 500 0
"501" 13.6924835283176 98.2361083842883 0 501 0
"502" 13.5993572419386 98.5749526905234 0 502 0
"503" 14.1585962133803 92.3934152422216 0 503 0
"504" 14.7325075882112 94.5211879438368 0 504 0
"505" 15.1486490245585 100.342051052743 0 505 0
"506" 17.7976474717402 100.234084349153 0 506 0
"507" 15.009407112303 89.1603839334483 0 507 0
"508" 16.8343195543496 92.9668267170719 0 508 0
"509" 16.5167455461401 89.0266297770932 0 509 0
"510" 16.0972175719806 88.6302083655832 0 510 0
"511" 14.8840900497648 91.7118181809327 0 511 0
"512" 16.2696572142889 98.8886346266744 0 512 0
"513" 16.9894956086667 85.7375230811848 0 513 0
"514" 14.0103548567975 92.7651915305553 0 514 0
"515" 14.9501750158511 96.179785834412 0 515 0
"516" 17.0094422020185 87.0870430956156 0 516 0
"517" 15.4280234029388 92.213471281234 0 517 0
"518" 16.9647970454236 97.1540521795485 0 518 0
"519" 17.0682290718498 99.4166140733937 0 519 0
"520" 14.5088890201533 89.9694534015962 0 520 0
"521" 13.2611887262045 97.9349822651413 0 521 0
"522" 15.6590394903995 94.8596478723456 0 522 0
"523" 15.3734943961048 89.1846313920149 0 523 0
"524" 15.3659844902044 100.12769818256 0 524 0
"525" 15.5799009446296 91.8957325033279 0 525 0
"526" 17.8074375337547 91.4863886914257 0 526 0
"527" 17.2509599030092 93.5683741953082 0 527 0
"528" 16.6926362847876 84.0781660262949 0 528 0
"529" 16.8211684869355 97.0920891285493 0 529 0
"530" 16.0766023652843 94.422666953142 0 530 0
"531" 13.6376022410773 88.8066762109895 0 531 0
"532" 17.9109114574763 97.0949478178114 0 532 0
"533" 17.234877882032 84.478422657864 0 533 0
"534" 14.0134127979082 86.9419001406025 0 534 0
"535" 14.0376150947057 96.8841978487021 0 535 0
"536" 17.3642414547691 97.9063114635485 0 536 0
"537" 15.1793159055089 96.8173570817045 0 537 0
"538" 15.2262358131741 96.4640898190734 0 538 0
"539" 19.2950732550643 93.8553608737792 0 539 0
"540" 13.3841541359048 92.2204325608127 0 540 0
"541" 17.777047899172 90.2692393521748 0 541 0
"542" 18.1770364338786 89.7754517533914 0 542 0
"543" 16.9923326035156 96.4820232424999 0 543 0
"544" 14.2302201470522 96.8011007997681 0 544 0
"545" 17.0047767393294 97.4848595915487 0 545 0
"546" 17.1783734260998 88.6402280701931 0 546 0
"547" 15.3885537270409 95.9129708597209 0 547 0
"548" 15.8337474754115 97.0862753783104 0 548 0
"549" 14.1992047992987 96.310628408403 0 549 0
"550" 16.3418220709426 96.8674737571764 0 550 0
"551" 18.2861832285695 95.4128852196259 0 551 0
"552" 15.0736693620211 82.9690876248581 0 552 0
"553" 16.1164709911311 96.0347422739477 0 553 0
"554" 16.6721409041335 98.5602889516907 0 554 0
"555" 17.3597670521199 89.1340055370849 0 555 0
"556" 12.112545745456 96.0241840700868 0 556 0
"557" 14.0434264368399 96.030613313546 0 557 0
"558" 15.275495788887 92.3135089972837 0 558 0
"559" 18.0076808286867 95.5102361201316 0 559 0
"560" 16.7080033071443 95.7278038219732 0 560 0
"561" 15.1371446293889 98.9062963936973 0 561 0
"562" 16.7333215784403 98.5632096209023 0 562 0
"563" 15.2272974565273 101.119117857477 0 563 0
"564" 15.7339729793779 94.4676014371623 0 564 0
"565" 14.3728537363591 85.2471363568128 0 565 0
"566" 17.2378446522535 91.116379039512 0 566 0
"567" 18.0887796456867 99.0031557566581 0 567 0
"568" 15.877512854355 89.9471215635901 0 568 0
"569" 17.3768014967197 100.849095375725 0 569 0
"570" 16.3381882040098 101.38642837997 0 570 0
"571" 16.1896671185492 93.9804938885954 0 571 0
"572" 14.8879877538329 87.1248544635861 0 572 0
"573" 16.2229817959427 102.173494234862 0 573 0
"574" 14.9444599977614 94.6857211075248 0 574 0
"575" 14.7007867576313 87.8317324384938 0 575 0
"576" 13.8030967556901 98.1935116675683 0 576 0
"577" 16.5124989856797 88.2946640121965 0 577 0
"578" 13.3759540412746 92.2405586629207 0 578 0
"579" 19.6759673381493 87.5743819378838 0 579 0
"580" 16.2983313009687 93.3270102050584 0 580 0
"581" 17.1906748048374 88.8883529476741 0 581 0
"582" 13.6587648387171 96.7732565883432 0 582 0
"583" 13.1896054558862 93.0681198387721 0 583 0
"584" 14.9107893876103 92.9595529818464 0 584 0
"585" 17.8955029115225 97.6788507510903 0 585 0
"586" 16.9645527142749 97.5245698944312 0 586 0
"587" 17.07459621418 95.559153022744 0 587 0
"588" 16.8458930696956 97.0273744055223 0 588 0
"589" 13.4871219584127 86.5238147331171 0 589 0
"590" 14.8268954214684 90.6385855217851 0 590 0
"591" 16.4621562078023 99.5178226921531 0 591 0
"592" 17.9038503975247 82.5854738044298 0 592 0
"593" 15.15810044395 92.4669579799406 0 593 0
"594" 15.3051468856945 100.239711076391 0 594 0
"595" 12.7511956127058 96.1101790968708 0 595 0
"596" 14.1485073038955 76.4302057156948 0 596 0
"597" 16.4793842116557 92.2291487693184 0 597 0
"598" 13.4779112817632 88.4776872368561 0 598 0
"599" 18.7474840099031 91.5485332363148 0 599 0
"600" 17.4235894250447 96.1571942495992 0 600 0
"601" 15.1610932601476 100.458970500272 0 601 0
"602" 15.7444441597758 99.1212373992189 0 602 0
"603" 16.8239378420439 89.5260871249715 0 603 0
"604" 15.1064971988022 91.2398286329842 0 604 0
"605" 12.9688335227619 100.379357548772 0 605 0
"606" 11.7363076744285 96.6450935947869 0 606 0
"607" 15.6276341972242 88.6158580771112 0 607 0
"608" 15.8383062431745 97.795962423543 0 608 0
"609" 15.1307609389732 95.5349539895878 0 609 0
"610" 15.1405339689293 89.4544111703833 0 610 0
"611" 17.9466156520325 95.0995168410136 0 611 0
"612" 15.9029780025654 95.7469660995827 0 612 0
"613" 13.9461867153557 85.1582792825799 0 613 0
"614" 16.1303266897986 94.3968880583782 0 614 0
"615" 16.6978580814064 87.9522376892912 0 615 0
"616" 16.9274513225709 92.5734563982132 0 616 0
"617" 16.0515139059078 95.3055687377896 0 617 0
"618" 17.3484904618633 90.6364684194408 0 618 0
"619" 17.2301958158738 94.8702304019861 0 619 0
"620" 16.422512533285 86.2248961391132 0 620 0
"621" 20.3932873340855 100.78471378921 0 621 0
"622" 15.5938475779399 100.832779407971 0 622 0
"623" 14.6494515032033 100.811165668412 0 623 0
"624" 16.1768331810156 99.2551392855361 0 624 0
"625" 18.4893675333759 95.8556969878438 0 625 0
"626" 16.1212666618232 88.8431267389595 0 626 0
"627" 17.4100227450218 89.2092312483656 0 627 0
"628" 19.1833880402561 84.813356300597 0 628 0
"629" 16.0879891530237 92.7640149480098 0 629 0
"630" 16.1036897221735 93.406027414425 0 630 0
"631" 15.6983461397696 92.8855767492585 0 631 0
"632" 14.9290515772442 95.2747472737856 0 632 0
"633" 16.9457840509222 89.589637966694 0 633 0
"634" 16.23370264628 96.2330162707706 0 634 0
"635" 16.1035768858081 91.7098327503574 0 635 0
"636" 13.6432205271505 88.8841663256809 0 636 0
"637" 15.1413488067241 93.6335594384875 0 637 0
"638" 14.645299412257 92.0484666729493 0 638 0
"639" 16.2522826928637 101.633388472408 0 639 0
"640" 14.7453306842691 82.6101718682728 0 640 0
"641" 15.1801879958755 86.0159937296508 0 641 0
"642" 15.79989255998 97.5716253065396 0 642 0
"643" 16.2608547484047 93.5196237196152 0 643 0
"644" 16.2596444871537 80.8179467381241 0 644 0
"645" 12.9607014248714 83.345448603242 0 645 0
"646" 18.4496215803289 98.4503324206538 0 646 0
"647" 15.9127413444667 93.9981336079668 0 647 0
"648" 19.1109057894818 98.5403321795197 0 648 0
"649" 18.8061870099118 97.8620913581336 0 649 0
"650" 18.0737959410985 93.4718099087763 0 650 0
"651" 15.7459218663535 93.7251094754692 0 651 0
"652" 17.2239731961236 90.8332207895698 0 652 0
"653" 19.2783277695702 91.4762180323235 0 653 0
"654" 16.9303680189245 93.8765719490891 0 654 0
"655" 17.7313767516127 91.1079910084427 0 655 0
"656" 15.2753299908292 93.7245580903779 0 656 0
"657" 13.685462973258 101.25514978268 0 657 0
"658" 19.0512906412467 97.1259355558954 0 658 0
"659" 17.2928363072367 93.6102015909206 0 659 0
"660" 14.8605990781042 98.6276684378538 0 660 0
"661" 17.8274318675526 92.6610021096125 0 661 0
"662" 15.7510974042124 94.0058520011684 0 662 0
"663" 15.072944082895 89.6564644921441 0 663 0
"664" 15.9146407934469 94.39108916145 0 664 0
"665" 15.1925651778506 89.3437374371191 0 665 0
"666" 15.1307474701081 86.0381807554794 0 666 0
"667" 15.3806492971268 95.8457578466899 0 667 0
"668" 14.7192631111841 97.8289112579147 0 668 0
"669" 16.246957238521 89.306635158524 0 669 0
"670" 17.5849195956573 87.1743155326854 0 670 0
"671" 20.0412326026922 100.720494520781 0 671 0
"672" 17.1232166955275 94.3360662764539 0 672 0
"673" 16.7927761689302 100.809566365971 0 673 0
"674" 17.1740161436824 92.4238182692238 0 674 0
"675" 19.4118479822055 90.2911825939078 0 675 0
"676" 18.0643678657662 95.837136356787 0 676 0
"677" 16.4074300618992 81.3133006119842 0 677 0
"678" 17.8954189117687 94.0573480610357 0 678 0
"679" 17.1402990435609 89.4326511424477 0 679 0
"680" 15.9033660142463 92.1799250627627 0 680 0
"681" 15.6063992965809 88.5358463990521 0 681 0
"682" 13.9423490802575 99.1039507403762 0 682 0
"683" 19.5661085170962 87.1954818782624 0 683 0
"684" 16.2179862930133 91.5742181358433 0 684 0
"685" 16.5909910505184 94.6585010071606 0 685 0
"686" 18.4373943320691 86.2982034225564 0 686 0
"687" 16.9003157397515 93.8071437816187 0 687 0
"688" 12.4214524490885 98.4057111013589 0 688 0
"689" 16.280626206567 94.2099298364193 0 689 0
"690" 13.8895002613506 100.012055946684 0 690 0
"691" 14.4736561804692 83.2362526756959 0 691 0
"692" 14.6849849050676 88.7400576545522 0 692 0
"693" 15.4022181675967 96.0101956891364 0 693 0
"694" 12.683256331314 89.8402840876486 0 694 0
"695" 13.378668659239 98.9274111872265 0 695 0
"696" 15.9956741434629 99.2931264119621 0 696 0
"697" 15.0961653923571 92.171148551288 0 697 0
"698" 16.5502597350735 94.4761304271542 0 698 0
"699" 17.0916305161012 98.4486444008889 0 699 0
"700" 17.808492948882 102.769564556948 0 700 0
"701" 18.8991918598811 94.2726225354311 0 701 0
"702" 15.7708667137687 93.9406901219151 0 702 0
"703" 16.1597837640388 88.1681231088895 0 703 0
"704" 14.1033286715271 98.5493443883885 0 704 0
"705" 14.7193386686734 93.2650198383596 0 705 0
"706" 17.0971722850522 91.8241470188013 0 706 0
"707" 17.8980812368082 97.5058121498896 0 707 0
"708" 14.8172647241297 90.5417192808231 0 708 0
"709" 14.8437942302425 88.2230306956814 0 709 0
"710" 15.9686380528759 89.8661501724951 0 710 0
"711" 15.1269445967059 88.8185601818006 0 711 0
"712" 14.0890283680932 90.8765490855701 0 712 0
"713" 15.1613579668239 92.1308882959936 0 713 0
"714" 15.2076440624344 98.2898122211458 0 714 0
"715" 14.1039942698589 87.3641278528442 0 715 0
"716" 18.1139689016437 85.3660759107111 0 716 0
"717" 17.2142018190089 88.155687929432 0 717 0
"718" 18.0807491827062 94.4286604103853 0 718 0
"719" 18.6390227033937 89.1499692066968 0 719 0
"720" 17.297410372784 94.3962771046361 0 720 0
"721" 13.4338457803435 93.5911080795936 0 721 0
"722" 15.8654803853518 91.4606184265504 0 722 0
"723" 16.6741929701304 87.2081982821763 0 723 0
"724" 14.0627937044519 99.3370395228497 0 724 0
"725" 17.4831452759271 97.2708855241889 0 725 0
"726" 18.1686800034386 96.3333105584072 0 726 0
"727" 17.8881943105082 83.2185600193718 0 727 0
"728" 19.8002467670193 91.0142116212915 0 728 0
"729" 17.1061491405813 99.5340047573274 0 729 0
"730" 13.2102801622412 104.982902989131 0 730 0
"731" 17.8532274406322 97.4258935728694 0 731 0
"732" 17.3995114102514 98.7224893619854 0 732 0
"733" 17.7987730715495 85.3105155203835 0 733 0
"734" 15.0024697737893 84.3937613467065 0 734 0
"735" 18.3115190080561 97.9007080488873 0 735 0
"736" 16.1786995750203 85.0323574115463 0 736 0
"737" 14.8601506745217 96.5310930250009 0 737 0
"738" 16.3766339268041 93.4957347265422 0 738 0
"739" 18.9085573242426 96.016575370525 0 739 0
"740" 15.2206988349637 96.4359845317482 0 740 0
"741" 17.4822779757057 100.730693865999 0 741 0
"742" 18.6149043491367 92.4654013209627 0 742 0
"743" 14.6876700644864 87.105854680642 0 743 0
"744" 15.3650738183347 94.2026310650789 0 744 0
"745" 14.1205639048971 83.5597548470128 0 745 0
"746" 16.9910860519641 83.0551547536818 0 746 0
"747" 19.1947304130653 92.0958625558489 0 747 0
"748" 18.1020071613598 102.397101466038 0 748 0
"749" 13.3909270654087 100.649846836455 0 749 0
"750" 12.8068711404976 94.5503447804352 0 750 0
"751" 17.4810392204679 102.016127836728 0 751 0
"752" 14.6350256431002 83.3209757137608 0 752 0
"753" 18.8413923445362 96.8813517371328 0 753 0
"754" 21.084450673925 103.662912176674 0 754 0
"755" 14.9829952166454 93.2742911128837 0 755 0
"756" 15.9493274451949 92.8023729927814 0 756 0
"757" 5.44303651427373 140.403677869917 0 757 0
"758" 12.698827845371 143.784621623488 0 758 0
"759" 2.82318650622774 132.634168480678 0 759 0
"760" 9.97478799437869 140.300468861157 0 760 0
"761" 9.18343403064184 136.545397940723 0 761 0
"762" 8.87092409081447 132.251847459211 0 762 0
"763" 11.4437866253513 135.059513115208 0 763 0
"764" 10.1056740793362 134.504779363353 0 764 0
"765" 8.88338127224295 144.055685822979 0 765 0
"766" 10.8051527083783 142.345932835651 0 766 0
"767" 9.22855371813593 135.120247927919 0 767 0
"768" 3.90773428485734 144.252470765488 0 768 0
"769" 4.44019674900663 124.42816577949 0 769 0
"770" 7.99468973249616 141.617386325701 0 770 0
"771" 10.3381110162631 133.2983162607 0 771 0
"772" 11.9575745663437 135.440114924858 0 772 0
"773" 13.3976472438718 142.577198322006 0 773 0
"774" 8.84852223647795 133.965799206623 0 774 0
"775" 13.1835560914801 135.999225972261 0 775 0
"776" 15.4961477513599 141.221075608841 0 776 0
"777" 9.15593776256642 140.742945922186 0 777 0
"778" 5.22773492446072 130.022675257935 0 778 0
"779" 10.2385834641503 141.607080480503 0 779 0
"780" 6.97289016549376 137.97104382907 0 780 0
"781" 9.97305879536347 133.991126075508 0 781 0
"782" 11.115016486134 135.119641147081 0 782 0
"783" 3.38781153791251 132.847853014359 0 783 0
"784" 10.8511628362832 138.593426857502 0 784 0
"785" 12.9268782289109 141.244677358188 0 785 0
"786" 15.705893858585 134.696148966964 0 786 0
"787" 11.1573355217954 140.016588226995 0 787 0
"788" 7.64727410879276 163.453855426041 0 788 0
"789" 7.81566494442608 142.580808119945 0 789 0
"790" 13.8795266963098 129.937429550713 0 790 0
"791" 10.5407079079278 141.119310922606 0 791 0
"792" 8.09207524327993 133.105263855196 0 792 0
"793" 10.5525635248322 138.706661507975 0 793 0
"794" 6.91007532813224 139.51090273703 0 794 0
"795" 11.9540306891626 124.561750046164 0 795 0
"796" 5.45102540418379 130.310219725871 0 796 0
"797" 8.21440590750172 140.752980669926 0 797 0
"798" 8.86865547188304 130.298645116344 0 798 0
"799" 9.71549747887873 133.528501230005 0 799 0
"800" 10.4843828314832 145.445168210591 0 800 0
"801" 5.5584200961195 138.356635944146 0 801 0
"802" 5.03918554390995 138.34330793986 0 802 0
"803" 8.79389257449929 144.653912519639 0 803 0
"804" 10.1514297735836 138.290456835841 0 804 0
"805" 8.64927107363664 135.528320186784 0 805 0
"806" 11.2292804001452 142.165201976433 0 806 0
"807" 1.12093417367722 133.838375074639 0 807 0
"808" 10.0304557699572 134.277782214251 0 808 0
"809" 10.3214157853096 130.93668820397 0 809 0
"810" 6.29299686461892 132.758820456848 0 810 0
"811" 11.702582682217 135.73271602156 0 811 0
"812" 8.92665419340212 132.937738169955 0 812 0
"813" 10.8998134254073 142.57630225828 0 813 0
"814" 7.99959011365445 133.30879436834 0 814 0
"815" 7.07345671189723 141.174884631775 0 815 0
"816" 7.42371664006129 135.069449524072 0 816 0
"817" 14.3399492898788 135.641758215927 0 817 0
"818" 9.49175497514626 141.166878450361 0 818 0
"819" 12.8500924794732 132.785047795651 0 819 0
"820" 6.75342979359685 140.812659848451 0 820 0
"821" 10.6781997349426 151.496932382281 0 821 0
"822" 8.22322885368475 139.324218593724 0 822 0
"823" 8.22683959952443 147.647032903777 0 823 0
"824" 11.0020864809362 141.225882282938 0 824 0
"825" 11.0558797365793 138.068182528465 0 825 0
"826" 10.0598624584866 134.446202903399 0 826 0
"827" 10.0179491788386 137.806215576094 0 827 0
"828" 11.3081120014208 142.63626859241 0 828 0
"829" 6.24079981337906 132.168908516033 0 829 0
"830" 11.4937600332488 138.977537456435 0 830 0
"831" 9.92578026926474 139.469531434918 0 831 0
"832" 7.06800665867112 135.08884554155 0 832 0
"833" 13.3534999974178 130.610454536943 0 833 0
"834" 5.57160433793956 140.924837491362 0 834 0
"835" 9.52916050247766 130.373708704914 0 835 0
"836" 13.3290960247126 129.862905838168 0 836 0
"837" 15.7711556120375 137.501749698628 0 837 0
"838" 1.37255039903264 136.09542360801 0 838 0
"839" 9.8117799570704 135.670592134205 0 839 0
"840" 6.14438403185012 134.877684022375 0 840 0
"841" 7.5652095220555 136.211077920187 0 841 0
"842" 12.9471408074307 138.076869712471 0 842 0
"843" 9.98928027966382 144.164287034328 0 843 0
"844" 8.97464833088659 142.646662832986 0 844 0
"845" 9.4480887807932 149.683232264165 0 845 0
"846" 11.0312140425015 136.271648395804 0 846 0
"847" 9.34763914109894 138.272714176216 0 847 0
"848" 6.17372667602349 134.685481345785 0 848 0
"849" 11.3206862161795 129.220673500545 0 849 0
"850" 6.97857994554301 134.841930475229 0 850 0
"851" 8.01360513334702 144.695014253027 0 851 0
"852" 4.62167728229167 141.799169351403 0 852 0
"853" 8.6140314028434 139.3808099355 0 853 0
"854" 8.38977156718881 136.05757962891 0 854 0
"855" 6.48918854944059 127.010032741012 0 855 0
"856" 10.0028029884996 141.071386447941 0 856 0
"857" 13.8143321493229 128.176837763589 0 857 0
"858" 8.68968391852474 140.30730313472 0 858 0
"859" 6.46967259013535 141.148842858729 0 859 0
"860" 12.4074223035997 145.989184917865 0 860 0
"861" 5.83451002952072 131.430242272602 0 861 0
"862" 4.57806134305827 137.674919121835 0 862 0
"863" 9.76860281041287 146.512975915582 0 863 0
"864" 4.27630374079941 146.951322159402 0 864 0
"865" 10.7476452013808 137.437401752513 0 865 0
"866" 10.1986231678816 135.435789300446 0 866 0
"867" 3.68046816002637 142.979761025331 0 867 0
"868" 10.0364864035864 140.020377163797 0 868 0
"869" 9.56785823957301 140.267025439318 0 869 0
"870" 6.08330269072876 144.095592011141 0 870 0
"871" 13.8969284442952 140.433027566829 0 871 0
"872" 7.28008201333661 139.242282382959 0 872 0
"873" 10.7320154177826 142.454913678061 0 873 0
"874" 12.5015913087171 135.290711965104 0 874 0
"875" 12.7586849833998 151.215223493804 0 875 0
"876" 11.6270219868372 134.56404904432 0 876 0
"877" 10.9192631803921 137.180538472761 0 877 0
"878" 7.54894539668213 131.767541309381 0 878 0
"879" 9.25494189084199 123.376878419975 0 879 0
"880" 10.5783651528385 133.014318710693 0 880 0
"881" 7.81512479582754 133.812473797336 0 881 0
"882" 9.17066749681291 145.212905784145 0 882 0
"883" 11.1256561408147 127.79027051723 0 883 0
"884" 10.2213156955297 150.650404400584 0 884 0
"885" 9.75595300078291 141.242033023529 0 885 0
"886" 2.82747855077381 137.580918922196 0 886 0
"887" 10.8728968990069 138.394994767172 0 887 0
"888" 13.7594112030839 136.637150478469 0 888 0
"889" 11.4695265461802 141.975885080299 0 889 0
"890" 9.18521157343814 142.771383017221 0 890 0
"891" 8.75348011970418 147.843881763766 0 891 0
"892" 6.32240950555925 131.532249177913 0 892 0
"893" 5.38272419788621 136.42437320719 0 893 0
"894" 8.94753557847204 134.192926164928 0 894 0
"895" 6.59836727628993 138.992347881778 0 895 0
"896" 10.0425987781774 143.206520141301 0 896 0
"897" 11.4466581849371 143.706533963955 0 897 0
"898" 6.71963939465622 127.937846449 0 898 0
"899" 7.37229104227208 148.058685642931 0 899 0
"900" 3.50510146467981 141.140999544982 0 900 0
"901" 6.15123267773819 135.836401396921 0 901 0
"902" 10.9339823864593 129.412249719308 0 902 0
"903" 10.1637672364931 140.041609769795 0 903 0
"904" 13.3629529445269 138.440317536541 0 904 0
"905" 9.92118080153775 130.381871278384 0 905 0
"906" 6.76263947869569 139.634145817755 0 906 0
"907" 4.57507031069524 139.886953852931 0 907 0
"908" 9.58333325477046 133.138604828017 0 908 0
"909" 9.97497300907362 136.505885569904 0 909 0
"910" 9.15629747730967 132.395625077476 0 910 0
"911" 9.03717948415845 124.092871800656 0 911 0
"912" 9.88492144907524 140.14113788349 0 912 0
"913" 7.3095043317011 137.573688337614 0 913 0
"914" 9.55149890429189 136.971157683735 0 914 0
"915" 11.0843830779805 142.334334481495 0 915 0
"916" 6.90591759711816 139.933419527091 0 916 0
"917" 5.09203786346547 140.966130526636 0 917 0
"918" 10.3214504365736 141.963322843616 0 918 0
"919" 11.0369302461524 141.303180102015 0 919 0
"920" 6.55233734815205 131.545465185928 0 920 0
"921" 5.97215861641375 147.602063743276 0 921 0
"922" 9.01329750319606 127.533803158796 0 922 0
"923" 11.9235866699942 135.587535446902 0 923 0
"924" 8.71696630670323 134.700121840075 0 924 0
"925" 14.1328050758613 146.518576928687 0 925 0
"926" 12.4330418567669 134.73642951891 0 926 0
"927" 10.8988885920639 137.665130582861 0 927 0
"928" 7.14686626704326 138.744515419008 0 928 0
"929" 5.71407918779419 144.905895218341 0 929 0
"930" 9.64990515668356 147.590534269745 0 930 0
"931" 7.13316922635313 135.580224621574 0 931 0
"932" 13.5704576394478 132.584853480765 0 932 0
"933" 7.17865908764402 142.217029066214 0 933 0
"934" 9.69425101280304 138.847700148962 0 934 0
"935" 9.50461668782027 137.323885028588 0 935 0
"936" 10.5139599456269 141.082594631484 0 936 0
"937" 13.9091030139058 129.751161686554 0 937 0
"938" 11.7839823202344 128.375984215769 0 938 0
"939" 9.09176576063976 134.655141116957 0 939 0
"940" 7.23689771074678 141.878198003786 0 940 0
"941" 6.12717392308507 134.578316156564 0 941 0
"942" 14.2247322576385 131.502007239345 0 942 0
"943" 10.3912608622562 144.507870653189 0 943 0
"944" 5.09282485796204 133.988601559811 0 944 0
"945" 10.7434842585488 139.76020982032 0 945 0
"946" 13.6897876083479 139.83244543377 0 946 0
"947" 10.3663106646137 133.624706140278 0 947 0
"948" 7.75962822456333 139.630129833515 0 948 0
"949" 9.06677669953346 135.844562276099 0 949 0
"950" 10.8836269696077 143.065545953119 0 950 0
"951" 12.8226423615839 142.6223135866 0 951 0
"952" 11.8849656152185 139.192794545792 0 952 0
"953" 10.6458778888403 146.185855461515 0 953 0
"954" 5.88197439808332 140.858719110954 0 954 0
"955" 5.04642391905337 146.840127845482 0 955 0
"956" 10.328835057473 144.454173046965 0 956 0
"957" 9.55094050017985 145.181250428366 0 957 0
"958" 12.4269031329191 134.772732652037 0 958 0
"959" 9.20034570700702 133.272670819748 0 959 0
"960" 7.3911731314621 140.584950596146 0 960 0
"961" 9.22135793847245 129.377917108788 0 961 0
"962" 11.3650529244663 141.310725664077 0 962 0
"963" 4.69294065378333 139.975170689133 0 963 0
"964" 6.67908658566681 146.032581334416 0 964 0
"965" 11.0639754027045 142.585336790886 0 965 0
"966" 12.5973622041808 144.58420887109 0 966 0
"967" 10.869260520174 139.94692597458 0 967 0
"968" 11.4776201078871 134.565640622291 0 968 0
"969" 10.1624155139713 146.250721261622 0 969 0
"970" 8.85912687371216 140.639768521798 0 970 0
"971" 8.68920618926864 134.774963510811 0 971 0
"972" 6.80843222935937 131.049555328675 0 972 0
"973" 10.7576087029463 141.322608428921 0 973 0
"974" 2.0897393298753 147.598092242579 0 974 0
"975" 11.874911105349 138.003726315797 0 975 0
"976" 10.2461689178143 142.594784484701 0 976 0
"977" 14.2042924024358 139.675316345985 0 977 0
"978" 13.9517058497831 135.211828423835 0 978 0
"979" 8.16250346889653 133.941381511757 0 979 0
"980" 10.4215745837001 136.110097086237 0 980 0
"981" 11.8860559452157 146.296168666731 0 981 0
"982" 7.36263451609555 139.061531053374 0 982 0
"983" 7.03749469241972 140.863571247027 0 983 0
"984" 16.0486053757879 143.876944801013 0 984 0
"985" 6.96460726591262 133.457583100907 0 985 0
"986" 8.28725913327044 133.354996165658 0 986 0
"987" 7.93525240999389 136.70420566694 0 987 0
"988" -1.73683268030758 138.74231039636 0 988 0
"989" 11.9639491118222 138.969039357824 0 989 0
"990" 9.36915578817034 139.069470235787 0 990 0
"991" 9.76728467560029 143.059125429493 0 991 0
"992" 5.57652699879097 134.228875293298 0 992 0
"993" 7.71070873262969 134.952651568286 0 993 0
"994" 7.70503790463693 142.453759709944 0 994 0
"995" 11.1894896611091 136.487213595863 0 995 0
"996" 9.97631651714653 142.376984579766 0 996 0
"997" 12.1479577194607 128.264505425869 0 997 0
"998" 10.9183601908686 138.119812631674 0 998 0
"999" 10.373310094323 134.715527641522 0 999 0
"1000" 8.20020519996338 140.260492120891 0 1000 0
"1001" 12.9661420383059 142.360090837567 0 1001 0
"1002" 12.8916349594865 137.655732893506 0 1002 0
"1003" 10.5423186240086 142.212767237704 0 1003 0
"1004" 11.6758297413646 138.378888282407 0 1004 0
"1005" 12.5732012852713 133.58333378571 0 1005 0
"1006" 8.30576880965106 139.334682111553 0 1006 0
"1007" 10.6576331752928 142.033264103993 0 1007 0
"1008" 10.9246952476368 129.585744661144 0 1008 0
"1009" 7.66864848408378 132.117304377763 0 1009 0
"1010" 9.34264899245897 139.475983972581 0 1010 0
"1011" 8.56743868056403 137.378550499594 0 1011 0
"1012" 6.49153724512626 140.627193901149 0 1012 0
"1013" 9.73303352922533 137.683897522885 0 1013 0
"1014" 15.7331948337156 133.19313584221 0 1014 0
"1015" 6.3197138211209 128.637470764712 0 1015 0
"1016" 12.8870034653333 138.867350202858 0 1016 0
"1017" 9.82005947842745 134.837196225409 0 1017 0
"1018" 10.4027955065806 136.869461303126 0 1018 0
"1019" 13.2420460687646 140.895306589742 0 1019 0
"1020" 8.0891482976828 137.956363374422 0 1020 0
"1021" 7.79329303667362 141.231166421752 0 1021 0
"1022" 11.9556845378128 151.851934555732 0 1022 0
"1023" 6.94073413403147 146.332801185753 0 1023 0
"1024" 8.18104793760389 140.79503072813 0 1024 0
"1025" 18.3805372264091 138.950533339273 0 1025 0
"1026" 5.47167911370584 130.018490861673 0 1026 0
"1027" 9.98096046112771 132.964348774342 0 1027 0
"1028" 10.5210325242398 143.365601025579 0 1028 0
"1029" 5.52374483856797 140.417911838985 0 1029 0
"1030" 8.32083443500064 148.165373945931 0 1030 0
"1031" 13.689063595377 139.768421851859 0 1031 0
"1032" 9.07789070527032 139.030374247112 0 1032 0
"1033" 11.5122863048667 136.770254717061 0 1033 0
"1034" 9.66798142245496 149.676037797046 0 1034 0
"1035" 11.0474247892388 135.843886775267 0 1035 0
"1036" 11.4673047106526 141.427464983905 0 1036 0
"1037" 12.7301244028387 132.557213540414 0 1037 0
"1038" 11.5852272094435 132.817410801749 0 1038 0
"1039" 11.638966866977 133.404565917634 0 1039 0
"1040" 9.565232043145 139.648427914097 0 1040 0
"1041" 4.78331024872822 133.577620494217 0 1041 0
"1042" 12.9682478706763 149.163063158938 0 1042 0
"1043" 10.4882042904518 139.223894999831 0 1043 0
"1044" 6.18879055514629 133.932175081575 0 1044 0
"1045" 5.99566411368247 129.45106006639 0 1045 0
"1046" 4.44136146183133 142.909420986409 0 1046 0
"1047" 2.20419484098945 135.265690089266 0 1047 0
"1048" 12.8889495402121 138.300547025242 0 1048 0
"1049" 12.237264360911 134.991796593725 0 1049 0
"1050" 10.1833325187145 133.828797322424 0 1050 0
"1051" 12.8728716690596 136.54331141166 0 1051 0
"1052" 9.79589429427197 144.404395330227 0 1052 0
"1053" 10.1528599790584 141.129295569055 0 1053 0
"1054" 8.78993247327037 139.359100353839 0 1054 0
"1055" 3.56545524400997 141.779906507221 0 1055 0
"1056" 6.84732477247941 133.111193940774 0 1056 0
"1057" 9.88737740619453 138.910456315199 0 1057 0
"1058" 12.256113156229 128.536486744727 0 1058 0
"1059" 9.63793485100712 136.574324284449 0 1059 0
"1060" 8.72940020898374 134.717566955274 0 1060 0
"1061" 9.88857346701089 131.465660759017 0 1061 0
"1062" 12.5147172832507 143.535401484355 0 1062 0
"1063" 8.65967272643008 136.280986236602 0 1063 0
"1064" 11.3655523872405 137.318163755233 0 1064 0
"1065" 3.7172897918344 137.331470592067 0 1065 0
"1066" 15.5094906922702 137.700907017424 0 1066 0
"1067" 11.2467175554037 130.868208801347 0 1067 0
"1068" 9.63791044248936 137.028840896979 0 1068 0
"1069" 11.2790234619352 144.079424293271 0 1069 0
"1070" 7.84199254699444 144.185524034443 0 1070 0
"1071" 8.11718536714274 135.071400743541 0 1071 0
"1072" 11.6065814672225 142.054584981176 0 1072 0
"1073" 10.6816152363038 141.51518483951 0 1073 0
"1074" 8.40696678199237 134.324590980058 0 1074 0
"1075" 9.47085758745124 132.276963352465 0 1075 0
"1076" 10.2676225370214 143.223994956188 0 1076 0
"1077" 13.0772662656915 135.569247294436 0 1077 0
"1078" 11.2946033379233 138.35242861776 0 1078 0
"1079" 6.12641499596004 139.962345839779 0 1079 0
"1080" 5.69328568035034 139.990568281991 0 1080 0
"1081" 8.61382739725222 130.951641971747 0 1081 0
"1082" 7.65006140409092 141.496667269536 0 1082 0
"1083" 4.31696467674519 144.378053023492 0 1083 0
"1084" 9.38764286644126 143.813503463073 0 1084 0
"1085" 8.41764818161919 137.664003648704 0 1085 0
"1086" 11.3331175084486 146.186649735374 0 1086 0
"1087" 9.59474615979566 132.212794281664 0 1087 0
"1088" 10.8818518792635 140.475453228925 0 1088 0
"1089" 9.53401929974492 140.399110886393 0 1089 0
"1090" 10.6748082780572 136.718825561016 0 1090 0
"1091" 9.68382189900328 140.537003756745 0 1091 0
"1092" 8.79539920457784 136.937363699746 0 1092 0
"1093" 3.52639233729033 145.60404859945 0 1093 0
"1094" 9.50748543979008 141.743007752624 0 1094 0
"1095" 13.5059422371315 143.000148554785 0 1095 0
"1096" 7.46270844737631 145.689964156723 0 1096 0
"1097" 14.3026682366983 130.715843352542 0 1097 0
"1098" 12.6252359427872 140.100140562696 0 1098 0
"1099" 1.1695620384779 145.183594962837 0 1099 0
"1100" 9.37683590839777 129.974435482427 0 1100 0
"1101" 5.45113146134017 135.212050791656 0 1101 0
"1102" 10.1458072590831 138.059467035382 0 1102 0
"1103" 10.2214766131815 137.702552225387 0 1103 0
"1104" 10.6337401777246 139.797954361607 0 1104 0
"1105" 7.6093150076289 133.940477991424 0 1105 0
"1106" 12.6700885738292 140.299788915477 0 1106 0
"1107" 6.73253702893203 131.749893885817 0 1107 0
"1108" 9.5705109718951 132.89371908588 0 1108 0
"1109" 8.15780202443893 135.615258322294 0 1109 0
"1110" 10.5545147864668 136.431774382406 0 1110 0
"1111" 10.8257568409565 133.030117898787 1 1111 0
"1112" 8.72055852797487 134.36745399281 0 1112 0
"1113" 12.6702518983359 129.55820418791 0 1113 0
"1114" 8.71343754531882 143.219625015028 0 1114 0
"1115" 8.90806536299317 146.905512127468 0 1115 0
"1116" 4.07723534298913 140.005703519048 0 1116 0
"1117" 7.84841826232841 138.703497354647 0 1117 0
"1118" 3.18695928091118 141.243781708748 0 1118 0
"1119" 10.8813461774359 145.248602683072 0 1119 0
"1120" 9.76438614632887 137.852763411916 0 1120 0
"1121" 8.01193746253581 132.8836125563 0 1121 0
"1122" 4.93793569520665 135.50260762633 0 1122 0
"1123" 10.7953576986274 137.930993264064 0 1123 0
"1124" 7.90933471766157 140.15192218567 0 1124 0
"1125" 10.5449415018374 137.688646280413 0 1125 0
"1126" 8.67623760667302 147.263337621788 0 1126 0
"1127" 11.074983704341 133.277202811238 0 1127 0
"1128" 9.83064702747504 142.073496726391 0 1128 0
"1129" 7.33263198840421 132.608976684317 0 1129 0
"1130" 16.3607886148877 146.722993929339 0 1130 0
"1131" 11.0824998349068 143.011152646646 0 1131 0
"1132" 12.7014473014848 139.008579304472 0 1132 0
"1133" 12.3472320448704 126.652478475174 0 1133 0
"1134" 10.6413286645898 149.217862694076 0 1134 0
"1135" 11.7577364264029 151.545685564285 0 1135 0
"1136" 8.02642927031724 132.757119253927 0 1136 0
"1137" 3.11598991051768 139.144029362094 0 1137 0
"1138" 8.20036367142983 138.84011415737 0 1138 0
"1139" 11.2456213942144 139.487015794031 0 1139 0
"1140" 6.71236239536827 139.47276878783 0 1140 0
"1141" 10.4778974850151 149.837621038386 0 1141 0
"1142" 10.2176229313233 141.888984177712 0 1142 0
"1143" 11.5314964085748 141.570690038176 0 1143 0
"1144" 6.89888407041813 140.90908173075 0 1144 0
"1145" 131.842170077672 173.715105701196 0 1145 0
"1146" 133.114663424815 171.132207781413 0 1146 0
"1147" 126.605342332327 171.498695682743 0 1147 0
"1148" 128.574793633402 178.201860668211 0 1148 0
"1149" 130.514864304589 171.887273799497 0 1149 0
"1150" 132.386731105364 174.435966405536 0 1150 0
"1151" 137.271131657934 175.799851205546 0 1151 0
"1152" 128.521565690342 173.847945771366 0 1152 0
"1153" 131.340433735904 172.077229550722 0 1153 0
"1154" 130.268248382791 171.774863885533 0 1154 0
"1155" 133.44117087702 175.062326549932 0 1155 0
"1156" 133.239206560235 175.890167932722 0 1156 0
"1157" 130.190849870209 174.786377787568 0 1157 0
"1158" 135.340962821946 170.797224011005 0 1158 0
"1159" 137.808406300981 174.092553805078 0 1159 0
"1160" 128.303478435493 171.933963378925 0 1160 0
"1161" 134.733664733952 175.594009846274 0 1161 0
"1162" 129.896635574286 174.604170965805 0 1162 0
"1163" 130.631260102836 174.915517400131 0 1163 0
"1164" 136.52804078885 173.495680208517 0 1164 0
"1165" 133.177518018509 168.177891911589 0 1165 0
"1166" 133.720555674 175.190890923736 0 1166 0
"1167" 133.94963068759 171.385158511882 0 1167 0
"1168" 134.838185930004 173.954578785507 0 1168 0
"1169" 129.122890963176 172.505418334889 0 1169 0
"1170" 134.709216417419 171.647661492013 0 1170 0
"1171" 130.87799467863 173.893517338725 0 1171 0
"1172" 133.490037743253 172.442529461012 0 1172 0
"1173" 127.555911533444 175.320445722395 0 1173 0
"1174" 133.641656334622 168.277976850336 0 1174 0
"1175" 137.172364811109 174.189208475331 0 1175 0
"1176" 130.450577101673 174.550402431124 0 1176 0
"1177" 132.03655321161 172.833431578888 0 1177 0
"1178" 135.744239402122 172.624982053759 0 1178 0
"1179" 136.641173557491 172.676696412834 0 1179 0
"1180" 134.353743386022 175.824126218881 0 1180 0
"1181" 134.712049559534 175.531230732979 0 1181 0
"1182" 129.180578478626 172.669496241939 0 1182 0
"1183" 126.616332146691 172.866880458933 0 1183 0
"1184" 131.618298463962 174.840699783926 0 1184 0
"1185" 138.00052011543 172.030696312556 0 1185 0
"1186" 133.721535456409 170.189604187736 0 1186 0
"1187" 136.064472453899 176.637369029434 0 1187 0
"1188" 132.138421948756 171.206867404743 0 1188 0
"1189" 130.369969078576 175.356723020689 0 1189 0
"1190" 129.274399034499 169.195255632441 0 1190 0
"1191" 135.762848059989 173.688775356468 0 1191 0
"1192" 131.081562943841 172.362883077605 0 1192 0
"1193" 133.435976346828 172.95650922915 0 1193 0
"1194" 133.580366356123 174.337528607556 0 1194 0
"1195" 138.865880025465 173.764113993349 0 1195 0
"1196" 134.192382123001 174.983649275236 0 1196 0
"1197" 128.270530606859 174.276380238222 0 1197 0
"1198" 132.496854482652 171.604654293873 0 1198 0
"1199" 132.402041117409 173.047909359874 0 1199 0
"1200" 128.392050340966 171.066158142535 0 1200 0
"1201" 135.076088169999 170.726960427194 0 1201 0
"1202" 127.824551401571 171.613293669859 0 1202 0
"1203" 134.380344102389 174.506335463975 0 1203 0
"1204" 131.95787755957 172.347227104461 0 1204 0
"1205" 128.082366284768 178.00307613616 0 1205 0
"1206" 141.978714683931 175.268998578898 0 1206 0
"1207" 129.374495756353 177.299581279516 0 1207 0
"1208" 131.951421857218 170.18130415845 0 1208 0
"1209" 131.655248501682 173.880044655114 0 1209 0
"1210" 136.899129793632 171.445702548868 0 1210 0
"1211" 132.150398998487 172.700466422691 0 1211 0
"1212" 132.007111266542 174.552946192945 0 1212 0
"1213" 131.001051903708 170.963750488923 0 1213 0
"1214" 131.206604286731 174.477105392865 0 1214 0
"1215" 135.733805020696 176.397128399816 0 1215 0
"1216" 133.673240775173 171.218251079526 0 1216 0
"1217" 126.531287216807 170.095394589218 0 1217 0
"1218" 134.27166310122 172.198231182617 0 1218 0
"1219" 140.643372834736 170.763620003102 0 1219 0
"1220" 131.178617182641 172.349040077113 0 1220 0
"1221" 131.780988871394 175.879022528981 0 1221 0
"1222" 134.598748411995 172.028624794922 0 1222 0
"1223" 133.722722973784 171.265361431427 0 1223 0
"1224" 132.121360936878 172.348703812755 0 1224 0
"1225" 136.10061255068 171.153812665553 0 1225 0
"1226" 126.797474936315 172.485124982228 0 1226 0
"1227" 130.018292279868 174.786993469023 0 1227 0
"1228" 128.9665580324 171.464753089482 0 1228 0
"1229" 132.158324121892 172.961808629699 0 1229 0
"1230" 135.887550666371 170.76963772238 0 1230 0
"1231" 138.199206605054 169.707262818093 0 1231 0
"1232" 132.553039438469 173.552089445062 0 1232 0
"1233" 131.236691424621 175.710780360149 0 1233 0
"1234" 135.920018637699 173.988121353211 0 1234 0
"1235" 130.507109589921 171.874076514862 0 1235 0
"1236" 132.173218502954 173.588518747077 0 1236 0
"1237" 128.013369791302 171.727602726292 0 1237 0
"1238" 131.310421754102 176.317086602395 0 1238 0
"1239" 128.423063375558 171.704667871481 0 1239 0
"1240" 131.320468289298 170.010688872495 0 1240 0
"1241" 134.94565433237 172.234630810466 0 1241 0
"1242" 128.162139656531 170.827092754402 0 1242 0
"1243" 129.652810123844 170.898353866914 0 1243 0
"1244" 133.64547039968 172.893959124405 0 1244 0
"1245" 133.622099459073 168.640159341626 0 1245 0
"1246" 131.950822960298 175.981046408442 0 1246 0
"1247" 126.71389340939 173.935722815416 0 1247 0
"1248" 134.46781914104 175.126141233887 0 1248 0
"1249" 137.661518472232 176.095513704476 0 1249 0
"1250" 128.712422841149 170.974625261436 0 1250 0
"1251" 127.862422972452 174.142979083092 0 1251 0
"1252" 127.488032358045 175.620295455148 0 1252 0
"1253" 134.089165902917 174.784985919656 0 1253 0
"1254" 123.120565475068 173.523300734135 0 1254 0
"1255" 128.170065158803 174.570585798796 0 1255 0
"1256" 134.49000626798 173.404703839192 0 1256 0
"1257" 129.520773913412 171.239323402494 0 1257 0
"1258" 132.425765059705 175.358663586607 0 1258 0
"1259" 131.233995855303 170.20583721635 0 1259 0
"1260" 130.753956569337 174.129036726056 0 1260 0
"1261" 135.739253429299 170.58147404248 0 1261 0
"1262" 134.549142399292 172.99543466894 0 1262 0
"1263" 129.030579083057 172.633096942025 0 1263 0
"1264" 133.555707582959 170.937134935815 0 1264 0
"1265" 132.746827529574 169.835185840723 0 1265 0
"1266" 135.232968789649 173.783845553187 0 1266 0
"1267" 133.212610707934 170.581399665947 0 1267 0
"1268" 134.451536620203 171.447679166588 0 1268 0
"1269" 139.149881068995 175.314280511531 0 1269 0
"1270" 131.486311682484 172.755027626817 0 1270 0
"1271" 137.087278521821 173.482570391083 0 1271 0
"1272" 137.9826296896 172.430304824654 0 1272 0
"1273" 136.248436511019 169.920571502037 0 1273 0
"1274" 133.503943234907 174.66021157036 0 1274 0
"1275" 127.337354496241 173.796385583652 0 1275 0
"1276" 130.789118014859 172.06037674515 0 1276 0
"1277" 137.56998957742 174.800314953073 0 1277 0
"1278" 130.124180740376 172.286823368397 0 1278 0
"1279" 143.036330725764 171.19077604079 0 1279 0
"1280" 130.382035769576 172.439502073087 0 1280 0
"1281" 140.933660821559 173.166777137379 0 1281 0
"1282" 130.539194656128 174.662763680542 0 1282 0
"1283" 128.998082136403 177.221176246425 0 1283 0
"1284" 130.54470753193 174.563981602349 0 1284 0
"1285" 129.27593837474 173.142501891658 0 1285 0
"1286" 137.535278609675 176.092502796903 0 1286 0
"1287" 131.205710564177 175.280347532462 0 1287 0
"1288" 130.745246739898 172.157155264043 0 1288 0
"1289" 128.590309067057 173.305171216107 0 1289 0
"1290" 138.389942939492 173.374881660371 0 1290 0
"1291" 135.833559540027 170.306142689251 0 1291 0
"1292" 126.167332007672 170.519208233086 0 1292 0
"1293" 132.616900055976 174.946319997592 0 1293 0
"1294" 131.32325456456 169.302814476217 0 1294 0
"1295" 131.876283537372 176.595049859171 0 1295 0
"1296" 138.107267032205 173.21777503541 0 1296 0
"1297" 139.952811387245 172.654584471634 0 1297 0
"1298" 135.702451705473 173.727092398333 0 1298 0
"1299" 133.212882546665 172.744511055029 0 1299 0
"1300" 131.060677980437 174.108193561156 0 1300 0
"1301" 134.756481137666 171.090883425056 0 1301 0
"1302" 130.086757224717 171.787562523907 0 1302 0
"1303" 140.594553522925 169.207889721792 0 1303 0
"1304" 134.855390302027 174.323468839126 0 1304 0
"1305" 135.896941104773 173.723540096855 0 1305 0
"1306" 133.220413465707 171.900740772275 0 1306 0
"1307" 130.551110303315 174.901868760533 0 1307 0
"1308" 134.906917428746 176.904805126771 0 1308 0
"1309" 128.584229190621 173.106354234267 0 1309 0
"1310" 132.151199158442 171.660157311983 0 1310 0
"1311" 135.44262934645 175.345454314475 0 1311 0
"1312" 123.873409290253 172.525251141526 0 1312 0
"1313" 132.312066765578 173.016681844516 0 1313 0
"1314" 133.189467659798 172.655670448642 0 1314 0
"1315" 127.650261708756 174.019236560987 0 1315 0
"1316" 127.630959326015 171.83066769943 0 1316 0
"1317" 135.406398367049 176.540158506875 0 1317 0
"1318" 132.154568146833 172.322825119784 0 1318 0
"1319" 133.396120080221 171.366930907341 0 1319 0
"1320" 133.821330203989 172.217681597615 0 1320 0
"1321" 131.842302074705 174.385515412577 0 1321 0
"1322" 135.517248983295 173.033426298598 0 1322 0
"1323" 134.641191591804 169.164605368327 0 1323 0
"1324" 132.909513630139 172.893034738133 0 1324 0
"1325" 128.777310397833 174.292086774935 0 1325 0
"1326" 128.926994175975 170.84784138321 0 1326 0
"1327" 137.062206443503 171.725760938279 0 1327 0
"1328" 132.0050483894 176.21895169052 0 1328 0
"1329" 128.322799940263 174.267385587421 0 1329 0
"1330" 137.798384806897 172.148098605671 0 1330 0
"1331" 127.94397916946 174.025659842297 0 1331 0
"1332" 133.383752124881 172.391453039824 0 1332 0
"1333" 130.805365825593 171.543227904026 0 1333 0
"1334" 133.065169328107 171.894237613621 0 1334 0
"1335" 135.962636734474 172.932855752639 0 1335 0
"1336" 130.904207199777 171.212324951853 0 1336 0
"1337" 129.267553780764 173.576803419764 0 1337 0
"1338" 128.879381614135 172.089578145266 0 1338 0
"1339" 138.713443937074 174.585307518688 0 1339 0
"1340" 128.820054488807 171.146009219952 0 1340 0
"1341" 136.521862580493 173.352077698591 0 1341 0
"1342" 132.914814448996 173.364917186677 0 1342 0
"1343" 137.734906634534 175.987370526029 0 1343 0
"1344" 137.22301599669 172.176035974536 0 1344 0
"1345" 131.880884929079 173.943260035334 0 1345 0
"1346" 130.704267967672 173.930374487386 0 1346 0
"1347" 131.238877610952 173.351790776985 0 1347 0
"1348" 127.388618110277 174.695158753213 0 1348 0
"1349" 127.858513065655 172.59548684725 0 1349 0
"1350" 135.35061270351 173.224005377823 0 1350 0
"1351" 135.439659067077 172.92471461293 0 1351 0
"1352" 124.73705228941 174.105961082401 0 1352 0
"1353" 129.130888070259 170.253107258927 0 1353 0
"1354" 130.457719767485 174.751353331811 0 1354 0
"1355" 134.856432820978 171.913889061908 0 1355 0
"1356" 130.616584677916 172.59143861879 0 1356 0
"1357" 128.959596998108 176.066953513413 0 1357 0
"1358" 135.463542053449 170.507156094205 0 1358 0
"1359" 126.165177394641 173.579174775014 0 1359 0
"1360" 134.151178326095 174.015692884754 0 1360 0
"1361" 129.798816459674 174.88080206553 0 1361 0
"1362" 133.941283632095 173.581398162306 0 1362 0
"1363" 130.759636175839 172.229275616407 0 1363 0
"1364" 135.117560928406 172.808280060405 0 1364 0
"1365" 138.732866678448 170.028145371476 0 1365 0
"1366" 133.423128461219 170.371791206475 0 1366 0
"1367" 135.969683252652 173.995329321672 0 1367 0
"1368" 132.918080671832 171.683444837203 0 1368 0
"1369" 134.011760381676 170.977166386891 0 1369 0
"1370" 131.435777694523 174.407285525967 0 1370 0
"1371" 136.758258505779 173.762830871868 0 1371 0
"1372" 135.475564234396 169.52038796099 0 1372 0
"1373" 130.25615149002 171.171264280742 0 1373 0
"1374" 134.059766930621 173.727824470897 0 1374 0
"1375" 132.845425705403 173.302506570849 0 1375 0
"1376" 133.41164464509 172.078759920945 0 1376 0
"1377" 131.005071353083 171.509141714179 0 1377 0
"1378" 134.531784674038 173.755419202614 0 1378 0
"1379" 131.246570609105 171.792031330224 0 1379 0
"1380" 128.129898949516 174.230372118549 0 1380 0
"1381" 134.703249107059 172.872562563881 0 1381 0
"1382" 136.90084177554 174.146400473875 0 1382 0
"1383" 136.058037520523 173.207645058677 0 1383 0
"1384" 132.134163446062 173.120755070871 0 1384 0
"1385" 131.042950356238 173.757961749782 0 1385 0
"1386" 136.674287991006 169.563750813999 0 1386 0
"1387" 132.4232700394 176.472438805804 0 1387 0
"1388" 136.99883939804 177.72458266282 0 1388 0
"1389" 138.315860322459 171.713285950442 0 1389 0
"1390" 126.201799148577 175.60445505612 0 1390 0
"1391" 131.536344582446 172.654078791943 0 1391 0
"1392" 136.295699563715 174.921713310587 0 1392 0
"1393" 134.780452689518 175.422633234215 0 1393 0
"1394" 134.121601187898 174.94378018527 0 1394 0
"1395" 134.587093432514 173.375418261206 0 1395 0
"1396" 131.923663675551 172.144257552769 0 1396 0
"1397" 130.010979317488 175.022038272515 0 1397 0
"1398" 87.6577631350694 -0.174757162383084 0 1398 0
"1399" 71.1739911369113 50.7240511776952 0 1399 0
"1400" 103.118354500367 37.194107139405 0 1400 0
"1401" 40.6350634640143 176.508403458341 0 1401 0
"1402" 2.64302599827508 2.48905898494995 0 1402 0
"1403" 108.446899442059 178.000117492468 0 1403 0
"1404" 19.9328159106188 15.5710135344903 0 1404 0
"1405" 12.8067144424131 80.3037183963609 0 1405 0
"1406" 30.2633526303558 111.516319062201 0 1406 0
"1407" 8.8938333757921 144.123790633452 0 1407 0
"1408" 155.401246439722 -2.31089403723156 0 1408 0
"1409" 15.9165478058281 161.436526109801 0 1409 0
"1410" 63.7653749315402 170.232471651221 0 1410 0
"1411" 0.265687239332648 89.7794479334659 0 1411 0
"1412" 29.2082072264432 137.197411371277 0 1412 0
"1413" 96.9153758364659 124.278735574082 0 1413 0
"1414" 151.29254665291 101.924902521793 0 1414 0
"1415" 139.42733750536 127.538934585114 0 1415 0
"1416" 106.910395510836 50.4853699707516 0 1416 0
"1417" 77.6350898187543 168.423020805367 0 1417 0
"1418" 17.0020298487794 101.020880682657 0 1418 0
"1419" 140.839452622576 120.308818703701 0 1419 0
"1420" 91.0523902609833 177.764127496205 0 1420 0
"1421" 4.66972891519488 37.1263866584192 0 1421 0
"1422" 89.8736201742961 57.1068210532354 0 1422 0
"1423" 103.52283171207 146.238953404414 0 1423 0
"1424" 96.4607371502302 75.6009487344599 0 1424 0
"1425" 89.1443890984521 104.424348295868 0 1425 0
"1426" 109.667715694425 156.630639413125 0 1426 0
"1427" 91.3406955970625 0.339068741311669 0 1427 0
"1428" 31.3786216366443 84.5092457327435 0 1428 0
"1429" 22.9735709268605 92.5977798668361 0 1429 0
"1430" 122.382385597655 163.867677436226 0 1430 0
"1431" 84.2489673774463 145.46782741172 0 1431 0
"1432" 41.2292165761576 62.3688450539568 0 1432 0
"1433" 106.35799172676 5.06407143674555 0 1433 0
"1434" 105.04286417034 155.642162834114 0 1434 0
"1435" 44.0150736124751 94.7154979529887 0 1435 0
"1436" 84.6374474871879 122.258673546807 0 1436 0
"1437" 35.1544789122959 110.64477808791 0 1437 0
"1438" 80.8988124571093 109.79533438023 0 1438 0
"1439" 99.4355241921523 138.215056153649 0 1439 0
"1440" 22.9539790828652 155.806621575867 0 1440 0
"1441" 3.92161710248634 125.11225409602 0 1441 0
"1442" 77.0313784007427 90.3373892158656 0 1442 0
"1443" 30.0589311615255 1.45235793504002 0 1443 0
"1444" 156.613930045549 167.026170565648 0 1444 0
"1445" 29.3966453735875 140.932637373707 0 1445 0
"1446" -0.865723898823089 38.3080791104726 0 1446 0
"1447" 18.5308744559574 155.494082605915 0 1447 0
"1448" 151.376730690499 128.726386031745 0 1448 0
"1449" 80.5408232281269 138.334070732227 0 1449 0
"1450" 51.4700491721835 111.248504793587 0 1450 0
"1451" 37.6813286756766 170.485009312566 0 1451 0
"1452" 23.2954161419033 170.252260708724 0 1452 0
"1453" 148.531674528522 -1.66973731668201 0 1453 0
"1454" 120.90187189776 78.5029455767767 0 1454 0
"1455" 109.969428189675 153.166294048967 0 1455 0
"1456" 9.31983957119407 128.116160727465 0 1456 0
"1457" 83.8874239608807 32.1534699624704 0 1457 0
"1458" 40.3594099557771 158.727159174261 0 1458 0
"1459" 125.318242650945 162.204848138413 0 1459 0
"1460" 30.8776704789638 18.2434340391091 0 1460 0
"1461" 50.5284779122528 34.7128735465968 0 1461 0
"1462" 134.995808075104 148.619517666923 0 1462 0
"1463" 0.657686823844826 24.3355463041873 0 1463 0
"1464" 112.9473542135 124.201856825622 0 1464 0
"1465" 33.7259878104461 40.82977004625 0 1465 0
"1466" 140.800565135608 130.02987277012 0 1466 0
"1467" 111.596781767423 170.245900834089 0 1467 0
"1468" 124.140952333636 46.3036885857991 0 1468 0
"1469" 67.1062328469863 67.9839664642446 0 1469 0
"1470" 22.5979174822013 134.128610465047 0 1470 0
"1471" 136.035194835729 119.094233371906 0 1471 0
"1472" 93.2789986858197 141.619449964691 0 1472 0
"1473" 87.3895480171193 61.5012925330071 0 1473 0
"1474" 36.0442407939811 175.280091867823 0 1474 0
"1475" 151.073662935151 113.383903907207 0 1475 0
"1476" 93.0775293413579 176.526737007008 0 1476 0
"1477" 144.556542978914 163.770244955642 0 1477 0
"1478" 93.8861621376361 131.67246156827 0 1478 0
"1479" 114.739110180357 98.1552191058323 0 1479 0
"1480" 98.8159450120442 99.8803137799673 0 1480 0
"1481" 157.265161618843 74.8044101566174 0 1481 0
"1482" 134.089319073895 77.2178370427301 0 1482 0
"1483" 26.3941383721465 26.4399574748422 0 1483 0
"1484" 55.3230680871915 171.493052785025 0 1484 0
"1485" 110.928045986919 110.712848271575 0 1485 0
"1486" 87.1623915658403 60.1948908342341 0 1486 0
"1487" 102.281349278501 35.6564800576645 0 1487 0
"1488" 51.6663837914227 118.436370934376 0 1488 0
"1489" 41.7165026064196 130.410680902848 0 1489 0
"1490" 51.7690205909739 170.739286873308 0 1490 0
"1491" 127.449589681673 9.35179587364722 0 1491 0
"1492" 30.2209982433617 121.366425674047 0 1492 0
"1493" 67.2949799269283 140.493391951892 0 1493 0
"1494" 113.484240509102 41.3005443787901 0 1494 0
"1495" 34.428127689269 122.700656849183 0 1495 0
"1496" 106.550882101046 140.31664536082 0 1496 0
"1497" 23.2430081455118 174.44773825008 0 1497 0
"1498" 43.9246693908747 170.20164338867 0 1498 0
"1499" 134.342553984315 8.02965991136686 0 1499 0
"1500" 118.252343197876 148.537529745176 0 1500 0
"1501" 63.078451734262 146.359716410677 0 1501 0
"1502" 117.93522911076 26.8161041908502 0 1502 0
"1503" 73.0253752528294 53.3132900573277 0 1503 0
"1504" 60.9977501353369 144.534850533578 0 1504 0
"1505" 100.588591219856 162.700934987995 0 1505 0
"1506" -0.179404974097152 113.563169600387 0 1506 0
"1507" 58.2749911063715 105.137137324716 0 1507 0
"1508" 141.487273053534 102.214724102859 0 1508 0
"1509" 37.7863916649122 49.0249582691549 0 1509 0
"1510" 1.52178665035418 135.298295215626 0 1510 0
"1511" 29.9116380698964 102.829155524684 0 1511 0
"1512" 129.089993142493 134.383060391497 0 1512 0
"1513" 148.02088219487 135.418728875677 0 1513 0
"1514" 116.838012227403 155.081176652772 0 1514 0
"1515" 129.133715933272 121.268920210171 0 1515 0
"1516" -0.119794050379949 39.7610307025212 0 1516 0
"1517" 76.6593618627637 24.0019485474439 0 1517 0
"1518" 68.7051986461234 130.468529268624 0 1518 0
"1519" 153.134637995381 62.9364144310939 0 1519 0
"1520" 113.946637602557 158.922415065311 0 1520 0
"1521" 133.045356250885 72.6548191140157 0 1521 0
"1522" 122.878364023238 167.025454403702 0 1522 0
"1523" 30.3224287820386 18.3008756183859 0 1523 0
"1524" 39.8653363911015 112.798803497625 0 1524 0
"1525" 37.7593005053374 131.979228258371 0 1525 0
"1526" 5.67191848188809 168.719687087835 0 1526 0
"1527" 146.48910516013 21.3951224515163 0 1527 0
"1528" 158.311226270823 42.8197317153874 0 1528 0
"1529" 57.4379995149952 77.3074542255543 0 1529 0
"1530" 26.4394329006612 73.0227794017243 0 1530 0
"1531" 108.430146858984 43.0235380512271 0 1531 0
"1532" 74.9530927686349 131.607212148129 0 1532 0
"1533" 151.846561755566 95.5043069016568 0 1533 0
"1534" 8.25461618027789 93.0134108438234 0 1534 0
"1535" 42.0445019500248 113.630259073744 0 1535 0
"1536" 11.5728022104588 166.119628681579 0 1536 0
"1537" 142.541476830279 93.9038791756452 0 1537 0
"1538" 1.51936222065059 109.781210077575 0 1538 0
"1539" 130.571214878914 77.485457860621 0 1539 0
"1540" 37.8454820462268 27.0006823648564 0 1540 0
"1541" 59.8347714200908 73.2435074473753 0 1541 0
"1542" 78.4618937800686 87.0186485192114 0 1542 0
"1543" 46.4350804094558 147.107578689759 0 1543 0
"1544" 59.0679189949455 101.45165339996 0 1544 0
"1545" 128.998526042283 7.2224363738634 0 1545 0
"1546" 133.116355785596 109.696088502688 0 1546 0
"1547" 134.597919482539 7.85860644562989 0 1547 0
"1548" 68.5990838624124 65.3627707595179 0 1548 0
"1549" 54.3554560017519 12.919435052428 0 1549 0
"1550" 10.86607795615 19.3785665364481 0 1550 0
"1551" 94.714180073783 131.942639244158 0 1551 0
"1552" 130.764013322288 12.5061318696119 0 1552 0
"1553" 98.8455285665381 154.000095975785 0 1553 0
"1554" 113.946134322945 23.8914416007904 0 1554 0
"1555" 104.255050673594 111.553025586799 0 1555 0
"1556" 20.4652614751245 162.543127882622 0 1556 0
"1557" 14.4064769511507 -0.384323949895411 0 1557 0
"1558" 97.208566729424 132.472221182066 0 1558 0
"1559" 134.746282530148 2.37834821648978 0 1559 0
"1560" 109.417563259291 70.1092026437351 0 1560 0
"1561" 48.9805955554562 68.7245213287108 0 1561 0
"1562" 37.701815937982 177.296616883916 0 1562 0
"1563" 91.9739408033027 171.929648394786 0 1563 0
"1564" 45.9653224772076 2.05301398548691 0 1564 0
"1565" 98.1277579238826 50.5888983347326 0 1565 0
"1566" 116.580502847901 38.5459957285065 0 1566 0
"1567" 126.737594996389 100.255900928833 0 1567 0
"1568" 39.7596091401813 57.9445087510877 0 1568 0
"1569" 140.469309827547 122.524805514112 0 1569 0
"1570" 90.8267262359651 66.7514234713064 0 1570 0
"1571" 133.642700545212 141.665591690429 0 1571 0
"1572" 137.6526126479 71.9514908283165 0 1572 0
"1573" 92.7058979396 135.760995016153 0 1573 0
"1574" 155.026727808206 144.835836029838 0 1574 0
"1575" 129.660088815135 172.600922358626 0 1575 0
"1576" 86.2769759754317 12.3394646440136 0 1576 0
"1577" 154.343684694528 155.542010043815 0 1577 0
"1578" 111.877801681758 2.27091556780301 0 1578 0
"1579" 109.550944152156 41.2754516687388 0 1579 0
"1580" 121.795069561512 152.289330668927 0 1580 0
"1581" 99.128949618916 7.36501932736978 0 1581 0
"1582" 81.3015681080312 170.742654175836 0 1582 0
"1583" 3.18697210106338 129.765811205529 0 1583 0
"1584" 70.2407546966307 83.0891727066259 0 1584 0
"1585" 69.2277366796371 130.63199457192 0 1585 0
"1586" 148.027154654056 160.186583137211 0 1586 0
"1587" 128.958302729897 118.908193732119 0 1587 0
"1588" 110.487666290555 137.001137228308 0 1588 0
"1589" 108.421434130268 61.6598846266122 0 1589 0
"1590" 69.5491621205391 20.904555161602 0 1590 0
"1591" 62.8864349844819 163.38575123095 0 1591 0
"1592" 124.786440190908 126.442102930888 0 1592 0
"1593" 145.937136053862 60.7274839864883 0 1593 0
"1594" 76.5493939568605 170.895008276475 0 1594 0
"1595" 68.9598835185868 72.2541417835867 0 1595 0
"1596" 0.295620206182302 29.1568669743374 0 1596 0
"1597" 65.6571506439647 11.6747130637004 0 1597 0
"1598" 11.0689017743362 32.9137110735666 0 1598 0
"1599" 116.162041765026 88.7368185231704 0 1599 0
"1600" 86.5923024463182 142.524703991503 0 1600 0
"1601" 22.6674062793619 76.5285886611594 0 1601 0
"1602" 77.3794804321282 85.2378732502111 0 1602 0
"1603" 7.62011936557341 15.1202074392213 0 1603 0
"1604" 20.7589904728466 30.3372848972628 0 1604 0
"1605" 81.0350706564364 35.9606683333409 0 1605 0
"1606" 120.741332703925 50.8013428838773 0 1606 0
"1607" 67.4014950126523 53.7895391653074 0 1607 0
"1608" 12.7896025985786 -2.78660149175975 0 1608 0
"1609" 157.683405400261 75.9071866706813 0 1609 0
"1610" 65.6019483223331 138.759412644059 0 1610 0
"1611" 150.148207295036 145.360300051891 0 1611 0
"1612" 61.5789023443 177.402746547277 0 1612 0
"1613" 104.7761888109 113.320920783278 0 1613 0
"1614" 5.9944610237866 141.439802984166 0 1614 0
"1615" 34.2159169948325 88.5862631628329 0 1615 0
"1616" 66.5266414788564 77.5889065558176 0 1616 0
"1617" 138.875440258733 118.927689870773 0 1617 0
"1618" 64.0708003122155 1.84447749235141 0 1618 0
"1619" 146.843687440773 134.63159879986 0 1619 0
"1620" 80.0241702333471 23.3193187176375 0 1620 0
"1621" 150.269910153684 62.2911438613653 0 1621 0
"1622" 76.9514532170868 51.6944584135551 0 1622 0
"1623" 132.5540894811 22.3385551397815 0 1623 0
"1624" 23.2784451339782 159.476013348994 0 1624 0
"1625" 73.4597980882648 35.4993996567447 0 1625 0
"1626" 65.7343101114299 148.975780742853 0 1626 0
"1627" 103.626840173243 45.6195739338442 0 1627 0
"1628" 59.4399257968606 29.4149151099376 0 1628 0
"1629" 113.290783233771 104.109237039859 0 1629 0
"1630" -0.329906398361608 174.693447495197 0 1630 0
"1631" 93.5207219363762 88.9709565951826 0 1631 0
"1632" 93.5984259119398 75.1727528459201 0 1632 0
"1633" 2.79597214819178 122.611902994848 0 1633 0
"1634" 137.249782628428 96.3019682993768 0 1634 0
"1635" 125.074287033269 39.41343605318 0 1635 0
"1636" 23.7825888593598 89.1829112605861 0 1636 0
"1637" 92.6192066783176 49.3507695271828 0 1637 0
"1638" 99.1443572022063 95.4106586240498 0 1638 0
"1639" 149.406495820968 93.0963776330828 0 1639 0
"1640" 90.4115247498461 174.696441738678 0 1640 0
"1641" 17.7247314707967 23.0842490908286 0 1641 0
"1642" 136.75779063422 5.80336608589435 0 1642 0
"1643" 66.9364164948525 122.602664801456 0 1643 0
"1644" 20.8916875944529 29.620158869499 0 1644 0
"1645" 26.9865518743443 100.780969387968 0 1645 0
"1646" 78.234059399169 171.891814807593 0 1646 0
"1647" 5.23166775092472 144.396489339955 0 1647 0
"1648" 35.6822311697389 76.1581854688144 0 1648 0
"1649" 108.200921381781 55.1432947210173 0 1649 0
"1650" 21.1405731429914 108.073783359912 0 1650 0
"1651" 93.9105144675352 34.7268269406383 0 1651 0
"1652" 15.372520968602 118.500472935456 0 1652 0
"1653" 26.2077625480205 103.455268987364 0 1653 0
"1654" 95.0008126791867 169.730381958011 0 1654 0
"1655" 139.414101064326 34.4381236795988 0 1655 0
"1656" 136.777135219638 46.7489764927835 0 1656 0
"1657" 27.0324378312963 2.7668119665629 0 1657 0
"1658" 143.338682820236 84.5105872882184 0 1658 0
"1659" 127.844960528106 155.90720935173 0 1659 0
"1660" 22.2324647738439 142.196478327893 0 1660 0
"1661" 69.8117065803937 51.3128082516305 0 1661 0
"1662" 101.486301736471 47.0868749496475 0 1662 0
"1663" 140.738342550188 119.958538672057 0 1663 0
"1664" 35.6349919373474 177.910648590437 0 1664 0
"1665" 87.331468201794 99.2735537463922 0 1665 0
"1666" 115.699483689498 144.813143925827 0 1666 0
"1667" 77.8533784383296 61.9551011429109 0 1667 0
"1668" 84.9716305045647 25.1884506970103 0 1668 0
"1669" 55.6096726077954 31.3168126447064 0 1669 0
"1670" 2.86761594821 54.9336657927102 0 1670 0
"1671" 120.869982356525 152.836651318102 0 1671 0
"1672" 117.271796714062 132.424803512962 0 1672 0
"1673" 91.3149196299388 51.2334877984951 0 1673 0
"1674" 2.3039743872384 62.9527450319522 0 1674 0
"1675" 155.599585976648 150.111254628861 0 1675 0
"1676" 85.5986618552351 45.4358150755027 0 1676 0
"1677" 119.261252183982 141.622486378201 0 1677 0
"1678" 19.8764650330149 119.843361308982 0 1678 0
"1679" 78.5164412765083 138.815017384299 0 1679 0
"1680" 111.070710216739 30.1914203526696 0 1680 0
"1681" 148.916802698686 131.944952038827 0 1681 0
"1682" 97.1750111604189 50.4950264788317 0 1682 0
"1683" 45.6777303078111 6.27173479827492 0 1683 0
"1684" 13.2312796629074 144.064953714771 0 1684 0
"1685" 33.648712371481 148.280120759792 0 1685 0
"1686" 50.173333373918 166.195926649314 0 1686 0
"1687" 53.4888324751333 81.8018146329539 0 1687 0
"1688" 12.2798577905123 93.0563850604025 0 1688 0
"1689" 88.5914021990398 105.556295498924 0 1689 0
"1690" 136.016081706507 166.861483531472 0 1690 0
"1691" 72.7100954776033 5.32838045026674 0 1691 0
"1692" 45.6024254856313 50.7882358474602 0 1692 0
"1693" 154.091259674841 29.6655830190527 0 1693 0
"1694" 91.7408455402597 15.616226533909 0 1694 0
"1695" 10.7351516747866 89.8850263436933 0 1695 0
"1696" 26.8695215774536 76.7650059289555 0 1696 0
"1697" 106.062761165856 89.4269934882744 0 1697 0
"1698" 45.3016459299839 97.5175497266837 0 1698 0
"1699" 157.376768516215 33.9855603712216 0 1699 0
"1700" 130.87908843031 89.5142610633658 0 1700 0
"1701" 148.651894135277 149.454964824852 0 1701 0
"1702" 128.470538658896 50.1753138041112 0 1702 0
"1703" 45.8491744549408 90.8237227034391 0 1703 0
"1704" 29.2258864206799 123.109542892886 0 1704 0
"1705" 1.57939928439663 144.945795366095 0 1705 0
"1706" 79.3056554558363 40.2957322276574 0 1706 0
"1707" 4.42608148138872 63.6010779429015 0 1707 0
"1708" 157.289246319323 163.444766000871 0 1708 0
"1709" 89.1084825321333 129.208812363279 0 1709 0
"1710" 23.1833544580061 87.2785150658886 0 1710 0
"1711" 32.0838661590216 121.492212270724 0 1711 0
"1712" 23.9580230701654 22.1281122099191 0 1712 0
"1713" 111.353470415055 148.83888602913 0 1713 0
"1714" 58.8484129180224 124.602570240568 0 1714 0
"1715" 16.1072283182805 101.800756270673 0 1715 0
"1716" 154.680814706116 127.875284964786 0 1716 0
"1717" 140.825202994305 40.3562242771202 0 1717 0
"1718" 76.8798718776633 123.431729714063 0 1718 0
"1719" 16.9557601411231 68.1802910912531 0 1719 0
"1720" 9.71061121336657 63.1250938118416 0 1720 0
"1721" 36.867425710548 101.079723515428 0 1721 0
"1722" 7.1811540946197 91.9756504862138 0 1722 0
"1723" 17.9746349622652 21.659413594202 0 1723 0
"1724" 2.60305885670956 92.6601891955232 0 1724 0
"1725" 111.877045713841 136.173402942967 0 1725 0
"1726" 152.125210751103 49.3435738374302 0 1726 0
"1727" 55.3022068476921 60.1360894000898 0 1727 0
"1728" 1.74428918818301 142.803486667512 0 1728 0
"1729" 74.5875804081627 74.1667007502258 0 1729 0
"1730" 97.0662678266794 15.8075988395665 0 1730 0
"1731" 80.7504512443746 165.473667963328 0 1731 0
"1732" 82.3920741472012 146.81588658506 0 1732 0
"1733" 60.6647599730232 51.488640215916 0 1733 0
"1734" 52.4226413569091 75.3970693296168 0 1734 0
"1735" 48.2560104169793 77.0136470624804 0 1735 0
"1736" 25.6098308320204 90.3103292139643 0 1736 0
"1737" 137.878793283449 121.471325078238 0 1737 0
"1738" 154.439064606491 162.015033381062 0 1738 0
"1739" 12.747980475931 25.186745339324 0 1739 0
"1740" 67.1700804938145 36.2862742696118 0 1740 0
"1741" 91.3833973368605 159.097838957426 0 1741 0
"1742" 150.069687062851 15.4408238553759 0 1742 0
"1743" 155.751177540501 90.949844131861 0 1743 0
"1744" 98.6711783166652 66.9618228169011 0 1744 0
"1745" 24.9955648841224 96.2329395618109 0 1745 0
"1746" 95.3768043397282 8.88560496041591 0 1746 0
"1747" 131.972221409314 103.502177530509 0 1747 0
"1748" 23.2087919096764 122.584562673679 0 1748 0
"1749" 35.0250550179357 6.83034077289977 0 1749 0
"1750" 82.5500585978613 51.2522104342495 0 1750 0
"1751" 111.386254887797 126.436184727308 0 1751 0
"1752" 53.5574017759487 34.9664836294922 0 1752 0
"1753" 26.4630075437309 47.3719724589303 0 1753 0
"1754" 26.0510584646597 97.8277345890527 0 1754 0
"1755" 123.82803149436 98.823275462177 0 1755 0
"1756" -1.18735937658114 93.9945619659599 0 1756 0
"1757" 30.52104961632 101.892941539693 0 1757 0
"1758" 6.83498103962311 164.489495812885 0 1758 0
"1759" 61.2147521715106 136.31691685129 0 1759 0
"1760" 106.724903646422 120.932416278452 0 1760 0
"1761" 125.934307111975 123.244782132981 0 1761 0
"1762" 139.851281115619 121.689668503033 0 1762 0
"1763" 37.2927917223003 154.436623787795 0 1763 0
"1764" 1.3768349323141 18.4597715161937 0 1764 0
"1765" 88.8808591616961 91.3397100782536 0 1765 0
"1766" 10.7600038392292 23.7370584532083 0 1766 0
"1767" 74.7421923237247 148.508783156394 0 1767 0
"1768" 28.5723019028596 15.4306073087401 0 1768 0
"1769" 70.3899192844251 67.0082243340167 0 1769 0
"1770" 94.455921579055 -2.69448843462867 0 1770 0
"1771" 130.895941631862 41.395194880277 0 1771 0
"1772" 153.81623661419 162.852287036177 0 1772 0
"1773" 71.9558658218938 142.137110298267 0 1773 0
"1774" 135.824780819551 46.1022922842581 0 1774 0
"1775" 152.094287027409 39.8743827118922 0 1775 0
"1776" 52.8321181872242 -0.563940117157834 0 1776 0
"1777" 87.2044859250348 175.686660659862 0 1777 0
"1778" 137.756283230208 169.649353490135 0 1778 0
"1779" 131.519643698026 37.2866624247161 0 1779 0
"1780" 155.749690469076 26.2890315410895 0 1780 0
"1781" 140.672741775264 56.4519034036852 0 1781 0
"1782" 12.1483357743756 127.805997678658 0 1782 0
"1783" 69.0754891297536 11.2887289884718 0 1783 0
"1784" 99.8649264389914 163.709454501798 0 1784 0
"1785" 56.2769351720421 49.0073831381729 0 1785 0
"1786" 72.0278198278874 64.6305308476569 0 1786 0
"1787" 85.5604408018422 101.912342752926 0 1787 0
"1788" 31.6310685250283 67.2966858030812 0 1788 0
"1789" 75.7966635801031 102.848785716032 0 1789 0
"1790" 40.4260111861623 83.8382694875931 0 1790 0
"1791" 64.9102104167643 143.347239063686 0 1791 0
"1792" 75.5539147849975 43.4559258292131 0 1792 0
"1793" 24.7548141914596 80.4994578285058 0 1793 0
"1794" 56.7224363001569 28.0897770187239 0 1794 0
"1795" 89.0159306471696 89.4783304844428 0 1795 0
"1796" 14.1008540781633 57.4621959872127 0 1796 0
"1797" 148.588746099535 120.882061578254 0 1797 0
"1798" 17.1083857873046 146.241539961425 0 1798 0
"1799" 16.8639787158337 129.601917945008 0 1799 0
"1800" 95.5522477623482 110.125416167951 0 1800 0
"1801" 72.0326993933423 169.342064345945 0 1801 0
"1802" 11.3577028633014 41.2582253833218 0 1802 0
"1803" 32.7214438388168 59.1333289665766 0 1803 0
"1804" 100.558556960495 40.4907473552699 0 1804 0
"1805" 22.8007626822817 67.0232162935891 0 1805 0
"1806" 101.045165997296 13.9342915987672 0 1806 0
"1807" 99.8106678415257 11.0027138953571 0 1807 0
"1808" 98.5383110386185 73.3754630393091 0 1808 0
"1809" 102.327084513694 48.2245744189337 0 1809 0
"1810" 18.9395356662402 2.51377932164569 0 1810 0
"1811" 124.272095504546 58.8074645674553 0 1811 0
"1812" 94.5272518778148 139.193413254231 0 1812 0
"1813" 67.2262949541841 68.8162827975108 0 1813 0
"1814" 151.130024859442 150.581764455894 0 1814 0
"1815" 79.4921369162559 146.968013764658 0 1815 0
"1816" 75.089076673084 150.584378226288 0 1816 0
"1817" 131.206908705232 97.085382698514 0 1817 0
"1818" 98.9687432861284 31.5083323311868 0 1818 0
"1819" 39.8012183063746 141.249785476401 0 1819 0
"1820" 137.181961993482 -2.51729652976416 0 1820 0
"1821" 92.9603489592971 11.0353401268057 0 1821 0
"1822" 135.824770259666 115.107439875932 0 1822 0
"1823" 0.879271999773263 46.8349469537822 0 1823 0
"1824" 65.4452420296348 28.6060300990056 0 1824 0
"1825" 60.3624891893997 93.1152048367952 0 1825 0
"1826" 6.46350032217772 136.663266456239 0 1826 0
"1827" 1.88855840814176 175.699580073935 0 1827 0
"1828" 44.0998362343863 96.6136247843325 0 1828 0
"1829" 69.6799194811935 139.694124107489 0 1829 0
"1830" 129.832985957467 74.7115249679699 0 1830 0
"1831" 56.1195029434387 8.83384549255468 0 1831 0
"1832" 7.24334211701215 -3.57375080979534 0 1832 0
"1833" 13.2824376984762 71.2715021965653 0 1833 0
"1834" 19.8912093656734 163.171566225284 0 1834 0
"1835" 35.8265789896907 175.342220405829 0 1835 0
"1836" 43.7134705730515 160.987570738823 0 1836 0
"1837" 26.7138222184438 59.8465134680135 0 1837 0
"1838" 78.3650658907207 13.9668103909245 0 1838 0
"1839" 89.3397955712278 124.878253333736 0 1839 0
"1840" 5.83662942933019 98.0401193544673 0 1840 0
"1841" 114.034529058397 102.910480339868 0 1841 0
"1842" 11.8104534646167 108.926727179998 0 1842 0
"1843" 30.4544147965142 130.327845980641 0 1843 0
"1844" 72.938348996055 46.0482484350707 0 1844 0
"1845" 140.883209489579 1.72597328254898 0 1845 0
"1846" 17.5680890991026 7.61255066915631 0 1846 0
"1847" 45.5278710893019 75.4408094207772 0 1847 0
"1848" 76.2835130227907 88.8647539056745 0 1848 0
"1849" 12.1667029713144 107.533432165141 0 1849 0
"1850" 102.191810780216 34.8545899145787 0 1850 0
"1851" 117.374964578454 106.165224289092 0 1851 0
"1852" 58.1747994069365 39.4160218387885 0 1852 0
"1853" 88.7627161450377 150.01115823669 0 1853 0
"1854" 38.1590057350915 173.845597034639 0 1854 0
"1855" 23.9125382016009 133.398875384338 0 1855 0
"1856" 16.4036597477778 77.9313093631859 0 1856 0
"1857" 42.4358524760906 98.7214068573957 0 1857 0
"1858" 135.956824538928 156.266736919313 0 1858 0
"1859" 127.317116414644 113.119052940244 0 1859 0
"1860" 156.688344092772 12.5219803436144 0 1860 0
"1861" 121.002193835773 16.5987373394903 0 1861 0
"1862" 97.6633616420393 138.583051111635 0 1862 0
"1863" 34.9785339700445 4.19035429182308 0 1863 0
"1864" 154.706868825097 53.8148686532145 0 1864 0
"1865" 42.3976095165539 151.134416485268 0 1865 0
"1866" 49.1527575126222 95.1179551243462 0 1866 0
"1867" 111.577764126521 88.8508207823888 0 1867 0
"1868" 74.4221043933279 47.4649357735564 0 1868 0
"1869" 18.6712947851671 8.8878722423096 0 1869 0
"1870" 95.5321145557521 177.813080900055 0 1870 0
"1871" 84.8444062491705 88.3078738166261 0 1871 0
"1872" 16.8793193449613 82.3467018914628 0 1872 0
"1873" 156.001249578215 0.764284271624218 0 1873 0
"1874" 82.9767393527078 76.3087566429128 0 1874 0
"1875" 62.6048567068807 39.3604244697325 0 1875 0
"1876" 27.7868447208157 153.69038154066 0 1876 0
"1877" 92.6658730556861 142.215196078095 0 1877 0
"1878" 46.1613217639373 105.399665768761 0 1878 0
"1879" 131.063809235908 122.387871415982 0 1879 0
"1880" 96.2977877188774 161.195385413058 0 1880 0
"1881" 99.39011990824 18.8518197187304 0 1881 0
"1882" 138.893984315018 62.9196245026232 0 1882 0
"1883" 49.1351221306732 82.8321181380501 0 1883 0
"1884" 49.3849542118574 19.0730876178927 0 1884 0
"1885" 83.7545406183286 156.416514448323 0 1885 0
"1886" 100.530485454176 -2.63904556044516 0 1886 0
"1887" 31.3097801005028 133.734928559588 0 1887 0
"1888" 67.9932415195783 141.847944752571 0 1888 0
"1889" -0.275332090299793 51.2965014356971 0 1889 0
"1890" 55.4041494284389 4.89989181430009 0 1890 0
"1891" 40.9051628473519 50.6450815843436 0 1891 0
"1892" 121.952210869036 120.780796981997 0 1892 0
"1893" 132.408883164988 101.903703639651 0 1893 0
"1894" 41.8314715538984 56.6819489258113 0 1894 0
"1895" 95.1354300521707 11.6198536701516 0 1895 0
"1896" 2.23279990294789 75.2610131737772 0 1896 0
"1897" 146.713872718339 154.654707078366 0 1897 0
"1898" 81.949266501172 125.45398312575 0 1898 0
"1899" 13.7349499534573 11.9612480824164 0 1899 0
"1900" 81.7925332470658 38.5803675163073 0 1900 0
"1901" 110.828846542184 115.838347831999 0 1901 0
"1902" 85.3520642068268 97.2355775136749 0 1902 0
"1903" 37.2067173904533 53.8862271134589 0 1903 0
"1904" 10.4989502328867 3.41262093270834 0 1904 0
"1905" 15.0362689253013 33.4140490820561 0 1905 0
"1906" 75.5599664976565 102.54130252114 0 1906 0
"1907" 85.4917871717345 10.3664762829751 0 1907 0
"1908" 112.68134326553 28.0014160227794 0 1908 0
"1909" 133.635806101328 70.2422203718461 0 1909 0
"1910" 142.1302283359 77.0011601483391 0 1910 0
"1911" 32.4661020067167 139.837287113172 0 1911 0
"1912" 11.7286295987093 12.3883125799347 0 1912 0
"1913" 45.4549067045511 42.4911929478832 0 1913 0
"1914" 87.8640398857739 167.727544673347 0 1914 0
"1915" 150.154065671933 62.5749550561969 0 1915 0
"1916" 135.093891130324 107.540409804988 0 1916 0
"1917" 115.464425036825 103.548019737616 0 1917 0
"1918" 3.05621118300109 70.8322812025109 0 1918 0
"1919" 152.198906127023 120.849704052173 0 1919 0
"1920" 135.182345255766 92.5985739404815 0 1920 0
"1921" 14.9465815026843 5.1200904203799 0 1921 0
"1922" 153.243064420239 156.836760129295 0 1922 0
"1923" 96.1534179553354 8.30554494068986 0 1923 0
"1924" 110.31585910058 78.9120764123553 0 1924 0
"1925" 74.1811267754827 136.99190730607 0 1925 0
"1926" 4.64159187767588 11.6680100004551 0 1926 0
"1927" 97.3097766713602 125.276487716673 0 1927 0
"1928" 46.4636939524113 54.0149788117272 0 1928 0
"1929" 101.981477798047 33.3484509020615 0 1929 0
"1930" 90.4132783647451 160.126876033125 0 1930 0
"1931" 7.55402830493794 69.2943603019505 0 1931 0
"1932" 77.3856224655033 99.2578559102473 0 1932 0
"1933" 67.4915144350492 78.9296811137844 0 1933 0
"1934" 123.447732936155 90.8191057281011 0 1934 0
"1935" 137.869359861323 77.2309459647989 0 1935 0
"1936" 8.62616688504436 52.7836230508143 0 1936 0
"1937" 117.175664990732 172.376572404612 0 1937 0
"1938" 135.5272271589 32.9021495429984 0 1938 0
"1939" 48.6604456138215 3.83363883090818 0 1939 0
"1940" 114.200026155555 94.1242501474329 0 1940 0
"1941" 81.3879094327082 19.4033751130724 0 1941 0
"1942" 113.711396099114 142.58891557466 0 1942 0
"1943" 122.505839300169 47.7369458314864 0 1943 0
"1944" 21.9865040138021 173.151769819321 0 1944 0
"1945" 117.090615080042 39.4382625006397 0 1945 0
"1946" 7.30085136154497 96.3785916705975 0 1946 0
"1947" 45.1891575818083 43.2340130800242 0 1947 0
"1948" 58.2099783897088 161.262509556693 0 1948 0
"1949" 107.302696651205 161.247341760099 0 1949 0
"1950" 148.687627661783 102.884224568418 0 1950 0
"1951" 15.3257690636565 98.0183184351643 0 1951 0
"1952" 84.2266042751933 26.606271655015 0 1952 0
"1953" 2.99216593152162 101.588504229425 0 1953 0
"1954" 35.5509329707334 17.1518538391633 0 1954 0
"1955" 50.4040876378359 67.5376275207146 0 1955 0
"1956" 109.142390300701 59.0801341320683 0 1956 0
"1957" 18.2272367664048 163.915406537852 0 1957 0
"1958" 80.3829670313859 141.963584657437 0 1958 0
"1959" 17.6987056987404 110.021235754182 0 1959 0
"1960" 139.443551721547 4.27814719233652 0 1960 0
"1961" 85.4596004184248 103.305868160137 0 1961 0
"1962" 81.2845096627627 80.0523463677578 0 1962 0
"1963" 26.9889974612638 77.2929586209369 0 1963 0
"1964" 68.450335304119 43.0095138166796 0 1964 0
"1965" 127.499996355231 17.4807665656846 0 1965 0
"1966" 105.074805237821 73.5747656246245 0 1966 0
"1967" 46.8845620524146 39.3624760587849 0 1967 0
"1968" 65.5584027279174 57.1331225945952 0 1968 0
"1969" 75.1036606602588 108.608998210869 0 1969 0
"1970" 76.6759033230376 17.8876537757272 0 1970 0
"1971" 18.8523396649359 32.3363705064414 0 1971 0
"1972" 71.0798889335527 107.42809974675 0 1972 0
"1973" 70.7475677886164 92.9023746718774 0 1973 0
"1974" 39.6765649335533 154.037912120699 0 1974 0
"1975" 87.2217105199788 128.097222398869 0 1975 0
"1976" 16.5187494598957 55.1666615026364 0 1976 0
"1977" 78.2717515970587 48.9498969889469 0 1977 0
"1978" 152.608510649561 45.7506291699458 0 1978 0
"1979" 148.718606094667 149.766903300448 0 1979 0
"1980" 150.722991893512 112.486167973734 0 1980 0
"1981" 149.69029313477 77.067896961972 0 1981 0
"1982" 33.0216744676907 30.1558656612713 0 1982 0
"1983" 94.8525662022207 113.371406621982 0 1983 0
"1984" 85.5245142391458 94.4743916693885 0 1984 0
"1985" 27.4013104818938 175.141378400177 0 1985 0
"1986" 1.15850197620151 58.8590373129422 0 1986 0
"1987" -0.772327185635251 100.025111774244 0 1987 0
"1988" 52.4592423292644 95.5883348842676 0 1988 0
"1989" 19.9091438694634 89.2978440460639 0 1989 0
"1990" 133.800144569432 28.6971526318685 0 1990 0
"1991" 154.956626500285 91.8532617481928 0 1991 0
"1992" 28.3841878917513 149.011323906062 0 1992 0
"1993" 138.741770878805 103.836382852802 0 1993 0
"1994" 5.19396053702882 147.610592909427 0 1994 0
"1995" 137.341500656963 166.395603322214 0 1995 0
"1996" 39.5509055632035 100.782636175506 0 1996 0
"1997" 19.9358312070636 139.339073205614 0 1997 0
"1998" 156.583127049048 77.7263775075584 0 1998 0
"1999" 149.271584493746 75.6543939320875 0 1999 0
"2000" 2.56981270730532 23.3316491655432 0 2000 0
