"V1" "V2" "V3"
"1" 18.1450149841467 99.5721254523053 1
"2" 16.2522826928637 101.633388472408 1
"3" 10.3381110162631 133.2983162607 1
"4" 8.09207524327993 133.105263855196 1
"5" 10.5783651528385 133.014318710693 1
"6" 7.81512479582754 133.812473797336 1
"7" 12.4330418567669 134.73642951891 1
"8" 11.874911105349 138.003726315797 1
"9" 8.11718536714274 135.071400743541 1
"10" 12.6252359427872 140.100140562696 1
"11" -0.179404974097152 113.563169600387 1
"12" 28.3841878917513 149.011323906062 1
"13" 17.3768014967197 100.849095375725 2
"14" 17.8955029115225 97.6788507510903 2
"15" 18.8061870099118 97.8620913581336 2
"16" 16.7927761689302 100.809566365971 2
"17" 13.4338457803435 93.5911080795936 2
"18" 17.4822779757057 100.730693865999 2
"19" 17.4810392204679 102.016127836728 2
"20" 9.18343403064184 136.545397940723 2
"21" 5.45102540418379 130.310219725871 2
"22" 7.99959011365445 133.30879436834 2
"23" 6.14438403185012 134.877684022375 2
"24" 12.9471408074307 138.076869712471 2
"25" 6.32240950555925 131.532249177913 2
"26" 6.59836727628993 138.992347881778 2
"27" 8.71696630670323 134.700121840075 2
"28" 7.17865908764402 142.217029066214 2
"29" 12.4269031329191 134.772732652037 2
"30" 8.16250346889653 133.941381511757 2
"31" 11.0474247892388 135.843886775267 2
"32" 2.20419484098945 135.265690089266 2
"33" 10.1833325187145 133.828797322424 2
"34" 9.79589429427197 144.404395330227 2
"35" 9.63791044248936 137.028840896979 2
"36" 11.6065814672225 142.054584981176 2
"37" 10.6748082780572 136.718825561016 2
"38" 9.37683590839777 129.974435482427 2
"39" 10.6337401777246 139.797954361607 2
"40" 7.6093150076289 133.940477991424 2
"41" 12.6700885738292 140.299788915477 2
"42" 8.01193746253581 132.8836125563 2
"43" 16.1072283182805 101.800756270673 2
"44" 76.6759033230376 17.8876537757272 2
"45" 14.8982100152569 98.5101631495168 3
"46" 17.5922925464827 102.213294040909 3
"47" 15.2183938600716 98.4798419029093 3
"48" 18.9363579938138 97.663720202946 3
"49" 16.5167455461401 89.0266297770932 3
"50" 15.1793159055089 96.8173570817045 3
"51" 17.0047767393294 97.4848595915487 3
"52" 18.0076808286867 95.5102361201316 3
"53" 18.0887796456867 99.0031557566581 3
"54" 16.2229817959427 102.173494234862 3
"55" 14.9107893876103 92.9595529818464 3
"56" 19.1109057894818 98.5403321795197 3
"57" 15.7459218663535 93.7251094754692 3
"58" 16.2179862930133 91.5742181358433 3
"59" 17.8980812368082 97.5058121498896 3
"60" 17.8532274406322 97.4258935728694 3
"61" 18.3115190080561 97.9007080488873 3
"62" 12.8068711404976 94.5503447804352 3
"63" 9.97305879536347 133.991126075508 3
"64" 11.115016486134 135.119641147081 3
"65" 11.2292804001452 142.165201976433 3
"66" 6.29299686461892 132.758820456848 3
"67" 11.702582682217 135.73271602156 3
"68" 10.0179491788386 137.806215576094 3
"69" 15.7711556120375 137.501749698628 3
"70" 9.98928027966382 144.164287034328 3
"71" 6.17372667602349 134.685481345785 3
"72" 6.15123267773819 135.836401396921 3
"73" 10.1637672364931 140.041609769795 3
"74" 9.55149890429189 136.971157683735 3
"75" 11.0843830779805 142.334334481495 3
"76" 6.55233734815205 131.545465185928 3
"77" 10.8988885920639 137.665130582861 3
"78" 6.12717392308507 134.578316156564 3
"79" 10.7434842585488 139.76020982032 3
"80" 10.3663106646137 133.624706140278 3
"81" 7.75962822456333 139.630129833515 3
"82" 9.06677669953346 135.844562276099 3
"83" 11.8849656152185 139.192794545792 3
"84" 8.68920618926864 134.774963510811 3
"85" 7.36263451609555 139.061531053374 3
"86" 8.28725913327044 133.354996165658 3
"87" 5.57652699879097 134.228875293298 3
"88" 12.8870034653333 138.867350202858 3
"89" 10.4027955065806 136.869461303126 3
"90" 9.98096046112771 132.964348774342 3
"91" 8.72940020898374 134.717566955274 3
"92" 8.40696678199237 134.324590980058 3
"93" 6.12641499596004 139.962345839779 3
"94" 9.53401929974492 140.399110886393 3
"95" 9.68382189900328 140.537003756745 3
"96" 8.79539920457784 136.937363699746 3
"97" 4.07723534298913 140.005703519048 3
"98" 11.0824998349068 143.011152646646 3
"99" 11.7577364264029 151.545685564285 3
"100" 8.02642927031724 132.757119253927 3
"101" 6.71236239536827 139.47276878783 3
"102" 8.8938333757921 144.123790633452 3
"103" 17.0020298487794 101.020880682657 3
"104" 1.52178665035418 135.298295215626 3
"105" 15.8601278844138 94.2020593473691 4
"106" 16.7616283463945 88.4689518967759 4
"107" 15.3387869464317 88.7775598693672 4
"108" 16.9228059407535 97.4231621394146 4
"109" 14.1585962133803 92.3934152422216 4
"110" 16.8211684869355 97.0920891285493 4
"111" 16.0766023652843 94.422666953142 4
"112" 16.2983313009687 93.3270102050584 4
"113" 16.9645527142749 97.5245698944312 4
"114" 16.8458930696956 97.0273744055223 4
"115" 16.8239378420439 89.5260871249715 4
"116" 17.3484904618633 90.6364684194408 4
"117" 16.1036897221735 93.406027414425 4
"118" 15.6983461397696 92.8855767492585 4
"119" 15.1413488067241 93.6335594384875 4
"120" 14.645299412257 92.0484666729493 4
"121" 15.9127413444667 93.9981336079668 4
"122" 15.2753299908292 93.7245580903779 4
"123" 19.0512906412467 97.1259355558954 4
"124" 14.8605990781042 98.6276684378538 4
"125" 13.9423490802575 99.1039507403762 4
"126" 13.378668659239 98.9274111872265 4
"127" 15.2076440624344 98.2898122211458 4
"128" 15.8654803853518 91.4606184265504 4
"129" 17.8881943105082 83.2185600193718 4
"130" 18.6149043491367 92.4654013209627 4
"131" 8.88338127224295 144.055685822979 4
"132" 8.84852223647795 133.965799206623 4
"133" 11.1573355217954 140.016588226995 4
"134" 6.91007532813224 139.51090273703 4
"135" 9.71549747887873 133.528501230005 4
"136" 8.79389257449929 144.653912519639 4
"137" 8.92665419340212 132.937738169955 4
"138" 10.8998134254073 142.57630225828 4
"139" 8.22683959952443 147.647032903777 4
"140" 11.0558797365793 138.068182528465 4
"141" 10.0598624584866 134.446202903399 4
"142" 11.3081120014208 142.63626859241 4
"143" 11.4937600332488 138.977537456435 4
"144" 9.8117799570704 135.670592134205 4
"145" 8.6140314028434 139.3808099355 4
"146" 3.68046816002637 142.979761025331 4
"147" 10.0364864035864 140.020377163797 4
"148" 9.56785823957301 140.267025439318 4
"149" 13.8969284442952 140.433027566829 4
"150" 10.9192631803921 137.180538472761 4
"151" 6.76263947869569 139.634145817755 4
"152" 4.57507031069524 139.886953852931 4
"153" 9.58333325477046 133.138604828017 4
"154" 6.90591759711816 139.933419527091 4
"155" 11.9235866699942 135.587535446902 4
"156" 9.64990515668356 147.590534269745 4
"157" 10.8836269696077 143.065545953119 4
"158" 10.6458778888403 146.185855461515 4
"159" 10.328835057473 144.454173046965 4
"160" 10.869260520174 139.94692597458 4
"161" 11.1894896611091 136.487213595863 4
"162" 10.5423186240086 142.212767237704 4
"163" 11.6758297413646 138.378888282407 4
"164" 8.30576880965106 139.334682111553 4
"165" 8.56743868056403 137.378550499594 4
"166" 7.79329303667362 141.231166421752 4
"167" 11.9556845378128 151.851934555732 4
"168" 9.07789070527032 139.030374247112 4
"169" 12.8889495402121 138.300547025242 4
"170" 9.63793485100712 136.574324284449 4
"171" 5.69328568035034 139.990568281991 4
"172" 9.38764286644126 143.813503463073 4
"173" 10.1458072590831 138.059467035382 4
"174" 7.84841826232841 138.703497354647 4
"175" 10.7953576986274 137.930993264064 4
"176" 8.20036367142983 138.84011415737 4
"177" 143.326121617132 23.6906952647532 5
"178" 14.7192372571609 95.0873342531142 5
"179" 15.4725794306454 97.4659319655231 5
"180" 17.0763139651706 93.2463890465183 5
"181" 14.7947306053751 96.7021530869823 5
"182" 15.2684319952811 97.9396079055967 5
"183" 16.6922740847147 88.7916664282329 5
"184" 15.7116996428693 91.2117705718976 5
"185" 14.889712274906 101.075613192316 5
"186" 14.7862732955416 93.436211293863 5
"187" 15.3000985143463 89.7751033837445 5
"188" 16.3159306217129 92.1003280359491 5
"189" 14.0103548567975 92.7651915305553 5
"190" 16.9647970454236 97.1540521795485 5
"191" 17.2378446522535 91.116379039512 5
"192" 15.877512854355 89.9471215635901 5
"193" 16.1896671185492 93.9804938885954 5
"194" 15.8383062431745 97.795962423543 5
"195" 15.1307609389732 95.5349539895878 5
"196" 17.9466156520325 95.0995168410136 5
"197" 16.1303266897986 94.3968880583782 5
"198" 16.6978580814064 87.9522376892912 5
"199" 16.0879891530237 92.7640149480098 5
"200" 16.9457840509222 89.589637966694 5
"201" 16.1035768858081 91.7098327503574 5
"202" 19.2783277695702 91.4762180323235 5
"203" 15.7510974042124 94.0058520011684 5
"204" 15.072944082895 89.6564644921441 5
"205" 15.9146407934469 94.39108916145 5
"206" 15.1925651778506 89.3437374371191 5
"207" 15.3806492971268 95.8457578466899 5
"208" 17.5849195956573 87.1743155326854 5
"209" 17.1232166955275 94.3360662764539 5
"210" 15.6063992965809 88.5358463990521 5
"211" 16.5502597350735 94.4761304271542 5
"212" 15.7708667137687 93.9406901219151 5
"213" 14.8172647241297 90.5417192808231 5
"214" 17.3995114102514 98.7224893619854 5
"215" 16.3766339268041 93.4957347265422 5
"216" 18.9085573242426 96.016575370525 5
"217" 15.3650738183347 94.2026310650789 5
"218" 13.3909270654087 100.649846836455 5
"219" 14.9829952166454 93.2742911128837 5
"220" 5.44303651427373 140.403677869917 5
"221" 10.1056740793362 134.504779363353 5
"222" 10.8051527083783 142.345932835651 5
"223" 11.9575745663437 135.440114924858 5
"224" 10.2385834641503 141.607080480503 5
"225" 10.1514297735836 138.290456835841 5
"226" 14.3399492898788 135.641758215927 5
"227" 8.22322885368475 139.324218593724 5
"228" 6.97857994554301 134.841930475229 5
"229" 10.7320154177826 142.454913678061 5
"230" 10.8728968990069 138.394994767172 5
"231" 8.75348011970418 147.843881763766 5
"232" 5.38272419788621 136.42437320719 5
"233" 8.94753557847204 134.192926164928 5
"234" 9.97497300907362 136.505885569904 5
"235" 9.88492144907524 140.14113788349 5
"236" 7.23689771074678 141.878198003786 5
"237" 10.3912608622562 144.507870653189 5
"238" 5.09282485796204 133.988601559811 5
"239" 4.69294065378333 139.975170689133 5
"240" 11.0639754027045 142.585336790886 5
"241" 10.1624155139713 146.250721261622 5
"242" 10.2461689178143 142.594784484701 5
"243" 7.03749469241972 140.863571247027 5
"244" 6.96460726591262 133.457583100907 5
"245" 10.9183601908686 138.119812631674 5
"246" 10.6576331752928 142.033264103993 5
"247" 9.73303352922533 137.683897522885 5
"248" 10.5210325242398 143.365601025579 5
"249" 11.5122863048667 136.770254717061 5
"250" 11.5852272094435 132.817410801749 5
"251" 6.18879055514629 133.932175081575 5
"252" 12.237264360911 134.991796593725 5
"253" 10.1528599790584 141.129295569055 5
"254" 8.78993247327037 139.359100353839 5
"255" 15.5094906922702 137.700907017424 5
"256" 10.2676225370214 143.223994956188 5
"257" 6.73253702893203 131.749893885817 5
"258" 9.5705109718951 132.89371908588 5
"259" 10.5449415018374 137.688646280413 5
"260" 12.7014473014848 139.008579304472 5
"261" 5.9944610237866 141.439802984166 5
"262" 15.3257690636565 98.0183184351643 5
"263" 150.555362069786 22.5324392615222 6
"264" 153.228759888645 24.7491228894968 6
"265" 143.348886169074 24.043691016118 6
"266" 146.811764109096 20.8136536666854 6
"267" 14.6818660282638 94.4519287823922 6
"268" 15.8553575593009 92.185688368162 6
"269" 14.853698555557 94.2094354360662 6
"270" 16.3897119551434 91.9948498766644 6
"271" 13.8510581890292 92.7535583445854 6
"272" 15.3306547950068 100.667757721174 6
"273" 17.7725154938127 82.5040636560806 6
"274" 14.7325075882112 94.5211879438368 6
"275" 15.009407112303 89.1603839334483 6
"276" 16.0972175719806 88.6302083655832 6
"277" 14.9501750158511 96.179785834412 6
"278" 17.0682290718498 99.4166140733937 6
"279" 15.3734943961048 89.1846313920149 6
"280" 17.8074375337547 91.4863886914257 6
"281" 17.9109114574763 97.0949478178114 6
"282" 14.0376150947057 96.8841978487021 6
"283" 17.1783734260998 88.6402280701931 6
"284" 15.3885537270409 95.9129708597209 6
"285" 14.0434264368399 96.030613313546 6
"286" 15.7339729793779 94.4676014371623 6
"287" 14.8879877538329 87.1248544635861 6
"288" 14.8268954214684 90.6385855217851 6
"289" 15.15810044395 92.4669579799406 6
"290" 15.1610932601476 100.458970500272 6
"291" 15.6276341972242 88.6158580771112 6
"292" 15.1405339689293 89.4544111703833 6
"293" 14.6494515032033 100.811165668412 6
"294" 18.4893675333759 95.8556969878438 6
"295" 14.9290515772442 95.2747472737856 6
"296" 16.2608547484047 93.5196237196152 6
"297" 17.2239731961236 90.8332207895698 6
"298" 16.246957238521 89.306635158524 6
"299" 17.8954189117687 94.0573480610357 6
"300" 16.5909910505184 94.6585010071606 6
"301" 13.8895002613506 100.012055946684 6
"302" 15.0961653923571 92.171148551288 6
"303" 16.1597837640388 88.1681231088895 6
"304" 14.7193386686734 93.2650198383596 6
"305" 15.9686380528759 89.8661501724951 6
"306" 18.0807491827062 94.4286604103853 6
"307" 17.297410372784 94.3962771046361 6
"308" 14.0627937044519 99.3370395228497 6
"309" 18.1686800034386 96.3333105584072 6
"310" 14.8601506745217 96.5310930250009 6
"311" 15.9493274451949 92.8023729927814 6
"312" 8.87092409081447 132.251847459211 6
"313" 10.8511628362832 138.593426857502 6
"314" 10.5525635248322 138.706661507975 6
"315" 10.0304557699572 134.277782214251 6
"316" 6.75342979359685 140.812659848451 6
"317" 8.97464833088659 142.646662832986 6
"318" 11.0312140425015 136.271648395804 6
"319" 10.0028029884996 141.071386447941 6
"320" 9.76860281041287 146.512975915582 6
"321" 7.28008201333661 139.242282382959 6
"322" 10.9339823864593 129.412249719308 6
"323" 9.15629747730967 132.395625077476 6
"324" 9.69425101280304 138.847700148962 6
"325" 9.09176576063976 134.655141116957 6
"326" 8.85912687371216 140.639768521798 6
"327" 10.4215745837001 136.110097086237 6
"328" 9.36915578817034 139.069470235787 6
"329" 9.76728467560029 143.059125429493 6
"330" 7.66864848408378 132.117304377763 6
"331" 9.82005947842745 134.837196225409 6
"332" 8.0891482976828 137.956363374422 6
"333" 5.52374483856797 140.417911838985 6
"334" 12.7301244028387 132.557213540414 6
"335" 11.3655523872405 137.318163755233 6
"336" 7.84199254699444 144.185524034443 6
"337" 10.2214766131815 137.702552225387 6
"338" 10.8813461774359 145.248602683072 6
"339" 9.76438614632887 137.852763411916 6
"340" 7.90933471766157 140.15192218567 6
"341" 9.83064702747504 142.073496726391 6
"342" 10.4778974850151 149.837621038386 6
"343" 10.2176229313233 141.888984177712 6
"344" 11.5314964085748 141.570690038176 6
"345" 6.89888407041813 140.90908173075 6
"346" 139.414101064326 34.4381236795988 6
"347" 89.0159306471696 89.4783304844428 6
"348" 147.604350910107 18.8603055035636 7
"349" 153.598735893976 24.3495231789336 7
"350" 148.362345471261 23.8323420499251 7
"351" 149.155473893276 23.9394909398662 7
"352" 153.189161063525 20.0631398332672 7
"353" 153.119827028559 25.2573945095453 7
"354" 154.729318864114 25.1768781828575 7
"355" 150.066282896026 23.5389908155872 7
"356" 151.138330405449 23.8424291441595 7
"357" 152.029023447313 24.6229573968404 7
"358" 146.960002619296 22.5894022782002 7
"359" 152.521384331487 25.9880735530008 7
"360" 152.417580014536 22.927271276661 7
"361" 153.523194002252 25.148600779887 7
"362" 154.205733119826 24.5476435779167 7
"363" 152.998452598732 24.8287223080308 7
"364" 150.937295998354 21.3001214230988 7
"365" 155.386499573245 4.31495999175179 7
"366" 15.093978503322 95.0686814988443 7
"367" 15.6304129524828 95.5330564907605 7
"368" 16.1232527560655 95.9804291659359 7
"369" 15.1486490245585 100.342051052743 7
"370" 14.5088890201533 89.9694534015962 7
"371" 13.2611887262045 97.9349822651413 7
"372" 13.6376022410773 88.8066762109895 7
"373" 14.2302201470522 96.8011007997681 7
"374" 14.1992047992987 96.310628408403 7
"375" 18.2861832285695 95.4128852196259 7
"376" 15.1371446293889 98.9062963936973 7
"377" 16.4621562078023 99.5178226921531 7
"378" 17.9038503975247 82.5854738044298 7
"379" 16.4793842116557 92.2291487693184 7
"380" 17.4235894250447 96.1571942495992 7
"381" 16.1212666618232 88.8431267389595 7
"382" 17.4100227450218 89.2092312483656 7
"383" 16.23370264628 96.2330162707706 7
"384" 18.4496215803289 98.4503324206538 7
"385" 17.7313767516127 91.1079910084427 7
"386" 15.9033660142463 92.1799250627627 7
"387" 15.4022181675967 96.0101956891364 7
"388" 17.808492948882 102.769564556948 7
"389" 17.0971722850522 91.8241470188013 7
"390" 15.1613579668239 92.1308882959936 7
"391" 17.2142018190089 88.155687929432 7
"392" 17.1061491405813 99.5340047573274 7
"393" 9.97478799437869 140.300468861157 7
"394" 9.15593776256642 140.742945922186 7
"395" 9.92578026926474 139.469531434918 7
"396" 5.57160433793956 140.924837491362 7
"397" 1.37255039903264 136.09542360801 7
"398" 12.5015913087171 135.290711965104 7
"399" 13.7594112030839 136.637150478469 7
"400" 10.0425987781774 143.206520141301 7
"401" 5.09203786346547 140.966130526636 7
"402" 10.3214504365736 141.963322843616 7
"403" 13.5704576394478 132.584853480765 7
"404" 10.5139599456269 141.082594631484 7
"405" 9.55094050017985 145.181250428366 7
"406" 11.3650529244663 141.310725664077 7
"407" 11.4776201078871 134.565640622291 7
"408" 6.80843222935937 131.049555328675 7
"409" 13.9517058497831 135.211828423835 7
"410" -1.73683268030758 138.74231039636 7
"411" 11.9639491118222 138.969039357824 7
"412" 10.9246952476368 129.585744661144 7
"413" 6.49153724512626 140.627193901149 7
"414" 11.4673047106526 141.427464983905 7
"415" 4.78331024872822 133.577620494217 7
"416" 3.56545524400997 141.779906507221 7
"417" 9.88737740619453 138.910456315199 7
"418" 11.2467175554037 130.868208801347 7
"419" 11.2790234619352 144.079424293271 7
"420" 10.6816152363038 141.51518483951 7
"421" 7.65006140409092 141.496667269536 7
"422" 10.5545147864668 136.431774382406 7
"423" 8.72055852797487 134.36745399281 7
"424" 8.67623760667302 147.263337621788 7
"425" 7.30085136154497 96.3785916705975 7
"426" 152.359526361224 19.0779560436895 8
"427" 147.17451435354 19.8514595949332 8
"428" 152.070030046199 23.6562272593039 8
"429" 151.921893712214 24.5372210028296 8
"430" 150.976919741516 20.8675872665217 8
"431" 150.786745024429 23.194476519888 8
"432" 152.831251427108 25.476993626657 8
"433" 148.741068977613 23.7337955529103 8
"434" 152.533468284194 23.7271022429993 8
"435" 149.071105319199 23.7876133890411 8
"436" 155.018279830082 26.8744746160277 8
"437" 149.696977021355 25.2688560500949 8
"438" 151.10078681133 21.0457575560283 8
"439" 153.237073156397 18.6355989360403 8
"440" 153.510844769926 24.0627946712193 8
"441" 150.934558187084 23.8136130947933 8
"442" 154.061475872911 24.7018141923694 8
"443" 146.833871945377 21.3417947060911 8
"444" 147.947051950524 24.1173984877587 8
"445" 151.082646232584 24.4142409405897 8
"446" 153.592186927924 24.2984486493916 8
"447" 152.020431716013 24.6781424624055 8
"448" 152.586762508661 23.835643586524 8
"449" 151.824520450546 25.2004739334106 8
"450" 150.139012795325 23.0508592190144 8
"451" 147.585507520912 20.0282160141286 8
"452" 150.554760935343 22.1677865209342 8
"453" 151.732376127409 24.3232263807688 8
"454" 152.41548166925 26.0251874700041 8
"455" 150.824739220152 23.6647675364491 8
"456" 148.73201442023 22.6703294034529 8
"457" 152.37292726828 22.8070774456436 8
"458" 150.824349799552 18.4720551427611 8
"459" 154.905443464594 3.37962877373885 8
"460" 154.992301010799 4.74933856863914 8
"461" 155.453983025233 4.79053199770556 8
"462" 155.15708634602 5.08639154263499 8
"463" 155.288805265305 4.223747001088 8
"464" 155.444106322672 4.10737825260284 8
"465" 155.602148938488 -4.84052156481695 8
"466" 155.073994176539 4.1075007516776 8
"467" 155.464409185362 4.41208210176571 8
"468" 155.237195317421 4.26358218448579 8
"469" 155.279930800791 4.65538151843166 8
"470" 155.266633373906 4.50228401730835 8
"471" 155.247426485443 4.90195493301887 8
"472" 155.274609163564 4.25273481209031 8
"473" 155.215400695948 3.96442901663935 8
"474" 155.37183801918 6.7948229055314 8
"475" 155.048564194475 -0.118969647438588 8
"476" 14.2875081463516 99.8981679354927 8
"477" 11.4581819499952 99.1269575867518 8
"478" 16.8084332273075 92.5015127044837 8
"479" 16.8504505317339 92.8187761016131 8
"480" 17.6417928804993 98.5139327379786 8
"481" 17.306925680525 93.0110088125895 8
"482" 18.2069316622168 94.1512061734026 8
"483" 14.0660089099386 84.8126036834503 8
"484" 18.6732297018908 98.5524513878607 8
"485" 14.8840900497648 91.7118181809327 8
"486" 14.0134127979082 86.9419001406025 8
"487" 15.2262358131741 96.4640898190734 8
"488" 16.3418220709426 96.8674737571764 8
"489" 15.0736693620211 82.9690876248581 8
"490" 16.1164709911311 96.0347422739477 8
"491" 17.3597670521199 89.1340055370849 8
"492" 15.275495788887 92.3135089972837 8
"493" 16.3381882040098 101.38642837997 8
"494" 15.3051468856945 100.239711076391 8
"495" 13.4779112817632 88.4776872368561 8
"496" 18.7474840099031 91.5485332363148 8
"497" 15.9029780025654 95.7469660995827 8
"498" 16.0515139059078 95.3055687377896 8
"499" 16.1768331810156 99.2551392855361 8
"500" 13.6432205271505 88.8841663256809 8
"501" 17.1402990435609 89.4326511424477 8
"502" 16.280626206567 94.2099298364193 8
"503" 14.4736561804692 83.2362526756959 8
"504" 16.9910860519641 83.0551547536818 8
"505" 18.8413923445362 96.8813517371328 8
"506" 9.22855371813593 135.120247927919 8
"507" 5.22773492446072 130.022675257935 8
"508" 10.5407079079278 141.119310922606 8
"509" 12.8500924794732 132.785047795651 8
"510" 11.0020864809362 141.225882282938 8
"511" 10.7476452013808 137.437401752513 8
"512" 11.6270219868372 134.56404904432 8
"513" 9.75595300078291 141.242033023529 8
"514" 9.92118080153775 130.381871278384 8
"515" 11.0369302461524 141.303180102015 8
"516" 9.50461668782027 137.323885028588 8
"517" 9.20034570700702 133.272670819748 8
"518" 10.7576087029463 141.322608428921 8
"519" 11.8860559452157 146.296168666731 8
"520" 5.47167911370584 130.018490861673 8
"521" 9.565232043145 139.648427914097 8
"522" 12.5147172832507 143.535401484355 8
"523" 8.65967272643008 136.280986236602 8
"524" 8.41764818161919 137.664003648704 8
"525" 9.50748543979008 141.743007752624 8
"526" 7.46270844737631 145.689964156723 8
"527" 7.33263198840421 132.608976684317 8
"528" 51.4700491721835 111.248504793587 8
"529" 87.331468201794 99.2735537463922 8
"530" -0.772327185635251 100.025111774244 8
"531" 150.385618301331 23.7559377862841 9
"532" 150.298743276526 24.1889410255404 9
"533" 155.94080301159 25.5402451806024 9
"534" 148.425057946785 22.7608285519045 9
"535" 149.846127972433 20.7100921026404 9
"536" 149.931474405596 24.4626947003093 9
"537" 152.043062212617 22.7919496603617 9
"538" 155.572500733834 25.1846622747432 9
"539" 148.976386604452 25.6900871366956 9
"540" 153.89458393952 25.2616951535796 9
"541" 151.540183623647 23.2690561355068 9
"542" 151.007374405777 22.8882322692883 9
"543" 145.406850481511 28.5996314184864 9
"544" 151.90903532033 23.1856330326397 9
"545" 151.782766701459 25.5425786687025 9
"546" 146.621687191292 22.7565261112184 9
"547" 151.020905303305 24.8391155088077 9
"548" 148.080891542668 24.1225541642116 9
"549" 151.67277516386 26.6160240293553 9
"550" 153.023981894686 20.5335551617245 9
"551" 149.610471987964 26.4347773386167 9
"552" 152.69204737712 23.7977254482667 9
"553" 146.345671838163 21.4614935031478 9
"554" 149.149923150231 26.8288297255348 9
"555" 150.723480869459 23.6344941103101 9
"556" 147.824825308693 24.0825199780806 9
"557" 155.557501894671 3.62722075683484 9
"558" 155.207132465993 1.55137274381183 9
"559" 155.326160565978 2.78934810111672 9
"560" 155.382623047506 4.48828482202757 9
"561" 155.529039732393 4.12069415087355 9
"562" 155.174059128632 5.38057275340544 9
"563" 155.324974306816 5.21820993978168 9
"564" 155.203451665153 4.53426324912398 9
"565" 155.02037102886 3.50769701369751 9
"566" 155.159363623909 6.72342452587759 9
"567" 155.076039241449 3.93214249250871 9
"568" 155.110249869436 6.34856324414853 9
"569" 155.707619264449 -1.56835638548846 9
"570" 155.191843143459 4.02859099109437 9
"571" 154.998908184155 4.11820972767847 9
"572" 154.956174709341 0.349768613372285 9
"573" 154.808455190575 4.06495397840034 9
"574" 155.113596845497 -0.219486760385584 9
"575" 155.322877524045 2.74603429930171 9
"576" 155.176789994261 6.3813892625984 9
"577" 155.070272728364 5.12200199420861 9
"578" 154.705087174546 3.37927884206803 9
"579" 155.181384228821 7.95480347314595 9
"580" 154.964393342095 4.14352088866681 9
"581" 155.195041559349 7.23514198817042 9
"582" 155.376569773352 1.81033830468563 9
"583" 155.504201291871 6.88603048632941 9
"584" 155.642968470748 -3.13402843884412 9
"585" 155.430964052855 4.79691393843989 9
"586" 155.281383873795 4.69873987702083 9
"587" 155.055131370554 3.28261026622035 9
"588" 155.089786088442 4.59557110862957 9
"589" 155.146034940658 6.80904048883265 9
"590" 155.728873261474 4.17882136103939 9
"591" 155.198711631784 5.30681985147359 9
"592" 154.918542426397 -1.67978208626327 9
"593" 155.37916651896 2.29160767698644 9
"594" 155.397951539196 5.11054426933836 9
"595" 155.235597274613 -4.35873165985728 9
"596" 155.427228069564 4.75635882405587 9
"597" 16.2174295535659 91.1845873598247 9
"598" 13.7085002379856 89.7242680932338 9
"599" 13.5993572419386 98.5749526905234 9
"600" 17.7976474717402 100.234084349153 9
"601" 16.8343195543496 92.9668267170719 9
"602" 15.4280234029388 92.213471281234 9
"603" 15.3659844902044 100.12769818256 9
"604" 15.8337474754115 97.0862753783104 9
"605" 15.2272974565273 101.119117857477 9
"606" 14.9444599977614 94.6857211075248 9
"607" 16.5124989856797 88.2946640121965 9
"608" 17.1906748048374 88.8883529476741 9
"609" 13.1896054558862 93.0681198387721 9
"610" 15.5938475779399 100.832779407971 9
"611" 15.79989255998 97.5716253065396 9
"612" 12.9607014248714 83.345448603242 9
"613" 15.1307474701081 86.0381807554794 9
"614" 16.4074300618992 81.3133006119842 9
"615" 12.4214524490885 98.4057111013589 9
"616" 14.1039942698589 87.3641278528442 9
"617" 16.6741929701304 87.2081982821763 9
"618" 13.2102801622412 104.982902989131 9
"619" 15.2206988349637 96.4359845317482 9
"620" 14.6350256431002 83.3209757137608 9
"621" 11.4437866253513 135.059513115208 9
"622" 15.4961477513599 141.221075608841 9
"623" 13.8795266963098 129.937429550713 9
"624" 7.07345671189723 141.174884631775 9
"625" 9.49175497514626 141.166878450361 9
"626" 6.46967259013535 141.148842858729 9
"627" 10.1986231678816 135.435789300446 9
"628" 7.54894539668213 131.767541309381 9
"629" 9.17066749681291 145.212905784145 9
"630" 6.71963939465622 127.937846449 9
"631" 7.14686626704326 138.744515419008 9
"632" 13.6897876083479 139.83244543377 9
"633" 7.71070873262969 134.952651568286 9
"634" 9.34264899245897 139.475983972581 9
"635" 10.4882042904518 139.223894999831 9
"636" 11.2946033379233 138.35242861776 9
"637" 9.59474615979566 132.212794281664 9
"638" 8.71343754531882 143.219625015028 9
"639" 11.2456213942144 139.487015794031 9
"640" 75.7966635801031 102.848785716032 9
"641" 76.2835130227907 88.8647539056745 9
"642" 85.3520642068268 97.2355775136749 9
"643" 149.202495706678 27.0045612646793 10
"644" 148.256559832142 22.07151448469 10
"645" 151.823138491205 22.8209957279469 10
"646" 148.474890132031 23.0517631490784 10
"647" 152.184728978275 24.5398694274892 10
"648" 151.162813240153 22.846327860457 10
"649" 153.235016230032 26.0470087599796 10
"650" 150.177943539918 19.0156396691993 10
"651" 150.629872112797 20.626956475084 10
"652" 152.799615430652 23.7165925344455 10
"653" 151.051334600936 25.227508180369 10
"654" 147.745196273738 25.5084819091192 10
"655" 151.192898784342 24.0854046536787 10
"656" 151.824246324289 23.195083867401 10
"657" 149.379159864967 20.855188144284 10
"658" 150.449285690051 25.5608841553212 10
"659" 151.369515500045 25.9629727732606 10
"660" 151.409366698746 24.4787565442 10
"661" 150.614065626974 21.3038436950284 10
"662" 151.909667404799 23.9990809587253 10
"663" 151.448341260152 23.5029819350911 10
"664" 155.471815868027 19.2372728577086 10
"665" 147.444916518736 24.5858533014963 10
"666" 151.817961171342 23.0437007785015 10
"667" 149.058225418668 21.1468438399487 10
"668" 153.531326968132 23.3778110226583 10
"669" 152.720830951775 21.2218259636291 10
"670" 148.408760330516 23.0384092052513 10
"671" 149.123818053294 21.4081601132015 10
"672" 149.296723119017 26.3059641229278 10
"673" 155.325567396882 2.45599236978299 10
"674" 154.992392254369 5.31139717426997 10
"675" 154.769067140193 3.4807854004759 10
"676" 155.505123387327 3.99384559314772 10
"677" 155.388312153792 2.43072185863471 10
"678" 154.984862515409 -1.42168761557892 10
"679" 155.113606564065 7.06276818766083 10
"680" 154.887448520389 1.8323393523249 10
"681" 155.336256410667 6.03384886480214 10
"682" 154.97625260722 8.12263968110187 10
"683" 155.473510404526 3.5881277403188 10
"684" 155.258643053492 7.15925820177524 10
"685" 155.083385267967 3.2561669788725 10
"686" 155.175072616879 6.4418153918274 10
"687" 155.5829771958 4.95526886916188 10
"688" 155.565869613044 3.44549221952765 10
"689" 155.09604516974 8.30881086849446 10
"690" 155.153221277563 -0.606771771835267 10
"691" 155.316411031766 2.04414854688909 10
"692" 155.188043736698 2.59869410113823 10
"693" 155.305677268537 5.65094287719661 10
"694" 155.040545769622 7.30255581154152 10
"695" 155.183261213192 2.94776954096571 10
"696" 155.493343033693 -0.206162815722838 10
"697" 155.335286171996 5.69607570738627 10
"698" 154.814617902139 4.10530768397535 10
"699" 154.630567090977 0.497576456498891 10
"700" 154.688550354835 3.08789916102611 10
"701" 155.270147842654 2.28121703123585 10
"702" 155.053036009105 9.36618186670716 10
"703" 154.87799401872 2.83747165456051 10
"704" 155.363102329203 0.499993924264922 10
"705" 155.324962719688 2.26568214275528 10
"706" 154.860498547688 -1.47705184055273 10
"707" 155.385739643012 8.8125599494834 10
"708" 155.122878014698 6.24679164642114 10
"709" 154.953350188368 8.02167554375477 10
"710" 155.026716024617 -1.67670309215037 10
"711" 155.247027946067 2.18128164310171 10
"712" 155.150446594255 0.437763044667297 10
"713" 154.921132283856 4.03445820229642 10
"714" 154.962906408591 4.25193595865945 10
"715" 155.178744770835 5.61667236402026 10
"716" 155.337236288607 1.94046893026733 10
"717" 154.948746631536 3.17914954034851 10
"718" 155.202280520479 -0.0642749685108051 10
"719" 155.254946585796 5.38708872791619 10
"720" 155.485450631003 0.582929073511251 10
"721" 155.185736577269 3.08382742494822 10
"722" 155.519825325127 3.38575332637962 10
"723" 155.46910710075 0.0892728701979437 10
"724" 155.527178333275 1.81816421852502 10
"725" 155.356753079926 1.04014711412389 10
"726" 155.224994612648 7.3663472786295 10
"727" 154.635078961746 1.85434520334993 10
"728" 155.544702687903 8.03405057136171 10
"729" 155.33979660957 2.99173185465535 10
"730" 155.697708887846 0.189932938986969 10
"731" 17.0094422020185 87.0870430956156 10
"732" 17.2509599030092 93.5683741953082 10
"733" 13.3759540412746 92.2405586629207 10
"734" 13.6587648387171 96.7732565883432 10
"735" 17.07459621418 95.559153022744 10
"736" 16.9274513225709 92.5734563982132 10
"737" 14.7453306842691 82.6101718682728 10
"738" 15.1801879958755 86.0159937296508 10
"739" 16.2596444871537 80.8179467381241 10
"740" 18.0643678657662 95.837136356787 10
"741" 19.5661085170962 87.1954818782624 10
"742" 14.1205639048971 83.5597548470128 10
"743" 10.4843828314832 145.445168210591 10
"744" 10.6781997349426 151.496932382281 10
"745" 13.3290960247126 129.862905838168 10
"746" 6.08330269072876 144.095592011141 10
"747" 5.88197439808332 140.858719110954 10
"748" 7.3911731314621 140.584950596146 10
"749" 13.2420460687646 140.895306589742 10
"750" 13.689063595377 139.768421851859 10
"751" 9.88857346701089 131.465660759017 10
"752" 9.47085758745124 132.276963352465 10
"753" 5.45113146134017 135.212050791656 10
"754" 8.15780202443893 135.615258322294 10
"755" 129.133715933272 121.268920210171 10
"756" 146.48910516013 21.3951224515163 10
"757" 16.8639787158337 129.601917945008 10
"758" 138.893984315018 62.9196245026232 10
"759" 75.5599664976565 102.54130252114 10
"760" 113.711396099114 142.58891557466 10
"761" 85.5245142391458 94.4743916693885 10
"762" 147.832031588365 24.7426032887745 11
"763" 152.042538558123 22.3584978778245 11
"764" 149.211263731201 21.3892306437124 11
"765" 148.663535610248 24.8218390765344 11
"766" 146.683829010401 22.196168200255 11
"767" 147.690554825052 25.6277865680093 11
"768" 148.647668052078 25.2380244167219 11
"769" 151.027345129865 25.1362881210693 11
"770" 153.714259515323 23.8622552889774 11
"771" 147.297316884252 25.357441245113 11
"772" 151.687088602856 23.9584229824392 11
"773" 148.428912115179 21.7755189736838 11
"774" 150.72930773895 24.1985900465335 11
"775" 150.429478858156 25.4792905330687 11
"776" 154.090938869642 25.630383345398 11
"777" 150.959669430263 24.0644740101028 11
"778" 150.336913389981 26.1767540301696 11
"779" 150.047640777176 26.8959070709744 11
"780" 150.589006557089 25.3834162184927 11
"781" 149.419389199484 24.7742806261081 11
"782" 145.551454496065 25.201462409749 11
"783" 149.673243636731 21.2438199286591 11
"784" 149.552002184485 22.4007700347283 11
"785" 153.864192930465 23.2958803884484 11
"786" 148.850908142422 20.8168893485064 11
"787" 152.77714374202 24.5500833139134 11
"788" 147.867508578717 21.6882569668219 11
"789" 150.532755041662 19.0198727775031 11
"790" 155.236993184811 8.84203671456265 11
"791" 155.150554609382 0.765629886419724 11
"792" 154.958553433185 9.72688851475687 11
"793" 154.822486248477 -0.0874640800535382 11
"794" 155.273500333706 7.73065627471209 11
"795" 155.491637825488 3.11540319259186 11
"796" 155.275210704008 7.03765269687622 11
"797" 155.379146092073 6.0408995019543 11
"798" 154.863785134786 6.6724327585723 11
"799" 155.4713460176 0.631427763148213 11
"800" 155.564069510331 8.1514583786256 11
"801" 155.626485494151 3.15801405192598 11
"802" 155.089741122246 -1.89294970323635 11
"803" 154.998711424803 1.50198817844169 11
"804" 155.407749708143 7.44452739237695 11
"805" 155.259305164136 2.92553354626685 11
"806" 155.125257193709 2.54620433286947 11
"807" 155.281038376077 -0.805815223689192 11
"808" 155.022401051467 0.548894990357069 11
"809" 154.973718494752 5.98494108281592 11
"810" 155.468303732855 -0.296130824961168 11
"811" 155.310097651318 -1.39363934990642 11
"812" 154.871940068975 1.91127647387026 11
"813" 155.044749749487 7.06056339911138 11
"814" 155.095069208847 8.9560920912888 11
"815" 155.319727967136 -0.90869338723138 11
"816" 155.459556925128 3.47360269337796 11
"817" 155.550149303794 0.793613386293516 11
"818" 155.135848679437 0.9317730881847 11
"819" 154.728618092268 4.91270021915096 11
"820" 155.27490842816 1.13285398576925 11
"821" 15.8692924733076 95.3963218290134 11
"822" 15.8785346591385 90.2427810840892 11
"823" 17.9397372467959 86.5315620908122 11
"824" 12.2554075623636 93.8034392188061 11
"825" 14.8104606123493 99.8821685712874 11
"826" 17.3642414547691 97.9063114635485 11
"827" 13.3841541359048 92.2204325608127 11
"828" 17.777047899172 90.2692393521748 11
"829" 19.6759673381493 87.5743819378838 11
"830" 18.0737959410985 93.4718099087763 11
"831" 16.9303680189245 93.8765719490891 11
"832" 17.2928363072367 93.6102015909206 11
"833" 17.1740161436824 92.4238182692238 11
"834" 15.9956741434629 99.2931264119621 11
"835" 14.8437942302425 88.2230306956814 11
"836" 18.6390227033937 89.1499692066968 11
"837" 18.1020071613598 102.397101466038 11
"838" 3.38781153791251 132.847853014359 11
"839" 8.64927107363664 135.528320186784 11
"840" 7.42371664006129 135.069449524072 11
"841" 10.2213156955297 150.650404400584 11
"842" 3.50510146467981 141.140999544982 11
"843" 12.8226423615839 142.6223135866 11
"844" 12.5973622041808 144.58420887109 11
"845" 7.70503790463693 142.453759709944 11
"846" 12.1479577194607 128.264505425869 11
"847" 3.7172897918344 137.331470592067 11
"848" 3.18695928091118 141.243781708748 11
"849" 4.93793569520665 135.50260762633 11
"850" 132.496854482652 171.604654293873 11
"851" 155.401246439722 -2.31089403723156 11
"852" 11.8104534646167 108.926727179998 11
"853" 156.001249578215 0.764284271624218 11
"854" 150.316216058238 25.995833123897 12
"855" 153.575396019105 27.8107059675942 12
"856" 153.941570059868 20.8618574669399 12
"857" 154.826833189194 29.0142307648455 12
"858" 144.305211942213 23.2063702002998 12
"859" 147.831078284511 21.6890313445999 12
"860" 145.634601922007 20.4885795760282 12
"861" 149.01799288779 26.0760656798781 12
"862" 150.517637652459 21.1159370618683 12
"863" 149.634293699053 24.0469266684644 12
"864" 156.922478313911 25.6108270550458 12
"865" 153.943242353494 23.5092221058977 12
"866" 145.945062384073 25.48531339818 12
"867" 150.769398826187 18.9767331302841 12
"868" 151.583636862251 20.6733337106927 12
"869" 153.758371157469 23.357190814295 12
"870" 149.282668337848 20.421463005024 12
"871" 150.554560430856 22.7710565407065 12
"872" 152.773528288213 21.5220705737462 12
"873" 146.127392110497 19.5764854209986 12
"874" 152.31046475071 22.2418666880334 12
"875" 147.66429774551 28.9291770555225 12
"876" 150.629766954306 24.1810624418214 12
"877" 155.175376692357 1.05878990937212 12
"878" 155.07537098373 1.4239061957367 12
"879" 155.54883407966 -0.684655292855058 12
"880" 155.219671767072 8.15864640660134 12
"881" 154.758679685684 4.65492904307486 12
"882" 155.268707407358 8.72678523186356 12
"883" 155.61073018607 -1.20605002592111 12
"884" 155.051941781556 1.02102182578447 12
"885" 154.719563496077 9.2732645640062 12
"886" 155.052437721677 10.3520539516767 12
"887" 154.53203220843 4.06580308268915 12
"888" 155.292952029651 -3.17612209425782 12
"889" 15.5426336151931 90.3476351266504 12
"890" 17.8453547064496 86.7102265836571 12
"891" 12.6095517607012 95.3581425821706 12
"892" 13.6924835283176 98.2361083842883 12
"893" 16.7080033071443 95.7278038219732 12
"894" 13.4871219584127 86.5238147331171 12
"895" 12.7511956127058 96.1101790968708 12
"896" 16.9003157397515 93.8071437816187 12
"897" 14.6849849050676 88.7400576545522 12
"898" 2.82318650622774 132.634168480678 12
"899" 7.81566494442608 142.580808119945 12
"900" 7.5652095220555 136.211077920187 12
"901" 11.3206862161795 129.220673500545 12
"902" 8.01360513334702 144.695014253027 12
"903" 12.4074223035997 145.989184917865 12
"904" 13.9091030139058 129.751161686554 12
"905" 11.074983704341 133.277202811238 12
"906" 132.386731105364 174.435966405536 12
"907" 133.94963068759 171.385158511882 12
"908" 133.490037743253 172.442529461012 12
"909" 132.138421948756 171.206867404743 12
"910" 133.435976346828 172.95650922915 12
"911" 135.076088169999 170.726960427194 12
"912" 130.507109589921 171.874076514862 12
"913" 133.555707582959 170.937134935815 12
"914" 133.065169328107 171.894237613621 12
"915" 80.8988124571093 109.79533438023 12
"916" 158.311226270823 42.8197317153874 12
"917" 95.0008126791867 169.730381958011 12
"918" 155.749690469076 26.2890315410895 12
"919" 12.1483357743756 127.805997678658 12
"920" 150.077548491653 25.8263368790145 13
"921" 148.411325478841 26.4789752418386 13
"922" 152.566910815099 25.5625064538684 13
"923" 144.342756087654 23.1540745339544 13
"924" 152.7595257855 23.3678445873376 13
"925" 148.308647275991 24.9156342777386 13
"926" 152.773482129893 22.553570736399 13
"927" 148.661738669147 20.2996672303783 13
"928" 146.085926036984 22.5404446970363 13
"929" 148.522679985285 22.6148721463166 13
"930" 152.697839449774 22.134323680437 13
"931" 155.236444751354 18.3196954658919 13
"932" 154.243157588063 27.7856631054596 13
"933" 152.834553620929 22.6426628377356 13
"934" 144.953446595679 20.0536799167168 13
"935" 152.223615618264 22.1758613983118 13
"936" 155.40292297147 -1.92297781081828 13
"937" 155.031611461547 2.78474598530296 13
"938" 155.618352979706 -1.38540651819997 13
"939" 155.702076609384 5.34615040824218 13
"940" 155.015126196265 10.2299838308815 13
"941" 155.036869558337 2.19962579516499 13
"942" 155.259787477075 0.085679927101745 13
"943" 17.2847173652435 86.39638719536 13
"944" 16.2696572142889 98.8886346266744 13
"945" 19.2950732550643 93.8553608737792 13
"946" 16.9923326035156 96.4820232424999 13
"947" 14.7007867576313 87.8317324384938 13
"948" 13.8030967556901 98.1935116675683 13
"949" 17.8274318675526 92.6610021096125 13
"950" 14.1033286715271 98.5493443883885 13
"951" 8.38977156718881 136.05757962891 13
"952" 5.83451002952072 131.430242272602 13
"953" 7.3095043317011 137.573688337614 13
"954" 7.13316922635313 135.580224621574 13
"955" 14.2042924024358 139.675316345985 13
"956" 131.842170077672 173.715105701196 13
"957" 130.514864304589 171.887273799497 13
"958" 130.631260102836 174.915517400131 13
"959" 130.87799467863 173.893517338725 13
"960" 131.618298463962 174.840699783926 13
"961" 131.001051903708 170.963750488923 13
"962" 128.423063375558 171.704667871481 13
"963" 134.94565433237 172.234630810466 13
"964" 133.64547039968 172.893959124405 13
"965" 127.337354496241 173.796385583652 13
"966" 128.590309067057 173.305171216107 13
"967" 135.702451705473 173.727092398333 13
"968" 133.212882546665 172.744511055029 13
"969" 140.594553522925 169.207889721792 13
"970" 133.220413465707 171.900740772275 13
"971" 133.189467659798 172.655670448642 13
"972" 133.821330203989 172.217681597615 13
"973" 131.842302074705 174.385515412577 13
"974" 133.383752124881 172.391453039824 13
"975" 132.914814448996 173.364917186677 13
"976" 130.616584677916 172.59143861879 13
"977" 132.845425705403 173.302506570849 13
"978" 133.41164464509 172.078759920945 13
"979" 131.005071353083 171.509141714179 13
"980" 134.587093432514 173.375418261206 13
"981" 129.660088815135 172.600922358626 13
"982" 87.2044859250348 175.686660659862 13
"983" 146.511752311082 19.5338759702911 14
"984" 144.311956154698 21.8436539048371 14
"985" 153.893875582528 19.3478465419796 14
"986" 151.199311764026 26.5697895933697 14
"987" 152.591298420832 24.780075840167 14
"988" 146.86136594651 18.9014713022252 14
"989" 146.825930507237 24.216976999616 14
"990" 148.649029303447 19.6014263638365 14
"991" 154.685068279571 19.6966658560833 14
"992" 146.224754678283 19.2043939650092 14
"993" 147.757134860337 26.0069712910645 14
"994" 147.147661325633 24.1243831676054 14
"995" 149.693094898315 27.1322269936315 14
"996" 155.491190564683 18.3665893814616 14
"997" 155.796479607724 26.0492709261369 14
"998" 155.711128032976 5.27001708337555 14
"999" 154.645060774576 8.50272894762345 14
"1000" 12.5761114913219 81.5914120681462 14
"1001" 15.5799009446296 91.8957325033279 14
"1002" 18.1770364338786 89.7754517533914 14
"1003" 16.6721409041335 98.5602889516907 14
"1004" 13.9461867153557 85.1582792825799 14
"1005" 13.685462973258 101.25514978268 14
"1006" 15.1269445967059 88.8185601818006 14
"1007" 14.0890283680932 90.8765490855701 14
"1008" 6.97289016549376 137.97104382907 14
"1009" 11.9540306891626 124.561750046164 14
"1010" 7.06800665867112 135.08884554155 14
"1011" 11.4695265461802 141.975885080299 14
"1012" 13.3629529445269 138.440317536541 14
"1013" 14.2247322576385 131.502007239345 14
"1014" 130.268248382791 171.774863885533 14
"1015" 135.340962821946 170.797224011005 14
"1016" 130.369969078576 175.356723020689 14
"1017" 135.762848059989 173.688775356468 14
"1018" 132.150398998487 172.700466422691 14
"1019" 134.27166310122 172.198231182617 14
"1020" 133.722722973784 171.265361431427 14
"1021" 132.121360936878 172.348703812755 14
"1022" 130.018292279868 174.786993469023 14
"1023" 128.9665580324 171.464753089482 14
"1024" 134.49000626798 173.404703839192 14
"1025" 130.753956569337 174.129036726056 14
"1026" 134.549142399292 172.99543466894 14
"1027" 129.030579083057 172.633096942025 14
"1028" 133.503943234907 174.66021157036 14
"1029" 130.789118014859 172.06037674515 14
"1030" 130.382035769576 172.439502073087 14
"1031" 130.54470753193 174.563981602349 14
"1032" 130.745246739898 172.157155264043 14
"1033" 126.167332007672 170.519208233086 14
"1034" 134.855390302027 174.323468839126 14
"1035" 135.896941104773 173.723540096855 14
"1036" 130.551110303315 174.901868760533 14
"1037" 128.584229190621 173.106354234267 14
"1038" 133.396120080221 171.366930907341 14
"1039" 130.904207199777 171.212324951853 14
"1040" 128.879381614135 172.089578145266 14
"1041" 131.880884929079 173.943260035334 14
"1042" 130.704267967672 173.930374487386 14
"1043" 135.439659067077 172.92471461293 14
"1044" 134.856432820978 171.913889061908 14
"1045" 133.941283632095 173.581398162306 14
"1046" 134.531784674038 173.755419202614 14
"1047" 132.134163446062 173.120755070871 14
"1048" 126.201799148577 175.60445505612 14
"1049" 130.010979317488 175.022038272515 14
"1050" 149.922357640879 27.4497141036436 15
"1051" 149.889883177957 21.8247674619736 15
"1052" 150.2021968341 21.0566447145688 15
"1053" 151.239245904936 22.2730235716179 15
"1054" 146.32404018642 18.8359781775823 15
"1055" 154.571807378088 20.5273431393021 15
"1056" 149.64688357161 22.5900015225993 15
"1057" 149.907101963203 22.9768336180741 15
"1058" 153.917627066634 25.9466172977519 15
"1059" 148.707900436707 23.456035344378 15
"1060" 149.865431041101 22.6774984629529 15
"1061" 152.800933561287 16.7323544387266 15
"1062" 19.0565068806369 95.3998696711531 15
"1063" 16.9894956086667 85.7375230811848 15
"1064" 16.7333215784403 98.5632096209023 15
"1065" 12.683256331314 89.8402840876486 15
"1066" 15.0024697737893 84.3937613467065 15
"1067" 14.6876700644864 87.105854680642 15
"1068" 9.22135793847245 129.377917108788 15
"1069" 11.638966866977 133.404565917634 15
"1070" 130.190849870209 174.786377787568 15
"1071" 129.122890963176 172.505418334889 15
"1072" 134.709216417419 171.647661492013 15
"1073" 130.450577101673 174.550402431124 15
"1074" 135.744239402122 172.624982053759 15
"1075" 134.353743386022 175.824126218881 15
"1076" 134.712049559534 175.531230732979 15
"1077" 136.064472453899 176.637369029434 15
"1078" 131.95787755957 172.347227104461 15
"1079" 131.951421857218 170.18130415845 15
"1080" 131.655248501682 173.880044655114 15
"1081" 132.007111266542 174.552946192945 15
"1082" 133.673240775173 171.218251079526 15
"1083" 131.178617182641 172.349040077113 15
"1084" 132.158324121892 172.961808629699 15
"1085" 132.553039438469 173.552089445062 15
"1086" 135.920018637699 173.988121353211 15
"1087" 127.488032358045 175.620295455148 15
"1088" 134.089165902917 174.784985919656 15
"1089" 132.425765059705 175.358663586607 15
"1090" 135.232968789649 173.783845553187 15
"1091" 133.212610707934 170.581399665947 15
"1092" 134.451536620203 171.447679166588 15
"1093" 131.486311682484 172.755027626817 15
"1094" 130.539194656128 174.662763680542 15
"1095" 129.27593837474 173.142501891658 15
"1096" 134.756481137666 171.090883425056 15
"1097" 130.086757224717 171.787562523907 15
"1098" 132.312066765578 173.016681844516 15
"1099" 127.650261708756 174.019236560987 15
"1100" 132.154568146833 172.322825119784 15
"1101" 135.517248983295 173.033426298598 15
"1102" 128.322799940263 174.267385587421 15
"1103" 130.805365825593 171.543227904026 15
"1104" 130.457719767485 174.751353331811 15
"1105" 134.151178326095 174.015692884754 15
"1106" 130.759636175839 172.229275616407 15
"1107" 134.059766930621 173.727824470897 15
"1108" 134.703249107059 172.872562563881 15
"1109" 147.380417128858 27.8440206752358 16
"1110" 145.626907193024 23.5759475573655 16
"1111" 154.943234155009 15.6543435819273 16
"1112" 148.163213857068 25.3978707994774 16
"1113" 148.31625622156 26.6708065843065 16
"1114" 149.936604425768 24.1957337238593 16
"1115" 152.702670884072 19.8548138249683 16
"1116" 15.2958131560007 87.2209720156465 16
"1117" 17.6997342346705 93.2912455297369 16
"1118" 15.6590394903995 94.8596478723456 16
"1119" 12.9688335227619 100.379357548772 16
"1120" 17.2301958158738 94.8702304019861 16
"1121" 18.1139689016437 85.3660759107111 16
"1122" 11.7839823202344 128.375984215769 16
"1123" 2.0897393298753 147.598092242579 16
"1124" 8.32083443500064 148.165373945931 16
"1125" 4.31696467674519 144.378053023492 16
"1126" 8.90806536299317 146.905512127468 16
"1127" 10.6413286645898 149.217862694076 16
"1128" 134.733664733952 175.594009846274 16
"1129" 129.896635574286 174.604170965805 16
"1130" 129.180578478626 172.669496241939 16
"1131" 131.081562943841 172.362883077605 16
"1132" 134.192382123001 174.983649275236 16
"1133" 128.270530606859 174.276380238222 16
"1134" 132.402041117409 173.047909359874 16
"1135" 136.10061255068 171.153812665553 16
"1136" 126.797474936315 172.485124982228 16
"1137" 127.862422972452 174.142979083092 16
"1138" 128.170065158803 174.570585798796 16
"1139" 130.124180740376 172.286823368397 16
"1140" 127.94397916946 174.025659842297 16
"1141" 135.35061270351 173.224005377823 16
"1142" 129.798816459674 174.88080206553 16
"1143" 135.969683252652 173.995329321672 16
"1144" 128.129898949516 174.230372118549 16
"1145" 131.536344582446 172.654078791943 16
"1146" 136.295699563715 174.921713310587 16
"1147" 134.780452689518 175.422633234215 16
"1148" 134.121601187898 174.94378018527 16
"1149" 15.9165478058281 161.436526109801 16
"1150" 151.073662935151 113.383903907207 16
"1151" 12.2798577905123 93.0563850604025 16
"1152" 111.577764126521 88.8508207823888 16
"1153" 15.0362689253013 33.4140490820561 16
"1154" 70.7475677886164 92.9023746718774 16
"1155" 153.2095401465 23.8136608519683 17
"1156" 154.117860036721 24.0008780319604 17
"1157" 150.057149399338 23.9672394814949 17
"1158" 155.235521849308 11.1360901653985 17
"1159" 19.8002467670193 91.0142116212915 17
"1160" 10.3214157853096 130.93668820397 17
"1161" 6.24079981337906 132.168908516033 17
"1162" 12.256113156229 128.536486744727 17
"1163" 13.5059422371315 143.000148554785 17
"1164" 3.11598991051768 139.144029362094 17
"1165" 133.114663424815 171.132207781413 17
"1166" 131.340433735904 172.077229550722 17
"1167" 133.44117087702 175.062326549932 17
"1168" 133.580366356123 174.337528607556 17
"1169" 135.733805020696 176.397128399816 17
"1170" 134.598748411995 172.028624794922 17
"1171" 135.887550666371 170.76963772238 17
"1172" 128.013369791302 171.727602726292 17
"1173" 128.162139656531 170.827092754402 17
"1174" 126.71389340939 173.935722815416 17
"1175" 134.46781914104 175.126141233887 17
"1176" 131.060677980437 174.108193561156 17
"1177" 135.406398367049 176.540158506875 17
"1178" 132.0050483894 176.21895169052 17
"1179" 136.758258505779 173.762830871868 17
"1180" 84.6374474871879 122.258673546807 17
"1181" 9.31983957119407 128.116160727465 17
"1182" 26.3941383721465 26.4399574748422 17
"1183" 77.3856224655033 99.2578559102473 17
"1184" 147.919650775408 19.239068920602 18
"1185" 143.671568932367 24.3320954608962 18
"1186" 148.670099427036 26.1185970431721 18
"1187" 155.297574784266 23.4234848197169 18
"1188" 153.287514245222 22.427910162361 18
"1189" 155.109543967944 11.1848771089267 18
"1190" 17.4186854977884 101.426154217549 18
"1191" 14.7192631111841 97.8289112579147 18
"1192" 17.4831452759271 97.2708855241889 18
"1193" 13.3534999974178 130.610454536943 18
"1194" 9.01329750319606 127.533803158796 18
"1195" 6.94073413403147 146.332801185753 18
"1196" 5.99566411368247 129.45106006639 18
"1197" 10.8818518792635 140.475453228925 18
"1198" 128.303478435493 171.933963378925 18
"1199" 127.555911533444 175.320445722395 18
"1200" 132.03655321161 172.833431578888 18
"1201" 127.824551401571 171.613293669859 18
"1202" 135.739253429299 170.58147404248 18
"1203" 135.833559540027 170.306142689251 18
"1204" 128.777310397833 174.292086774935 18
"1205" 135.463542053449 170.507156094205 18
"1206" 133.423128461219 170.371791206475 18
"1207" 132.918080671832 171.683444837203 18
"1208" 131.435777694523 174.407285525967 18
"1209" 131.042950356238 173.757961749782 18
"1210" 132.4232700394 176.472438805804 18
"1211" 12.8067144424131 80.3037183963609 18
"1212" 41.2292165761576 62.3688450539568 18
"1213" 157.683405400261 75.9071866706813 18
"1214" 154.378089506481 20.9651436218822 19
"1215" 152.174695894492 21.1074020002936 19
"1216" 153.961874304337 19.492886965127 19
"1217" 159.094229477954 24.0097109768096 19
"1218" 152.432074532743 19.985333541812 19
"1219" 16.6926362847876 84.0781660262949 19
"1220" 15.7444441597758 99.1212373992189 19
"1221" 15.1064971988022 91.2398286329842 19
"1222" 18.8991918598811 94.2726225354311 19
"1223" 1.12093417367722 133.838375074639 19
"1224" 8.68968391852474 140.30730313472 19
"1225" 6.67908658566681 146.032581334416 19
"1226" 7.93525240999389 136.70420566694 19
"1227" 9.66798142245496 149.676037797046 19
"1228" 133.721535456409 170.189604187736 19
"1229" 140.643372834736 170.763620003102 19
"1230" 131.780988871394 175.879022528981 19
"1231" 131.310421754102 176.317086602395 19
"1232" 131.950822960298 175.981046408442 19
"1233" 137.661518472232 176.095513704476 19
"1234" 132.746827529574 169.835185840723 19
"1235" 127.630959326015 171.83066769943 19
"1236" 135.962636734474 172.932855752639 19
"1237" 126.165177394641 173.579174775014 19
"1238" 61.5789023443 177.402746547277 19
"1239" 128.470538658896 50.1753138041112 19
"1240" 154.969480945189 21.1604449636032 20
"1241" 153.641994617965 21.7237249051808 20
"1242" 149.820884648896 22.2392750464079 20
"1243" 146.385266002077 24.3507588702853 20
"1244" 148.388986035836 28.1844960318545 20
"1245" 144.741675946561 24.8696535354697 20
"1246" 20.3424067503749 102.380451208308 20
"1247" 15.0670738669084 91.1614925961414 20
"1248" 14.3728537363591 85.2471363568128 20
"1249" 20.0412326026922 100.720494520781 20
"1250" 5.03918554390995 138.34330793986 20
"1251" 11.1256561408147 127.79027051723 20
"1252" 8.20020519996338 140.260492120891 20
"1253" 12.5732012852713 133.58333378571 20
"1254" 133.641656334622 168.277976850336 20
"1255" 128.712422841149 170.974625261436 20
"1256" 140.933660821559 173.166777137379 20
"1257" 137.535278609675 176.092502796903 20
"1258" 136.521862580493 173.352077698591 20
"1259" 137.734906634534 175.987370526029 20
"1260" 134.011760381676 170.977166386891 20
"1261" 89.1443890984521 104.424348295868 20
"1262" 11.5728022104588 166.119628681579 20
"1263" 88.8808591616961 91.3397100782536 20
"1264" 39.6765649335533 154.037912120699 20
"1265" 147.462702891718 29.844676917723 21
"1266" 148.38631292771 25.6870357842445 21
"1267" 146.208211686785 20.1258162717109 21
"1268" 154.7016329703 1.00568684739967 21
"1269" 17.234877882032 84.478422657864 21
"1270" 5.71407918779419 144.905895218341 21
"1271" 9.97631651714653 142.376984579766 21
"1272" 8.18104793760389 140.79503072813 21
"1273" 136.52804078885 173.495680208517 21
"1274" 134.838185930004 173.954578785507 21
"1275" 129.374495756353 177.299581279516 21
"1276" 131.233995855303 170.20583721635 21
"1277" 137.087278521821 173.482570391083 21
"1278" 134.906917428746 176.904805126771 21
"1279" 127.388618110277 174.695158753213 21
"1280" 130.25615149002 171.171264280742 21
"1281" 136.058037520523 173.207645058677 21
"1282" 91.0523902609833 177.764127496205 21
"1283" 88.5914021990398 105.556295498924 21
"1284" 154.091259674841 29.6655830190527 21
"1285" 26.0510584646597 97.8277345890527 21
"1286" 155.949437311584 23.7647006318629 22
"1287" 145.382495560603 18.814365311872 22
"1288" 145.569046295957 18.9693070510044 22
"1289" 147.037400534941 25.7275023810108 22
"1290" 19.1947304130653 92.0958625558489 22
"1291" 3.90773428485734 144.252470765488 22
"1292" 8.21440590750172 140.752980669926 22
"1293" 10.373310094323 134.715527641522 22
"1294" 12.9682478706763 149.163063158938 22
"1295" 12.8728716690596 136.54331141166 22
"1296" 137.808406300981 174.092553805078 22
"1297" 133.177518018509 168.177891911589 22
"1298" 138.865880025465 173.764113993349 22
"1299" 131.206604286731 174.477105392865 22
"1300" 131.236691424621 175.710780360149 22
"1301" 131.320468289298 170.010688872495 22
"1302" 129.520773913412 171.239323402494 22
"1303" 131.246570609105 171.792031330224 22
"1304" 136.674287991006 169.563750813999 22
"1305" 131.923663675551 172.144257552769 22
"1306" 156.688344092772 12.5219803436144 22
"1307" 150.201373057662 19.8960003302495 23
"1308" 147.292142619693 27.48352151216 23
"1309" 155.100154464881 -5.86205737711728 23
"1310" 12.9268782289109 141.244677358188 23
"1311" 9.4480887807932 149.683232264165 23
"1312" 9.34763914109894 138.272714176216 23
"1313" 7.37229104227208 148.058685642931 23
"1314" 13.0772662656915 135.569247294436 23
"1315" 137.271131657934 175.799851205546 23
"1316" 129.652810123844 170.898353866914 23
"1317" 133.622099459073 168.640159341626 23
"1318" 136.248436511019 169.920571502037 23
"1319" 132.909513630139 172.893034738133 23
"1320" 140.839452622576 120.308818703701 23
"1321" 67.2262949541841 68.8162827975108 23
"1322" 145.019021436096 26.1571391206178 24
"1323" 154.4624586587 22.3972757534877 24
"1324" 19.1833880402561 84.813356300597 24
"1325" 12.7586849833998 151.215223493804 24
"1326" 16.3607886148877 146.722993929339 24
"1327" 133.239206560235 175.890167932722 24
"1328" 132.151199158442 171.660157311983 24
"1329" 135.44262934645 175.345454314475 24
"1330" 128.926994175975 170.84784138321 24
"1331" 129.267553780764 173.576803419764 24
"1332" 134.597919482539 7.85860644562989 24
"1333" 91.9739408033027 171.929648394786 24
"1334" 132.5540894811 22.3385551397815 24
"1335" 153.81623661419 162.852287036177 24
"1336" 155.029466821175 24.3960216542348 25
"1337" 155.498688875405 10.0995049141468 25
"1338" 19.0443415235962 94.6699704460596 25
"1339" 5.5584200961195 138.356635944146 25
"1340" 14.1328050758613 146.518576928687 25
"1341" 133.720555674 175.190890923736 25
"1342" 137.172364811109 174.189208475331 25
"1343" 132.173218502954 173.588518747077 25
"1344" 137.062206443503 171.725760938279 25
"1345" 138.713443937074 174.585307518688 25
"1346" 128.820054488807 171.146009219952 25
"1347" 134.342553984315 8.02965991136686 25
"1348" 73.0253752528294 53.3132900573277 25
"1349" 26.2077625480205 103.455268987364 25
"1350" 6.83498103962311 164.489495812885 25
"1351" 28.5723019028596 15.4306073087401 25
"1352" 99.8106678415257 11.0027138953571 25
"1353" 2.99216593152162 101.588504229425 25
"1354" 154.86198588065 21.5459637785086 26
"1355" 13.1835560914801 135.999225972261 26
"1356" 138.00052011543 172.030696312556 26
"1357" 128.082366284768 178.00307613616 26
"1358" 137.798384806897 172.148098605671 26
"1359" 131.238877610952 173.351790776985 26
"1360" 136.90084177554 174.146400473875 26
"1361" 5.83662942933019 98.0401193544673 26
"1362" 96.2977877188774 161.195385413058 26
"1363" 150.722991893512 112.486167973734 26
"1364" 148.364417401506 20.2999080337087 27
"1365" 12.112545745456 96.0241840700868 27
"1366" 17.0916305161012 98.4486444008889 27
"1367" 4.62167728229167 141.799169351403 27
"1368" 4.27630374079941 146.951322159402 27
"1369" 12.9661420383059 142.360090837567 27
"1370" 15.7331948337156 133.19313584221 27
"1371" 128.574793633402 178.201860668211 27
"1372" 134.380344102389 174.506335463975 27
"1373" 136.899129793632 171.445702548868 27
"1374" 138.199206605054 169.707262818093 27
"1375" 131.876283537372 176.595049859171 27
"1376" 124.73705228941 174.105961082401 27
"1377" 26.9865518743443 100.780969387968 27
"1378" 148.287375092678 20.9892503225852 28
"1379" 147.102543023965 21.4806555443198 28
"1380" 146.172733811355 24.9403803851835 28
"1381" 146.909683860769 24.788553728882 28
"1382" 16.0486053757879 143.876944801013 28
"1383" 137.9826296896 172.430304824654 28
"1384" 138.389942939492 173.374881660371 28
"1385" 131.32325456456 169.302814476217 28
"1386" 138.732866678448 170.028145371476 28
"1387" 127.449589681673 9.35179587364722 28
"1388" 2.3039743872384 62.9527450319522 28
"1389" 137.756283230208 169.649353490135 28
"1390" 131.205710564177 175.280347532462 29
"1391" 132.616900055976 174.946319997592 29
"1392" 138.107267032205 173.21777503541 29
"1393" 123.873409290253 172.525251141526 29
"1394" 30.3224287820386 18.3008756183859 29
"1395" 27.0324378312963 2.7668119665629 29
"1396" 7.1811540946197 91.9756504862138 29
"1397" 147.768223737767 22.7367610670541 30
"1398" 148.666966502261 17.9794015198992 30
"1399" 17.7987730715495 85.3105155203835 30
"1400" 12.698827845371 143.784621623488 30
"1401" 13.3976472438718 142.577198322006 30
"1402" 9.52916050247766 130.373708704914 30
"1403" 6.48918854944059 127.010032741012 30
"1404" 4.57806134305827 137.674919121835 30
"1405" 14.3026682366983 130.715843352542 30
"1406" 12.3472320448704 126.652478475174 30
"1407" 136.641173557491 172.676696412834 30
"1408" 139.149881068995 175.314280511531 30
"1409" 3.18697210106338 129.765811205529 30
"1410" 157.376768516215 33.9855603712216 30
"1411" 154.439064606491 162.015033381062 30
"1412" 135.475564234396 169.52038796099 31
"1413" 8.25461618027789 93.0134108438234 31
"1414" 98.6711783166652 66.9618228169011 31
"1415" 153.243064420239 156.836760129295 31
"1416" 35.5509329707334 17.1518538391633 31
"1417" 5.19396053702882 147.610592909427 31
"1418" 153.398737143034 30.974428509742 32
"1419" 15.705893858585 134.696148966964 32
"1420" 128.521565690342 173.847945771366 32
"1421" 128.392050340966 171.066158142535 32
"1422" 137.56998957742 174.800314953073 32
"1423" 80.3829670313859 141.963584657437 32
"1424" 145.117673131846 21.2236490384005 33
"1425" 158.505692931782 22.3431541937714 33
"1426" 150.526360364521 24.7010688533438 33
"1427" 143.247819693806 27.5908912302062 33
"1428" 8.86865547188304 130.298645116344 33
"1429" 5.97215861641375 147.602063743276 33
"1430" 5.04642391905337 146.840127845482 33
"1431" 128.998082136403 177.221176246425 33
"1432" 137.22301599669 172.176035974536 33
"1433" 67.1062328469863 67.9839664642446 33
"1434" 56.7224363001569 28.0897770187239 33
"1435" 75.1036606602588 108.608998210869 33
"1436" 147.435866521789 23.1773273409313 34
"1437" 158.13635077257 23.1029300301049 34
"1438" 4.44136146183133 142.909420986409 34
"1439" 8.61382739725222 130.951641971747 34
"1440" 138.315860322459 171.713285950442 34
"1441" 154.343684694528 155.542010043815 34
"1442" 136.016081706507 166.861483531472 34
"1443" 9.71061121336657 63.1250938118416 34
"1444" 111.877045713841 136.173402942967 34
"1445" 143.111032298976 27.2346771506101 35
"1446" 11.7363076744285 96.6450935947869 35
"1447" 16.422512533285 86.2248961391132 35
"1448" 18.4373943320691 86.2982034225564 35
"1449" 7.99468973249616 141.617386325701 35
"1450" 11.3331175084486 146.186649735374 35
"1451" 126.605342332327 171.498695682743 35
"1452" 126.616332146691 172.866880458933 35
"1453" 127.858513065655 172.59548684725 35
"1454" 135.117560928406 172.808280060405 35
"1455" 20.7589904728466 30.3372848972628 35
"1456" 131.206908705232 97.085382698514 35
"1457" 13.8143321493229 128.176837763589 36
"1458" 9.18521157343814 142.771383017221 36
"1459" 122.382385597655 163.867677436226 36
"1460" 148.531674528522 -1.66973731668201 36
"1461" 136.75779063422 5.80336608589435 36
"1462" 5.23166775092472 144.396489339955 36
"1463" 135.093891130324 107.540409804988 36
"1464" 101.981477798047 33.3484509020615 36
"1465" 153.130539152833 29.1937158596565 37
"1466" 12.6702518983359 129.55820418791 37
"1467" 151.846561755566 95.5043069016568 37
"1468" 124.786440190908 126.442102930888 37
"1469" 152.094287027409 39.8743827118922 37
"1470" 37.2067173904533 53.8862271134589 37
"1471" 133.800144569432 28.6971526318685 37
"1472" 149.359121194003 23.0706778349473 38
"1473" 11.8831816699287 91.5864395220534 38
"1474" 123.120565475068 173.523300734135 38
"1475" 106.910395510836 50.4853699707516 38
"1476" 67.4014950126523 53.7895391653074 38
"1477" 2.60305885670956 92.6601891955232 38
"1478" 135.824770259666 115.107439875932 38
"1479" 102.191810780216 34.8545899145787 38
"1480" 11.0478566596424 96.2888358508302 39
"1481" 2.82747855077381 137.580918922196 39
"1482" 6.3197138211209 128.637470764712 39
"1483" 102.281349278501 35.6564800576645 39
"1484" 148.02088219487 135.418728875677 39
"1485" 103.626840173243 45.6195739338442 39
"1486" 101.486301736471 47.0868749496475 39
"1487" 77.8533784383296 61.9551011429109 39
"1488" 60.6647599730232 51.488640215916 39
"1489" 129.274399034499 169.195255632441 40
"1490" 141.978714683931 175.268998578898 40
"1491" 129.130888070259 170.253107258927 40
"1492" 128.959596998108 176.066953513413 40
"1493" 21.1405731429914 108.073783359912 40
"1494" 9.25494189084199 123.376878419975 41
"1495" 133.116355785596 109.696088502688 41
"1496" 59.4399257968606 29.4149151099376 41
"1497" 92.6192066783176 49.3507695271828 41
"1498" 91.3833973368605 159.097838957426 41
"1499" -1.18735937658114 93.9945619659599 41
"1500" 154.706868825097 53.8148686532145 41
"1501" 137.869359861323 77.2309459647989 41
"1502" 18.8523396649359 32.3363705064414 41
"1503" 6.84732477247941 133.111193940774 42
"1504" 126.531287216807 170.095394589218 42
"1505" 90.4115247498461 174.696441738678 42
"1506" 20.8916875944529 29.620158869499 42
"1507" 13.2312796629074 144.064953714771 42
"1508" 10.7351516747866 89.8850263436933 42
"1509" 69.0754891297536 11.2887289884718 42
"1510" 17.1083857873046 146.241539961425 42
"1511" 154.937873709347 22.4413952003382 43
"1512" 9.03717948415845 124.092871800656 43
"1513" 18.3805372264091 138.950533339273 43
"1514" 103.118354500367 37.194107139405 43
"1515" 136.035194835729 119.094233371906 43
"1516" 5.67191848188809 168.719687087835 43
"1517" 1.57939928439663 144.945795366095 43
"1518" 101.045165997296 13.9342915987672 43
"1519" 90.4132783647451 160.126876033125 43
"1520" 13.9344328222149 91.2093238694133 44
"1521" 106.35799172676 5.06407143674555 44
"1522" 23.9580230701654 22.1281122099191 44
"1523" 147.651954133946 21.1761091566538 45
"1524" 3.52639233729033 145.60404859945 45
"1525" 118.252343197876 148.537529745176 45
"1526" 26.9889974612638 77.2929586209369 45
"1527" 154.319176843175 17.089968060079 46
"1528" 50.5284779122528 34.7128735465968 46
"1529" 116.162041765026 88.7368185231704 46
"1530" 33.648712371481 148.280120759792 46
"1531" 26.8695215774536 76.7650059289555 46
"1532" 14.1485073038955 76.4302057156948 47
"1533" 22.9539790828652 155.806621575867 47
"1534" 93.0775293413579 176.526737007008 47
"1535" 6.46350032217772 136.663266456239 47
"1536" 131.063809235908 122.387871415982 47
"1537" 156.438296715533 27.6719635345 48
"1538" 90.8267262359651 66.7514234713064 48
"1539" 55.6096726077954 31.3168126447064 48
"1540" 106.062761165856 89.4269934882744 48
"1541" 94.714180073783 131.942639244158 49
"1542" 78.5164412765083 138.815017384299 49
"1543" 16.8793193449613 82.3467018914628 49
"1544" 16.1786995750203 85.0323574115463 50
"1545" 21.084450673925 103.662912176674 50
"1546" 109.550944152156 41.2754516687388 50
"1547" 67.1700804938145 36.2862742696118 50
