"V1" "V2" "V3" "V4" "V5"
"1" 130.094378306396 121.713047998509 0 1 0
"2" 119.895310507805 122.532105662577 0 2 0
"3" 128.762173316483 122.249862235443 0 3 0
"4" 123.889968002623 122.374004730885 0 4 0
"5" 122.008104594527 121.876172272511 0 5 0
"6" 127.605020749103 122.540583631842 0 6 0
"7" 124.582943156786 122.163278762926 0 7 0
"8" 122.764181639416 122.218687335953 0 8 0
"9" 120.348261772415 121.634809562184 0 9 0
"10" 121.001963724193 122.104099237106 0 10 0
"11" 125.521983031134 122.034975921508 0 11 0
"12" 115.809037121047 121.696118548986 0 12 0
"13" 121.87726612951 121.821174724555 0 13 0
"14" 123.227673283343 122.214935758151 0 14 0
"15" 126.079051562394 122.194578664878 0 15 0
"16" 122.940021142156 121.670188240927 0 16 0
"17" 125.478410121726 121.859732498748 0 17 0
"18" 121.97799027474 121.857345145482 0 18 0
"19" 115.105557700649 121.733247358303 0 19 0
"20" 126.068535586628 122.072561007128 0 20 0
"21" 129.786633546262 121.798342274408 0 21 0
"22" 129.718530252666 121.884456128903 0 22 0
"23" 123.814908173944 121.935829659749 0 23 0
"24" 122.210120164896 122.027957503016 0 24 0
"25" 127.267195624618 122.063588874755 0 25 0
"26" 122.960141991604 122.210478366451 0 26 0
"27" 128.698407069339 122.513409271914 0 27 0
"28" 125.233760515555 122.15775242452 0 28 0
"29" 132.409670500582 121.973314821233 0 29 0
"30" 121.301411984237 121.921131457483 0 30 0
"31" 120.287610169349 122.108021100058 0 31 0
"32" 116.656560563059 121.340107349877 0 32 0
"33" 124.326633854544 121.998024056881 0 33 0
"34" 126.802687742391 122.044770006089 0 34 0
"35" 118.883108265415 121.914690774574 0 35 0
"36" 125.134459342911 122.431185328247 0 36 0
"37" 123.326033046562 122.042835103571 0 37 0
"38" 127.811950898381 121.771549376571 0 38 0
"39" 128.815237125995 122.172663632223 0 39 0
"40" 123.980378294954 122.543372702596 0 40 0
"41" 123.758328689325 122.19112728572 0 41 0
"42" 120.535246382565 122.341731729245 0 42 0
"43" 124.278666247539 122.329892354473 0 43 0
"44" 119.889801911574 122.115254538511 0 44 0
"45" 125.254852513079 121.867680192 0 45 0
"46" 126.344978558534 122.057015182755 0 46 0
"47" 124.332466232192 122.162331443443 0 47 0
"48" 130.977964073562 122.187313145244 0 48 0
"49" 126.721124325512 121.68111749812 0 49 0
"50" 125.273222320062 121.801251735931 0 50 0
"51" 121.598035328378 122.109461969166 0 51 0
"52" 125.928055719885 122.33019781707 0 52 0
"53" 128.395070881024 122.086550671632 0 53 0
"54" 125.835635703428 122.098614200773 0 54 0
"55" 128.013059961069 122.231182068667 0 55 0
"56" 127.603376203697 122.214800416578 0 56 0
"57" 122.350187057187 121.985464770197 0 57 0
"58" 123.839653429231 122.100926230343 0 58 0
"59" 119.139577036949 121.721637616339 0 59 0
"60" 124.158604020093 121.779606557913 0 60 0
"61" 119.425661106699 122.364099788877 0 61 0
"62" 127.608812416785 122.028195973871 0 62 0
"63" 119.83057903701 122.354728847068 0 63 0
"64" 115.281684439691 122.230462236048 0 64 0
"65" 127.67699624168 121.76039249755 0 65 0
"66" 124.033980873599 122.134961371176 0 66 0
"67" 125.676088563323 122.36184362202 0 67 0
"68" 123.981702627684 122.222385667045 0 68 0
"69" 125.964484710605 121.735688853293 0 69 0
"70" 129.035195113171 122.19476264392 0 70 0
"71" 123.367787785433 122.098029897764 0 71 0
"72" 128.845932861019 122.102058040107 0 72 0
"73" 122.148259233343 122.228888523141 0 73 0
"74" 125.546362142139 121.588680786373 0 74 0
"75" 132.498521419176 121.772222253363 0 75 0
"76" 127.956957326934 121.676663268858 0 76 0
"77" 131.393329553569 122.362294635418 0 77 0
"78" 124.870836438802 121.617371958101 0 78 0
"79" 127.921483752335 121.917703401121 0 79 0
"80" 123.24981260147 122.26264153775 0 80 0
"81" 123.4171435998 121.795063807471 0 81 0
"82" 119.630010646371 122.274126678534 0 82 0
"83" 123.816205582884 121.780109233558 0 83 0
"84" 122.989928866109 121.958155854969 0 84 0
"85" 121.752045085387 121.883709521969 0 85 0
"86" 121.698247702364 121.945321469723 0 86 0
"87" 129.559647194347 122.705665323254 0 87 0
"88" 124.554546644297 121.602290095146 0 88 0
"89" 127.826655438078 122.000882784189 0 89 0
"90" 124.059021384534 122.213814556269 0 90 0
"91" 122.418802484497 121.930940653096 0 91 0
"92" 129.086440616098 122.006709892901 0 92 0
"93" 125.090061003451 122.11955309113 0 93 0
"94" 116.223934802015 121.937031953271 0 94 0
"95" 121.594763354254 121.906456429731 0 95 0
"96" 127.06897813313 121.98855277401 0 96 0
"97" 125.996137221865 122.128836006124 0 97 0
"98" 120.380342501217 122.448004548447 0 98 0
"99" 121.215868965845 121.999923928412 0 99 0
"100" 124.782218270958 121.944866251128 0 100 0
"101" 118.789754333483 121.651961263159 0 101 0
"102" 122.891499968912 122.007610925759 0 102 0
"103" 125.92044146023 122.082532101787 0 103 0
"104" 124.099757175747 122.175527985836 0 104 0
"105" 120.906220447405 122.020737296648 0 105 0
"106" 120.851329307434 121.766394693066 0 106 0
"107" 122.824783441437 121.861720218922 0 107 0
"108" 123.667522092239 122.042195515161 0 108 0
"109" 131.648767253655 121.964192628636 0 109 0
"110" 121.470659391289 121.494924941553 0 110 0
"111" 125.275542767487 122.128423003008 0 111 0
"112" 127.039631091973 121.599202187578 0 112 0
"113" 126.408057255481 121.662705743629 0 113 0
"114" 127.132914464399 122.186626055611 0 114 0
"115" 125.017237548413 122.330562120653 0 115 0
"116" 124.052541744286 122.162535280428 0 116 0
"117" 125.875100250423 121.915210584801 0 117 0
"118" 125.526484579751 121.371124154258 0 118 0
"119" 122.13246512048 122.557576459994 0 119 0
"120" 128.215671267404 122.034434833954 0 120 0
"121" 133.744383875085 121.6786499729 0 121 0
"122" 123.087958585023 122.169911153328 0 122 0
"123" 123.623986882277 123.013410151285 0 123 0
"124" 121.295386849248 122.025589063315 0 124 0
"125" 121.885257647318 122.152390109231 0 125 0
"126" 122.691673647708 121.979325093946 0 126 0
"127" 121.719513279017 122.149736203449 0 127 0
"128" 126.314289650834 121.948562123507 0 128 0
"129" 120.026008829623 121.467912795403 0 129 0
"130" 119.474340148623 121.485895500512 0 130 0
"131" 120.346396740381 121.950640361233 0 131 0
"132" 120.134614378236 122.153443962741 0 132 0
"133" 122.965915598172 122.043012385939 0 133 0
"134" 129.104561520648 121.710055555613 0 134 0
"135" 123.20102394243 122.737238959276 0 135 0
"136" 128.153417279354 122.011243342462 0 136 0
"137" 126.32592353482 122.058072021107 0 137 0
"138" 125.900629586958 121.695613566181 0 138 0
"139" 128.749123944181 121.906205943779 0 139 0
"140" 124.463572034382 122.271015726757 0 140 0
"141" 116.328780147001 122.48063619055 0 141 0
"142" 121.31094384355 121.95772666111 0 142 0
"143" 122.197755883532 121.983931949145 0 143 0
"144" 126.817383621348 121.728597998526 0 144 0
"145" 129.05261823434 122.207298711894 0 145 0
"146" 128.922433329229 121.907704584047 0 146 0
"147" 115.865931579867 121.687356089483 0 147 0
"148" 126.096734169534 122.215704091272 0 148 0
"149" 121.171720456907 122.559706052415 0 149 0
"150" 126.216321545901 122.249209300513 0 150 0
"151" 125.289617222149 121.964286007305 0 151 0
"152" 120.81837334196 122.26555851752 0 152 0
"153" 121.727747044932 122.295284591201 0 153 0
"154" 122.481253954681 122.081379252553 0 154 0
"155" 126.428318538808 122.36248703041 0 155 0
"156" 120.130460085035 122.197918933923 0 156 0
"157" 128.17408503944 122.085014587428 0 157 0
"158" 119.613745606688 122.290809677921 0 158 0
"159" 131.623291286662 122.053206021944 0 159 0
"160" 127.876979619781 122.132883830039 0 160 0
"161" 123.040246627847 121.820458875627 0 161 0
"162" 127.381872862229 122.539647719167 0 162 0
"163" 126.278628810484 122.213082971338 0 163 0
"164" 126.82230080928 122.226858264223 0 164 0
"165" 123.859922345086 121.772112765566 0 165 0
"166" 127.968787197481 122.045521332883 0 166 0
"167" 126.864351163397 122.122082777464 0 167 0
"168" 121.419816022819 122.187730506032 0 168 0
"169" 130.191720475988 122.183345270711 0 169 0
"170" 122.478177617754 122.091545466237 0 170 0
"171" 118.326596772048 121.700085216306 0 171 0
"172" 119.723811830098 121.967713331307 0 172 0
"173" 124.987750010654 122.229470553722 0 173 0
"174" 127.502542129647 121.88996768288 0 174 0
"175" 124.847425707057 122.333161497135 0 175 0
"176" 124.082867457873 121.919007156941 0 176 0
"177" 123.978426680485 122.066519512023 0 177 0
"178" 125.514462872035 122.365535358894 0 178 0
"179" 123.433480857642 122.058722424024 0 179 0
"180" 125.913844743218 121.911152371339 0 180 0
"181" 124.614198375935 121.370926013768 0 181 0
"182" 124.507570121736 122.157067321872 0 182 0
"183" 121.907702517105 122.118947484175 0 183 0
"184" 125.417982337264 121.999103313023 0 184 0
"185" 125.874732350884 122.427147200515 0 185 0
"186" 124.424621005037 122.476610917353 0 186 0
"187" 124.438984225675 122.136929665987 0 187 0
"188" 121.062577380425 121.917684995396 0 188 0
"189" 123.674863721538 122.076152514568 0 189 0
"190" 120.79339227807 122.304960822091 0 190 0
"191" 125.56580720799 122.210206372083 0 191 0
"192" 119.191028066386 122.123068363947 0 192 0
"193" 127.819400226061 121.908807746925 0 193 0
"194" 123.080746511099 121.754505725058 0 194 0
"195" 127.822804250363 121.814044308217 0 195 0
"196" 121.834859291934 121.467757370192 0 196 0
"197" 127.733279255481 121.857720023926 0 197 0
"198" 122.176171481201 121.703440954015 0 198 0
"199" 123.047154929399 122.27230172493 0 199 0
"200" 128.696317970156 121.998842859731 0 200 0
"201" 126.560240497743 121.929326257007 0 201 0
"202" 126.177478349659 122.123217956584 0 202 0
"203" 130.837379464736 122.441568693599 0 203 0
"204" 125.523874728749 122.016518398117 0 204 0
"205" 126.602991547047 122.561416836477 0 205 0
"206" 125.914148389933 121.773901972802 0 206 0
"207" 121.372417431002 121.695945055992 0 207 0
"208" 114.200785462254 122.021151878473 0 208 0
"209" 120.561841682476 121.922847061317 0 209 0
"210" 127.47286941329 121.270113413465 0 210 0
"211" 118.975459998582 122.191802432342 0 211 0
"212" 124.55194136402 122.050022593996 0 212 0
"213" 127.200356644654 122.320706088748 0 213 0
"214" 118.588056208548 121.428105213014 0 214 0
"215" 124.958792716562 122.407453659607 0 215 0
"216" 125.911033868128 122.216553017868 0 216 0
"217" 126.557134722666 121.638043988398 0 217 0
"218" 125.036139779806 122.225519339025 0 218 0
"219" 119.960895251165 121.841360112292 0 219 0
"220" 122.157620908781 121.918863143079 0 220 0
"221" 121.742282844374 121.962411960945 0 221 0
"222" 125.620971766366 121.888677733078 0 222 0
"223" 124.46808450455 122.257058489147 0 223 0
"224" 125.686818228756 122.550643743942 0 224 0
"225" 124.280680789175 122.006193295694 0 225 0
"226" 123.291934274486 122.065824502528 0 226 0
"227" 121.835210997303 121.800995318549 0 227 0
"228" 126.146264322016 122.089890255663 0 228 0
"229" 122.571048247638 122.103724890488 0 229 0
"230" 122.484087194241 122.358901951347 0 230 0
"231" 120.705090182727 122.124449832144 0 231 0
"232" 123.850013231735 121.865723393617 0 232 0
"233" 124.419836196967 121.778180608691 0 233 0
"234" 124.100579859061 121.719124062992 0 234 0
"235" 119.168069079621 122.34631125893 0 235 0
"236" 121.793407548684 122.062098176107 0 236 0
"237" 124.97835091101 122.542670105218 0 237 0
"238" 122.875426826745 122.402353001157 0 238 0
"239" 122.238683116435 122.364822636014 0 239 0
"240" 126.36319463919 121.929771756005 0 240 0
"241" 120.859501544178 121.385147913497 0 241 0
"242" 121.109616946769 122.034848509887 0 242 0
"243" 121.59678586919 121.98939936377 0 243 0
"244" 122.793292157912 122.333546794233 0 244 0
"245" 118.822963520165 122.04320927106 0 245 0
"246" 126.856101996474 122.362932056546 0 246 0
"247" 122.241151457569 121.986387046624 0 247 0
"248" 117.044197100413 122.647147842496 0 248 0
"249" 128.999967100111 122.618509550979 0 249 0
"250" 128.285551202915 122.236408828916 0 250 0
"251" 121.357484109209 122.476410727065 0 251 0
"252" 125.00056553387 121.62833427512 0 252 0
"253" 130.544842520982 121.894140083667 0 253 0
"254" 123.125593754624 122.355047912337 0 254 0
"255" 133.471556635769 122.078206337784 0 255 0
"256" 122.984468688293 122.344711667147 0 256 0
"257" 130.744097968448 121.535674525411 0 257 0
"258" 124.23889737544 122.20689513847 0 258 0
"259" 120.341509185253 121.671495255012 0 259 0
"260" 125.329090336642 122.162701815026 0 260 0
"261" 115.529702013375 121.729777400782 0 261 0
"262" 125.402489822058 121.888666734546 0 262 0
"263" 123.736761195468 122.27041125761 0 263 0
"264" 118.452871653194 122.350846830876 0 264 0
"265" 124.208396198318 121.805469088865 0 265 0
"266" 120.389670256956 122.04231242013 0 266 0
"267" 62.9431844149675 52.7187501904359 0 267 0
"268" 74.1665422175283 53.6245010094244 0 268 0
"269" 71.3365037671388 52.61211332774 0 269 0
"270" 64.8251761976488 53.2297288028887 0 270 0
"271" 71.0458940581151 53.5891105890209 0 271 0
"272" 64.1213959206078 52.3596135017651 0 272 0
"273" 68.6122620323516 49.9506655255785 0 273 0
"274" 68.7009421543567 48.2156483102618 0 274 0
"275" 67.8227491037757 46.6216711054832 0 275 0
"276" 69.2075088562898 46.4397267471418 0 276 0
"277" 69.0989945250691 49.0586503155748 0 277 0
"278" 67.5358342872954 50.5847424031107 0 278 0
"279" 64.7621159226143 47.4560014546574 0 279 0
"280" 66.6979340675677 42.0358705094361 0 280 0
"281" 64.1249000339891 44.2804541903355 0 281 0
"282" 67.5221595876112 43.0369506715064 0 282 0
"283" 64.9896638778685 48.0610360467085 0 283 0
"284" 66.2281526852144 52.812644682961 0 284 0
"285" 58.3417372105421 48.5662282233078 0 285 0
"286" 58.8406526736541 45.6809660982317 0 286 0
"287" 68.9240897998786 41.5994312694416 0 287 0
"288" 68.9976864332344 42.9497219242001 0 288 0
"289" 65.9010553261915 48.7877160076381 0 289 0
"290" 68.01068633658 44.1707586480979 0 290 0
"291" 64.4552823529779 51.7150414914084 0 291 0
"292" 65.1265237843343 50.8250780928094 0 292 0
"293" 73.4310075716256 44.20852532363 0 293 0
"294" 61.5365753286299 42.9362928774424 0 294 0
"295" 67.9352765335617 50.555073677549 0 295 0
"296" 70.2971492312601 54.5295963139061 0 296 0
"297" 72.422754032712 50.9929175819588 0 297 0
"298" 66.4032795087035 52.1997892094656 0 298 0
"299" 62.2642524994963 49.6411762016923 0 299 0
"300" 71.258957859054 45.9714941159577 0 300 0
"301" 64.3392210910958 46.2949729043976 0 301 0
"302" 66.9700144955983 48.3916036565398 0 302 0
"303" 68.1185891880423 44.1653579229213 0 303 0
"304" 69.6716109069407 49.6326894181467 0 304 0
"305" 69.4661210050359 42.8221530309069 0 305 0
"306" 66.2053743173027 48.4219527681365 0 306 0
"307" 65.8090193696105 44.5413432014393 0 307 0
"308" 60.0491955965675 46.0957267878966 0 308 0
"309" 69.9082316833381 49.9375318491475 0 309 0
"310" 69.895263407791 47.4335517629251 0 310 0
"311" 69.1569727899503 54.1271210117792 0 311 0
"312" 66.0624950217847 50.2051410969416 0 312 0
"313" 71.2429423690738 51.5058972373342 0 313 0
"314" 67.0045402293336 59.8191251455147 0 314 0
"315" 62.8061196540968 43.8426086030291 0 315 0
"316" 64.3899663993495 45.9972591208385 0 316 0
"317" 60.4097585715137 47.1445163283363 0 317 0
"318" 71.4531368065669 53.9583030809363 0 318 0
"319" 62.7551182550084 44.6333993918079 0 319 0
"320" 64.7440318841447 50.6599897148633 0 320 0
"321" 71.6195009158338 53.0648905056984 0 321 0
"322" 71.2127900903653 50.2011256218726 0 322 0
"323" 71.6268795947874 38.0650859975459 0 323 0
"324" 66.6326595960316 52.1192986122959 0 324 0
"325" 69.2701208545573 46.1868442397445 0 325 0
"326" 70.9071027452714 51.5148277348641 0 326 0
"327" 63.3384787356506 49.5978046296343 0 327 0
"328" 75.8667990193213 50.1107321628403 0 328 0
"329" 62.5093911344674 50.4480271327229 0 329 0
"330" 61.9976969144722 51.5382173287329 0 330 0
"331" 66.6024871986048 49.058439432391 0 331 0
"332" 66.101763366542 42.627530794022 0 332 0
"333" 70.7660403114357 46.5133886024574 0 333 0
"334" 66.8647736844138 47.5777273898043 0 334 0
"335" 62.7397447382308 48.5929580515995 0 335 0
"336" 64.2811303153728 54.909798818564 0 336 0
"337" 63.0990970381184 50.1072366808408 0 337 0
"338" 69.7562282087093 47.3665931459089 0 338 0
"339" 65.8309388405427 43.5023237656955 0 339 0
"340" 63.135744846551 47.1557069047775 0 340 0
"341" 65.4207410265786 52.8247219118545 0 341 0
"342" 70.1899679942767 49.0681766868403 0 342 0
"343" 67.5105356302796 44.2231545969949 0 343 0
"344" 63.4359942274374 47.2755561093418 0 344 0
"345" 63.9559673232896 44.6729928514266 0 345 0
"346" 60.0040273133844 48.5258396263159 0 346 0
"347" 68.0369299481364 42.5413252280973 0 347 0
"348" 70.6024364709367 47.1500960865068 0 348 0
"349" 66.1794453095387 46.2717678488842 0 349 0
"350" 69.7520805978351 48.7987091591795 0 350 0
"351" 67.5622989136868 51.5034609103405 0 351 0
"352" 69.7700350168543 46.2138258153228 0 352 0
"353" 67.9052160490988 47.7893598262879 0 353 0
"354" 67.7987350193699 44.9698636002959 0 354 0
"355" 70.9409387681983 50.0335256967243 0 355 0
"356" 68.9609276425252 48.421073591484 0 356 0
"357" 71.4787004143055 47.7594865886173 0 357 0
"358" 76.9052644773698 49.4150641551364 0 358 0
"359" 71.0226922250246 50.8276726459491 0 359 0
"360" 76.0913369605713 48.3164277248062 0 360 0
"361" 66.8274555600587 40.2733138780582 0 361 0
"362" 61.873619569504 56.47430982624 0 362 0
"363" 69.0794717464288 41.3293014749601 0 363 0
"364" 68.4959103349445 53.0823729624997 0 364 0
"365" 66.1702904732005 46.4055350102759 0 365 0
"366" 66.0853395223862 52.2519311835382 0 366 0
"367" 66.276323870127 51.0079791358296 0 367 0
"368" 64.4894456504969 45.9675528280487 0 368 0
"369" 66.9858231540377 45.277157855233 0 369 0
"370" 70.6536107068152 45.7645130106518 0 370 0
"371" 61.2017233414425 47.2616882952513 0 371 0
"372" 66.9140246830043 47.4405107023134 0 372 0
"373" 75.0968580747348 50.0521957383162 0 373 0
"374" 68.0621336466957 52.3947512997232 0 374 0
"375" 67.800764736283 49.5835620189878 0 375 0
"376" 67.105629635362 47.3412941662648 0 376 0
"377" 62.4669622557951 52.7068745155767 0 377 0
"378" 77.0756096684401 44.7578856687191 0 378 0
"379" 70.8557794994633 48.6787632871882 0 379 0
"380" 63.3115299819878 49.4332862150611 0 380 0
"381" 72.947214561353 54.7647165057579 0 381 0
"382" 70.1281585528643 50.7700563298843 0 382 0
"383" 71.0911045217291 57.0788582519269 0 383 0
"384" 60.192852289699 48.3305829895508 0 384 0
"385" 69.9617537077909 47.7448138684203 0 385 0
"386" 67.6625255985743 48.598290219504 0 386 0
"387" 67.7393604208871 41.5306706894349 0 387 0
"388" 70.939121883138 49.4112753277819 0 388 0
"389" 64.944129794829 51.1062344327095 0 389 0
"390" 64.1487603633894 49.3833314950758 0 390 0
"391" 63.2390142256772 50.7952027601179 0 391 0
"392" 68.7839885620511 53.7458136515189 0 392 0
"393" 64.8606282079032 52.7986484398092 0 393 0
"394" 70.3242977727252 49.13550951877 0 394 0
"395" 62.6734232003638 47.4499227488628 0 395 0
"396" 66.5026012641913 53.9248850703656 0 396 0
"397" 75.2045670143286 50.8293045486241 0 397 0
"398" 73.3555136371803 49.2584339178182 0 398 0
"399" 65.8994911957534 52.3862314562362 0 399 0
"400" 69.9344789770064 45.528758964033 0 400 0
"401" 66.9332545175825 50.3060912783773 0 401 0
"402" 65.7156982805983 50.6717343899643 0 402 0
"403" 65.7292892175671 49.0122604749943 0 403 0
"404" 63.710320710428 45.0656092508392 0 404 0
"405" 60.9891242116855 53.6005379890225 0 405 0
"406" 70.842731770062 49.5152238418413 0 406 0
"407" 71.4118501397016 47.2545479999729 0 407 0
"408" 70.8131879189199 40.0625729014509 0 408 0
"409" 74.6859826145232 49.0809070288916 0 409 0
"410" 66.1816960276531 42.7698831838525 0 410 0
"411" 61.5352055187823 48.4962577689936 0 411 0
"412" 67.7060076660563 47.7345360903573 0 412 0
"413" 64.6415296513879 49.5036316362408 0 413 0
"414" 69.5981650638248 49.7480455730157 0 414 0
"415" 59.5379273913833 48.3280916606099 0 415 0
"416" 73.8338252573587 52.0122664302372 0 416 0
"417" 69.7403951492766 53.3049273652795 0 417 0
"418" 69.3038868636156 41.6901310616239 0 418 0
"419" 67.9920520254134 47.1019417233549 0 419 0
"420" 68.2610746151104 51.4154329933455 0 420 0
"421" 60.441078728683 49.2163057842796 0 421 0
"422" 62.5794080679849 49.5574560910327 0 422 0
"423" 66.3903448791 45.6349859739475 0 423 0
"424" 65.4390160018939 50.5185508879273 0 424 0
"425" 64.6862323013421 45.7955157862513 0 425 0
"426" 62.936472827811 43.3294251169938 0 426 0
"427" 59.964823108752 44.2885744926981 0 427 0
"428" 65.1749337400598 49.3277110459965 0 428 0
"429" 65.2904942508505 48.1824635666636 0 429 0
"430" 65.0545093886639 49.9288252643509 0 430 0
"431" 70.8270311570092 48.0799114070098 0 431 0
"432" 68.4797924663207 51.3311138696894 0 432 0
"433" 68.8329692910256 42.0204104332092 0 433 0
"434" 63.2393794342734 50.4411093368339 0 434 0
"435" 70.8545047344186 47.5722121728683 0 435 0
"436" 64.6571060810187 42.4259713885399 0 436 0
"437" 69.8666724706495 51.5487565056892 0 437 0
"438" 70.9879305145101 49.7381936015366 0 438 0
"439" 69.0635727293592 45.9565077227613 0 439 0
"440" 69.4227960655267 46.3852547576433 0 440 0
"441" 71.8198669887189 46.7548094655714 0 441 0
"442" 69.3546451317742 51.3419551349762 0 442 0
"443" 63.1579216763359 52.1163351272699 0 443 0
"444" 65.485818164587 47.2847024568515 0 444 0
"445" 61.6146228284911 48.8787502619353 0 445 0
"446" 62.137231576572 49.5403643228017 0 446 0
"447" 69.7995337247932 47.3935056631317 0 447 0
"448" 62.3402546145775 46.4289470061891 0 448 0
"449" 65.9778195606184 50.8760723255663 0 449 0
"450" 64.5104754381907 49.5707951878473 0 450 0
"451" 67.2774203896987 46.3913125011173 0 451 0
"452" 66.9243659756033 42.6999098506176 0 452 0
"453" 60.7892027485902 48.9638814848469 0 453 0
"454" 64.8174214737146 48.0531510245685 0 454 0
"455" 68.426309464289 49.609156803266 0 455 0
"456" 67.9587898283937 52.7752230709625 0 456 0
"457" 64.305254177534 47.8320464461066 0 457 0
"458" 68.5889729248868 46.9019580700236 0 458 0
"459" 63.0288195349879 51.3640706913221 0 459 0
"460" 69.851179166828 46.0901722946284 0 460 0
"461" 63.2532904542949 48.1673595906802 0 461 0
"462" 71.2298788773015 48.9125555283391 0 462 0
"463" 68.4876675322793 55.2778670232367 0 463 0
"464" 71.4624542766996 55.5382448672604 0 464 0
"465" 77.0382375539014 49.4468998480995 0 465 0
"466" 66.6089907231077 52.670394217789 0 466 0
"467" 66.5558681451306 51.8274428661643 0 467 0
"468" 70.2806012246849 50.3409085051248 0 468 0
"469" 73.6077728761471 48.4198211890955 0 469 0
"470" 67.4445921051771 47.5945128172181 0 470 0
"471" 71.3550392813452 40.7261149672744 0 471 0
"472" 62.0096166650752 43.1109043273648 0 472 0
"473" 58.4834665060445 45.4405172440302 0 473 0
"474" 73.6791973952273 44.3603118158433 0 474 0
"475" 67.0639357211027 44.2016071600379 0 475 0
"476" 71.3524882477559 53.6086880300712 0 476 0
"477" 70.3248531808892 52.1322584297671 0 477 0
"478" 59.0523111567812 50.1431917436596 0 478 0
"479" 65.9449096407651 42.4795735403454 0 479 0
"480" 66.0927379207122 48.0574595597814 0 480 0
"481" 64.2261943325621 51.6822443746049 0 481 0
"482" 71.102011842435 41.4347367909355 0 482 0
"483" 67.6756419856738 45.1536411833206 0 483 0
"484" 65.7354859451079 54.2242167875552 0 484 0
"485" 69.8659387554992 47.459660297398 0 485 0
"486" 72.5736228762334 56.2987240186432 0 486 0
"487" 64.9659184673281 51.9972851906175 0 487 0
"488" 63.4475674978965 45.7917277718841 0 488 0
"489" 65.4489305945478 48.4552987387529 0 489 0
"490" 66.0101262045888 52.329918311038 0 490 0
"491" 63.1211343727619 43.2893303558523 0 491 0
"492" 64.9905815559892 45.6760844561771 0 492 0
"493" 65.3129147717354 49.3710714990973 0 493 0
"494" 68.9751879124824 42.0483545981582 0 494 0
"495" 61.9928683144142 41.5796125747161 0 495 0
"496" 60.8951984320204 46.7256391254971 0 496 0
"497" 69.0253830018115 42.9818978329545 0 497 0
"498" 66.0316526383396 50.9092261957412 0 498 0
"499" 69.8631105813663 49.3681952787951 0 499 0
"500" 66.7562315915462 49.1001032927541 0 500 0
"501" 68.7492565526945 50.0574178807147 0 501 0
"502" 62.9526854156087 50.1772850062162 0 502 0
"503" 65.3265201822251 45.5618354081598 0 503 0
"504" 71.0403754179929 44.0789822379332 0 504 0
"505" 63.3707819573014 46.0125859983903 0 505 0
"506" 64.2801317264409 48.2030667823518 0 506 0
"507" 72.4831138195839 54.4037795330089 0 507 0
"508" 62.2869087947206 44.3696030364493 0 508 0
"509" 68.1172878440342 49.123857816063 0 509 0
"510" 62.3320672908165 47.2005132329264 0 510 0
"511" 67.3173998015024 43.9177388591617 0 511 0
"512" 64.7624948549779 52.4131137707981 0 512 0
"513" 67.0672991949185 47.1184814843301 0 513 0
"514" 66.79956546175 51.345404349949 0 514 0
"515" 63.4783198161985 46.8215201356265 0 515 0
"516" 67.5384930509105 41.474614627216 0 516 0
"517" 63.7379830717668 52.4383684556262 0 517 0
"518" 65.7235863898077 46.2819518548176 0 518 0
"519" 68.3288226084485 44.0158437818205 0 519 0
"520" 69.6841188497216 48.9323558008038 0 520 0
"521" 66.8182295874449 50.3856664580224 0 521 0
"522" 59.7947461315313 51.5144045643282 0 522 0
"523" 69.7742764733143 46.5598156817171 0 523 0
"524" 58.5232165642147 52.7825039407455 0 524 0
"525" 66.1070622356222 57.5780281810102 0 525 0
"526" 67.4221088245471 47.3306958273492 0 526 0
"527" 67.1381118711792 51.123159878119 0 527 0
"528" 64.9347362165478 42.2548201155979 0 528 0
"529" 65.9262611230663 46.3282964266185 0 529 0
"530" 69.9375814970077 46.5984463247963 0 530 0
"531" 65.2082305022936 41.9816660220952 0 531 0
"532" 67.5800416509141 45.6211382237564 0 532 0
"533" 65.0417179645475 55.0171172897687 0 533 0
"534" 73.6766072323747 47.8252413366361 0 534 0
"535" 69.4409693912556 44.2898961128262 0 535 0
"536" 69.1159112572042 53.064470325109 0 536 0
"537" 67.8515701244133 49.8838469476516 0 537 0
"538" 70.5263036084111 56.8312693446521 0 538 0
"539" 59.2706605282731 49.6955215715696 0 539 0
"540" 64.6368639039937 47.0543371194078 0 540 0
"541" 61.5867445594097 47.2968154554528 0 541 0
"542" 65.1069619122556 50.3197453171639 0 542 0
"543" 68.501738116943 55.0941697507335 0 543 0
"544" 72.7511728341939 42.3760236315612 0 544 0
"545" 68.1046257342758 42.5132175592598 0 545 0
"546" 70.9811275291515 45.783996975882 0 546 0
"547" 61.0524733356803 52.5433764679739 0 547 0
"548" 67.200786904172 39.7689551740533 0 548 0
"549" 56.7600049095553 48.6217010584554 0 549 0
"550" 65.478156032821 50.0761638490402 1 550 0
"551" 67.058560452215 50.9569813842524 0 551 0
"552" 75.992827339478 41.3552853189373 0 552 0
"553" 70.4417589413934 40.7607373781747 0 553 0
"554" 72.4192735409044 51.2471085190966 0 554 0
"555" 63.3012853436512 45.0445541144637 0 555 0
"556" 65.2447595047061 51.8575070845224 0 556 0
"557" 64.8203534342862 53.709196894989 0 557 0
"558" 71.5310030950876 46.6910943509293 0 558 0
"559" 58.2850056859074 43.9163888584265 0 559 0
"560" 63.3356273561051 46.840158672704 0 560 0
"561" 70.5758846391488 50.8929226114046 0 561 0
"562" 65.6077628594395 51.336911403867 0 562 0
"563" 62.0139577246807 46.5493963861371 0 563 0
"564" 70.7870991134697 49.60463159042 0 564 0
"565" 73.1946247705423 50.4493406063278 0 565 0
"566" 65.0674920376682 51.1955717315121 0 566 0
"567" 71.5888402841565 49.5053771679965 0 567 0
"568" 70.6116104335084 52.0767114742335 0 568 0
"569" 68.2686494090106 48.4313242574243 0 569 0
"570" 68.3962674284965 54.3765378307827 0 570 0
"571" 67.5852910146383 46.6983136074638 0 571 0
"572" 79.4465085532203 44.1223881579952 0 572 0
"573" 65.1891711245754 51.0561470627981 0 573 0
"574" 64.3651017389075 51.2991736040427 0 574 0
"575" 67.7181500252115 47.9844067133541 0 575 0
"576" 65.2522948632312 49.0530274839198 0 576 0
"577" 66.2915684979035 47.3688853252137 0 577 0
"578" 61.7262244212089 40.2212057505354 0 578 0
"579" 69.0861302881369 41.7274456900977 0 579 0
"580" 67.1449171046988 50.9683364872837 0 580 0
"581" 74.4714220048294 45.3287753475015 0 581 0
"582" 64.5833149713739 45.4689292471844 0 582 0
"583" 63.8772614779631 48.9278640448322 0 583 0
"584" 71.4646351445817 51.846372040371 0 584 0
"585" 67.1471816980184 53.0385908488489 0 585 0
"586" 67.7241846877204 44.6528190925741 0 586 0
"587" 67.8452721811021 46.4626533982117 0 587 0
"588" 67.6322570627866 42.238908995907 0 588 0
"589" 71.7058541915307 53.6450007113498 0 589 0
"590" 66.9290137546992 41.7610889789073 0 590 0
"591" 72.391380086373 43.8851321750639 0 591 0
"592" 61.1476720306719 54.0081181991603 0 592 0
"593" 63.7876070638741 44.3020225938907 0 593 0
"594" 68.0623462388676 45.0642308048437 0 594 0
"595" 66.2583347910512 42.1019715267923 0 595 0
"596" 58.1111916181376 53.7915917490607 0 596 0
"597" 68.6235836430128 48.2006389645957 0 597 0
"598" 70.4464956087603 43.5197208906526 0 598 0
"599" 62.3778264932394 49.0742816531285 0 599 0
"600" 68.7808652406252 55.0859749414811 0 600 0
"601" 69.6225077888666 52.205847809762 0 601 0
"602" 70.8501386858593 50.979663987845 0 602 0
"603" 78.8995127135804 46.2614635343031 0 603 0
"604" 64.6647747136694 52.7549236119273 0 604 0
"605" 67.7624996815489 49.4151877465434 0 605 0
"606" 65.9940210199996 47.4906432190134 0 606 0
"607" 71.4428005989083 48.8577094963551 0 607 0
"608" 69.0704249921031 55.2629496621744 0 608 0
"609" 64.8213794061264 52.3839288388395 0 609 0
"610" 58.8879871689159 44.0692637135341 0 610 0
"611" 74.8205851399018 48.6429070712604 0 611 0
"612" 65.0453848075223 53.6597273091035 0 612 0
"613" 66.8430300548708 52.2905402109657 0 613 0
"614" 66.3882938659377 51.9948421868468 0 614 0
"615" 59.122767673116 44.9937191775835 0 615 0
"616" 66.8495169415777 50.6597298441849 0 616 0
"617" 65.9803867538416 48.9119295393065 0 617 0
"618" 67.2305570713833 50.1081796764338 0 618 0
"619" 64.7750340726735 51.7712360389331 0 619 0
"620" 61.8317222376631 51.3858116740483 0 620 0
"621" 68.0155201456622 46.7992554383315 0 621 0
"622" 66.5544260485749 49.5416655673663 0 622 0
"623" 67.3419605278013 51.3090215807437 0 623 0
"624" 70.4789982373175 52.1559017328033 0 624 0
"625" 67.5783913467092 46.2397160917957 0 625 0
"626" 67.1254974143962 47.5812035535095 0 626 0
"627" 67.3246985350145 44.4017642404345 0 627 0
"628" 68.031492322892 46.0149610724297 0 628 0
"629" 63.6205679340657 46.0820691183913 0 629 0
"630" 75.9619688408645 46.3313976993747 0 630 0
"631" 69.3576796091402 49.6728136601553 0 631 0
"632" 71.0667810224956 48.5816728664549 0 632 0
"633" 72.4662402196417 49.361285470607 0 633 0
"634" 70.9883133798194 46.0126813226667 0 634 0
"635" 70.1591369987455 47.6065600721131 0 635 0
"636" 65.6491448589053 52.3897661838581 0 636 0
"637" 73.1929751469265 42.4900070978861 0 637 0
"638" 68.2716333682095 55.2192539743147 0 638 0
"639" 67.9176177298718 55.1228067140001 0 639 0
"640" 70.108259252909 45.0555858982942 0 640 0
"641" 65.3889075235578 48.1871040493747 0 641 0
"642" 66.3127330724423 51.6968554033397 0 642 0
"643" 66.0695821326444 44.9853538076528 0 643 0
"644" 66.3299499934936 47.8736683741101 0 644 0
"645" 70.3397663035658 48.8435296456608 0 645 0
"646" 65.7715392276239 45.8807685535995 0 646 0
"647" 62.8029598597833 56.2344319539412 0 647 0
"648" 67.9881218947048 47.4151378014412 0 648 0
"649" 63.2505526906839 46.0588000787853 0 649 0
"650" 63.1969667029302 45.4325192791587 0 650 0
"651" 72.1117484184179 53.6865972300874 0 651 0
"652" 68.5903153076624 46.1899209219663 0 652 0
"653" 69.9846812054271 47.5678824570114 0 653 0
"654" 60.8128276754548 48.6182767609361 0 654 0
"655" 67.8902887723791 50.4408427100293 0 655 0
"656" 68.3685041353703 49.231010693481 0 656 0
"657" 67.5819645811379 44.8800805738788 0 657 0
"658" 62.2515432565258 49.8188715798419 0 658 0
"659" 66.2862702397864 42.3535473442563 0 659 0
"660" 59.4039679835233 48.5717261789834 0 660 0
"661" 70.119622194825 47.536324152477 0 661 0
"662" 61.3530557480148 41.9327623158205 0 662 0
"663" 69.8341117183102 47.952317706127 0 663 0
"664" 62.0788127743799 47.1142083511131 0 664 0
"665" 67.1700934003392 46.8863532240023 0 665 0
"666" 67.7598564519811 45.1333527237655 0 666 0
"667" 68.0314000819819 48.6256525136768 0 667 0
"668" 68.323480410738 53.190151388018 0 668 0
"669" 71.5649868016221 46.0040214029225 0 669 0
"670" 65.7919240319099 44.0859626061592 0 670 0
"671" 69.9022350651323 51.5924423217919 0 671 0
"672" 63.7605015670038 42.2095842318444 0 672 0
"673" 63.5408367174029 52.1922941756551 0 673 0
"674" 65.2103518566498 43.8776127402027 0 674 0
"675" 67.0330927667824 46.3505740151023 0 675 0
"676" 68.9079860265122 55.5713956285272 0 676 0
"677" 70.7292769852577 43.8004224794846 0 677 0
"678" 67.4973261886411 45.5965359630181 0 678 0
"679" 71.0906165442366 51.1930090750558 0 679 0
"680" 66.5996782976034 51.35434823072 0 680 0
"681" 70.8193866320518 48.5461004277887 0 681 0
"682" 65.9248512385583 50.3538034429699 0 682 0
"683" 70.6474096979707 43.3032598452966 0 683 0
"684" 69.7711887059913 47.1864782197014 0 684 0
"685" 67.1369733684409 48.1662660379501 0 685 0
"686" 67.7134948004429 49.4889558239191 0 686 0
"687" 66.4108240928925 47.3279347077344 0 687 0
"688" 67.3315669844678 52.9222881214138 0 688 0
"689" 59.9248962580999 49.9240506525284 0 689 0
"690" 74.8087754349049 50.6099358322157 0 690 0
"691" 67.5958304089674 44.9394075294636 0 691 0
"692" 62.7918357542955 49.364273831323 0 692 0
"693" 70.8511755433506 43.1911698082737 0 693 0
"694" 73.0809864132114 48.6514476493169 0 694 0
"695" 69.2498858503681 40.3401078813293 0 695 0
"696" 71.120494135992 46.9240060671241 0 696 0
"697" 68.1647026294402 44.3162111641854 0 697 0
"698" 65.9581647965399 48.4974359947611 0 698 0
"699" 69.9729902112177 46.9686280450061 0 699 0
"700" 67.1974034412041 41.473069048408 0 700 0
"701" 69.6120913860338 47.9250467295009 0 701 0
"702" 68.2920221578696 53.8273668861805 0 702 0
"703" 72.0911808874978 50.0080150356512 0 703 0
"704" 65.7158490466147 54.1501091569571 0 704 0
"705" 64.5006391574332 42.0225048890817 0 705 0
"706" 65.5183534625858 49.7836733562264 0 706 0
"707" 64.0336620259826 45.3789619371587 0 707 0
"708" 69.1922276714103 51.9513963937068 0 708 0
"709" 68.9181083675817 48.6260127755656 0 709 0
"710" 61.8112053848692 48.1911306836621 0 710 0
"711" 66.9752885392747 52.9075769741387 0 711 0
"712" 74.5831639942864 56.5416528747161 0 712 0
"713" 65.5393609413333 47.570726537574 0 713 0
"714" 63.6160100244469 49.1982749587376 0 714 0
"715" 67.1176605279753 49.2281139934524 0 715 0
"716" 75.4698795230507 50.8092421164797 0 716 0
"717" 64.7413869458004 48.7650048766228 0 717 0
"718" 64.8028980042882 45.2963266802174 0 718 0
"719" 63.7758218214174 45.2175463565786 0 719 0
"720" 67.1048987293639 45.7511242225182 0 720 0
"721" 70.5604720828471 46.5836688469236 0 721 0
"722" 69.9277446528272 50.4111843258921 0 722 0
"723" 69.8006110084126 54.8881338840964 0 723 0
"724" 58.3853675191029 55.6140130537712 0 724 0
"725" 69.3103482018116 40.8046682268981 0 725 0
"726" 72.6962394995937 50.3934528698698 0 726 0
"727" 60.1722208343351 54.1327298513496 0 727 0
"728" 64.4743813100996 52.3903597753408 0 728 0
"729" 70.3187277746105 46.7959633111258 0 729 0
"730" 66.8477224168424 47.9551371277827 0 730 0
"731" 63.3086452502569 59.7548632702781 0 731 0
"732" 67.8293672052117 44.3135262877467 0 732 0
"733" 63.4326286459687 46.5659050184396 0 733 0
"734" 70.6685610576588 55.2950358195996 0 734 0
"735" 71.0733919577961 53.510498963189 0 735 0
"736" 66.193552826665 45.3405949363788 0 736 0
"737" 73.7491020021165 51.5190038225665 0 737 0
"738" 63.7131022484515 43.7287827221692 0 738 0
"739" 75.1660875561996 45.9649235339629 0 739 0
"740" 67.9087342277781 50.0204403619897 0 740 0
"741" 70.9984913836355 56.0311066343948 0 741 0
"742" 63.9798066808026 44.0452913877206 0 742 0
"743" 64.8160533021565 49.7498911166487 0 743 0
"744" 63.3199227576849 45.5427125097109 0 744 0
"745" 69.5817722706833 42.4457576068518 0 745 0
"746" 69.3571865670546 45.8761746044346 0 746 0
"747" 67.3357448941166 48.4964013983425 0 747 0
"748" 74.2146885317788 46.5681935824661 0 748 0
"749" 72.7640451594762 38.5731367113378 0 749 0
"750" 71.6347879659877 50.1867415187938 0 750 0
"751" 70.8036193650694 45.5307216828076 0 751 0
"752" 65.5613787914983 52.8810710384912 0 752 0
"753" 61.2122637082111 55.4730006351751 0 753 0
"754" 65.5329188512379 47.1876608987607 0 754 0
"755" 61.0807043129625 52.8897951777598 0 755 0
"756" 69.9909995346373 45.9289883905523 0 756 0
"757" 69.7046109638917 47.4253587639797 0 757 0
"758" 70.2278008557051 51.5937993378958 0 758 0
"759" 61.8420814352166 44.7310538826046 0 759 0
"760" 72.3029548932318 48.2402143841034 0 760 0
"761" 71.3806094408013 50.7903891031671 0 761 0
"762" 68.4132266702256 50.3043257999416 0 762 0
"763" 65.3191962833465 44.5527225539179 0 763 0
"764" 68.8845494719637 43.3123473222372 0 764 0
"765" 64.8358253686123 43.9959135584191 0 765 0
"766" 62.3597952543706 47.310562210247 0 766 0
"767" 67.3819289864025 55.5566295614617 0 767 0
"768" 63.4890287483678 49.2787017689427 0 768 0
"769" 68.1469595073002 46.6353790426926 0 769 0
"770" 67.7176286761346 52.6551052419874 0 770 0
"771" 67.0225885900899 38.6362303913604 0 771 0
"772" 66.9337916819366 47.8644442932111 0 772 0
"773" 68.9133292123836 41.8509181361369 0 773 0
"774" 67.9546305178407 53.1318330577706 0 774 0
"775" 66.1814566078666 48.8904342383031 0 775 0
"776" 69.3494673887957 51.3423825809608 0 776 0
"777" 66.2912444107662 43.0378493699578 0 777 0
"778" 61.9288035431925 53.6209803258083 0 778 0
"779" 66.772689091247 45.7948560131839 0 779 0
"780" 66.7507778743027 48.8994369789816 0 780 0
"781" 59.256763431556 44.0410757935162 0 781 0
"782" 66.1512646660122 47.2224710552419 0 782 0
"783" 68.1445202369892 46.4375707627355 0 783 0
"784" 65.9527954458753 50.378586132391 0 784 0
"785" 64.2306665288095 53.0109863454107 0 785 0
"786" 60.6984869285486 55.1962000725051 0 786 0
"787" 60.5175000045433 45.3135317884682 0 787 0
"788" 63.1888272461745 51.4033793876016 0 788 0
"789" 71.2689182241947 50.0071059118536 0 789 0
"790" 69.3870945358358 55.0545573067827 0 790 0
"791" 72.0556923177868 36.3891067721891 0 791 0
"792" 69.3439150438445 47.842828941624 0 792 0
"793" 69.4686533364991 55.3095462247137 0 793 0
"794" 59.1230009351216 56.2287936089922 0 794 0
"795" 62.1663216701889 44.1342244502629 0 795 0
"796" 65.4309709366647 45.9361389906075 0 796 0
"797" 64.7694514506974 59.0220231381209 0 797 0
"798" 63.1972604854814 44.5795190850653 0 798 0
"799" 58.349635175141 47.4690472314261 0 799 0
"800" 66.226998651398 47.5793651829117 0 800 0
"801" 73.91625116533 44.0258591283866 0 801 0
"802" 65.6610847193687 49.7234641632601 0 802 0
"803" 68.3091477851315 51.2754457434114 0 803 0
"804" 62.9394692127137 56.7989244728575 0 804 0
"805" 64.7891155536359 50.6274718415108 0 805 0
"806" 59.5447058041083 47.3607351335937 0 806 0
"807" 66.5213997048773 45.3878125497452 0 807 0
"808" 70.9326298273641 52.6705830186596 0 808 0
"809" 68.4953395562869 48.6770663681953 0 809 0
"810" 63.1217336518807 45.5940724386367 0 810 0
"811" 73.9520759069646 45.9769076339551 0 811 0
"812" 69.0166981547395 48.4094412757323 0 812 0
"813" 67.655632359221 46.3016492253528 0 813 0
"814" 69.5826978779191 46.9303490543035 0 814 0
"815" 63.0535715197172 49.8240541278408 0 815 0
"816" 66.1547238818009 50.9666292276598 0 816 0
"817" 58.1980058153672 48.3826349376637 0 817 0
"818" 70.754655892855 53.3388810727815 0 818 0
"819" 65.7582427140138 100.678058048746 0 819 0
"820" 66.2908136028372 103.820843967979 0 820 0
"821" 68.6927207401928 102.62939845867 0 821 0
"822" 67.2432062858699 103.764004699595 0 822 0
"823" 69.00067848561 106.149796159387 0 823 0
"824" 64.4686737750753 103.84563142703 0 824 0
"825" 67.4101225099421 100.978116491008 0 825 0
"826" 65.2887324701344 104.674389079795 0 826 0
"827" 66.8440670217423 105.028685104933 0 827 0
"828" 65.1554244810085 101.860501903342 0 828 0
"829" 63.0259103871479 102.002815046578 0 829 0
"830" 66.6510547900429 102.543596517645 0 830 0
"831" 64.7121675303239 102.301803652453 0 831 0
"832" 66.6467669870231 104.782271013661 0 832 0
"833" 64.9677251327364 102.671067602021 0 833 0
"834" 65.3207923558014 105.553339423764 0 834 0
"835" 61.9401999699561 103.237726341971 0 835 0
"836" 67.9003419394613 103.301101470281 0 836 0
"837" 65.2066817744376 105.705176773981 0 837 0
"838" 65.3494775810104 102.76175553446 0 838 0
"839" 65.9059487036037 102.605347570504 0 839 0
"840" 66.4745822899052 103.267948002052 0 840 0
"841" 63.7922996122968 105.141689324552 0 841 0
"842" 64.5459970822066 105.825968162316 0 842 0
"843" 65.0162328254492 104.983257733816 0 843 0
"844" 65.9820232990456 101.653129192267 0 844 0
"845" 65.7462008819691 103.964607103414 0 845 0
"846" 62.0923871772982 99.7915851539679 0 846 0
"847" 63.3911613394208 103.846098324816 0 847 0
"848" 66.7982460518183 103.532143973931 0 848 0
"849" 65.0901878986824 99.1863335508931 0 849 0
"850" 66.8120536914853 103.438850257269 0 850 0
"851" 65.601766528927 103.072940181723 0 851 0
"852" 63.0893061217904 103.198705659214 0 852 0
"853" 65.6782826175269 102.19110016631 0 853 0
"854" 68.6657288575372 105.335871384735 0 854 0
"855" 64.2049344863507 105.577839221271 0 855 0
"856" 64.5189085013564 101.86378751331 0 856 0
"857" 65.0816107403063 101.184517386359 0 857 0
"858" 67.5010030359491 103.331714416526 0 858 0
"859" 63.8091101853228 101.937656146608 0 859 0
"860" 65.6557510787795 102.36043793545 0 860 0
"861" 68.7614949478644 104.492868496591 0 861 0
"862" 67.4828021696688 103.800740176993 0 862 0
"863" 67.6086876750193 103.312084046194 0 863 0
"864" 65.3400783395458 101.991639912018 0 864 0
"865" 63.252523338631 105.704848287237 0 865 0
"866" 65.2015410338619 102.107839113513 0 866 0
"867" 65.7069786932113 105.984908079208 0 867 0
"868" 65.8503815425057 104.471690347378 0 868 0
"869" 66.4848976601505 104.048168160601 0 869 0
"870" 67.8408320836472 105.751412733344 0 870 0
"871" 68.0029414167324 106.183751043229 0 871 0
"872" 64.1927395400861 102.773996879733 0 872 0
"873" 64.8916099178081 104.526804460247 0 873 0
"874" 65.6286430813053 103.035133074044 0 874 0
"875" 67.3833195556754 100.343046341471 0 875 0
"876" 66.7549268921207 102.232034007364 0 876 0
"877" 68.1792263842932 101.242532659778 0 877 0
"878" 67.8970383505028 104.20816100388 0 878 0
"879" 68.5715004568131 100.835470095561 0 879 0
"880" 66.4451583513921 103.821434814814 0 880 0
"881" 63.8780775187801 99.538305453667 0 881 0
"882" 65.5544981355078 102.860693627671 0 882 0
"883" 65.475040539486 104.418638931509 0 883 0
"884" 66.2628357363173 104.427240805931 0 884 0
"885" 66.859314255967 104.842977154285 0 885 0
"886" 67.728779953242 104.80143020589 0 886 0
"887" 65.2729316281984 103.09639970958 0 887 0
"888" 63.0497259994488 102.933980176208 0 888 0
"889" 69.2087690043854 105.825762379192 0 889 0
"890" 64.6264949753313 102.696346831902 0 890 0
"891" 66.8940840334849 100.178098025124 0 891 0
"892" 67.0722409037998 102.262068523765 0 892 0
"893" 62.6958762941324 102.445424722605 0 893 0
"894" 64.5386611687226 103.640568548179 0 894 0
"895" 64.5977863601647 102.12093220407 0 895 0
"896" 64.0786601390109 101.899292164445 0 896 0
"897" 65.90192520218 102.290978987049 0 897 0
"898" 65.9510811711459 105.182273148654 0 898 0
"899" 64.4223471607877 103.283875244818 0 899 0
"900" 64.5564128478304 102.166595372469 0 900 0
"901" 66.4722004373353 106.53272374697 0 901 0
"902" 65.488726179448 102.624539281573 0 902 0
"903" 66.9078968414342 103.749095307702 0 903 0
"904" 69.2078904225323 102.381736274109 0 904 0
"905" 66.7469465881841 102.360729733723 0 905 0
"906" 69.4859697931368 102.0784143155 0 906 0
"907" 65.1484653081424 104.345907467918 0 907 0
"908" 66.5438032027066 104.697613982799 0 908 0
"909" 67.5295532813448 103.627317991408 0 909 0
"910" 68.3637332106242 101.293949692447 0 910 0
"911" 65.1866283864732 101.155661739361 0 911 0
"912" 68.3478530859889 103.528239935196 0 912 0
"913" 63.4101875348482 106.480914072088 0 913 0
"914" 65.1630397533902 103.111596706409 0 914 0
"915" 66.6065649985871 104.175691483974 0 915 0
"916" 66.5116321362 102.119020929939 0 916 0
"917" 65.4833034729488 100.936688338961 0 917 0
"918" 63.7167141396443 103.49811378539 0 918 0
"919" 67.1409800056772 100.059936626854 0 919 0
"920" 66.0392178524466 103.384222751806 0 920 0
"921" 67.833596558928 102.459036650948 0 921 0
"922" 64.4747344017587 103.634718803567 0 922 0
"923" 67.0550702341978 104.029204809048 0 923 0
"924" 66.8040652052451 105.258467126493 0 924 0
"925" 66.8768115321507 101.100535364726 0 925 0
"926" 65.2230424989632 103.95465380553 0 926 0
"927" 66.2265171619717 101.229210860563 0 927 0
"928" 65.8618541702213 104.885614271752 0 928 0
"929" 63.4475140374285 104.580679416406 0 929 0
"930" 65.7741292384541 103.890963436244 0 930 0
"931" 66.8871658180967 104.494422125904 0 931 0
"932" 63.6105535938009 102.451529996561 0 932 0
"933" 63.1415245194956 101.854299949202 0 933 0
"934" 67.9172378758259 102.572918248831 0 934 0
"935" 66.4600632302114 102.27335471787 0 935 0
"936" 65.771204170911 103.481262488963 0 936 0
"937" 61.2811573329547 100.697324881434 0 937 0
"938" 65.1881462717063 104.109341860731 0 938 0
"939" 70.7152718524892 104.034896802644 0 939 0
"940" 68.001007557353 102.006873500098 0 940 0
"941" 64.6330982873386 101.110805685272 0 941 0
"942" 63.8451665522118 102.88927542538 0 942 0
"943" 64.5235177775007 103.130653876191 0 943 0
"944" 66.5976149074266 104.39513974183 0 944 0
"945" 66.1243525806509 102.779042116805 0 945 0
"946" 63.6748563099686 104.256431516716 0 946 0
"947" 65.3491768126899 101.862071283049 0 947 0
"948" 64.326780334093 102.572055430557 0 948 0
"949" 68.2095155282187 100.380933307947 0 949 0
"950" 66.0283341033593 103.535747139207 0 950 0
"951" 68.1198135888151 102.168746212683 0 951 0
"952" 63.9608572591353 104.408096747907 0 952 0
"953" 61.3909493922024 104.881691192182 0 953 0
"954" 64.7513392002841 102.002641861149 0 954 0
"955" 66.5022513593793 102.921657033948 0 955 0
"956" 65.5408752291332 105.134940223953 0 956 0
"957" 66.1759241999569 101.741031748645 0 957 0
"958" 67.6189639928113 105.32172248466 0 958 0
"959" 64.3032735466125 104.296291984964 0 959 0
"960" 67.6369168754327 102.894528913721 0 960 0
"961" 66.9711362224353 100.777626739259 0 961 0
"962" 67.7362507086589 102.735968013282 0 962 0
"963" 65.9243188261967 102.472148153098 0 963 0
"964" 66.3489621305079 102.619401153486 0 964 0
"965" 68.5397108166463 101.169371000621 0 965 0
"966" 66.6722713856311 103.994534813238 0 966 0
"967" 66.3553762386111 103.520782475596 0 967 0
"968" 67.1105592768279 103.523067762066 0 968 0
"969" 62.9952302263279 101.404821743704 0 969 0
"970" 65.5456395940584 102.019863405408 0 970 0
"971" 65.2841848217923 103.508630172206 0 971 0
"972" 65.6783326774736 106.321423781118 0 972 0
"973" 66.6876030696239 102.725335274955 0 973 0
"974" 62.882022571387 103.192762782636 0 974 0
"975" 65.4485894772213 104.082537788926 0 975 0
"976" 63.0459261760167 101.352581471833 0 976 0
"977" 64.5392545526162 104.693269596833 0 977 0
"978" 66.2337003331735 103.264135483101 0 978 0
"979" 64.2257814670422 106.908927561472 0 979 0
"980" 67.3775863920746 101.756074558777 0 980 0
"981" 64.4549738530238 103.545691206822 0 981 0
"982" 63.6667031387571 101.661038408291 0 982 0
"983" 66.0480174421213 103.963408604602 0 983 0
"984" 64.6634191967354 106.000492833457 0 984 0
"985" 64.8271494129378 104.407872516328 0 985 0
"986" 64.6284409467652 102.60886700419 0 986 0
"987" 67.5721663418015 102.290471346866 0 987 0
"988" 64.5669295174424 101.903487890335 0 988 0
"989" 67.1289887773963 102.553839630231 0 989 0
"990" 63.9582467926953 103.521161982646 0 990 0
"991" 65.8103588932769 104.111778826341 0 991 0
"992" 66.7647785623491 103.927259547197 0 992 0
"993" 62.8953762645931 104.04721977884 0 993 0
"994" 66.607733462812 102.237513333465 0 994 0
"995" 66.3472525801177 100.652797181491 0 995 0
"996" 65.3248383536777 100.332359362595 0 996 0
"997" 67.6782575205811 100.00848331525 0 997 0
"998" 65.9373399043013 101.222339460966 0 998 0
"999" 66.8576506275733 103.920239580426 0 999 0
"1000" 61.6711800741674 102.531409102387 0 1000 0
"1001" 63.1962502633802 105.151244174803 0 1001 0
"1002" 65.7261839702325 104.985247647043 0 1002 0
"1003" 66.6889446139601 101.908194357236 0 1003 0
"1004" 64.461195254921 101.673588632523 0 1004 0
"1005" 66.3972079409055 101.911221358644 0 1005 0
"1006" 66.8517526609327 102.326521052192 0 1006 0
"1007" 64.4761398232272 101.409811109823 0 1007 0
"1008" 62.7485088087346 104.6423053309 0 1008 0
"1009" 63.8446347028516 102.593712002088 0 1009 0
"1010" 68.4738118006864 103.944660122916 0 1010 0
"1011" 65.6683569602501 105.525563222779 0 1011 0
"1012" 63.2703973156646 100.749651736488 0 1012 0
"1013" 68.1408291644785 101.811247445473 0 1013 0
"1014" 67.2244029238687 101.749121651907 0 1014 0
"1015" 63.8139837051436 104.794942908814 0 1015 0
"1016" 64.6574570889878 101.287697945788 0 1016 0
"1017" 66.4740543007011 107.281378523394 0 1017 0
"1018" 67.1773315438745 105.85550973919 0 1018 0
"1019" 64.6532401681737 102.773731020239 0 1019 0
"1020" 66.9086237041498 104.349647548505 0 1020 0
"1021" 66.4919993219777 100.741353403527 0 1021 0
"1022" 67.3102381977119 105.296359667363 0 1022 0
"1023" 64.2099959590078 102.364892486606 0 1023 0
"1024" 67.1196650626315 102.720986943719 0 1024 0
"1025" 66.6613933905177 104.212755445553 0 1025 0
"1026" 67.7007261651767 104.618441195706 0 1026 0
"1027" 69.5460901365449 105.889573165744 0 1027 0
"1028" 62.2931141115795 104.11151697007 0 1028 0
"1029" 66.5709820200417 101.177503358725 0 1029 0
"1030" 67.7372866131789 103.966887896751 0 1030 0
"1031" 66.5566564748665 105.766924196426 0 1031 0
"1032" 67.3680846269924 106.138021454211 0 1032 0
"1033" 64.1762020212968 104.940810916197 0 1033 0
"1034" 65.5095447110573 105.66785894284 0 1034 0
"1035" 65.9898556790131 103.852237339107 0 1035 0
"1036" 67.5538492587 101.518017572915 0 1036 0
"1037" 65.735057550298 103.573685435527 0 1037 0
"1038" 66.7023799043763 104.199152910893 0 1038 0
"1039" 67.2712716315323 105.655825971519 0 1039 0
"1040" 65.6659610779462 104.3865507827 0 1040 0
"1041" 65.8056478696321 100.548436339896 0 1041 0
"1042" 66.9860813762782 104.885641624477 0 1042 0
"1043" 65.9363992380522 102.924119247892 0 1043 0
"1044" 64.4135440644567 104.303453822128 0 1044 0
"1045" 62.2836001855382 103.31756833761 0 1045 0
"1046" 65.6384347260214 104.179152073418 0 1046 0
"1047" 64.3404692484195 101.438765894187 0 1047 0
"1048" 65.8418319093867 102.548711972938 0 1048 0
"1049" 64.2006130901962 101.568612377994 0 1049 0
"1050" 115.119179312571 75.51111279729 0 1050 0
"1051" 67.4940141927895 77.9375569106551 0 1051 0
"1052" 92.9737747875821 112.141683054874 0 1052 0
"1053" 99.8012050284716 84.5092395412448 0 1053 0
"1054" 93.8579941996695 116.681495192644 0 1054 0
"1055" 122.424817106371 110.664001541074 0 1055 0
"1056" 65.8755327063308 118.507206260415 0 1056 0
"1057" 120.188303832755 37.6571071074403 0 1057 0
"1058" 94.2349491009504 79.6052891560982 0 1058 0
"1059" 114.621477391972 62.6212897066257 0 1059 0
"1060" 104.493069198995 119.406226870033 0 1060 0
"1061" 111.762986004809 92.627306679935 0 1061 0
"1062" 79.1915753300949 115.185963833765 0 1062 0
"1063" 129.319515895679 68.4052218051609 0 1063 0
"1064" 63.626227919201 68.0374862923251 0 1064 0
"1065" 72.0409964767576 41.2958349244257 0 1065 0
"1066" 113.162487405462 92.3364451845658 0 1066 0
"1067" 105.522530704823 40.9604772209773 0 1067 0
"1068" 116.162357746758 100.25067101852 0 1068 0
"1069" 82.9795976515595 88.4562112869158 0 1069 0
"1070" 105.251339200552 92.0132810287294 0 1070 0
"1071" 83.8204627519805 56.447807347971 0 1071 0
"1072" 74.2430432857196 81.2231759053523 0 1072 0
"1073" 131.782939280091 102.196495473375 0 1073 0
"1074" 113.14236151012 43.3697955489082 0 1074 0
"1075" 96.6185265294631 76.6136395466527 0 1075 0
"1076" 98.525507586566 69.4999636830544 0 1076 0
"1077" 93.7035561935864 44.4241602710075 0 1077 0
"1078" 75.4110654865277 116.012458837707 0 1078 0
"1079" 84.9251230642331 108.310191924694 0 1079 0
"1080" 66.1336255996706 62.6319358238162 0 1080 0
"1081" 125.029959218373 56.7091009500976 0 1081 0
"1082" 70.6002699409352 69.9888444183891 0 1082 0
"1083" 82.4954055975474 87.7823585840372 0 1083 0
"1084" 102.642985211276 72.9653341349246 0 1084 0
"1085" 66.8482268790204 96.0785534509379 0 1085 0
"1086" 115.365875509402 45.2473351690344 0 1086 0
"1087" 131.134747723172 100.15814851915 0 1087 0
"1088" 75.4179258596479 91.6582518953875 0 1088 0
"1089" 87.6102965413261 74.0859864972628 0 1089 0
"1090" 96.3996457444044 77.2108413795827 0 1090 0
"1091" 117.619800057641 76.9322233294176 0 1091 0
"1092" 82.0426416562819 68.296751216477 0 1092 0
"1093" 106.621240948598 87.4208446999161 0 1093 0
"1094" 133.272132413224 72.7907820713968 0 1094 0
"1095" 88.6341369079187 70.6664645508275 0 1095 0
"1096" 97.3885238237333 50.7104385772077 0 1096 0
"1097" 100.51322561764 74.8621223663822 0 1097 0
"1098" 93.7259763663604 48.5001259247055 0 1098 0
"1099" 108.811892226132 85.4088874003033 0 1099 0
"1100" 81.0893065047201 42.2915942387713 0 1100 0
"1101" 107.916427273348 94.6888882240852 0 1101 0
"1102" 104.489174548428 49.386010539384 0 1102 0
"1103" 131.673941331539 61.0288644441618 0 1103 0
"1104" 58.7174318214322 106.684556083408 0 1104 0
"1105" 92.4825343163824 83.2327675669773 0 1105 0
"1106" 105.358525806694 67.9770850956415 0 1106 0
"1107" 90.4993668226845 79.6998683882333 0 1107 0
"1108" 131.29243779286 92.8556671653155 0 1108 0
"1109" 126.853520908717 120.455756971264 0 1109 0
"1110" 80.3855623459985 94.819240923819 0 1110 0
"1111" 128.239381917868 116.474304133869 0 1111 0
"1112" 86.4307429606501 106.725542296392 0 1112 0
"1113" 116.879778826751 82.6005508752339 0 1113 0
"1114" 110.012644150214 101.946505349887 0 1114 0
"1115" 125.275796499594 57.2371988129678 0 1115 0
"1116" 103.240678932887 108.10835428863 0 1116 0
"1117" 74.8386183524099 85.5724385170773 0 1117 0
"1118" 91.0707354144685 114.594383325616 0 1118 0
"1119" 63.2909070248097 79.5370818905446 0 1119 0
"1120" 123.044150539905 61.6338698853691 0 1120 0
"1121" 93.9986768655697 50.5996223176404 0 1121 0
"1122" 108.630434182163 94.2237816140384 0 1122 0
"1123" 106.92670533484 91.2611284554429 0 1123 0
"1124" 81.8341074533736 120.024281257671 0 1124 0
"1125" 66.0064142809875 76.6737910133498 0 1125 0
"1126" 63.6047485044937 82.9684573992598 0 1126 0
"1127" 97.3818475692538 37.8930317773645 0 1127 0
"1128" 60.8694806327424 73.3177370494819 0 1128 0
"1129" 70.6918747363551 98.3448376686059 0 1129 0
"1130" 122.056780971559 92.2545593230537 0 1130 0
"1131" 104.83133263979 66.8789269268623 0 1131 0
"1132" 76.2954873717621 107.394789516053 0 1132 0
"1133" 105.72751562301 61.5865514783505 0 1133 0
"1134" 110.683381977517 122.477722388661 0 1134 0
"1135" 90.4571286765048 51.5774210199004 0 1135 0
"1136" 111.521732600204 73.4044210868539 0 1136 0
"1137" 68.2390850638156 74.2078346021736 0 1137 0
"1138" 114.919480420485 99.1292130541108 0 1138 0
"1139" 119.016493380158 42.4568688998611 0 1139 0
"1140" 123.986249507266 99.0350533731933 0 1140 0
"1141" 110.441277705323 56.0845793988664 0 1141 0
"1142" 130.4130876843 119.319733972305 0 1142 0
"1143" 71.7727019911121 107.583222044981 0 1143 0
"1144" 131.994054262803 108.804641344261 0 1144 0
"1145" 60.4343579351574 37.3365750798444 0 1145 0
"1146" 102.606739130262 90.7461960944549 0 1146 0
"1147" 89.5304857448945 59.899454388826 0 1147 0
"1148" 107.034946930756 45.765690537116 0 1148 0
"1149" 104.576170731667 58.0434102641699 0 1149 0
"1150" 126.146528092012 62.1086233699602 0 1150 0
"1151" 83.9271473516218 111.158791147661 0 1151 0
"1152" 59.5847841592524 118.504011281687 0 1152 0
"1153" 76.6223759299494 103.543884733313 0 1153 0
"1154" 118.280198723463 49.7492683988075 0 1154 0
"1155" 127.419155617278 116.719403708428 0 1155 0
"1156" 114.624981901736 100.598071870896 0 1156 0
"1157" 121.376873347651 88.4155822229056 0 1157 0
"1158" 90.2724062549213 97.7675269440551 0 1158 0
"1159" 67.8485501939232 108.965312841544 0 1159 0
"1160" 106.950028678376 59.8822790486691 0 1160 0
"1161" 122.473536723418 38.8443976637965 0 1161 0
"1162" 78.298425178092 53.5770107353925 0 1162 0
"1163" 117.9943096153 108.372996313656 0 1163 0
"1164" 74.1592050454685 121.72248632973 0 1164 0
"1165" 127.762012828915 103.722991313521 0 1165 0
"1166" 128.591947659548 86.2423376929493 0 1166 0
"1167" 60.8320408097732 96.0173951177909 0 1167 0
"1168" 77.486476401332 87.6471279610388 0 1168 0
"1169" 91.2193350206033 110.757061155552 0 1169 0
"1170" 86.6062142988263 112.470058120736 0 1170 0
"1171" 131.936192506381 65.5408151702067 0 1171 0
"1172" 132.192747958882 65.4624139112798 0 1172 0
"1173" 82.3327939749314 44.5896668933777 0 1173 0
"1174" 128.698792807346 97.4955326076483 0 1174 0
"1175" 74.0133064375678 95.3199597519699 0 1175 0
"1176" 130.640910627068 44.7509952478887 0 1176 0
"1177" 73.2253585078863 106.241736634267 0 1177 0
"1178" 68.2944432404912 38.3879577048189 0 1178 0
"1179" 89.2552617340926 41.7934700854137 0 1179 0
"1180" 94.6648883712558 55.0699590972089 0 1180 0
"1181" 95.6388910374127 93.5250043377897 0 1181 0
"1182" 63.4909152727776 99.2332631679086 0 1182 0
"1183" 131.631905604733 45.1191186671071 0 1183 0
"1184" 89.2493232985005 120.031205849473 0 1184 0
"1185" 113.191755673196 118.573996466621 0 1185 0
"1186" 124.760936682596 96.8926106026868 0 1186 0
"1187" 107.572971281793 93.1942836817193 0 1187 0
"1188" 114.811553844537 58.7598202079411 0 1188 0
"1189" 103.908471758153 112.129777578123 0 1189 0
"1190" 121.941564842512 92.2722449538248 0 1190 0
"1191" 89.5912307361371 52.0186645199476 0 1191 0
"1192" 62.1006334804213 95.1472449040714 0 1192 0
"1193" 109.752401790044 75.4861556916578 0 1193 0
"1194" 59.9875819543871 86.8557038246464 0 1194 0
"1195" 72.6318369412039 62.2384280029318 0 1195 0
"1196" 90.9105832239921 95.3006972846782 0 1196 0
"1197" 59.2682089515214 108.916818614102 0 1197 0
"1198" 93.4320781510964 112.415483446126 0 1198 0
"1199" 104.776447844472 77.7379458487564 0 1199 0
"1200" 91.4949214791306 50.6759913488851 0 1200 0
"1201" 120.733183287161 62.2627008217784 0 1201 0
"1202" 104.494473533815 57.5539954188772 0 1202 0
"1203" 85.2419078610671 37.3254027992 0 1203 0
"1204" 69.2248825615326 61.2037760164126 0 1204 0
"1205" 131.433825261045 103.624071515254 0 1205 0
"1206" 126.228059167243 37.5837292089393 0 1206 0
"1207" 93.65652015438 69.3814792486501 0 1207 0
"1208" 107.710143128568 108.512639848244 0 1208 0
"1209" 72.1109287766681 36.9335630382837 0 1209 0
"1210" 61.6794657999719 105.747515706948 0 1210 0
"1211" 78.8997040509928 44.797911650539 0 1211 0
"1212" 125.053425759322 96.3424164361923 0 1212 0
"1213" 110.47765956308 40.8949876396814 0 1213 0
"1214" 81.9757188321958 98.2026577672037 0 1214 0
"1215" 108.550705505106 114.384750047948 0 1215 0
"1216" 90.5127173599679 52.8852228129379 0 1216 0
"1217" 114.642318629101 37.6815532165504 0 1217 0
"1218" 105.96923825053 115.647784927376 0 1218 0
"1219" 111.697766654561 57.9625785447567 0 1219 0
"1220" 98.593384683658 77.5495180393251 0 1220 0
"1221" 124.474963634831 69.5194032928489 0 1221 0
"1222" 120.446902908962 102.465684713979 0 1222 0
"1223" 68.3989494075968 100.897126252403 0 1223 0
"1224" 108.163450373973 52.1511088041193 0 1224 0
"1225" 66.4390342950426 57.2884555598924 0 1225 0
"1226" 58.3227950241073 101.960689960676 0 1226 0
"1227" 93.0807598526416 77.3281267591153 0 1227 0
"1228" 83.0874166636479 108.963248303456 0 1228 0
"1229" 98.8030218956004 83.0731237301691 0 1229 0
"1230" 77.4884892669007 110.250226120964 0 1230 0
"1231" 111.555362196165 86.0280178535182 0 1231 0
"1232" 87.3597051203495 70.8529648892839 0 1232 0
"1233" 100.907381935576 59.4133092476365 0 1233 0
"1234" 63.2646522837977 84.1431336869965 0 1234 0
"1235" 76.5586525436576 46.25925121885 0 1235 0
"1236" 118.372858311489 84.5152482278503 0 1236 0
"1237" 81.1565398139207 63.3638424188227 0 1237 0
"1238" 91.6403083117751 122.820232712277 0 1238 0
"1239" 118.575759114926 85.9834900409415 0 1239 0
"1240" 76.3942809676634 60.6209943254281 0 1240 0
"1241" 116.820926697738 73.6049249203442 0 1241 0
"1242" 75.1349927769795 71.8700736770432 0 1242 0
"1243" 105.220183931843 102.560883168375 0 1243 0
"1244" 103.774412900165 85.1671769492661 0 1244 0
"1245" 99.7146367705083 122.475108452671 0 1245 0
"1246" 108.118113775632 101.374834424731 0 1246 0
"1247" 95.2017870569153 112.4240271079 0 1247 0
"1248" 98.9240044942884 72.4677910646423 0 1248 0
"1249" 127.078251923777 68.2518230533729 0 1249 0
"1250" 63.0056372019892 88.4049309223354 0 1250 0
"1251" 62.1744360000473 65.9842305668228 0 1251 0
"1252" 114.959408497904 72.1554722533268 0 1252 0
"1253" 69.3164253925696 106.049886927026 0 1253 0
"1254" 63.0437308504704 99.945222020567 0 1254 0
"1255" 66.5968281824068 81.0222407824071 0 1255 0
"1256" 128.727263406879 105.072600774285 0 1256 0
"1257" 92.8840935408319 74.0225123228762 0 1257 0
"1258" 108.000698242593 101.247950111873 0 1258 0
"1259" 133.311443750554 80.0874800643734 0 1259 0
"1260" 129.156516874681 69.8636810682419 0 1260 0
"1261" 115.137404028797 62.2308897151173 0 1261 0
"1262" 64.4351495467547 47.2297746948537 0 1262 0
"1263" 97.4668901447341 38.3836570728966 0 1263 0
"1264" 79.0942231006636 103.659299154827 0 1264 0
"1265" 127.272363571522 43.2394988982482 0 1265 0
"1266" 128.072746464093 119.040175975743 0 1266 0
"1267" 93.0991638120934 67.5940867080421 0 1267 0
"1268" 67.32692154332 89.7583049083532 0 1268 0
"1269" 99.8857090497579 112.964215092815 0 1269 0
"1270" 103.930710052827 93.9079625693236 0 1270 0
"1271" 86.6591867302521 121.812620763416 0 1271 0
"1272" 75.9866496280245 38.4032709612256 0 1272 0
"1273" 70.4614371547392 70.3944248548067 0 1273 0
"1274" 66.8712010029815 81.6072150833101 0 1274 0
"1275" 65.3994854286166 117.587056440765 0 1275 0
"1276" 68.6454822242284 90.9644269854159 0 1276 0
"1277" 67.8942508531786 55.9164033359898 0 1277 0
"1278" 81.789634448891 84.9731950174704 0 1278 0
"1279" 117.204574379724 51.8701683175195 0 1279 0
"1280" 120.172937920497 57.6435896516294 0 1280 0
"1281" 63.9227038312847 107.780402505212 0 1281 0
"1282" 121.344192163442 101.525900353156 0 1282 0
"1283" 76.3142967793889 101.774458290702 0 1283 0
"1284" 127.952292399903 59.6962204471019 0 1284 0
"1285" 80.7777049379981 117.264228054983 0 1285 0
"1286" 80.5577045280584 47.6794133135191 0 1286 0
"1287" 104.106589509902 88.0394973947788 0 1287 0
"1288" 126.301500189133 61.3055653901113 0 1288 0
"1289" 95.047428903689 47.9090466513824 0 1289 0
"1290" 61.0290316055932 58.7963590207016 0 1290 0
"1291" 91.3964142063569 54.0856855672155 0 1291 0
"1292" 131.487991075939 39.4174586019504 0 1292 0
"1293" 59.5018606509518 59.5757835324203 0 1293 0
"1294" 126.509936310148 45.3788737534186 0 1294 0
"1295" 83.6453057705724 46.1561853017795 0 1295 0
"1296" 64.8281698569786 41.1210671960017 0 1296 0
"1297" 126.799934049441 57.8063652581703 0 1297 0
"1298" 95.4972483627234 41.0376516526054 0 1298 0
"1299" 88.6759926207534 42.5242302459275 0 1299 0
"1300" 102.049619890913 74.4286460094358 0 1300 0
"1301" 84.296737865758 121.671681787298 0 1301 0
"1302" 87.7670583641248 89.0239773725304 0 1302 0
"1303" 116.140733575222 82.2123055158083 0 1303 0
"1304" 74.9634923035896 83.8659397955941 0 1304 0
"1305" 124.596357847661 82.8167753949045 0 1305 0
"1306" 103.599500800851 46.9423531887012 0 1306 0
"1307" 68.7617368705961 44.2892484964468 0 1307 0
"1308" 129.486062032556 40.2030653123948 0 1308 0
"1309" 91.5870494138271 82.2019055183902 0 1309 0
"1310" 58.323042774093 101.609500017457 0 1310 0
"1311" 61.1049344256331 103.609715852938 0 1311 0
"1312" 114.372260641062 44.4700784797887 0 1312 0
"1313" 100.31060640531 92.3771747294993 0 1313 0
"1314" 102.332197265402 67.7484107031775 0 1314 0
"1315" 84.7032625756497 87.9607273696533 0 1315 0
"1316" 129.237088227912 66.5339952792226 0 1316 0
"1317" 112.354348174586 53.1019474783203 0 1317 0
"1318" 83.4763767563379 69.0706826365968 0 1318 0
"1319" 117.357970731729 59.1103222138231 0 1319 0
"1320" 79.4233451369811 40.2998758381923 0 1320 0
"1321" 114.684781761377 119.397911761014 0 1321 0
"1322" 97.4882904056332 84.7443342653654 0 1322 0
"1323" 97.4817168037488 114.746277989717 0 1323 0
"1324" 82.240493088447 116.162472378719 0 1324 0
"1325" 99.1773258792043 79.3867084979409 0 1325 0
"1326" 106.448403195279 105.165345553915 0 1326 0
"1327" 88.0865426177012 82.18893521008 0 1327 0
"1328" 82.5105746828193 110.619576246468 0 1328 0
"1329" 126.393620237127 75.3906413132983 0 1329 0
"1330" 66.4759017585455 95.3313205906537 0 1330 0
"1331" 127.955661545182 69.6598259680522 0 1331 0
"1332" 96.9395544256936 79.4004786602166 0 1332 0
"1333" 88.9931878487242 39.4725776120963 0 1333 0
"1334" 85.7548022581781 39.07128963924 0 1334 0
"1335" 104.069473704911 86.5727025916921 0 1335 0
"1336" 81.7045314505195 81.0289277051605 0 1336 0
"1337" 99.4468541855894 106.233848256555 0 1337 0
"1338" 122.680829756614 92.9153986572504 0 1338 0
"1339" 110.286073022193 42.8048386130243 0 1339 0
"1340" 91.4817764262804 111.397431888339 0 1340 0
"1341" 108.668548855875 81.6309106309832 0 1341 0
"1342" 86.933697120002 96.3918113413922 0 1342 0
"1343" 103.383560196186 56.1032369234015 0 1343 0
"1344" 103.987197264653 50.3472976362733 0 1344 0
"1345" 86.9355279282271 87.501852230692 0 1345 0
"1346" 99.0228458047363 50.7479755031622 0 1346 0
"1347" 114.510246108684 121.061184908333 0 1347 0
"1348" 117.02921040824 102.670291041176 0 1348 0
"1349" 130.750153403942 57.0538352057669 0 1349 0
"1350" 97.7842077958275 92.8066139396262 0 1350 0
"1351" 91.6717517139689 75.6765884202264 0 1351 0
"1352" 130.742704252676 101.432679166482 0 1352 0
"1353" 109.346189680337 119.522203113425 0 1353 0
"1354" 113.763730501415 58.4213195209116 0 1354 0
"1355" 84.2469438648206 112.671703608716 0 1355 0
"1356" 64.5110542488485 55.6484358804871 0 1356 0
"1357" 129.986861419478 56.9689247918221 0 1357 0
"1358" 133.410260612226 48.7512115766545 0 1358 0
"1359" 102.614291507701 67.3032721252838 0 1359 0
"1360" 79.3325798630544 94.5527006725668 0 1360 0
"1361" 83.2197101192641 68.7892057407966 0 1361 0
"1362" 73.6013348487043 74.2922733084039 0 1362 0
"1363" 88.9367384392944 109.406419496335 0 1363 0
"1364" 76.8612052133302 115.52170670064 0 1364 0
"1365" 79.9563478277493 78.6538008854344 0 1365 0
"1366" 109.316778197267 82.9679914598198 0 1366 0
"1367" 78.7002113244645 68.8769036028517 0 1367 0
"1368" 94.4083468459531 113.695505833748 0 1368 0
"1369" 115.162390677765 103.018573935346 0 1369 0
"1370" 91.9921680143912 92.4388125555146 0 1370 0
"1371" 74.2228145764638 84.237924973814 0 1371 0
"1372" 100.186891602142 54.6665630216738 0 1372 0
"1373" 111.979733472852 98.1082121734864 0 1373 0
"1374" 74.155467376118 113.597275162778 0 1374 0
"1375" 108.165483529875 114.124582126626 0 1375 0
"1376" 116.861620914475 84.7877632216307 0 1376 0
"1377" 64.0974029537986 59.8884195585012 0 1377 0
"1378" 92.777621774596 110.47567314362 0 1378 0
"1379" 119.714506344304 121.302938137379 0 1379 0
"1380" 115.124089107143 91.7953291125036 0 1380 0
"1381" 64.5683552428405 61.9223318793482 0 1381 0
"1382" 65.5312464063842 74.3014592857063 0 1382 0
"1383" 68.7573737499361 78.9802943643242 0 1383 0
"1384" 61.2605893498197 57.9791706437775 0 1384 0
"1385" 85.3641367199747 77.4895546869539 0 1385 0
"1386" 70.4258237485361 95.2267509892723 0 1386 0
"1387" 111.931131636528 70.4837633271037 0 1387 0
"1388" 108.359142194141 105.342776248663 0 1388 0
"1389" 102.424351674322 50.6575371862829 0 1389 0
"1390" 111.372983505219 117.359876959187 0 1390 0
"1391" 100.36245670245 47.2002037359547 0 1391 0
"1392" 109.155979010445 114.699586065725 0 1392 0
"1393" 120.751963209277 85.2968366291273 0 1393 0
"1394" 118.99464291405 63.6300788473876 0 1394 0
"1395" 92.0064844396415 111.903971994677 0 1395 0
"1396" 72.4056228856244 105.280620185529 0 1396 0
"1397" 73.7335659993755 90.0568857467855 0 1397 0
"1398" 133.632330241805 37.5507493611014 0 1398 0
"1399" 64.2949350820826 42.768043212888 0 1399 0
"1400" 73.5782634673693 111.16330375359 0 1400 0
"1401" 112.297760801646 97.8449365841392 0 1401 0
"1402" 74.6585884288367 73.979601644067 0 1402 0
"1403" 69.469082688909 70.2688466527705 0 1403 0
"1404" 92.0583064522002 103.02321790062 0 1404 0
"1405" 79.8364505647133 53.9907209901344 0 1405 0
"1406" 88.0822152560645 110.863941011417 0 1406 0
"1407" 132.616292924302 53.0907457109015 0 1407 0
"1408" 122.193563968081 51.6929362853757 0 1408 0
"1409" 91.5555986985098 75.7221069037128 0 1409 0
"1410" 74.0818998622844 53.6532828354214 0 1410 0
"1411" 105.514267610072 65.5891726734052 0 1411 0
"1412" 81.9460176741496 37.7685272004806 0 1412 0
"1413" 95.7641059809038 37.9560799666887 0 1413 0
"1414" 113.332538087951 79.052511024439 0 1414 0
"1415" 78.6842839686534 62.6602042014326 0 1415 0
"1416" 98.604674192718 71.1784411551334 0 1416 0
"1417" 117.608675255181 53.8534974080925 0 1417 0
"1418" 62.3086527354683 61.1766654283189 0 1418 0
"1419" 126.512831249552 95.4311456046564 0 1419 0
"1420" 80.066599905299 91.636097344291 0 1420 0
"1421" 78.4928419515786 54.8605098597708 0 1421 0
"1422" 95.2670436001326 87.7159739722449 0 1422 0
"1423" 105.787415177733 38.3107520922378 0 1423 0
"1424" 113.05613313316 43.5453535511214 0 1424 0
"1425" 99.9304241042916 93.0447410820085 0 1425 0
"1426" 101.582845385037 58.313831475114 0 1426 0
"1427" 110.455529603012 84.5730633416461 0 1427 0
"1428" 133.568741036991 77.7010412144409 0 1428 0
"1429" 102.378251177205 96.8596231310454 0 1429 0
"1430" 63.4042992644192 110.114702647101 0 1430 0
"1431" 118.068538429088 44.5454780173558 0 1431 0
"1432" 84.8920028954419 36.5911593269036 0 1432 0
"1433" 104.532080805805 37.2158377308325 0 1433 0
"1434" 122.416876846593 95.1436817037025 0 1434 0
"1435" 131.54517819671 47.8333401246275 0 1435 0
"1436" 109.94765089737 62.9850285917458 0 1436 0
"1437" 63.0342507121457 50.1512920081946 0 1437 0
"1438" 80.6411824177298 71.7360174424835 0 1438 0
"1439" 112.488184054003 61.4294246261476 0 1439 0
"1440" 110.219132470952 106.851555398097 0 1440 0
"1441" 78.9256981723556 77.1313390054395 0 1441 0
"1442" 70.9246685418617 115.235635676652 0 1442 0
"1443" 120.64052368121 54.8065046308428 0 1443 0
"1444" 87.8285115991226 39.4981432706989 0 1444 0
"1445" 88.2790063749318 69.2005475137509 0 1445 0
"1446" 116.510809049828 122.10562767373 0 1446 0
"1447" 126.836342919152 85.4387055680896 0 1447 0
"1448" 76.200985826582 108.201720125882 0 1448 0
"1449" 129.358394109681 65.2048338073624 0 1449 0
"1450" 121.894581680057 116.658823009493 0 1450 0
"1451" 102.100074456908 54.0066837018223 0 1451 0
"1452" 107.506800490582 102.930106956565 0 1452 0
"1453" 125.759399148109 83.363861530335 0 1453 0
"1454" 79.4001734511373 58.4262105538912 0 1454 0
"1455" 111.995450325419 42.2410328512992 0 1455 0
"1456" 81.109427452949 48.2081443352864 0 1456 0
"1457" 67.5390676406078 78.9910268644523 0 1457 0
"1458" 86.0029164302384 60.5733794775001 0 1458 0
"1459" 101.155113405426 84.1795098989534 0 1459 0
"1460" 118.898381218325 60.998910661416 0 1460 0
"1461" 63.4464112412927 76.48826085431 0 1461 0
"1462" 108.050418950976 121.032568881244 0 1462 0
"1463" 75.7072034355105 82.678016060172 0 1463 0
"1464" 112.822010938189 51.0543158810605 0 1464 0
"1465" 67.1857180683051 99.634000028515 0 1465 0
"1466" 57.5979295427935 74.8337735152845 0 1466 0
"1467" 74.8529322861793 108.90247823973 0 1467 0
"1468" 85.5531660336186 83.9930742418139 0 1468 0
"1469" 90.1265926441578 43.5549676917157 0 1469 0
"1470" 123.486248487593 71.7574747785986 0 1470 0
"1471" 104.370245987477 70.1608035819772 0 1471 0
"1472" 71.3632574449328 122.805740527405 0 1472 0
"1473" 77.390928487977 51.8777022690437 0 1473 0
"1474" 112.668786086101 107.371562005374 0 1474 0
"1475" 98.2675627839786 64.0801760842214 0 1475 0
"1476" 122.669287191969 120.893260370465 0 1476 0
"1477" 106.859608841993 94.6264233565723 0 1477 0
"1478" 96.7131265687953 115.123712513425 0 1478 0
"1479" 87.537055411481 49.871937998798 0 1479 0
"1480" 80.4428628201852 60.7217831858467 0 1480 0
"1481" 85.982826634482 84.8249752485097 0 1481 0
"1482" 58.5705470531558 39.1051081659686 0 1482 0
"1483" 104.006877507564 37.4369544331038 0 1483 0
"1484" 72.3857836898209 36.962955382358 0 1484 0
"1485" 58.4264300870634 74.2419627803707 0 1485 0
"1486" 127.429818689191 80.0553628357826 0 1486 0
"1487" 93.8836531003528 93.3741516943431 0 1487 0
"1488" 118.611182451613 116.074163160231 0 1488 0
"1489" 124.737856106084 84.1707615441066 0 1489 0
"1490" 108.843176998072 72.575813603605 0 1490 0
"1491" 125.986905726585 53.9518029254512 0 1491 0
"1492" 87.2716650604166 86.728160113293 0 1492 0
"1493" 74.8605707003665 52.7634265014857 0 1493 0
"1494" 73.1331547353812 48.7350604884463 0 1494 0
"1495" 114.748708911367 51.4099418089669 0 1495 0
"1496" 79.5202000919332 111.548459496059 0 1496 0
"1497" 63.7418893242668 121.869221756252 0 1497 0
"1498" 101.021563257635 103.216087725207 0 1498 0
"1499" 86.1984363382293 56.1560190360886 0 1499 0
"1500" 125.799737190633 73.9670589141538 0 1500 0
