"V1" "V2" "V3"
"1" 65.478156032821 50.0761638490402 1
"2" 64.8251761976488 53.2297288028887 2
"3" 64.3392210910958 46.2949729043976 2
"4" 62.7397447382308 48.5929580515995 2
"5" 67.7393604208871 41.5306706894349 2
"6" 66.8182295874449 50.3856664580224 2
"7" 65.1069619122556 50.3197453171639 2
"8" 67.7624996815489 49.4151877465434 2
"9" 64.8213794061264 52.3839288388395 2
"10" 66.5544260485749 49.5416655673663 2
"11" 63.4890287483678 49.2787017689427 2
"12" 66.772689091247 45.7948560131839 2
"13" 69.3439150438445 47.842828941624 2
"14" 65.6610847193687 49.7234641632601 2
"15" 108.165483529875 114.124582126626 2
"16" 126.428318538808 122.36248703041 3
"17" 64.7440318841447 50.6599897148633 3
"18" 63.135744846551 47.1557069047775 3
"19" 66.5026012641913 53.9248850703656 3
"20" 66.9332545175825 50.3060912783773 3
"21" 64.6862323013421 45.7955157862513 3
"22" 65.1749337400598 49.3277110459965 3
"23" 69.4227960655267 46.3852547576433 3
"24" 65.9778195606184 50.8760723255663 3
"25" 64.305254177534 47.8320464461066 3
"26" 71.2298788773015 48.9125555283391 3
"27" 68.1172878440342 49.123857816063 3
"28" 64.7624948549779 52.4131137707981 3
"29" 63.4783198161985 46.8215201356265 3
"30" 64.6368639039937 47.0543371194078 3
"31" 64.8203534342862 53.709196894989 3
"32" 62.3778264932394 49.0742816531285 3
"33" 65.9940210199996 47.4906432190134 3
"34" 64.7750340726735 51.7712360389331 3
"35" 67.7134948004429 49.4889558239191 3
"36" 59.9248962580999 49.9240506525284 3
"37" 68.1647026294402 44.3162111641854 3
"38" 63.6160100244469 49.1982749587376 3
"39" 67.1176605279753 49.2281139934524 3
"40" 72.6962394995937 50.3934528698698 3
"41" 63.3086452502569 59.7548632702781 3
"42" 65.5613787914983 52.8810710384912 3
"43" 66.7507778743027 48.8994369789816 3
"44" 65.4309709366647 45.9361389906075 3
"45" 66.5213997048773 45.3878125497452 3
"46" 63.0259103871479 102.002815046578 3
"47" 64.0786601390109 101.899292164445 3
"48" 62.9952302263279 101.404821743704 3
"49" 63.0459261760167 101.352581471833 3
"50" 64.5392545526162 104.693269596833 3
"51" 65.9373399043013 101.222339460966 3
"52" 63.2703973156646 100.749651736488 3
"53" 63.0437308504704 99.945222020567 3
"54" 125.676088563323 122.36184362202 4
"55" 125.900629586958 121.695613566181 4
"56" 121.31094384355 121.95772666111 4
"57" 125.289617222149 121.964286007305 4
"58" 126.278628810484 122.213082971338 4
"59" 124.438984225675 122.136929665987 4
"60" 126.557134722666 121.638043988398 4
"61" 125.402489822058 121.888666734546 4
"62" 74.1665422175283 53.6245010094244 4
"63" 69.2075088562898 46.4397267471418 4
"64" 65.9010553261915 48.7877160076381 4
"65" 64.4552823529779 51.7150414914084 4
"66" 65.4207410265786 52.8247219118545 4
"67" 68.9609276425252 48.421073591484 4
"68" 66.0853395223862 52.2519311835382 4
"69" 67.800764736283 49.5835620189878 4
"70" 67.105629635362 47.3412941662648 4
"71" 64.6415296513879 49.5036316362408 4
"72" 70.8270311570092 48.0799114070098 4
"73" 71.8198669887189 46.7548094655714 4
"74" 63.0288195349879 51.3640706913221 4
"75" 70.2806012246849 50.3409085051248 4
"76" 65.3129147717354 49.3710714990973 4
"77" 66.0316526383396 50.9092261957412 4
"78" 72.4831138195839 54.4037795330089 4
"79" 66.79956546175 51.345404349949 4
"80" 67.5384930509105 41.474614627216 4
"81" 67.8515701244133 49.8838469476516 4
"82" 65.2447595047061 51.8575070845224 4
"83" 63.3356273561051 46.840158672704 4
"84" 67.7181500252115 47.9844067133541 4
"85" 65.9803867538416 48.9119295393065 4
"86" 67.2305570713833 50.1081796764338 4
"87" 66.0695821326444 44.9853538076528 4
"88" 65.7715392276239 45.8807685535995 4
"89" 63.2505526906839 46.0588000787853 4
"90" 62.2515432565258 49.8188715798419 4
"91" 65.9248512385583 50.3538034429699 4
"92" 65.5183534625858 49.7836733562264 4
"93" 66.193552826665 45.3405949363788 4
"94" 67.9087342277781 50.0204403619897 4
"95" 64.8160533021565 49.7498911166487 4
"96" 63.3199227576849 45.5427125097109 4
"97" 67.3357448941166 48.4964013983425 4
"98" 71.6347879659877 50.1867415187938 4
"99" 69.9909995346373 45.9289883905523 4
"100" 66.9337916819366 47.8644442932111 4
"101" 66.1512646660122 47.2224710552419 4
"102" 65.9527954458753 50.378586132391 4
"103" 66.226998651398 47.5793651829117 4
"104" 64.7891155536359 50.6274718415108 4
"105" 63.1217336518807 45.5940724386367 4
"106" 70.754655892855 53.3388810727815 4
"107" 66.2908136028372 103.820843967979 4
"108" 64.6264949753313 102.696346831902 4
"109" 63.6105535938009 102.451529996561 4
"110" 63.8446347028516 102.593712002088 4
"111" 68.1408291644785 101.811247445473 4
"112" 66.5709820200417 101.177503358725 4
"113" 67.3680846269924 106.138021454211 4
"114" 64.1762020212968 104.940810916197 4
"115" 65.6659610779462 104.3865507827 4
"116" 96.6185265294631 76.6136395466527 4
"117" 78.298425178092 53.5770107353925 4
"118" 68.2944432404912 38.3879577048189 4
"119" 68.6454822242284 90.9644269854159 4
"120" 128.762173316483 122.249862235443 5
"121" 124.582943156786 122.163278762926 5
"122" 126.068535586628 122.072561007128 5
"123" 123.814908173944 121.935829659749 5
"124" 128.698407069339 122.513409271914 5
"125" 126.802687742391 122.044770006089 5
"126" 128.815237125995 122.172663632223 5
"127" 125.254852513079 121.867680192 5
"128" 124.332466232192 122.162331443443 5
"129" 125.273222320062 121.801251735931 5
"130" 125.928055719885 122.33019781707 5
"131" 127.603376203697 122.214800416578 5
"132" 127.608812416785 122.028195973871 5
"133" 124.033980873599 122.134961371176 5
"134" 125.964484710605 121.735688853293 5
"135" 127.956957326934 121.676663268858 5
"136" 121.698247702364 121.945321469723 5
"137" 127.826655438078 122.000882784189 5
"138" 125.090061003451 122.11955309113 5
"139" 121.215868965845 121.999923928412 5
"140" 125.92044146023 122.082532101787 5
"141" 127.039631091973 121.599202187578 5
"142" 121.295386849248 122.025589063315 5
"143" 124.463572034382 122.271015726757 5
"144" 126.096734169534 122.215704091272 5
"145" 126.82230080928 122.226858264223 5
"146" 126.864351163397 122.122082777464 5
"147" 125.913844743218 121.911152371339 5
"148" 125.417982337264 121.999103313023 5
"149" 125.874732350884 122.427147200515 5
"150" 125.56580720799 122.210206372083 5
"151" 127.822804250363 121.814044308217 5
"152" 126.177478349659 122.123217956584 5
"153" 125.523874728749 122.016518398117 5
"154" 126.602991547047 122.561416836477 5
"155" 125.914148389933 121.773901972802 5
"156" 124.55194136402 122.050022593996 5
"157" 125.036139779806 122.225519339025 5
"158" 121.742282844374 121.962411960945 5
"159" 126.146264322016 122.089890255663 5
"160" 122.484087194241 122.358901951347 5
"161" 124.419836196967 121.778180608691 5
"162" 124.100579859061 121.719124062992 5
"163" 126.36319463919 121.929771756005 5
"164" 121.109616946769 122.034848509887 5
"165" 64.1213959206078 52.3596135017651 5
"166" 68.6122620323516 49.9506655255785 5
"167" 68.7009421543567 48.2156483102618 5
"168" 67.5358342872954 50.5847424031107 5
"169" 64.9896638778685 48.0610360467085 5
"170" 68.01068633658 44.1707586480979 5
"171" 65.1265237843343 50.8250780928094 5
"172" 67.9352765335617 50.555073677549 5
"173" 62.2642524994963 49.6411762016923 5
"174" 66.9700144955983 48.3916036565398 5
"175" 69.2701208545573 46.1868442397445 5
"176" 63.3384787356506 49.5978046296343 5
"177" 66.8647736844138 47.5777273898043 5
"178" 63.4359942274374 47.2755561093418 5
"179" 70.6024364709367 47.1500960865068 5
"180" 71.0226922250246 50.8276726459491 5
"181" 66.9140246830043 47.4405107023134 5
"182" 62.4669622557951 52.7068745155767 5
"183" 70.8557794994633 48.6787632871882 5
"184" 64.944129794829 51.1062344327095 5
"185" 70.3242977727252 49.13550951877 5
"186" 65.8994911957534 52.3862314562362 5
"187" 67.7060076660563 47.7345360903573 5
"188" 73.8338252573587 52.0122664302372 5
"189" 68.8329692910256 42.0204104332092 5
"190" 65.485818164587 47.2847024568515 5
"191" 62.137231576572 49.5403643228017 5
"192" 64.5104754381907 49.5707951878473 5
"193" 64.8174214737146 48.0531510245685 5
"194" 63.2532904542949 48.1673595906802 5
"195" 67.6756419856738 45.1536411833206 5
"196" 63.4475674978965 45.7917277718841 5
"197" 68.9751879124824 42.0483545981582 5
"198" 63.3707819573014 46.0125859983903 5
"199" 62.3320672908165 47.2005132329264 5
"200" 65.7235863898077 46.2819518548176 5
"201" 69.7742764733143 46.5598156817171 5
"202" 65.9262611230663 46.3282964266185 5
"203" 69.4409693912556 44.2898961128262 5
"204" 69.1159112572042 53.064470325109 5
"205" 70.6116104335084 52.0767114742335 5
"206" 68.2686494090106 48.4313242574243 5
"207" 67.5852910146383 46.6983136074638 5
"208" 65.2522948632312 49.0530274839198 5
"209" 66.2915684979035 47.3688853252137 5
"210" 63.8772614779631 48.9278640448322 5
"211" 67.6322570627866 42.238908995907 5
"212" 63.7876070638741 44.3020225938907 5
"213" 69.6225077888666 52.205847809762 5
"214" 64.6647747136694 52.7549236119273 5
"215" 71.4428005989083 48.8577094963551 5
"216" 66.3127330724423 51.6968554033397 5
"217" 67.7598564519811 45.1333527237655 5
"218" 68.0314000819819 48.6256525136768 5
"219" 69.7711887059913 47.1864782197014 5
"220" 67.1369733684409 48.1662660379501 5
"221" 66.4108240928925 47.3279347077344 5
"222" 69.9729902112177 46.9686280450061 5
"223" 68.9181083675817 48.6260127755656 5
"224" 67.1048987293639 45.7511242225182 5
"225" 64.4743813100996 52.3903597753408 5
"226" 67.8293672052117 44.3135262877467 5
"227" 63.4326286459687 46.5659050184396 5
"228" 69.5817722706833 42.4457576068518 5
"229" 70.2278008557051 51.5937993378958 5
"230" 62.3597952543706 47.310562210247 5
"231" 68.9133292123836 41.8509181361369 5
"232" 64.2306665288095 53.0109863454107 5
"233" 70.9326298273641 52.6705830186596 5
"234" 69.0166981547395 48.4094412757323 5
"235" 69.5826978779191 46.9303490543035 5
"236" 63.0535715197172 49.8240541278408 5
"237" 64.4686737750753 103.84563142703 5
"238" 63.7922996122968 105.141689324552 5
"239" 65.9820232990456 101.653129192267 5
"240" 62.0923871772982 99.7915851539679 5
"241" 65.7069786932113 105.984908079208 5
"242" 65.8503815425057 104.471690347378 5
"243" 66.7549268921207 102.232034007364 5
"244" 64.5386611687226 103.640568548179 5
"245" 66.7469465881841 102.360729733723 5
"246" 66.5116321362 102.119020929939 5
"247" 65.4833034729488 100.936688338961 5
"248" 63.7167141396443 103.49811378539 5
"249" 66.8768115321507 101.100535364726 5
"250" 64.5235177775007 103.130653876191 5
"251" 63.6748563099686 104.256431516716 5
"252" 68.5397108166463 101.169371000621 5
"253" 66.3553762386111 103.520782475596 5
"254" 67.1105592768279 103.523067762066 5
"255" 67.1289887773963 102.553839630231 5
"256" 65.8103588932769 104.111778826341 5
"257" 66.607733462812 102.237513333465 5
"258" 65.3248383536777 100.332359362595 5
"259" 66.8517526609327 102.326521052192 5
"260" 67.5538492587 101.518017572915 5
"261" 67.2712716315323 105.655825971519 5
"262" 65.6384347260214 104.179152073418 5
"263" 73.2253585078863 106.241736634267 5
"264" 113.191755673196 118.573996466621 5
"265" 107.710143128568 108.512639848244 5
"266" 69.3164253925696 106.049886927026 5
"267" 64.4351495467547 47.2297746948537 5
"268" 126.799934049441 57.8063652581703 5
"269" 114.684781761377 119.397911761014 5
"270" 95.7641059809038 37.9560799666887 5
"271" 123.889968002623 122.374004730885 6
"272" 122.008104594527 121.876172272511 6
"273" 125.521983031134 122.034975921508 6
"274" 121.87726612951 121.821174724555 6
"275" 126.079051562394 122.194578664878 6
"276" 125.478410121726 121.859732498748 6
"277" 129.786633546262 121.798342274408 6
"278" 122.210120164896 122.027957503016 6
"279" 125.233760515555 122.15775242452 6
"280" 121.301411984237 121.921131457483 6
"281" 124.326633854544 121.998024056881 6
"282" 123.326033046562 122.042835103571 6
"283" 127.811950898381 121.771549376571 6
"284" 124.278666247539 122.329892354473 6
"285" 126.344978558534 122.057015182755 6
"286" 126.721124325512 121.68111749812 6
"287" 121.598035328378 122.109461969166 6
"288" 125.835635703428 122.098614200773 6
"289" 128.013059961069 122.231182068667 6
"290" 122.350187057187 121.985464770197 6
"291" 123.839653429231 122.100926230343 6
"292" 124.158604020093 121.779606557913 6
"293" 122.148259233343 122.228888523141 6
"294" 124.870836438802 121.617371958101 6
"295" 123.816205582884 121.780109233558 6
"296" 124.059021384534 122.213814556269 6
"297" 129.086440616098 122.006709892901 6
"298" 125.996137221865 122.128836006124 6
"299" 124.782218270958 121.944866251128 6
"300" 124.099757175747 122.175527985836 6
"301" 120.906220447405 122.020737296648 6
"302" 120.851329307434 121.766394693066 6
"303" 123.667522092239 122.042195515161 6
"304" 125.275542767487 122.128423003008 6
"305" 125.017237548413 122.330562120653 6
"306" 124.052541744286 122.162535280428 6
"307" 125.875100250423 121.915210584801 6
"308" 122.13246512048 122.557576459994 6
"309" 126.314289650834 121.948562123507 6
"310" 122.965915598172 122.043012385939 6
"311" 126.32592353482 122.058072021107 6
"312" 128.749123944181 121.906205943779 6
"313" 122.197755883532 121.983931949145 6
"314" 126.817383621348 121.728597998526 6
"315" 121.727747044932 122.295284591201 6
"316" 127.381872862229 122.539647719167 6
"317" 123.859922345086 121.772112765566 6
"318" 127.968787197481 122.045521332883 6
"319" 123.978426680485 122.066519512023 6
"320" 125.514462872035 122.365535358894 6
"321" 121.907702517105 122.118947484175 6
"322" 124.424621005037 122.476610917353 6
"323" 121.062577380425 121.917684995396 6
"324" 127.819400226061 121.908807746925 6
"325" 127.733279255481 121.857720023926 6
"326" 126.560240497743 121.929326257007 6
"327" 130.837379464736 122.441568693599 6
"328" 121.372417431002 121.695945055992 6
"329" 127.200356644654 122.320706088748 6
"330" 124.958792716562 122.407453659607 6
"331" 125.620971766366 121.888677733078 6
"332" 124.46808450455 122.257058489147 6
"333" 124.280680789175 122.006193295694 6
"334" 122.571048247638 122.103724890488 6
"335" 120.705090182727 122.124449832144 6
"336" 121.793407548684 122.062098176107 6
"337" 122.238683116435 122.364822636014 6
"338" 121.59678586919 121.98939936377 6
"339" 126.856101996474 122.362932056546 6
"340" 122.241151457569 121.986387046624 6
"341" 125.00056553387 121.62833427512 6
"342" 123.125593754624 122.355047912337 6
"343" 124.23889737544 122.20689513847 6
"344" 123.736761195468 122.27041125761 6
"345" 124.208396198318 121.805469088865 6
"346" 64.7621159226143 47.4560014546574 6
"347" 64.1249000339891 44.2804541903355 6
"348" 68.1185891880423 44.1653579229213 6
"349" 69.9082316833381 49.9375318491475 6
"350" 69.895263407791 47.4335517629251 6
"351" 62.8061196540968 43.8426086030291 6
"352" 64.3899663993495 45.9972591208385 6
"353" 66.6326595960316 52.1192986122959 6
"354" 62.5093911344674 50.4480271327229 6
"355" 70.1899679942767 49.0681766868403 6
"356" 68.0369299481364 42.5413252280973 6
"357" 67.5622989136868 51.5034609103405 6
"358" 69.7700350168543 46.2138258153228 6
"359" 67.9052160490988 47.7893598262879 6
"360" 67.7987350193699 44.9698636002959 6
"361" 68.4959103349445 53.0823729624997 6
"362" 66.1702904732005 46.4055350102759 6
"363" 66.276323870127 51.0079791358296 6
"364" 64.8606282079032 52.7986484398092 6
"365" 65.7292892175671 49.0122604749943 6
"366" 69.5981650638248 49.7480455730157 6
"367" 65.4390160018939 50.5185508879273 6
"368" 65.2904942508505 48.1824635666636 6
"369" 64.6571060810187 42.4259713885399 6
"370" 69.0635727293592 45.9565077227613 6
"371" 68.426309464289 49.609156803266 6
"372" 69.851179166828 46.0901722946284 6
"373" 66.5558681451306 51.8274428661643 6
"374" 73.6077728761471 48.4198211890955 6
"375" 62.0096166650752 43.1109043273648 6
"376" 59.0523111567812 50.1431917436596 6
"377" 66.0927379207122 48.0574595597814 6
"378" 64.2261943325621 51.6822443746049 6
"379" 65.7354859451079 54.2242167875552 6
"380" 65.4489305945478 48.4552987387529 6
"381" 66.0101262045888 52.329918311038 6
"382" 63.7379830717668 52.4383684556262 6
"383" 68.3288226084485 44.0158437818205 6
"384" 67.4221088245471 47.3306958273492 6
"385" 69.9375814970077 46.5984463247963 6
"386" 63.3012853436512 45.0445541144637 6
"387" 65.0674920376682 51.1955717315121 6
"388" 65.1891711245754 51.0561470627981 6
"389" 69.0861302881369 41.7274456900977 6
"390" 67.8452721811021 46.4626533982117 6
"391" 68.6235836430128 48.2006389645957 6
"392" 66.8430300548708 52.2905402109657 6
"393" 66.3882938659377 51.9948421868468 6
"394" 66.8495169415777 50.6597298441849 6
"395" 67.1254974143962 47.5812035535095 6
"396" 67.3246985350145 44.4017642404345 6
"397" 69.3576796091402 49.6728136601553 6
"398" 65.3889075235578 48.1871040493747 6
"399" 66.3299499934936 47.8736683741101 6
"400" 63.1969667029302 45.4325192791587 6
"401" 69.9022350651323 51.5924423217919 6
"402" 65.2103518566498 43.8776127402027 6
"403" 67.0330927667824 46.3505740151023 6
"404" 70.8193866320518 48.5461004277887 6
"405" 73.0809864132114 48.6514476493169 6
"406" 69.2498858503681 40.3401078813293 6
"407" 64.7413869458004 48.7650048766228 6
"408" 70.3187277746105 46.7959633111258 6
"409" 66.8477224168424 47.9551371277827 6
"410" 63.7131022484515 43.7287827221692 6
"411" 65.5329188512379 47.1876608987607 6
"412" 69.7046109638917 47.4253587639797 6
"413" 68.4132266702256 50.3043257999416 6
"414" 66.1547238818009 50.9666292276598 6
"415" 65.2066817744376 105.705176773981 6
"416" 65.0162328254492 104.983257733816 6
"417" 65.7462008819691 103.964607103414 6
"418" 67.5010030359491 103.331714416526 6
"419" 63.8091101853228 101.937656146608 6
"420" 67.4828021696688 103.800740176993 6
"421" 67.6086876750193 103.312084046194 6
"422" 66.4848976601505 104.048168160601 6
"423" 64.1927395400861 102.773996879733 6
"424" 68.1792263842932 101.242532659778 6
"425" 68.5715004568131 100.835470095561 6
"426" 66.859314255967 104.842977154285 6
"427" 64.5977863601647 102.12093220407 6
"428" 64.4223471607877 103.283875244818 6
"429" 65.1484653081424 104.345907467918 6
"430" 65.1866283864732 101.155661739361 6
"431" 63.4101875348482 106.480914072088 6
"432" 65.1630397533902 103.111596706409 6
"433" 66.6065649985871 104.175691483974 6
"434" 66.0392178524466 103.384222751806 6
"435" 64.4747344017587 103.634718803567 6
"436" 65.2230424989632 103.95465380553 6
"437" 66.2265171619717 101.229210860563 6
"438" 66.4600632302114 102.27335471787 6
"439" 64.326780334093 102.572055430557 6
"440" 63.9608572591353 104.408096747907 6
"441" 65.5408752291332 105.134940223953 6
"442" 66.1759241999569 101.741031748645 6
"443" 67.6189639928113 105.32172248466 6
"444" 66.9711362224353 100.777626739259 6
"445" 65.4485894772213 104.082537788926 6
"446" 67.3775863920746 101.756074558777 6
"447" 64.4549738530238 103.545691206822 6
"448" 66.0480174421213 103.963408604602 6
"449" 64.6284409467652 102.60886700419 6
"450" 66.3972079409055 101.911221358644 6
"451" 68.4738118006864 103.944660122916 6
"452" 64.6574570889878 101.287697945788 6
"453" 67.1773315438745 105.85550973919 6
"454" 64.6532401681737 102.773731020239 6
"455" 64.2099959590078 102.364892486606 6
"456" 66.6613933905177 104.212755445553 6
"457" 69.5460901365449 105.889573165744 6
"458" 62.2931141115795 104.11151697007 6
"459" 65.5095447110573 105.66785894284 6
"460" 65.9898556790131 103.852237339107 6
"461" 128.072746464093 119.040175975743 6
"462" 102.424351674322 50.6575371862829 6
"463" 74.0818998622844 53.6532828354214 6
"464" 77.390928487977 51.8777022690437 6
"465" 108.843176998072 72.575813603605 6
"466" 119.895310507805 122.532105662577 7
"467" 121.001963724193 122.104099237106 7
"468" 122.940021142156 121.670188240927 7
"469" 127.267195624618 122.063588874755 7
"470" 122.960141991604 122.210478366451 7
"471" 123.980378294954 122.543372702596 7
"472" 123.758328689325 122.19112728572 7
"473" 119.139577036949 121.721637616339 7
"474" 127.67699624168 121.76039249755 7
"475" 123.981702627684 122.222385667045 7
"476" 129.035195113171 122.19476264392 7
"477" 128.845932861019 122.102058040107 7
"478" 127.921483752335 121.917703401121 7
"479" 123.24981260147 122.26264153775 7
"480" 122.989928866109 121.958155854969 7
"481" 121.752045085387 121.883709521969 7
"482" 124.554546644297 121.602290095146 7
"483" 122.418802484497 121.930940653096 7
"484" 121.594763354254 121.906456429731 7
"485" 120.380342501217 122.448004548447 7
"486" 122.891499968912 122.007610925759 7
"487" 121.470659391289 121.494924941553 7
"488" 126.408057255481 121.662705743629 7
"489" 123.087958585023 122.169911153328 7
"490" 123.623986882277 123.013410151285 7
"491" 121.885257647318 122.152390109231 7
"492" 122.691673647708 121.979325093946 7
"493" 121.719513279017 122.149736203449 7
"494" 129.104561520648 121.710055555613 7
"495" 123.20102394243 122.737238959276 7
"496" 128.153417279354 122.011243342462 7
"497" 128.922433329229 121.907704584047 7
"498" 126.216321545901 122.249209300513 7
"499" 128.17408503944 122.085014587428 7
"500" 127.876979619781 122.132883830039 7
"501" 124.987750010654 122.229470553722 7
"502" 127.502542129647 121.88996768288 7
"503" 124.082867457873 121.919007156941 7
"504" 123.433480857642 122.058722424024 7
"505" 124.507570121736 122.157067321872 7
"506" 123.674863721538 122.076152514568 7
"507" 120.79339227807 122.304960822091 7
"508" 123.080746511099 121.754505725058 7
"509" 122.176171481201 121.703440954015 7
"510" 123.047154929399 122.27230172493 7
"511" 125.911033868128 122.216553017868 7
"512" 122.157620908781 121.918863143079 7
"513" 123.291934274486 122.065824502528 7
"514" 121.835210997303 121.800995318549 7
"515" 123.850013231735 121.865723393617 7
"516" 124.97835091101 122.542670105218 7
"517" 128.999967100111 122.618509550979 7
"518" 121.357484109209 122.476410727065 7
"519" 120.389670256956 122.04231242013 7
"520" 68.9240897998786 41.5994312694416 7
"521" 66.4032795087035 52.1997892094656 7
"522" 69.6716109069407 49.6326894181467 7
"523" 63.9559673232896 44.6729928514266 7
"524" 66.1794453095387 46.2717678488842 7
"525" 69.7520805978351 48.7987091591795 7
"526" 70.9409387681983 50.0335256967243 7
"527" 76.0913369605713 48.3164277248062 7
"528" 64.4894456504969 45.9675528280487 7
"529" 68.0621336466957 52.3947512997232 7
"530" 70.1281585528643 50.7700563298843 7
"531" 69.9617537077909 47.7448138684203 7
"532" 69.3038868636156 41.6901310616239 7
"533" 68.2610746151104 51.4154329933455 7
"534" 62.5794080679849 49.5574560910327 7
"535" 62.936472827811 43.3294251169938 7
"536" 69.8666724706495 51.5487565056892 7
"537" 69.7995337247932 47.3935056631317 7
"538" 69.8659387554992 47.459660297398 7
"539" 67.5800416509141 45.6211382237564 7
"540" 71.5310030950876 46.6910943509293 7
"541" 70.5758846391488 50.8929226114046 7
"542" 66.2583347910512 42.1019715267923 7
"543" 70.8501386858593 50.979663987845 7
"544" 67.3419605278013 51.3090215807437 7
"545" 67.5783913467092 46.2397160917957 7
"546" 70.3397663035658 48.8435296456608 7
"547" 67.9881218947048 47.4151378014412 7
"548" 68.5903153076624 46.1899209219663 7
"549" 67.8902887723791 50.4408427100293 7
"550" 68.3685041353703 49.231010693481 7
"551" 66.2862702397864 42.3535473442563 7
"552" 70.119622194825 47.536324152477 7
"553" 71.0906165442366 51.1930090750558 7
"554" 71.120494135992 46.9240060671241 7
"555" 65.7158490466147 54.1501091569571 7
"556" 74.5831639942864 56.5416528747161 7
"557" 70.5604720828471 46.5836688469236 7
"558" 69.9277446528272 50.4111843258921 7
"559" 69.3571865670546 45.8761746044346 7
"560" 64.8358253686123 43.9959135584191 7
"561" 58.349635175141 47.4690472314261 7
"562" 68.6927207401928 102.62939845867 7
"563" 67.2432062858699 103.764004699595 7
"564" 67.4101225099421 100.978116491008 7
"565" 65.1554244810085 101.860501903342 7
"566" 64.7121675303239 102.301803652453 7
"567" 66.6467669870231 104.782271013661 7
"568" 64.9677251327364 102.671067602021 7
"569" 65.3207923558014 105.553339423764 7
"570" 64.5189085013564 101.86378751331 7
"571" 63.252523338631 105.704848287237 7
"572" 66.4451583513921 103.821434814814 7
"573" 65.475040539486 104.418638931509 7
"574" 66.2628357363173 104.427240805931 7
"575" 67.5295532813448 103.627317991408 7
"576" 67.1409800056772 100.059936626854 7
"577" 67.0550702341978 104.029204809048 7
"578" 65.7741292384541 103.890963436244 7
"579" 65.1881462717063 104.109341860731 7
"580" 66.5976149074266 104.39513974183 7
"581" 66.0283341033593 103.535747139207 7
"582" 64.7513392002841 102.002641861149 7
"583" 64.3032735466125 104.296291984964 7
"584" 67.7362507086589 102.735968013282 7
"585" 66.3489621305079 102.619401153486 7
"586" 66.2337003331735 103.264135483101 7
"587" 63.6667031387571 101.661038408291 7
"588" 67.5721663418015 102.290471346866 7
"589" 65.7261839702325 104.985247647043 7
"590" 64.4761398232272 101.409811109823 7
"591" 63.8139837051436 104.794942908814 7
"592" 66.4919993219777 100.741353403527 7
"593" 67.1196650626315 102.720986943719 7
"594" 65.8056478696321 100.548436339896 7
"595" 64.4135440644567 104.303453822128 7
"596" 65.8418319093867 102.548711972938 7
"597" 81.0893065047201 42.2915942387713 7
"598" 126.146528092012 62.1086233699602 7
"599" 127.419155617278 116.719403708428 7
"600" 68.3989494075968 100.897126252403 7
"601" 114.959408497904 72.1554722533268 7
"602" 115.137404028797 62.2308897151173 7
"603" 126.301500189133 61.3055653901113 7
"604" 67.1857180683051 99.634000028515 7
"605" 122.764181639416 122.218687335953 8
"606" 121.97799027474 121.857345145482 8
"607" 129.718530252666 121.884456128903 8
"608" 120.287610169349 122.108021100058 8
"609" 118.883108265415 121.914690774574 8
"610" 125.134459342911 122.431185328247 8
"611" 120.535246382565 122.341731729245 8
"612" 130.977964073562 122.187313145244 8
"613" 119.83057903701 122.354728847068 8
"614" 123.367787785433 122.098029897764 8
"615" 129.559647194347 122.705665323254 8
"616" 122.824783441437 121.861720218922 8
"617" 125.526484579751 121.371124154258 8
"618" 128.215671267404 122.034434833954 8
"619" 120.346396740381 121.950640361233 8
"620" 129.05261823434 122.207298711894 8
"621" 121.171720456907 122.559706052415 8
"622" 120.81837334196 122.26555851752 8
"623" 122.481253954681 122.081379252553 8
"624" 119.613745606688 122.290809677921 8
"625" 123.040246627847 121.820458875627 8
"626" 121.419816022819 122.187730506032 8
"627" 122.478177617754 122.091545466237 8
"628" 118.326596772048 121.700085216306 8
"629" 124.847425707057 122.333161497135 8
"630" 124.614198375935 121.370926013768 8
"631" 119.191028066386 122.123068363947 8
"632" 121.834859291934 121.467757370192 8
"633" 128.696317970156 121.998842859731 8
"634" 127.47286941329 121.270113413465 8
"635" 120.859501544178 121.385147913497 8
"636" 122.793292157912 122.333546794233 8
"637" 118.822963520165 122.04320927106 8
"638" 130.544842520982 121.894140083667 8
"639" 122.984468688293 122.344711667147 8
"640" 125.329090336642 122.162701815026 8
"641" 67.8227491037757 46.6216711054832 8
"642" 66.6979340675677 42.0358705094361 8
"643" 70.9071027452714 51.5148277348641 8
"644" 60.192852289699 48.3305829895508 8
"645" 65.7156982805983 50.6717343899643 8
"646" 63.710320710428 45.0656092508392 8
"647" 69.3546451317742 51.3419551349762 8
"648" 62.3402546145775 46.4289470061891 8
"649" 66.6089907231077 52.670394217789 8
"650" 67.0639357211027 44.2016071600379 8
"651" 63.1211343727619 43.2893303558523 8
"652" 73.6766072323747 47.8252413366361 8
"653" 61.5867445594097 47.2968154554528 8
"654" 68.1046257342758 42.5132175592598 8
"655" 71.4646351445817 51.846372040371 8
"656" 67.7241846877204 44.6528190925741 8
"657" 58.8879871689159 44.0692637135341 8
"658" 68.0155201456622 46.7992554383315 8
"659" 71.0667810224956 48.5816728664549 8
"660" 70.1591369987455 47.6065600721131 8
"661" 69.9846812054271 47.5678824570114 8
"662" 62.0788127743799 47.1142083511131 8
"663" 69.6120913860338 47.9250467295009 8
"664" 64.0336620259826 45.3789619371587 8
"665" 63.7758218214174 45.2175463565786 8
"666" 63.9798066808026 44.0452913877206 8
"667" 68.1469595073002 46.6353790426926 8
"668" 67.7176286761346 52.6551052419874 8
"669" 67.655632359221 46.3016492253528 8
"670" 69.00067848561 106.149796159387 8
"671" 65.9059487036037 102.605347570504 8
"672" 66.7982460518183 103.532143973931 8
"673" 68.6657288575372 105.335871384735 8
"674" 65.0816107403063 101.184517386359 8
"675" 65.3400783395458 101.991639912018 8
"676" 65.2015410338619 102.107839113513 8
"677" 68.0029414167324 106.183751043229 8
"678" 65.2729316281984 103.09639970958 8
"679" 69.2087690043854 105.825762379192 8
"680" 65.90192520218 102.290978987049 8
"681" 64.5564128478304 102.166595372469 8
"682" 66.5438032027066 104.697613982799 8
"683" 68.3637332106242 101.293949692447 8
"684" 67.833596558928 102.459036650948 8
"685" 70.7152718524892 104.034896802644 8
"686" 64.6330982873386 101.110805685272 8
"687" 65.3491768126899 101.862071283049 8
"688" 66.5022513593793 102.921657033948 8
"689" 65.9243188261967 102.472148153098 8
"690" 65.5456395940584 102.019863405408 8
"691" 65.6783326774736 106.321423781118 8
"692" 66.6876030696239 102.725335274955 8
"693" 64.8271494129378 104.407872516328 8
"694" 64.5669295174424 101.903487890335 8
"695" 66.3472525801177 100.652797181491 8
"696" 64.461195254921 101.673588632523 8
"697" 65.6683569602501 105.525563222779 8
"698" 67.2244029238687 101.749121651907 8
"699" 66.9086237041498 104.349647548505 8
"700" 67.7372866131789 103.966887896751 8
"701" 65.735057550298 103.573685435527 8
"702" 66.7023799043763 104.199152910893 8
"703" 65.9363992380522 102.924119247892 8
"704" 64.3404692484195 101.438765894187 8
"705" 72.0409964767576 41.2958349244257 8
"706" 93.7035561935864 44.4241602710075 8
"707" 58.7174318214322 106.684556083408 8
"708" 118.99464291405 63.6300788473876 8
"709" 73.1331547353812 48.7350604884463 8
"710" 123.227673283343 122.214935758151 9
"711" 128.395070881024 122.086550671632 9
"712" 119.425661106699 122.364099788877 9
"713" 119.630010646371 122.274126678534 9
"714" 133.744383875085 121.6786499729 9
"715" 120.134614378236 122.153443962741 9
"716" 131.623291286662 122.053206021944 9
"717" 120.561841682476 121.922847061317 9
"718" 119.168069079621 122.34631125893 9
"719" 122.875426826745 122.402353001157 9
"720" 128.285551202915 122.236408828916 9
"721" 130.744097968448 121.535674525411 9
"722" 118.452871653194 122.350846830876 9
"723" 71.3365037671388 52.61211332774 9
"724" 71.0458940581151 53.5891105890209 9
"725" 66.2053743173027 48.4219527681365 9
"726" 69.1569727899503 54.1271210117792 9
"727" 66.0624950217847 50.2051410969416 9
"728" 71.2429423690738 51.5058972373342 9
"729" 66.6024871986048 49.058439432391 9
"730" 69.7562282087093 47.3665931459089 9
"731" 62.6734232003638 47.4499227488628 9
"732" 66.1816960276531 42.7698831838525 9
"733" 68.4797924663207 51.3311138696894 9
"734" 70.8545047344186 47.5722121728683 9
"735" 70.9879305145101 49.7381936015366 9
"736" 58.4834665060445 45.4405172440302 9
"737" 72.5736228762334 56.2987240186432 9
"738" 64.9905815559892 45.6760844561771 9
"739" 62.2869087947206 44.3696030364493 9
"740" 69.6841188497216 48.9323558008038 9
"741" 59.7947461315313 51.5144045643282 9
"742" 64.9347362165478 42.2548201155979 9
"743" 65.2082305022936 41.9816660220952 9
"744" 58.2850056859074 43.9163888584265 9
"745" 62.0139577246807 46.5493963861371 9
"746" 61.8317222376631 51.3858116740483 9
"747" 63.6205679340657 46.0820691183913 9
"748" 73.1929751469265 42.4900070978861 9
"749" 67.9176177298718 55.1228067140001 9
"750" 60.8128276754548 48.6182767609361 9
"751" 68.323480410738 53.190151388018 9
"752" 70.7292769852577 43.8004224794846 9
"753" 67.4973261886411 45.5965359630181 9
"754" 74.8087754349049 50.6099358322157 9
"755" 67.9546305178407 53.1318330577706 9
"756" 69.3494673887957 51.3423825809608 9
"757" 68.1445202369892 46.4375707627355 9
"758" 71.2689182241947 50.0071059118536 9
"759" 65.601766528927 103.072940181723 9
"760" 65.6782826175269 102.19110016631 9
"761" 64.8916099178081 104.526804460247 9
"762" 65.6286430813053 103.035133074044 9
"763" 67.3833195556754 100.343046341471 9
"764" 66.8940840334849 100.178098025124 9
"765" 65.9510811711459 105.182273148654 9
"766" 65.8618541702213 104.885614271752 9
"767" 65.771204170911 103.481262488963 9
"768" 66.1243525806509 102.779042116805 9
"769" 61.3909493922024 104.881691192182 9
"770" 63.9582467926953 103.521161982646 9
"771" 63.1962502633802 105.151244174803 9
"772" 64.2006130901962 101.568612377994 9
"773" 61.6794657999719 105.747515706948 9
"774" 100.186891602142 54.6665630216738 9
"775" 115.281684439691 122.230462236048 10
"776" 123.4171435998 121.795063807471 10
"777" 118.789754333483 121.651961263159 10
"778" 131.648767253655 121.964192628636 10
"779" 120.130460085035 122.197918933923 10
"780" 117.044197100413 122.647147842496 10
"781" 133.471556635769 122.078206337784 10
"782" 66.2281526852144 52.812644682961 10
"783" 70.2971492312601 54.5295963139061 10
"784" 72.422754032712 50.9929175819588 10
"785" 66.101763366542 42.627530794022 10
"786" 71.4787004143055 47.7594865886173 10
"787" 68.7839885620511 53.7458136515189 10
"788" 66.7562315915462 49.1001032927541 10
"789" 58.5232165642147 52.7825039407455 10
"790" 68.501738116943 55.0941697507335 10
"791" 70.7870991134697 49.60463159042 10
"792" 68.0623462388676 45.0642308048437 10
"793" 59.122767673116 44.9937191775835 10
"794" 67.5819645811379 44.8800805738788 10
"795" 69.8341117183102 47.952317706127 10
"796" 71.0733919577961 53.510498963189 10
"797" 69.4686533364991 55.3095462247137 10
"798" 62.1663216701889 44.1342244502629 10
"799" 68.3091477851315 51.2754457434114 10
"800" 58.1980058153672 48.3826349376637 10
"801" 67.9003419394613 103.301101470281 10
"802" 66.4745822899052 103.267948002052 10
"803" 66.8871658180967 104.494422125904 10
"804" 67.9172378758259 102.572918248831 10
"805" 68.2095155282187 100.380933307947 10
"806" 66.6722713856311 103.994534813238 10
"807" 66.7647785623491 103.927259547197 10
"808" 67.6782575205811 100.00848331525 10
"809" 66.8576506275733 103.920239580426 10
"810" 67.7007261651767 104.618441195706 10
"811" 118.280198723463 49.7492683988075 10
"812" 114.510246108684 121.061184908333 10
"813" 64.5110542488485 55.6484358804871 10
"814" 78.6842839686534 62.6602042014326 10
"815" 76.200985826582 108.201720125882 10
"816" 115.105557700649 121.733247358303 11
"817" 119.889801911574 122.115254538511 11
"818" 120.026008829623 121.467912795403 11
"819" 119.960895251165 121.841360112292 11
"820" 58.8406526736541 45.6809660982317 11
"821" 69.4661210050359 42.8221530309069 11
"822" 67.6625255985743 48.598290219504 11
"823" 70.842731770062 49.5152238418413 11
"824" 65.9449096407651 42.4795735403454 11
"825" 68.7492565526945 50.0574178807147 11
"826" 70.5263036084111 56.8312693446521 11
"827" 72.4192735409044 51.2471085190966 11
"828" 73.1946247705423 50.4493406063278 11
"829" 72.391380086373 43.8851321750639 11
"830" 62.8029598597833 56.2344319539412 11
"831" 67.5958304089674 44.9394075294636 11
"832" 70.8511755433506 43.1911698082737 11
"833" 66.2912444107662 43.0378493699578 11
"834" 60.5175000045433 45.3135317884682 11
"835" 69.3870945358358 55.0545573067827 11
"836" 59.5447058041083 47.3607351335937 11
"837" 68.4953395562869 48.6770663681953 11
"838" 66.8120536914853 103.438850257269 11
"839" 65.6557510787795 102.36043793545 11
"840" 67.0722409037998 102.262068523765 11
"841" 66.9078968414342 103.749095307702 11
"842" 66.6889446139601 101.908194357236 11
"843" 105.251339200552 92.0132810287294 11
"844" 131.673941331539 61.0288644441618 11
"845" 95.6388910374127 93.5250043377897 11
"846" 76.3942809676634 60.6209943254281 11
"847" 61.0290316055932 58.7963590207016 11
"848" 80.4428628201852 60.7217831858467 11
"849" 119.723811830098 121.967713331307 12
"850" 114.200785462254 122.021151878473 12
"851" 68.9976864332344 42.9497219242001 12
"852" 70.939121883138 49.4112753277819 12
"853" 67.9920520254134 47.1019417233549 12
"854" 68.4876675322793 55.2778670232367 12
"855" 71.3524882477559 53.6086880300712 12
"856" 60.8951984320204 46.7256391254971 12
"857" 69.8631105813663 49.3681952787951 12
"858" 59.2706605282731 49.6955215715696 12
"859" 68.7808652406252 55.0859749414811 12
"860" 68.031492322892 46.0149610724297 12
"861" 68.2716333682095 55.2192539743147 12
"862" 66.6510547900429 102.543596517645 12
"863" 64.5459970822066 105.825968162316 12
"864" 67.8970383505028 104.20816100388 12
"865" 66.9860813762782 104.885641624477 12
"866" 75.9866496280245 38.4032709612256 12
"867" 104.106589509902 88.0394973947788 12
"868" 116.861620914475 84.7877632216307 12
"869" 119.714506344304 121.302938137379 12
"870" 60.0491955965675 46.0957267878966 13
"871" 71.4531368065669 53.9583030809363 13
"872" 71.6195009158338 53.0648905056984 13
"873" 65.8309388405427 43.5023237656955 13
"874" 67.5105356302796 44.2231545969949 13
"875" 67.2774203896987 46.3913125011173 13
"876" 67.4445921051771 47.5945128172181 13
"877" 70.4417589413934 40.7607373781747 13
"878" 61.1476720306719 54.0081181991603 13
"879" 61.3530557480148 41.9327623158205 13
"880" 61.0807043129625 52.8897951777598 13
"881" 65.3191962833465 44.5527225539179 13
"882" 68.8845494719637 43.3123473222372 13
"883" 66.1814566078666 48.8904342383031 13
"884" 67.8408320836472 105.751412733344 13
"885" 63.0497259994488 102.933980176208 13
"886" 66.4722004373353 106.53272374697 13
"887" 64.6634191967354 106.000492833457 13
"888" 131.29243779286 92.8556671653155 13
"889" 90.2724062549213 97.7675269440551 13
"890" 70.4614371547392 70.3944248548067 13
"891" 116.140733575222 82.2123055158083 13
"892" 68.7617368705961 44.2892484964468 13
"893" 130.191720475988 122.183345270711 14
"894" 67.5221595876112 43.0369506715064 14
"895" 61.2017233414425 47.2616882952513 14
"896" 69.0253830018115 42.9818978329545 14
"897" 64.2801317264409 48.2030667823518 14
"898" 67.1381118711792 51.123159878119 14
"899" 66.5996782976034 51.35434823072 14
"900" 65.9581647965399 48.4974359947611 14
"901" 67.3819289864025 55.5566295614617 14
"902" 66.8440670217423 105.028685104933 14
"903" 63.3911613394208 103.846098324816 14
"904" 63.0893061217904 103.198705659214 14
"905" 62.6958762941324 102.445424722605 14
"906" 62.2836001855382 103.31756833761 14
"907" 66.4390342950426 57.2884555598924 14
"908" 103.774412900165 85.1671769492661 14
"909" 100.31060640531 92.3771747294993 14
"910" 69.469082688909 70.2688466527705 14
"911" 75.7072034355105 82.678016060172 14
"912" 60.4097585715137 47.1445163283363 15
"913" 70.9811275291515 45.783996975882 15
"914" 67.1449171046988 50.9683364872837 15
"915" 69.0704249921031 55.2629496621744 15
"916" 67.1700934003392 46.8863532240023 15
"917" 68.9079860265122 55.5713956285272 15
"918" 61.8420814352166 44.7310538826046 15
"919" 64.2049344863507 105.577839221271 15
"920" 62.7485088087346 104.6423053309 15
"921" 63.626227919201 68.0374862923251 15
"922" 103.930710052827 93.9079625693236 15
"923" 69.9344789770064 45.528758964033 16
"924" 63.2393794342734 50.4411093368339 16
"925" 61.6146228284911 48.8787502619353 16
"926" 67.0672991949185 47.1184814843301 16
"927" 67.058560452215 50.9569813842524 16
"928" 70.9883133798194 46.0126813226667 16
"929" 61.9401999699561 103.237726341971 16
"930" 65.5544981355078 102.860693627671 16
"931" 66.8040652052451 105.258467126493 16
"932" 63.1415245194956 101.854299949202 16
"933" 63.8451665522118 102.88927542538 16
"934" 66.1336255996706 62.6319358238162 16
"935" 63.2909070248097 79.5370818905446 16
"936" 133.632330241805 37.5507493611014 16
"937" 63.0342507121457 50.1512920081946 16
"938" 63.0990970381184 50.1072366808408 17
"939" 75.0968580747348 50.0521957383162 17
"940" 63.3115299819878 49.4332862150611 17
"941" 72.947214561353 54.7647165057579 17
"942" 62.9526854156087 50.1772850062162 17
"943" 71.5649868016221 46.0040214029225 17
"944" 63.5408367174029 52.1922941756551 17
"945" 72.7640451594762 38.5731367113378 17
"946" 63.1888272461745 51.4033793876016 17
"947" 62.882022571387 103.192762782636 17
"948" 82.240493088447 116.162472378719 17
"949" 64.2811303153728 54.909798818564 18
"950" 61.873619569504 56.47430982624 18
"951" 65.0417179645475 55.0171172897687 18
"952" 70.108259252909 45.0555858982942 18
"953" 85.7548022581781 39.07128963924 18
"954" 73.4310075716256 44.20852532363 19
"955" 61.9976969144722 51.5382173287329 19
"956" 56.7600049095553 48.6217010584554 19
"957" 61.8112053848692 48.1911306836621 19
"958" 60.4343579351574 37.3365750798444 19
"959" 63.4909152727776 99.2332631679086 19
"960" 72.1109287766681 36.9335630382837 19
"961" 64.0974029537986 59.8884195585012 19
"962" 74.6585884288367 73.979601644067 19
"963" 75.8667990193213 50.1107321628403 20
"964" 76.9052644773698 49.4150641551364 20
"965" 61.0524733356803 52.5433764679739 20
"966" 73.7491020021165 51.5190038225665 20
"967" 61.9288035431925 53.6209803258083 20
"968" 79.1915753300949 115.185963833765 20
"969" 107.572971281793 93.1942836817193 20
"970" 67.8942508531786 55.9164033359898 20
"971" 70.6536107068152 45.7645130106518 21
"972" 60.9891242116855 53.6005379890225 21
"973" 59.5379273913833 48.3280916606099 21
"974" 77.0382375539014 49.4468998480995 21
"975" 67.1471816980184 53.0385908488489 21
"976" 59.4039679835233 48.5717261789834 21
"977" 75.4698795230507 50.8092421164797 21
"978" 70.8036193650694 45.5307216828076 21
"979" 93.65652015438 69.3814792486501 21
"980" 58.5705470531558 39.1051081659686 21
"981" 62.7551182550084 44.6333993918079 22
"982" 65.6491448589053 52.3897661838581 22
"983" 67.3315669844678 52.9222881214138 22
"984" 67.0225885900899 38.6362303913604 22
"985" 61.2605893498197 57.9791706437775 22
"986" 71.0403754179929 44.0789822379332 23
"987" 66.9752885392747 52.9075769741387 23
"988" 98.593384683658 77.5495180393251 23
"989" 61.5352055187823 48.4962577689936 24
"990" 66.9243659756033 42.6999098506176 24
"991" 67.9587898283937 52.7752230709625 24
"992" 71.4624542766996 55.5382448672604 24
"993" 61.7262244212089 40.2212057505354 24
"994" 70.6474096979707 43.3032598452966 24
"995" 96.3996457444044 77.2108413795827 24
"996" 110.683381977517 122.477722388661 24
"997" 64.5683552428405 61.9223318793482 24
"998" 95.2670436001326 87.7159739722449 24
"999" 63.2390142256772 50.7952027601179 25
"1000" 69.7403951492766 53.3049273652795 25
"1001" 60.441078728683 49.2163057842796 25
"1002" 65.6077628594395 51.336911403867 25
"1003" 64.3651017389075 51.2991736040427 25
"1004" 70.4464956087603 43.5197208906526 25
"1005" 71.3806094408013 50.7903891031671 25
"1006" 109.155979010445 114.699586065725 25
"1007" 93.8836531003528 93.3741516943431 25
"1008" 71.2127900903653 50.2011256218726 26
"1009" 71.0911045217291 57.0788582519269 26
"1010" 70.8131879189199 40.0625729014509 26
"1011" 74.8205851399018 48.6429070712604 26
"1012" 72.0911808874978 50.0080150356512 26
"1013" 99.8012050284716 84.5092395412448 26
"1014" 94.4083468459531 113.695505833748 26
