"V1" "V2" "V3"
"1" 139.774977162151 68.0236630126386 1
"2" 63.2315443340953 19.7809602102838 1
"3" 61.1072614065777 15.3356028262528 1
"4" 63.2092218755784 17.2581835859295 1
"5" 65.5722977231362 18.863681249341 1
"6" 60.5096548601505 19.5112612782647 1
"7" 62.2340561231679 17.2124522618665 1
"8" 62.911274439503 16.8651281132319 1
"9" 64.0138710787001 17.0740898511394 1
"10" 61.8073536159649 20.1241617446706 1
"11" 64.1300709042835 20.1913106380025 1
"12" 63.3715085910187 15.2886184171272 1
"13" 64.0463779253432 16.524867757512 1
"14" 58.5917706125904 10.3995292276596 1
"15" 59.8290768902495 15.4364723056407 1
"16" 63.5660720625815 17.112801002552 1
"17" 61.0999272628866 18.526161877176 1
"18" 61.2264290960556 15.0512762659986 1
"19" 139.687341620727 67.3183180324637 2
"20" 139.652399512741 68.0879790530781 2
"21" 139.179844623472 68.3925480226512 2
"22" 139.04563393538 67.5903636723965 2
"23" 140.093053944319 68.241917886535 2
"24" 139.294555411528 68.2233014778433 2
"25" 139.019615762925 66.3127118032574 2
"26" 139.354818449052 67.8889383132471 2
"27" 139.844247665854 68.4358737343988 2
"28" 139.129081615637 67.8621093027278 2
"29" 139.668737544036 68.0391935221585 2
"30" 137.665426116882 69.049954609134 2
"31" 139.905126129522 67.961919353989 2
"32" 138.965233457684 68.2635166978075 2
"33" 138.872323993655 67.8437425994329 2
"34" 138.869281041473 65.8478644259487 2
"35" 139.9093534488 67.6853781614859 2
"36" 139.13693758938 67.857818185322 2
"37" 139.010509774856 66.2308964823088 2
"38" 139.803556377059 67.8416792564226 2
"39" 139.804075426679 67.5879114802401 2
"40" 139.548649914836 69.385139661414 2
"41" 64.7387035685784 17.7810584076367 2
"42" 62.2832641542268 17.1273427964951 2
"43" 61.455634323509 15.9000634252942 2
"44" 65.2655489611989 18.384529476848 2
"45" 62.3627773504697 17.1525422518201 2
"46" 62.8537384601055 18.7374940361971 2
"47" 59.8050779849475 11.4860612085768 2
"48" 64.3709202747162 19.8538294289662 2
"49" 60.792639243271 18.3451009532215 2
"50" 62.4584885879687 13.650792922935 2
"51" 61.8182657854989 17.068271928218 2
"52" 64.0596382237826 16.0997094436697 2
"53" 59.9987536950555 13.9872000194117 2
"54" 61.1120073164911 15.0987474020122 2
"55" 61.1206157520737 18.5786652388186 2
"56" 62.6081191041817 12.8304863306112 2
"57" 60.1618616858798 14.8852861392895 2
"58" 63.2004872690399 17.2184911084613 2
"59" 60.2596199243254 15.7243027986553 2
"60" 60.9263807786349 14.5808727786932 2
"61" 64.4653874784669 14.1803854870205 2
"62" 64.3377101842154 16.0949414760575 2
"63" 60.6982599820993 15.6010935608163 2
"64" 62.8504058017564 17.5402370516629 2
"65" 61.1986882972527 14.9440864690488 2
"66" 62.3880089716125 17.3319013840702 2
"67" 61.4988561220484 19.6583982551805 2
"68" 60.7982036684256 18.3736582104378 2
"69" 62.1525632499344 15.8042051216343 2
"70" 61.8191337794705 11.6518189379427 2
"71" 64.3225270836824 11.1844692836444 2
"72" 61.4850889425384 15.7691740180457 2
"73" 60.3938048696981 9.17893105823526 2
"74" 62.2052727370203 14.9431138866538 2
"75" 61.2998528089812 14.7465586613896 2
"76" 63.0156652357403 16.829079656228 2
"77" 59.8532543778079 15.3200228992863 2
"78" 63.6750669685149 17.0202500623896 2
"79" 61.6931364914457 19.9408904319703 2
"80" 62.5089800536054 17.2422418968022 2
"81" 62.9417141870088 20.8843297339482 2
"82" 61.7425760713723 19.8436595498017 2
"83" 61.1934664020799 15.0417685108345 2
"84" 59.9403313369038 13.6239770169909 2
"85" 61.1481758363399 15.07244133548 2
"86" 59.7854691569045 14.0409582313278 2
"87" 61.7618124233778 18.9549816710472 2
"88" 62.4600924067782 17.0307058409598 2
"89" 60.5419718601093 14.5818378774891 2
"90" 63.6902743831288 16.8452393288285 2
"91" 63.8354116851972 12.4008883980903 2
"92" 63.5831157541264 17.1624411206219 2
"93" 63.0641462594197 14.3757899295891 2
"94" 61.2287551060454 18.639178555574 2
"95" 62.5361087837439 17.9074159847711 2
"96" 63.3106265419597 15.1952618320885 2
"97" 63.6500093888111 15.7645035878483 2
"98" 62.7541634862878 17.1197970328178 2
"99" 60.947617497244 18.6972598586891 2
"100" 58.417481072556 10.3840004658652 2
"101" 66.8453355908979 18.6186897874797 2
"102" 60.6670487533811 17.2935684231468 2
"103" 61.3505085319361 15.0062946866989 2
"104" 62.5345609076914 16.6699566004044 2
"105" 63.0976134079932 20.3377989897058 2
"106" 63.938812673278 16.5010243756627 2
"107" 139.428502817601 67.343691116172 3
"108" 139.212144742854 68.4504979051064 3
"109" 140.08208927902 68.7799422791953 3
"110" 139.928371898094 68.2553300950182 3
"111" 139.593474781009 67.9595713686737 3
"112" 139.051615516998 68.7342026850712 3
"113" 138.517833261802 67.151741477016 3
"114" 139.369232051431 68.2983678776052 3
"115" 138.874636496547 66.4656522137951 3
"116" 138.868351680208 67.6796254351851 3
"117" 138.7972484153 68.3113256214204 3
"118" 138.925465812572 66.3596361869903 3
"119" 138.861701145534 67.5678504906821 3
"120" 139.722208763454 69.3378524661487 3
"121" 139.574441039092 68.2739596940743 3
"122" 138.888112407073 66.4721525367331 3
"123" 139.348775349291 67.939822023654 3
"124" 139.660510158801 68.5715699871578 3
"125" 139.98930257481 69.7224569196377 3
"126" 139.108437521766 68.2864286068132 3
"127" 139.369231827095 68.5423677697706 3
"128" 139.620196914368 68.8535570108173 3
"129" 139.887778301124 67.1577558958807 3
"130" 139.046203268085 68.3735260768143 3
"131" 139.764193189831 66.9049590562424 3
"132" 139.68440342986 70.5311521768981 3
"133" 139.655986395961 67.4501939675292 3
"134" 138.630894788729 68.8878397934549 3
"135" 137.451748758634 68.3739313574188 3
"136" 140.231398397691 68.5654449500759 3
"137" 139.909206676269 67.5570952186932 3
"138" 140.184485062126 68.2517328858023 3
"139" 139.759025603165 68.218764800501 3
"140" 139.822950963109 68.6490482008656 3
"141" 139.013235957646 67.9366473463144 3
"142" 140.565847757005 69.8322333067549 3
"143" 139.137617964921 69.3168649010306 3
"144" 61.6512203404672 15.5942236366394 3
"145" 62.4363778706447 17.5847298541714 3
"146" 62.0772925630958 11.5864794127591 3
"147" 63.0150922460968 15.615246812592 3
"148" 60.0855303004972 18.9958688852758 3
"149" 64.2905815022816 19.6066571071865 3
"150" 63.2841148865691 19.8985542142199 3
"151" 59.9267858007942 9.98988728618483 3
"152" 62.44738323663 12.7844730758385 3
"153" 62.3040131936617 11.1321939618276 3
"154" 63.7312816722947 21.8882485597946 3
"155" 60.1226298750575 13.968577769999 3
"156" 60.8996145986478 18.7729559612312 3
"157" 63.355567904229 19.6401021881738 3
"158" 63.9006450057584 11.1530533007007 3
"159" 60.1704923049557 19.068590976908 3
"160" 61.8974995386673 15.6055181537219 3
"161" 62.26483513887 16.6650598176701 3
"162" 62.5910215697521 12.8771455471624 3
"163" 61.4866075898883 20.3159936495664 3
"164" 64.7413226763235 16.7987999258876 3
"165" 61.6833095517335 14.7336482447609 3
"166" 58.3290037249726 20.1772451220082 3
"167" 59.7755595543022 11.4933010363368 3
"168" 60.0509622468004 13.8007087924022 3
"169" 61.177398782672 15.2165736223553 3
"170" 62.7357120966576 15.8173581941021 3
"171" 65.0985659173225 20.7307035509792 3
"172" 64.853717704354 15.3612074488092 3
"173" 60.8330270742125 17.1046810528461 3
"174" 62.6454964975238 12.3201424278365 3
"175" 63.4423885989069 15.7921265215732 3
"176" 60.1145324030334 14.7111979294045 3
"177" 59.8949107875435 15.0475525187781 3
"178" 63.2562739984766 20.3228127484879 3
"179" 60.096548620721 15.5316934160832 3
"180" 61.9330640547608 19.9256226593543 3
"181" 59.7913822930987 13.655369329097 3
"182" 63.4475432342755 14.1447654023494 3
"183" 61.2698622735576 15.2576808847796 3
"184" 61.8023587128301 19.8060559983148 3
"185" 63.9488071039435 19.6057610025386 3
"186" 63.9828920931259 16.1178620502654 3
"187" 64.8465622010418 19.0872280664387 3
"188" 62.4714563663441 17.7827620928635 3
"189" 63.3323393086587 14.4139340666859 3
"190" 63.6354945252642 11.8728016701513 3
"191" 63.8478457000466 20.6882406097032 3
"192" 63.2121602889869 15.2435455072639 3
"193" 61.3827138853697 14.0079773044833 3
"194" 60.8237481007228 14.3513864761983 3
"195" 62.217532678355 14.9611554189581 3
"196" 60.0024882200416 5.41617216426033 3
"197" 60.30233593819 14.9463155798559 3
"198" 59.9375071537193 9.6170597216983 3
"199" 60.7029589870839 15.7891202952608 3
"200" 61.8873777574849 20.7874536151502 3
"201" 62.8089144663727 17.5541499031331 3
"202" 61.864728799177 15.8913477504803 3
"203" 62.7071508688793 17.722510906135 3
"204" 60.8394253806097 14.6994168377324 3
"205" 61.8524806104806 15.9486609685355 3
"206" 62.4535184034838 12.7578587705037 3
"207" 65.1544958879718 16.8145098210423 3
"208" 59.4673193130791 15.5974171225453 3
"209" 65.3062372156438 18.2763432486882 3
"210" 62.5686950480129 17.0494200089207 3
"211" 64.5937297379763 13.4693929561376 3
"212" 60.4916893457068 15.048845043031 3
"213" 59.5918147922622 13.0747149971888 3
"214" 62.5296407458587 13.5163355973568 3
"215" 60.7821086240236 19.836708594778 3
"216" 59.7567384257174 11.2667668728922 3
"217" 61.6172315029362 18.1725130439599 3
"218" 61.2840745868896 9.69175039352253 3
"219" 62.2982250226779 18.4717315076702 3
"220" 61.5056839477649 14.4030182690025 3
"221" 63.1389951483829 15.0248702866287 3
"222" 61.7747585997797 19.0026109897975 3
"223" 62.5594706868003 18.9024729008723 3
"224" 61.1581576090253 17.7830022814595 3
"225" 64.651136737022 17.5495687330416 3
"226" 59.6865650581111 14.9929615637882 3
"227" 63.7224064391856 17.2257769283313 3
"228" 62.0060406827489 11.5914793768586 3
"229" 62.3455967321988 19.998424817961 3
"230" 60.9740359351442 14.33051176363 3
"231" 60.4038805090917 12.2467607816846 3
"232" 63.4146809393053 13.2496450700691 3
"233" 139.561142526423 67.923436818298 4
"234" 139.331559597938 69.1797297730977 4
"235" 139.564981963493 68.2842745304602 4
"236" 139.554578250952 67.8775425598436 4
"237" 139.188349507756 68.9760490697488 4
"238" 139.641970986669 70.240169379331 4
"239" 139.77666791957 68.2555139868721 4
"240" 138.404535750486 67.2485495590402 4
"241" 139.485485543123 68.5506211010772 4
"242" 139.343386574142 67.69105310591 4
"243" 139.036834228514 69.3446851678614 4
"244" 139.293940815716 68.5745508901467 4
"245" 140.125239459898 67.040520783078 4
"246" 138.385668891778 68.8324171131284 4
"247" 139.188303712249 69.212909599627 4
"248" 139.276793049089 68.5785604801036 4
"249" 138.69724300684 68.6994134942469 4
"250" 138.262051644571 67.9392357111324 4
"251" 139.775435254561 68.8874611525236 4
"252" 140.022897517495 68.069364482138 4
"253" 138.704031851753 68.818433836527 4
"254" 137.491207156307 68.2301923393448 4
"255" 138.261278143265 68.5014967285213 4
"256" 139.808433887999 69.9344043317492 4
"257" 138.640884713448 67.9776403129894 4
"258" 139.504435020875 67.9960303263959 4
"259" 140.047718619249 69.5958448684658 4
"260" 138.951173396106 68.9455408785971 4
"261" 139.920098642401 69.0985176275159 4
"262" 139.75511603719 68.7045845076286 4
"263" 139.414595580669 70.0423611582281 4
"264" 139.720821754394 66.617198124012 4
"265" 139.036125184616 69.2117305140482 4
"266" 139.705720718691 69.402749368177 4
"267" 139.610800785242 68.6185405508389 4
"268" 140.164572509334 68.9481338596979 4
"269" 139.584017638999 68.3290266897765 4
"270" 60.9531009013513 17.6590801270283 4
"271" 63.6348433805954 20.4002335380189 4
"272" 60.5743147798307 16.1418218154993 4
"273" 64.4256964818539 11.0169741195074 4
"274" 61.8311054445935 14.6320195203165 4
"275" 60.0339170719286 12.761323195367 4
"276" 61.2374211334158 9.91540393252195 4
"277" 61.1538765299755 13.9740605993133 4
"278" 65.7428845287243 12.6961280506491 4
"279" 60.2056455917605 13.6694241377865 4
"280" 62.7799779513121 19.566451898672 4
"281" 61.1699141707073 17.3068573723276 4
"282" 62.4688151226097 18.1854000143224 4
"283" 63.5571190108931 13.2152223987113 4
"284" 61.2552337885373 9.8187874279017 4
"285" 60.6955576071865 17.7418328388908 4
"286" 65.2721636074165 18.1406028195096 4
"287" 60.0500310386338 16.8947930151836 4
"288" 60.7955990691114 17.396821552446 4
"289" 63.7789036795271 14.1380610660122 4
"290" 61.9704838440641 19.8122434612104 4
"291" 63.7928617048521 20.9864800497787 4
"292" 62.0772413710433 17.2561856511476 4
"293" 59.7598029022964 15.5988846602509 4
"294" 64.5927374142147 14.0449639541973 4
"295" 61.7204299845321 15.3069721793239 4
"296" 64.8499781557289 10.6994661138257 4
"297" 63.1858472975639 20.9980074286143 4
"298" 63.3742463104595 11.6276996335448 4
"299" 60.2290523929005 19.4595291591869 4
"300" 61.2945965998862 9.05746107566668 4
"301" 61.7349292233448 15.8406573111942 4
"302" 65.4680501068079 13.6122897868936 4
"303" 60.6980550942981 15.2659629193022 4
"304" 62.0400264552622 13.0629303991086 4
"305" 62.8141208785257 20.936601213202 4
"306" 63.4420820882126 20.2190044937968 4
"307" 64.4023835805053 16.4528686424601 4
"308" 62.4958791738859 12.0750701399322 4
"309" 63.6946193700394 11.7079684477589 4
"310" 61.2119475931578 17.4604461761965 4
"311" 63.8224474714985 21.4541447411144 4
"312" 61.3925508721021 17.8392855628213 4
"313" 60.5661691342348 15.0172384244556 4
"314" 61.9781963260587 12.0918767362046 4
"315" 60.4939547418222 15.8715116550478 4
"316" 63.5324727875505 13.495074178115 4
"317" 58.7165884576161 20.5207551519556 4
"318" 64.7286529616673 14.8925327270604 4
"319" 61.2996684818982 13.8481253067619 4
"320" 61.2072818217349 9.44441643371709 4
"321" 61.9950792760802 15.3898470997478 4
"322" 64.089692972612 18.1736166790451 4
"323" 62.6424880789234 16.5145617746766 4
"324" 62.3982675766288 19.9411354337408 4
"325" 60.8111378102391 17.0792983189717 4
"326" 60.3098030188978 12.8176976719278 4
"327" 62.1782733137797 17.9061587628973 4
"328" 62.0298085444326 13.6937349511598 4
"329" 61.947043982594 16.9811864286061 4
"330" 64.3944616114179 22.8124984854805 4
"331" 60.6125190880007 16.888478294628 4
"332" 58.8295130072973 12.5364962674335 4
"333" 61.6541377031466 14.1854870350768 4
"334" 61.5205333721556 18.8655887285652 4
"335" 62.1468874319752 19.7626368377939 4
"336" 62.5877227518284 12.2281203745546 4
"337" 60.6569637957675 16.3472586842224 4
"338" 62.0692107040342 21.2076130567386 4
"339" 62.6397462808762 18.3168698596605 4
"340" 60.2603193486922 12.128182250791 4
"341" 62.4170654772716 19.9502054898149 4
"342" 62.2339397934666 21.8479742434254 4
"343" 61.6241587542744 14.9593378362737 4
"344" 62.6698477999015 15.7099336098963 4
"345" 64.6112660504987 11.3723904785485 4
"346" 63.5130135871753 13.2823633863887 4
"347" 63.4049514889455 11.8845664370596 4
"348" 63.020887258672 15.2470507207931 4
"349" 62.6197340181584 19.8117109083222 4
"350" 60.8226251773575 9.44318386988721 4
"351" 63.697912234912 15.9865496053928 4
"352" 61.1644821294825 19.3774868117839 4
"353" 63.3930404969852 13.3765374979292 4
"354" 63.8879020397743 13.4001287282619 4
"355" 60.5221140123726 17.9327982757805 4
"356" 62.1433247226354 19.6522292889151 4
"357" 141.002964526847 68.8782588657706 5
"358" 140.060848369071 69.1512647879479 5
"359" 138.244817324377 68.5842025390499 5
"360" 139.651291069157 69.51472901179 5
"361" 139.281104319947 69.6509271178191 5
"362" 138.6212964587 68.0045124699223 5
"363" 139.281237418867 69.1872489919472 5
"364" 138.194508056624 69.5316690987673 5
"365" 139.295327561827 66.9668914530284 5
"366" 140.182476090574 69.7324142804259 5
"367" 138.94530950105 67.1553348957372 5
"368" 138.938871735015 69.6555145463331 5
"369" 138.885154018734 68.0761348743721 5
"370" 139.943759734517 69.2494315590274 5
"371" 139.040248113883 69.7881179750673 5
"372" 139.057295850458 67.1763454014233 5
"373" 139.391676171847 67.636622364528 5
"374" 140.120364447427 70.2502027581219 5
"375" 140.984118306818 68.8054374350084 5
"376" 139.046764335258 69.5000253577715 5
"377" 138.562198158086 68.3331280552897 5
"378" 138.383959042792 68.9385386325818 5
"379" 139.967851616275 66.6938921781673 5
"380" 139.284878117993 68.8726961589759 5
"381" 139.645411256949 69.9994955550925 5
"382" 60.6461375620004 19.2193131068721 5
"383" 63.2821679793924 13.9910846254073 5
"384" 63.2308379016386 11.9310756367803 5
"385" 60.4921109315473 15.7878629056684 5
"386" 63.6617969079552 20.118755976179 5
"387" 64.811210914359 12.0161393370239 5
"388" 62.1875432977704 14.4603343637525 5
"389" 61.8487514146175 14.0935828201905 5
"390" 65.4470560529175 13.6084289086828 5
"391" 63.076525135948 18.7041393302462 5
"392" 61.230663680869 13.6738650509964 5
"393" 60.0247798310666 12.6702408834788 5
"394" 63.7705671236284 18.2983003517381 5
"395" 63.8399823182122 14.0765071837581 5
"396" 62.2152119515017 14.1596198829361 5
"397" 61.4707761668536 13.702430789794 5
"398" 59.5777097140334 13.4437314492181 5
"399" 61.8312678166101 16.7931101551692 5
"400" 62.7359934798967 18.2153836647523 5
"401" 65.7430346328207 23.4113598254305 5
"402" 62.5413851529086 20.8889796402615 5
"403" 65.039719937057 23.1737183460142 5
"404" 62.3284127758744 11.6341683114495 5
"405" 60.7714874584631 16.2756285859692 5
"406" 63.0043930490327 12.6947171680782 5
"407" 60.4227413099203 19.9241315654064 5
"408" 62.0309818853649 22.7014456164134 5
"409" 60.4868581453407 18.4059549867945 5
"410" 60.8563512365234 13.1838259223154 5
"411" 65.5116951682081 18.5275469396418 5
"412" 62.6956170824701 11.9983419497103 5
"413" 59.7383742031478 12.111432745619 5
"414" 63.8286234323907 13.0211634429695 5
"415" 61.8946610887378 21.150427470741 5
"416" 59.5140568771137 16.1581158019415 5
"417" 62.369373731399 13.9597049876503 5
"418" 62.0435964073365 14.6306575381499 5
"419" 61.763034013629 15.4069385950374 5
"420" 60.7959504502876 13.9468633157558 5
"421" 62.09845766449 10.99356354056 5
"422" 61.1006900031721 19.5270773170137 5
"423" 61.9164807423845 12.4874820035153 5
"424" 60.5127294255142 17.6705991944951 5
"425" 67.1930078554035 17.527705090471 5
"426" 60.5081039992674 13.1611988676358 5
"427" 64.7978292050922 15.9594029260783 5
"428" 61.7406511765937 14.9515665796009 5
"429" 64.2943461102536 20.8447929441098 5
"430" 59.6948539612599 20.1587481014829 5
"431" 62.4744646848765 19.2981191305912 5
"432" 65.4933141335091 12.6552533416148 5
"433" 60.1697611214515 17.8140107367385 5
"434" 62.6254550635271 18.7341281459609 5
"435" 63.1777020604158 11.2040704252347 5
"436" 61.1543928557689 9.16422259708043 5
"437" 62.1945007049281 19.8522890118483 5
"438" 64.3965387780555 14.9264349248064 5
"439" 65.7499094277186 13.2713805279168 5
"440" 63.0130532736441 14.0723917300997 5
"441" 60.7942557702191 11.4982460543662 5
"442" 63.0546878084905 18.6984522444824 5
"443" 59.9999008104689 9.86144669111407 5
"444" 60.324805823177 15.2401762994686 5
"445" 61.2704430598249 14.2523105860604 5
"446" 64.4214820571266 22.203317301046 5
"447" 62.5790971239134 19.7153248754361 5
"448" 59.174701900413 13.1527661303173 5
"449" 58.4687800007634 20.9635056519731 5
"450" 60.8043603048414 23.6206257047591 5
"451" 62.158582188468 12.0199838106411 5
"452" 139.467629008909 65.3924859573003 6
"453" 140.022023012779 70.1162818218194 6
"454" 140.075334662409 69.1827330434522 6
"455" 138.444867890082 70.3911245989046 6
"456" 137.668981497341 69.9143322122858 6
"457" 139.299694567203 68.8554732077912 6
"458" 139.698960937521 69.6466923274946 6
"459" 138.374657217054 69.8464194898269 6
"460" 138.521613908828 70.194182805579 6
"461" 139.563138340352 65.3476950614482 6
"462" 138.112690085794 66.8197768766572 6
"463" 140.665687253413 68.9007737698547 6
"464" 139.999918294159 70.1841954895659 6
"465" 138.625072942292 68.2798277371077 6
"466" 165.355566892759 88.9365320662105 6
"467" 166.573146860036 91.2754200148144 6
"468" 161.859292714355 91.0294882231853 6
"469" 60.8914261666796 9.56509729092558 6
"470" 63.4875633041628 12.2438349334571 6
"471" 61.4627185820477 18.0312633655806 6
"472" 64.013414872994 15.4689962486059 6
"473" 62.1181460645371 13.3281926377752 6
"474" 58.487778579952 12.6663586187319 6
"475" 61.9133421249214 19.3418178912206 6
"476" 62.3806867083734 18.879756389037 6
"477" 65.04524644808 16.0230196851947 6
"478" 62.2722366369862 22.8838832038956 6
"479" 65.4389316608507 13.8892620053832 6
"480" 61.4323572693541 11.391464016177 6
"481" 62.8515953988378 17.9261755840039 6
"482" 62.0563592445289 14.5351524571346 6
"483" 61.9534253691007 14.033394074565 6
"484" 59.7173944069276 16.9285544442287 6
"485" 64.6159938202177 17.2648534029865 6
"486" 63.6456669026441 22.746595079237 6
"487" 64.4426353803344 15.0692247681796 6
"488" 63.6449086629464 21.1632061909174 6
"489" 61.2801348734161 13.1832271720865 6
"490" 64.8909909365714 11.809727045326 6
"491" 63.3380025425686 11.3741322322514 6
"492" 61.4310319646611 21.3106107897075 6
"493" 58.508470497173 22.9340038942069 6
"494" 63.3060280161428 18.690666174184 6
"495" 65.7427496813866 10.9562354203201 6
"496" 62.0391057630487 16.3959301716986 6
"497" 63.2389575069062 18.3852296747341 6
"498" 59.5634045350626 18.031056502852 6
"499" 63.3042686790154 10.9720148955896 6
"500" 60.0526866701512 5.05617358076374 6
"501" 66.2529188229732 20.1478060209122 6
"502" 58.7995995694819 11.3547261983214 6
"503" 60.1425767736101 19.6543323578604 6
"504" 64.5627601026782 14.5462534780872 6
"505" 66.1145437827387 16.7848002940863 6
"506" 62.662792354217 14.6876815574246 6
"507" 63.6706446527799 18.979910483312 6
"508" 63.5149199272925 24.1770586763214 6
"509" 62.071859825408 10.7820515844173 6
"510" 60.6934942746039 13.8185480347714 6
"511" 63.9518310381313 15.6811677469088 6
"512" 62.74327744434 19.1203150275039 6
"513" 64.1257503512269 11.3775254830116 6
"514" 59.7602998233677 12.8605941040135 6
"515" 59.2290948700585 19.6410442209009 6
"516" 197.468007523604 144.626882899982 7
"517" 198.120456067726 144.174984590399 7
"518" 138.494037931275 68.5858581868757 7
"519" 140.729182259911 69.128707216649 7
"520" 138.340368262741 70.2624206613108 7
"521" 137.971113380155 67.4212935638084 7
"522" 164.868801524582 85.1064431714217 7
"523" 161.979361046645 91.1922241406437 7
"524" 167.48013564537 95.4497221019534 7
"525" 160.875773873824 91.8743381585398 7
"526" 170.312153225148 91.4239798941266 7
"527" 161.555924618787 86.4559621686284 7
"528" 165.196600638654 88.660117635676 7
"529" 166.708141868679 91.8008969835352 7
"530" 165.328054652804 88.8919202088806 7
"531" 167.598713222547 86.654599657346 7
"532" 166.001555373881 89.4624509194696 7
"533" 163.169294222786 91.7418667656008 7
"534" 166.300097832119 91.2113342835147 7
"535" 162.275882025306 90.092912478236 7
"536" 166.273904496097 91.9516588330518 7
"537" 162.635814005571 89.9478126186243 7
"538" 161.507732245152 89.961241771701 7
"539" 163.765836304694 86.1050866458512 7
"540" 166.715118800847 92.9993068913562 7
"541" 167.055777700386 90.5150856805313 7
"542" 161.216102165283 89.1146288178489 7
"543" 163.605145416292 90.43234624117 7
"544" 164.201520295711 89.2612870835795 7
"545" 168.890752208711 89.622721384301 7
"546" 161.250755332219 91.8227597117273 7
"547" 166.002574372427 91.6176307337537 7
"548" 166.08955542497 91.298761787286 7
"549" 165.709908397273 89.7720865471232 7
"550" 164.316606332355 89.187903148543 7
"551" 165.39433673964 88.9119159149651 7
"552" 164.432041945055 90.6128233555118 7
"553" 166.658486182829 91.4793036739375 7
"554" 163.943303328436 95.1280649654474 7
"555" 170.263472089152 91.7199910957817 7
"556" 165.321917111157 91.5728522984329 7
"557" 159.578802377096 90.3882775974261 7
"558" 167.390357531313 91.6960314677731 7
"559" 61.9487908729794 16.3140792968262 7
"560" 64.6668785472616 20.9452216983267 7
"561" 61.3236357468888 23.4007533670984 7
"562" 59.5649772019825 20.739715734255 7
"563" 61.011146701252 16.2572888182622 7
"564" 61.3133992663927 19.4197768884677 7
"565" 60.344780488842 13.246464466784 7
"566" 64.6964303241967 14.49040294706 7
"567" 65.1553134189124 16.3508312781232 7
"568" 62.7273309004995 21.2312231109299 7
"569" 59.5136237055797 19.688963109455 7
"570" 61.4534641397158 16.7566230917655 7
"571" 60.9322922646696 17.987885995467 7
"572" 58.9945623584673 21.3410683988623 7
"573" 64.251409272153 12.447023017206 7
"574" 65.0043447907166 14.7957702293791 7
"575" 63.4739644066149 11.1516129576074 7
"576" 63.3792469220863 21.3277657714992 7
"577" 60.2912044889941 6.38367632135472 7
"578" 62.2167529363091 19.001283911286 7
"579" 62.0332669826495 10.5068372944851 7
"580" 59.3280027861621 13.2793324306208 7
"581" 60.8896138370536 19.0427001133811 7
"582" 68.4749658575192 11.982096421532 7
"583" 61.9406360734836 16.2187348207298 7
"584" 59.7935044647258 17.7064670295238 7
"585" 62.7306226339134 12.4934142241431 7
"586" 59.4548282457395 15.7789983248455 7
"587" 64.8932920939867 21.470299425292 7
"588" 61.16994621586 16.9455048581784 7
"589" 62.6991194113128 14.5821081820281 7
"590" 61.1634035951325 16.3741944232511 7
"591" 62.2376610276442 23.9966517332176 7
"592" 61.8238984844924 16.3963960391644 7
"593" 62.8624226452354 13.4333029530877 7
"594" 60.2979437276984 19.7491784125808 7
"595" 62.7931714697687 19.3112089753047 7
"596" 61.9617756424538 26.5263290466213 7
"597" 63.1324415850915 9.95156642336284 7
"598" 58.5788558104648 21.2682699046696 7
"599" 64.6275145783054 10.9518848121345 7
"600" 198.021124112112 145.468822711631 8
"601" 197.566774897902 145.786106727341 8
"602" 197.377712519722 144.983646648859 8
"603" 196.435555664829 145.958714450149 8
"604" 196.528026988958 144.629552406492 8
"605" 197.676842578851 144.500579201326 8
"606" 198.333675599762 145.75177231839 8
"607" 197.327307623762 144.536918458132 8
"608" 199.008261266792 144.844732814279 8
"609" 196.961851495455 144.174435058109 8
"610" 197.390523071952 144.757021809453 8
"611" 197.966960169241 143.899736493208 8
"612" 197.780550817192 145.441899677937 8
"613" 197.268916791345 143.163724833178 8
"614" 197.426773982752 144.818150324832 8
"615" 197.744937246334 145.384993815999 8
"616" 197.252146365684 145.140491020294 8
"617" 197.408831926637 145.479399478559 8
"618" 197.448976427963 144.091405884548 8
"619" 195.642924584005 144.982379507681 8
"620" 196.973788763916 143.624837357976 8
"621" 197.450885020892 144.919609025666 8
"622" 198.632990797963 144.245665771444 8
"623" 198.442144783623 144.054643519956 8
"624" 197.480689275121 146.13515301304 8
"625" 197.650123487516 144.867811337959 8
"626" 139.132908643768 70.0158616706253 8
"627" 138.061957789371 67.7433426157473 8
"628" 137.499172234485 176.311191585752 8
"629" 135.134974931539 179.361633204103 8
"630" 166.202330868788 90.1009850073839 8
"631" 162.339130263087 85.7160328767322 8
"632" 166.50119505015 92.0433105181696 8
"633" 166.589835354932 88.9986291520814 8
"634" 160.248863449923 86.4355106601132 8
"635" 160.524691712379 92.7511497414277 8
"636" 163.615330050786 95.0183696657511 8
"637" 166.27591946241 89.624691234296 8
"638" 164.397945945434 90.6494418068404 8
"639" 167.150660364393 92.2872307484338 8
"640" 166.093896339691 89.7968629192445 8
"641" 163.239440028883 86.1113023916923 8
"642" 168.779850098571 90.0871110840049 8
"643" 166.430245754461 90.2154309021513 8
"644" 164.036148778992 89.4153458877033 8
"645" 162.675740239337 90.043128952315 8
"646" 164.456193159112 90.6131422404571 8
"647" 159.919461371454 90.5022984236555 8
"648" 166.994209694568 91.0362889034767 8
"649" 162.608312236356 90.766725653212 8
"650" 169.213484549678 84.8772873641814 8
"651" 165.04212465376 91.7149985752303 8
"652" 165.631436424018 94.229728627657 8
"653" 165.61360152797 90.4084339942469 8
"654" 162.589354786953 90.7448194527902 8
"655" 165.316254460485 92.0730208362754 8
"656" 171.776299259852 93.8531719653265 8
"657" 166.965394564388 87.6161235625962 8
"658" 166.026730424116 89.0919710362075 8
"659" 164.238033526424 89.2386866960955 8
"660" 165.007254221852 90.7621911097347 8
"661" 165.956046505448 88.5888186990978 8
"662" 165.500351517651 91.4561337864322 8
"663" 163.404353800057 88.6851741712177 8
"664" 163.549413967184 90.0771042507401 8
"665" 166.05714497046 93.5573281767784 8
"666" 165.003372660619 89.0963344015094 8
"667" 166.448899444645 89.7970041862788 8
"668" 165.784863985499 88.9026093085679 8
"669" 167.291667762059 91.5097086673744 8
"670" 160.665488437797 91.5735294128751 8
"671" 161.693196832678 92.0069992333887 8
"672" 162.538102656186 89.7763436249085 8
"673" 166.857256168749 91.891220888558 8
"674" 169.712983963067 88.658157702706 8
"675" 164.677152988521 94.541066890041 8
"676" 168.260790772747 95.9574902553131 8
"677" 163.985195355785 90.068360764703 8
"678" 162.880666627981 95.4668359885681 8
"679" 166.020782765213 91.3845679472538 8
"680" 167.627263064433 90.7926390751765 8
"681" 166.741806710767 90.1861554784728 8
"682" 164.631618608972 89.1994305432844 8
"683" 155.350493484857 93.5906856219195 8
"684" 163.682995678124 92.0590687131507 8
"685" 167.312263410476 91.865523528525 8
"686" 161.440407103651 91.6514992927326 8
"687" 163.861381502899 83.80038911486 8
"688" 163.205011221645 87.906621635912 8
"689" 162.479636306685 92.0484250289141 8
"690" 163.62941218278 92.2891145968674 8
"691" 168.748761663434 90.5685584589871 8
"692" 165.521248724102 89.3940886002198 8
"693" 164.369937643118 90.0687934702506 8
"694" 167.512930587393 93.4919333403285 8
"695" 162.835363482053 89.8054209550765 8
"696" 164.868340134941 90.5378670566482 8
"697" 163.575244038451 90.0088829002555 8
"698" 161.842837241925 86.9692208280403 8
"699" 163.554576048447 95.5556926113391 8
"700" 165.224952621781 88.659842970372 8
"701" 162.515021234451 88.9065657202488 8
"702" 170.099202448278 91.7283360732544 8
"703" 163.791966766242 94.2156341659234 8
"704" 160.520844762411 91.3889977967771 8
"705" 165.46489568879 90.9029251372924 8
"706" 162.210594997037 86.0882002636964 8
"707" 166.604321873958 85.5946707411058 8
"708" 171.097074826878 88.8912282673978 8
"709" 158.850328942267 90.2251648625695 8
"710" 164.029562107498 94.5764754727552 8
"711" 170.361499962934 91.6405982133755 8
"712" 172.018423208345 90.4314773172124 8
"713" 165.908796966442 92.0343118116518 8
"714" 165.727274206188 93.0637467507235 8
"715" 163.631079229656 86.1493571196102 8
"716" 161.071202359069 87.931192943943 8
"717" 164.96400335744 89.0857965700372 8
"718" 164.539989033715 94.6378715461089 8
"719" 164.856190417671 93.0741753251227 8
"720" 162.049946424898 91.2820282960588 8
"721" 164.360902345513 89.2782496825439 8
"722" 165.89937399216 92.4177977587635 8
"723" 161.160237782156 90.2353687548883 8
"724" 164.34172574576 89.0255597026127 8
"725" 166.841113952634 91.7250070945753 8
"726" 161.11873582446 90.0161672126424 8
"727" 168.904322386463 89.9080708913665 8
"728" 166.67055895952 91.7334798358574 8
"729" 161.596861067929 89.2302496742481 8
"730" 165.076859104494 91.0539739962059 8
"731" 59.2232993942698 16.2307132562726 8
"732" 63.7861376854212 14.7418993530988 8
"733" 61.456828722609 16.7040179127962 8
"734" 58.226353605122 17.5289597413572 8
"735" 65.6360296871716 17.6522472750034 8
"736" 59.0628790782729 22.9228369782045 8
"737" 61.9176052101365 10.4410978965523 8
"738" 64.4987996541831 21.2115653918503 8
"739" 60.9534760642156 16.3291289239896 8
"740" 60.5891631865051 21.2311458235045 8
"741" 63.94369639956 14.5471744485181 8
"742" 61.0831675797306 16.7402822129343 8
"743" 61.4943757276796 19.4219235585674 8
"744" 65.8869405844225 10.7951673842868 8
"745" 61.1971276820742 16.1625409246196 8
"746" 61.1896015114704 13.0643106820241 8
"747" 63.4103651422509 19.1331437132357 8
"748" 64.1400493348128 14.2679112653225 8
"749" 61.8116448948857 12.8393516545449 8
"750" 61.4753231700877 10.8109807784051 8
"751" 58.4344874093703 19.0714352204293 8
"752" 59.2552325920852 9.86766050806223 8
"753" 62.5966280653083 24.5585725905463 8
"754" 65.5738207167656 26.4305001569201 8
"755" 61.256759400693 12.6579697449293 8
"756" 62.7307608592523 7.79138880851173 8
"757" 64.8654466840049 20.0345801561309 8
"758" 59.9502164037634 22.1978359083978 8
"759" 64.2838225283096 20.5687400990613 8
"760" 65.1900747017736 9.42917652731035 8
"761" 62.8964025421068 24.5716096431049 8
"762" 197.008448034023 145.377603838442 9
"763" 195.951493355751 145.166880565479 9
"764" 197.656936485614 144.766890111215 9
"765" 197.407090192263 145.507455111266 9
"766" 195.993908410516 144.83074290042 9
"767" 197.545795316943 145.993413407963 9
"768" 197.802208062423 145.618338993624 9
"769" 197.399629004858 144.43768345926 9
"770" 197.977114362456 145.350930385175 9
"771" 198.024956555722 145.89230881473 9
"772" 197.288870010177 144.888171716413 9
"773" 197.464030314933 144.793312902402 9
"774" 197.453539917905 145.37733712774 9
"775" 196.597547809398 144.578452001297 9
"776" 197.22215244151 145.185331371434 9
"777" 198.040216379396 145.347415675795 9
"778" 197.743231134582 145.635786199407 9
"779" 197.782419580933 146.042184430971 9
"780" 196.961961726028 144.922854691957 9
"781" 197.103298257561 144.731689629215 9
"782" 196.661456984039 146.131893883764 9
"783" 197.426375118273 143.679775704843 9
"784" 198.17973276412 145.615289943069 9
"785" 197.767756677004 145.46947611818 9
"786" 196.657733260242 146.642447863676 9
"787" 197.468478064502 146.121319625416 9
"788" 197.556796091674 146.395263388517 9
"789" 198.042599504399 146.074456928241 9
"790" 197.454368974013 146.313302067269 9
"791" 197.782059700591 145.528167003036 9
"792" 197.41614422501 144.944861543123 9
"793" 196.220444509441 144.350139720882 9
"794" 197.820239376881 145.503382826786 9
"795" 197.870679640578 145.4622667838 9
"796" 198.426717050403 143.936762229904 9
"797" 197.612870067913 145.038545141448 9
"798" 197.928979321425 146.024697103162 9
"799" 197.929313794398 145.657084972294 9
"800" 197.351797895355 144.987234516284 9
"801" 197.194007532444 144.603404132629 9
"802" 197.696044659227 145.864260997041 9
"803" 197.210254193192 144.824813784883 9
"804" 196.838437262157 144.217369362939 9
"805" 196.931190053133 145.506157438764 9
"806" 197.605940540587 144.434944159999 9
"807" 197.549285544174 146.089621097049 9
"808" 197.715822589169 146.176922790261 9
"809" 196.250838908716 144.633325827361 9
"810" 197.462611520214 145.721045534422 9
"811" 196.025002108659 145.183698880077 9
"812" 197.687958951236 145.578152507539 9
"813" 197.566236077336 145.821217282621 9
"814" 197.693828488918 145.618318055137 9
"815" 197.288686991694 145.195068525261 9
"816" 196.951158212793 144.971442825924 9
"817" 197.536008280901 146.278858504535 9
"818" 197.350701937094 145.10455096361 9
"819" 138.422445145736 68.0804311810895 9
"820" 139.21203457253 67.3954239299156 9
"821" 138.682266991328 67.6708360606015 9
"822" 138.028079294239 68.0031619159494 9
"823" 139.208372846814 69.9432762814037 9
"824" 139.236042958673 66.8092723380078 9
"825" 135.558394098305 176.772455618831 9
"826" 137.447439347757 178.520102284206 9
"827" 137.862753673017 177.720104512327 9
"828" 135.345523728902 174.364730570244 9
"829" 137.96528999147 174.792059341198 9
"830" 135.274322830989 179.158608795523 9
"831" 134.032074409092 173.506903058932 9
"832" 137.729567103581 174.955683367215 9
"833" 136.453177937929 172.805726189098 9
"834" 138.187169114726 175.863183370396 9
"835" 137.367782839431 176.05892782768 9
"836" 138.543224881349 175.756054997963 9
"837" 136.859244683861 170.720588714345 9
"838" 136.23067571095 174.210499324258 9
"839" 137.684753938708 174.915486437474 9
"840" 135.70181519958 174.759215789563 9
"841" 137.7182806393 176.148513801402 9
"842" 133.764167818964 175.632192905455 9
"843" 133.870665129881 180.179854797715 9
"844" 136.760873545176 179.467659546134 9
"845" 134.173150102093 177.165182515045 9
"846" 138.505781145479 173.554428846739 9
"847" 137.572340269395 176.386290922144 9
"848" 136.973218098607 177.305946288677 9
"849" 160.669436987938 86.0728833503683 9
"850" 164.489433700021 92.9236067697765 9
"851" 164.14545172269 89.3809135158194 9
"852" 164.763468810595 94.0577522457386 9
"853" 167.205793180895 91.0142567729774 9
"854" 162.472016663262 94.0130308363816 9
"855" 162.792812332066 89.420490055053 9
"856" 162.898897238225 89.2901384906585 9
"857" 167.113378026871 87.5420704600479 9
"858" 160.04856118162 90.5637240427185 9
"859" 170.377077708606 85.7170625767066 9
"860" 168.955243871129 89.1953951059606 9
"861" 166.226977184671 88.1980121797476 9
"862" 168.344300495273 90.036608536786 9
"863" 162.426668476139 89.636435754912 9
"864" 165.774448786311 92.0920570600703 9
"865" 165.830672750902 92.248925354168 9
"866" 166.088191117417 90.0548293282636 9
"867" 163.705693834012 88.8986333587496 9
"868" 165.763410036846 93.497914064977 9
"869" 169.391566616042 89.4339365481569 9
"870" 161.590611545976 89.0393522866681 9
"871" 164.677569934268 92.2153524680762 9
"872" 166.535446693958 93.2983900914886 9
"873" 162.301242349598 91.0318757491989 9
"874" 165.627975358177 94.7084985993946 9
"875" 161.47446188406 84.3436232289057 9
"876" 165.071367237473 91.5649582126666 9
"877" 166.061759789174 94.4404555821952 9
"878" 166.937809630571 93.0498702620755 9
"879" 167.320036393349 85.4180296469569 9
"880" 163.674377827645 89.128403962051 9
"881" 163.69184692563 88.9622946043843 9
"882" 163.5796846204 89.4140475576453 9
"883" 165.781120935191 91.9151904970287 9
"884" 165.579087254212 93.3774882829729 9
"885" 169.887940109178 89.2475504825911 9
"886" 166.95294126865 88.0061895762648 9
"887" 162.246324196966 92.0599644146308 9
"888" 164.076991800074 86.4976363441403 9
"889" 161.823759437902 89.5604187728094 9
"890" 160.558913774549 91.2430334048874 9
"891" 166.252211081283 89.7825373310855 9
"892" 164.14362429207 89.8052366359326 9
"893" 165.868163518893 88.4258185018365 9
"894" 167.168106678875 88.8086022256636 9
"895" 164.176341921335 93.3947011477001 9
"896" 164.777726249316 90.3367211471198 9
"897" 165.906728524165 89.7693681691866 9
"898" 165.697790018472 88.496265407513 9
"899" 165.828073045265 92.0618952473942 9
"900" 161.96795887468 89.7250668208082 9
"901" 164.063562166558 90.6098381017197 9
"902" 161.567453254365 90.1498734837306 9
"903" 169.126223317649 89.8589109677014 9
"904" 165.629449194121 94.1728191662769 9
"905" 164.674466449444 89.5053183868256 9
"906" 164.524881848201 89.5504481040274 9
"907" 169.247811779929 92.3011939576447 9
"908" 164.362343439305 92.9900209160996 9
"909" 163.864267777645 86.3071096561455 9
"910" 164.496347317694 89.3277148918839 9
"911" 161.720532773769 88.9229938642119 9
"912" 163.346282304307 91.2532683807416 9
"913" 168.530620746712 95.9980828791367 9
"914" 162.879366453763 90.1243216640079 9
"915" 164.540496807426 89.6116221869185 9
"916" 166.539393131541 89.6444272288564 9
"917" 163.520992614928 94.079481728359 9
"918" 164.076599675536 90.6767960828309 9
"919" 159.037620238847 87.1725112260993 9
"920" 166.042114751375 89.6480958238575 9
"921" 164.429994660949 91.1062311512242 9
"922" 166.197669970675 93.6791821857221 9
"923" 167.851667025171 87.1431638576065 9
"924" 165.976838896028 86.3349692083256 9
"925" 163.560163914736 92.2410340262811 9
"926" 167.838000956 91.0532478067298 9
"927" 162.52980563916 83.8940115838652 9
"928" 172.929469245393 94.4098323596122 9
"929" 165.922349079558 88.4924098412281 9
"930" 165.2169557537 92.6428787457095 9
"931" 165.663597999308 92.3140074964124 9
"932" 163.548719438611 89.5944534452351 9
"933" 167.229906928507 95.4479685837888 9
"934" 164.583263739787 93.0228881768249 9
"935" 162.91874420903 92.8576454213633 9
"936" 157.294403417817 90.0509480668965 9
"937" 167.081940572008 91.9533586456565 9
"938" 166.966887921461 89.8943698461186 9
"939" 163.969479225042 83.4401408597187 9
"940" 168.120814319149 93.0900903054048 9
"941" 166.497465550112 92.2091629626376 9
"942" 169.425956520524 87.2262312172052 9
"943" 164.524626917208 90.0105342786116 9
"944" 167.613668426447 88.0313288622447 9
"945" 165.816588711924 93.1037137977307 9
"946" 164.161320113649 85.4613629305646 9
"947" 165.702157352577 89.5758932423509 9
"948" 61.0023146162366 23.3655697158728 9
"949" 65.6945648598002 11.1987793394767 9
"950" 66.6813013505388 11.7835131699609 9
"951" 63.4952828600487 17.8141607705746 9
"952" 61.5111424924411 17.5564028331456 9
"953" 62.9400992851268 7.5542902613201 9
"954" 61.6848240867753 13.2985573952141 9
"955" 63.8169623983051 14.8218710924498 9
"956" 65.0142476601799 17.345751945393 9
"957" 62.0530244669451 24.1225272210798 9
"958" 57.9202787226412 17.5196821543102 9
"959" 63.7962391122586 13.719155297412 9
"960" 62.9736565332672 24.6852531427056 9
"961" 63.8601278938299 19.1304330969569 9
"962" 62.1138388214876 9.82317485791423 9
"963" 61.0935879586881 11.71459681274 9
"964" 63.6335904955222 9.66875155101324 9
"965" 63.4895670884117 10.324734907248 9
"966" 62.7146523417214 13.738030717755 9
"967" 59.1875159851851 22.6507756778334 9
"968" 61.0513374742733 13.0367811343612 9
"969" 62.7459452644819 9.70453163426805 9
"970" 65.522386435662 15.9099984666107 9
"971" 64.5547523063885 20.4468324454293 9
"972" 57.3051902267557 18.455330897074 9
"973" 62.7226538455322 14.3915050473834 9
"974" 62.4252401616633 14.6068031267483 9
"975" 63.4605785204692 21.7860272829835 9
"976" 58.8542265002302 16.5353509469926 9
"977" 61.6300137560036 23.0907467821236 9
"978" 195.782642093852 145.335792731163 10
"979" 196.091642955503 144.557410518121 10
"980" 196.895025072084 144.99064392184 10
"981" 197.730521027894 145.971350423147 10
"982" 196.669320153823 144.373286218469 10
"983" 197.536415847467 143.831988349015 10
"984" 196.666915252534 145.751327387226 10
"985" 197.301782181481 145.940536649613 10
"986" 197.148378343968 144.149160352746 10
"987" 197.319387745224 143.953297899433 10
"988" 197.777804077147 144.983007262376 10
"989" 196.79219836094 145.643670865799 10
"990" 197.336054718268 145.761375475913 10
"991" 197.395354750296 145.75646246394 10
"992" 197.178047055188 144.634324260188 10
"993" 197.956930327935 145.876471678776 10
"994" 197.773072825677 146.015689278445 10
"995" 196.090450898997 145.420801601972 10
"996" 197.226690525155 146.344881013236 10
"997" 196.992681514589 144.582379947897 10
"998" 197.91197087193 146.507318631576 10
"999" 196.150706210945 145.174436068797 10
"1000" 196.693364144756 145.379456644376 10
"1001" 197.435823242405 145.813690812828 10
"1002" 197.891113729256 146.071417944859 10
"1003" 197.757755136281 146.432876877754 10
"1004" 197.194625925467 146.403984089811 10
"1005" 139.390589889887 65.8574682194114 10
"1006" 138.512891518978 69.2365039013788 10
"1007" 140.664418415947 68.6165493591667 10
"1008" 136.780333256106 176.975756402582 10
"1009" 139.3071897811 173.833573657004 10
"1010" 136.752368032217 173.490935516307 10
"1011" 138.568556024011 175.831550653341 10
"1012" 135.48601980169 174.017859846252 10
"1013" 137.026107734103 178.835274213136 10
"1014" 136.981801580454 179.734129852476 10
"1015" 134.825344448952 178.246394725501 10
"1016" 135.855909446406 174.730682479437 10
"1017" 135.312788692708 178.715528474862 10
"1018" 135.21266158603 174.430117658699 10
"1019" 136.82236601605 177.960905971728 10
"1020" 135.35062005216 174.352369874214 10
"1021" 133.458717957047 174.894449398858 10
"1022" 140.036646200539 178.127938730648 10
"1023" 137.126359865899 175.938702141615 10
"1024" 136.670307520105 179.82778861497 10
"1025" 134.085368333708 173.548498370629 10
"1026" 134.082881581568 175.288580775919 10
"1027" 136.472277683978 179.341601790281 10
"1028" 132.823929830164 176.667523359011 10
"1029" 139.547782465891 180.575072097701 10
"1030" 138.643611609053 175.691127271425 10
"1031" 134.543195158225 177.200270429288 10
"1032" 135.552868206287 178.862684235425 10
"1033" 133.176681654968 179.07350055528 10
"1034" 135.134407809337 178.821427628321 10
"1035" 136.272669481016 174.320548362076 10
"1036" 137.149028004175 178.043682812069 10
"1037" 134.154272642791 180.327252292643 10
"1038" 135.120225114968 174.362536569001 10
"1039" 137.991997067742 174.72848319832 10
"1040" 139.726764692135 175.478817457651 10
"1041" 133.499926757553 181.449991753507 10
"1042" 133.893158699575 172.775295089144 10
"1043" 135.706602607384 173.569778050875 10
"1044" 138.277054860267 174.060561242475 10
"1045" 134.781011538129 174.451002708337 10
"1046" 136.142050232219 174.541601596623 10
"1047" 133.709221343675 178.186758209231 10
"1048" 135.004701755636 169.715807653096 10
"1049" 137.083599508737 178.668312956255 10
"1050" 136.147577779887 177.981355758269 10
"1051" 135.613567724601 174.523711705642 10
"1052" 136.548643470362 170.427941438273 10
"1053" 137.331193148436 178.804919719226 10
"1054" 135.830185700396 171.313486763865 10
"1055" 134.161432630468 174.732374544432 10
"1056" 134.15655555591 174.51995306223 10
"1057" 133.669285336984 179.655373615186 10
"1058" 133.692096131308 173.94694632102 10
"1059" 134.812312981154 173.868750897695 10
"1060" 136.496655475356 178.529473387795 10
"1061" 136.722596827362 179.218818648663 10
"1062" 139.13143115344 175.845720257977 10
"1063" 137.654653153847 177.360525907234 10
"1064" 134.170822590635 175.007317474161 10
"1065" 136.209158456416 174.014303417186 10
"1066" 137.104648241388 178.849435277739 10
"1067" 138.304119656949 173.047858624287 10
"1068" 136.464817825388 177.452204597158 10
"1069" 134.207382638544 177.178462147895 10
"1070" 136.045898483284 174.304018438873 10
"1071" 135.380374819812 168.264099653505 10
"1072" 134.881105381698 173.511076355155 10
"1073" 136.934649749002 172.366372349591 10
"1074" 139.393167721453 176.491612223571 10
"1075" 137.494746102081 177.963281111029 10
"1076" 132.823796874374 168.321794162702 10
"1077" 136.493221437585 174.148555235159 10
"1078" 137.165624511072 177.256521937584 10
"1079" 162.235883987127 86.2761487534928 10
"1080" 167.861212651807 90.236771304713 10
"1081" 168.08734018566 89.8627009078943 10
"1082" 160.389938358172 93.3061828259624 10
"1083" 169.641743777153 89.0918063792795 10
"1084" 160.893958290483 90.6853437708023 10
"1085" 164.527762435393 87.0260835741428 10
"1086" 163.146278661545 90.5525199022438 10
"1087" 167.827304508636 92.8446574946067 10
"1088" 163.44102842997 89.513723628852 10
"1089" 162.763989193027 89.0932187980533 10
"1090" 164.472588231888 89.549901609142 10
"1091" 166.902578807797 88.5449269154878 10
"1092" 167.834544710166 90.7418435117276 10
"1093" 165.483017454968 93.8785527600927 10
"1094" 163.811404196244 88.6125077349732 10
"1095" 167.121756607446 91.5142279171451 10
"1096" 166.624503217052 89.6664648059475 10
"1097" 168.238753522978 92.7673219118599 10
"1098" 160.615796803766 92.0996699247308 10
"1099" 168.213743115691 87.9967776636963 10
"1100" 165.163696937793 95.2638147960479 10
"1101" 167.499526771455 87.3440861533673 10
"1102" 167.76354311196 88.4607221993392 10
"1103" 168.076261492196 87.1387678360658 10
"1104" 167.907889541988 87.9368806273926 10
"1105" 164.056308762516 88.4608858719643 10
"1106" 167.405633931478 85.4315935603736 10
"1107" 167.197836193752 88.5175487532876 10
"1108" 161.57710437151 92.2678499501449 10
"1109" 164.668469677375 90.3893906275242 10
"1110" 159.570061816148 90.769051813829 10
"1111" 168.714719453182 90.8543741297308 10
"1112" 162.643925656371 92.2745128977687 10
"1113" 167.556673637632 85.0814501437189 10
"1114" 163.836475450745 94.4044823555776 10
"1115" 165.220173618549 92.6388647571586 10
"1116" 164.700689772112 93.3915914399654 10
"1117" 167.315105518036 92.4970744960804 10
"1118" 163.83770329814 92.7722565555991 10
"1119" 163.414313443931 88.5230619879873 10
"1120" 164.34104182787 93.3177558768148 10
"1121" 164.285303731423 86.9349613418679 10
"1122" 167.507057678694 91.9488849041057 10
"1123" 169.247954668799 92.4637113420859 10
"1124" 164.334016880504 85.6236303901099 10
"1125" 162.997817995478 91.0670368377646 10
"1126" 167.611179991927 93.8779116191911 10
"1127" 163.986000728966 91.1443481840698 10
"1128" 161.607542086836 87.0208073923899 10
"1129" 167.543797245763 86.1166811036989 10
"1130" 167.187238564041 91.7047438774799 10
"1131" 163.640934214086 91.2817949807045 10
"1132" 162.492309981591 93.6231458800784 10
"1133" 166.061677523641 90.2059594193104 10
"1134" 159.779372351284 89.7320528754985 10
"1135" 172.870039707575 86.8510071806098 10
"1136" 167.375833875799 93.3035769443549 10
"1137" 159.343046644426 92.1841611717886 10
"1138" 163.701434894559 89.4691717110847 10
"1139" 165.52661717189 93.1073239031605 10
"1140" 168.577671035499 90.6963530360513 10
"1141" 167.176262542028 88.6288332353745 10
"1142" 169.472568145322 85.2520338154231 10
"1143" 163.076096331327 83.4713719597078 10
"1144" 163.54450467681 89.5706028787075 10
"1145" 164.087176472834 88.4170238499787 10
"1146" 163.272693121844 93.1103082588841 10
"1147" 165.70905557554 88.3810382236953 10
"1148" 161.717514166278 86.7815089136047 10
"1149" 166.538449369201 91.0734470279862 10
"1150" 62.8838298757088 10.036471936148 10
"1151" 63.4675620724731 17.9180672745889 10
"1152" 63.6552843350625 16.2739025380871 10
"1153" 60.3129899871144 13.4556057034448 10
"1154" 63.5133671570161 9.54210562075168 10
"1155" 60.2929961438305 21.3005293855543 10
"1156" 61.9714447750738 17.4733897636638 10
"1157" 62.7982320983547 22.8758429248269 10
"1158" 63.0331105618044 9.15000388342726 10
"1159" 58.9233643687264 18.3382036674819 10
"1160" 59.4924228126123 9.64557541138298 10
"1161" 60.848759184028 13.3182657137413 10
"1162" 64.2537024903099 18.9873401271271 10
"1163" 58.6906023243091 18.0582791238042 10
"1164" 57.873309134354 22.9924205347258 10
"1165" 194.970636024886 145.240729380071 11
"1166" 195.70203345609 145.434610064082 11
"1167" 196.587049588198 145.459791149056 11
"1168" 196.895220953631 144.702316833009 11
"1169" 196.201928897764 145.822499469493 11
"1170" 196.596230571928 145.878147560158 11
"1171" 196.836748406637 145.321267418931 11
"1172" 195.927346086829 145.509641686535 11
"1173" 196.505202292429 145.349863579662 11
"1174" 198.653788439815 145.47678619545 11
"1175" 195.684177767308 145.459900580829 11
"1176" 197.167285541955 146.004473888029 11
"1177" 195.97030702239 144.551866204515 11
"1178" 195.96475528434 144.185602366313 11
"1179" 197.93151303955 145.046239606599 11
"1180" 197.16692707184 145.545182440679 11
"1181" 196.599992942126 144.40725364073 11
"1182" 138.466328862366 66.8018863744346 11
"1183" 134.970702352513 174.27557426092 11
"1184" 139.26612129398 176.316943294132 11
"1185" 133.962017873669 174.407193557649 11
"1186" 134.989006425702 173.767296036811 11
"1187" 136.172236246712 174.542414656654 11
"1188" 133.577090087256 174.606807247809 11
"1189" 134.934664456262 178.801426246293 11
"1190" 133.36037547782 178.289992402083 11
"1191" 136.125035507552 172.285098609416 11
"1192" 136.833313049767 178.108333955363 11
"1193" 135.973211532515 174.704079320478 11
"1194" 135.568054224309 174.083464048076 11
"1195" 133.579529514428 173.830953475476 11
"1196" 133.060794379013 177.851810320321 11
"1197" 134.434768335062 177.889380841073 11
"1198" 138.658087210948 175.543604451976 11
"1199" 137.425859084238 177.491784593701 11
"1200" 133.060034533954 177.837924042139 11
"1201" 133.083500677579 173.912272370944 11
"1202" 135.778174619337 172.265477661917 11
"1203" 133.604457819471 173.32475774817 11
"1204" 134.815193231803 174.6565510653 11
"1205" 134.426359665574 174.924240559847 11
"1206" 136.080299682994 171.284503717941 11
"1207" 136.255239347509 175.989184082389 11
"1208" 134.042576092399 175.641378668237 11
"1209" 133.450646070658 174.645413984232 11
"1210" 134.128122862897 175.077443929355 11
"1211" 136.499051414412 170.239893707977 11
"1212" 134.900236774911 174.34521826922 11
"1213" 135.160559990185 177.849541065083 11
"1214" 134.166514102136 175.180554102144 11
"1215" 133.753847634861 176.871671903607 11
"1216" 133.32605438777 173.028300239735 11
"1217" 134.36901885578 173.778884746668 11
"1218" 136.854021550622 177.57796860228 11
"1219" 135.426071879154 173.589927561559 11
"1220" 135.763975745875 173.631303061131 11
"1221" 132.290365180261 179.284206167804 11
"1222" 136.057184549714 178.167975072085 11
"1223" 136.62580210957 170.293276199874 11
"1224" 135.067694616891 174.489574288122 11
"1225" 139.965848541188 174.100070124338 11
"1226" 135.867208832694 173.770883585038 11
"1227" 134.338558107313 175.083792077098 11
"1228" 133.452332132548 175.578749266392 11
"1229" 135.631343638838 168.527952761596 11
"1230" 131.609166542513 179.637715535112 11
"1231" 133.391277326347 177.784840404907 11
"1232" 135.929714743954 178.313433199344 11
"1233" 134.097229912703 172.727790049594 11
"1234" 134.12926638743 174.850443642396 11
"1235" 133.696801082352 176.352622615216 11
"1236" 135.623126163968 170.538994910882 11
"1237" 132.709195993428 168.393444673691 11
"1238" 136.954614281054 176.457832260111 11
"1239" 135.924044096772 175.237506053754 11
"1240" 135.251120118253 166.807343647328 11
"1241" 134.645880489842 174.502157801027 11
"1242" 135.518491279998 170.63672475722 11
"1243" 132.359477606858 175.813857966369 11
"1244" 136.527585139425 170.283450229678 11
"1245" 133.768210326706 177.649205916147 11
"1246" 133.509351645183 173.261476868003 11
"1247" 138.732887007786 173.023387805858 11
"1248" 134.535444452707 174.159958477644 11
"1249" 134.597888140825 174.053307051365 11
"1250" 136.480063697821 183.136634892452 11
"1251" 135.737047274233 171.358740225855 11
"1252" 136.22386510774 177.993093003438 11
"1253" 135.72204989762 173.962481189914 11
"1254" 135.968582619672 179.272872096467 11
"1255" 136.79988019996 173.536956587789 11
"1256" 132.249425945511 175.846732396993 11
"1257" 137.031217302069 178.60101650229 11
"1258" 135.920560428105 172.394043358932 11
"1259" 135.474542100931 179.022032874197 11
"1260" 134.975187856431 174.345666658836 11
"1261" 136.238634310664 170.961607168873 11
"1262" 137.491251634181 169.318412817587 11
"1263" 133.674946937272 178.239971791015 11
"1264" 136.043821912394 177.605015805283 11
"1265" 137.406983030593 178.84242280074 11
"1266" 133.994331452651 172.649535786805 11
"1267" 137.716201579861 173.27116466147 11
"1268" 133.715487683799 174.302212772704 11
"1269" 134.59272940248 173.343971502874 11
"1270" 134.065782191887 174.427393690803 11
"1271" 134.597651389651 180.589906708759 11
"1272" 138.703972347991 173.288285752532 11
"1273" 133.712843589107 179.62892233795 11
"1274" 134.462302818792 169.788290535059 11
"1275" 136.24848925487 179.121735842658 11
"1276" 132.926792158052 182.021006180286 11
"1277" 133.607445180326 179.978781523384 11
"1278" 168.042603014669 89.5273787638494 11
"1279" 167.528733800303 85.298123675468 11
"1280" 169.353971886218 91.5837638736154 11
"1281" 159.529555925688 89.9022719311795 11
"1282" 166.739549478851 92.1671055567645 11
"1283" 163.941725615645 88.7077229079598 11
"1284" 165.093758870485 87.5837558131551 11
"1285" 164.490634141196 91.3855732198914 11
"1286" 169.421016016566 88.4616287126029 11
"1287" 167.53088970656 92.065625738645 11
"1288" 167.51731050203 88.4844523129402 11
"1289" 171.596858772994 88.39407357621 11
"1290" 169.662305379395 95.2699380656257 11
"1291" 163.111190693601 90.3059628271437 11
"1292" 168.523089652157 95.5055675253365 11
"1293" 165.147951914533 88.0359311329877 11
"1294" 167.860123346865 90.0839338434501 11
"1295" 167.703185366592 91.623949883023 11
"1296" 170.071690074913 89.3074170134982 11
"1297" 170.163805187769 88.756375716558 11
"1298" 164.292560260605 93.2516805976196 11
"1299" 164.495417681182 95.2835282674788 11
"1300" 161.986984233246 92.5655198502139 11
"1301" 165.086208489614 91.3012387013182 11
"1302" 164.086893126866 92.9345316492012 11
"1303" 169.446225903822 89.6723693600696 11
"1304" 167.264396349569 88.5786168481103 11
"1305" 162.974886810681 95.2235237627367 11
"1306" 165.507511657585 92.686585353048 11
"1307" 170.621713674777 91.3500510553317 11
"1308" 163.658054620963 93.8046882757906 11
"1309" 167.530166272727 85.551905803493 11
"1310" 167.285294015308 88.4692586312538 11
"1311" 167.288507306789 88.507283186426 11
"1312" 167.161056800718 89.4995268872578 11
"1313" 167.597583763055 87.3294225909275 11
"1314" 164.022668755305 92.0743569734286 11
"1315" 164.032292193692 90.3042752661181 11
"1316" 169.557182696574 89.5429672332178 11
"1317" 161.154164533186 90.6552951527828 11
"1318" 163.095444941046 93.758082124783 11
"1319" 166.257387107816 96.6887822255698 11
"1320" 168.519548141164 89.3252982350963 11
"1321" 163.878112176296 91.595821449952 11
"1322" 162.776999180164 85.6492235689778 11
"1323" 159.366486977868 93.2718060479843 11
"1324" 165.537301444138 89.7363790755362 11
"1325" 166.809938002648 90.4475618290327 11
"1326" 170.572164950999 90.3888293397099 11
"1327" 164.96391826944 91.2918195157095 11
"1328" 163.665875679209 98.069683276526 11
"1329" 163.984531283898 91.6909725472801 11
"1330" 167.611794504541 94.3982281781151 11
"1331" 162.172500735646 93.6144816641982 11
"1332" 166.429834835388 92.4159058865677 11
"1333" 161.856996912235 85.736784253267 11
"1334" 168.75076592055 91.8628898013345 11
"1335" 161.727227381767 85.3234636211968 11
"1336" 167.090629107869 89.0239858905063 11
"1337" 162.658752024096 87.1868782926538 11
"1338" 61.0829841352337 25.0095041785083 11
"1339" 59.1025555650957 17.1086699748081 11
"1340" 63.9652985549515 23.8811282903046 11
"1341" 61.131012813763 10.9441020241494 11
"1342" 57.8808781520673 22.776829757632 11
"1343" 63.0623931036269 11.5869893873765 11
"1344" 66.1128592707165 10.8857131050604 11
"1345" 59.2967543897778 12.5145199777821 11
"1346" 62.9799301745512 12.9337641632585 11
"1347" 59.0665713541836 13.6266615841711 11
"1348" 58.5850474288114 14.177588113536 11
"1349" 66.8754736625316 21.7711975304713 11
"1350" 61.3618592869715 11.7558312532901 11
"1351" 58.1657446530219 7.88045500875583 11
"1352" 60.8195129200799 20.8672490075097 11
"1353" 63.9815815557108 9.92795984089754 11
"1354" 63.0915787907863 7.71525862218027 11
"1355" 197.536733642475 146.977320229448 12
"1356" 196.208774352138 145.998518551753 12
"1357" 196.004775145509 145.546320826598 12
"1358" 195.643005563882 145.532332177592 12
"1359" 196.87474109723 145.844068603839 12
"1360" 196.279221269885 146.47017778978 12
"1361" 197.069514354428 145.876353667458 12
"1362" 138.686288030953 69.3132644333385 12
"1363" 136.853209239703 177.757625098007 12
"1364" 136.763976610515 182.581909398392 12
"1365" 132.609741805673 169.133495210578 12
"1366" 136.782932393413 183.195471872022 12
"1367" 133.762871415238 176.908733327003 12
"1368" 135.35791181528 167.04877145301 12
"1369" 137.695506849491 170.205284792246 12
"1370" 135.688671978131 170.788331481063 12
"1371" 135.53296164604 179.402760531569 12
"1372" 136.124404708835 175.446044979802 12
"1373" 135.827222316511 177.576947362879 12
"1374" 136.972263787758 170.597299439638 12
"1375" 132.99813647377 171.067844635404 12
"1376" 136.745954671853 176.584096423682 12
"1377" 133.24591514511 182.04486680954 12
"1378" 135.765375595633 168.973780221672 12
"1379" 137.508342719886 175.571511321985 12
"1380" 134.726362021619 180.343372276917 12
"1381" 136.188340929801 172.310080276245 12
"1382" 135.82798170084 178.253076399669 12
"1383" 137.357685701364 168.35015232536 12
"1384" 136.071981015556 171.219587905318 12
"1385" 138.182925325098 180.246939105336 12
"1386" 132.824659282704 169.394014454127 12
"1387" 137.340791932857 180.474030734362 12
"1388" 136.704580128507 170.608047557463 12
"1389" 135.159955473939 176.054151363097 12
"1390" 135.572766130713 176.442372397895 12
"1391" 135.070427429916 174.917858989218 12
"1392" 132.834185572879 173.694649168113 12
"1393" 134.403116144648 179.070902539866 12
"1394" 138.552804747186 173.746464813129 12
"1395" 136.851279379578 171.992119063399 12
"1396" 136.430397553975 174.69292174963 12
"1397" 134.515715958538 174.225625719919 12
"1398" 137.915538605124 169.571088749475 12
"1399" 137.224919954564 177.113846991432 12
"1400" 136.38085015659 174.893583604202 12
"1401" 135.981595621937 177.411355123821 12
"1402" 136.3116551561 183.205031064626 12
"1403" 134.999817458872 179.060854139078 12
"1404" 133.234212419242 173.221965958161 12
"1405" 138.014503593836 173.387696533436 12
"1406" 133.548782118587 180.759216716805 12
"1407" 134.122747358523 169.922441613472 12
"1408" 136.414077953446 184.565388019066 12
"1409" 135.960225477649 175.552986285747 12
"1410" 135.61715678747 174.380296160532 12
"1411" 134.267110902293 174.264804197227 12
"1412" 135.112289846825 175.01253492971 12
"1413" 134.474827824324 172.360732512289 12
"1414" 133.384512964499 172.781916609348 12
"1415" 136.366013960656 172.284022956576 12
"1416" 136.855221799446 176.186752350247 12
"1417" 133.087051984581 178.005903366093 12
"1418" 135.355048256376 173.929686889959 12
"1419" 135.358952039093 177.04803859767 12
"1420" 133.090128437023 178.928888055723 12
"1421" 133.707844884896 175.983621965836 12
"1422" 134.457642196737 176.630051327644 12
"1423" 134.977658750848 175.043391794098 12
"1424" 136.068312779016 175.531219869317 12
"1425" 131.069662307607 179.268352116048 12
"1426" 135.226845871611 174.937738394313 12
"1427" 135.198465028862 177.189284573959 12
"1428" 134.334385007907 180.414912664298 12
"1429" 136.478907427652 176.740771568336 12
"1430" 135.2879244769 171.393233455987 12
"1431" 136.664802633143 177.557141851132 12
"1432" 164.255481447802 91.5544928423889 12
"1433" 158.797673226334 87.0549488236771 12
"1434" 160.145133471919 92.1968640371755 12
"1435" 164.03067120759 92.9963399166163 12
"1436" 164.982304707213 87.9807573919188 12
"1437" 160.219093308473 94.0195956425207 12
"1438" 166.996341459688 86.7200452025792 12
"1439" 167.303524848957 90.5133901403127 12
"1440" 159.393452783486 87.0871203846419 12
"1441" 163.324127550535 92.752819600745 12
"1442" 163.952349998151 92.6504510838185 12
"1443" 167.77286390077 89.2884203303408 12
"1444" 167.930077217274 93.990213990189 12
"1445" 162.363775642274 91.2909335632813 12
"1446" 161.881830427431 89.0306708099198 12
"1447" 171.676959503161 88.449161887993 12
"1448" 169.258802908953 89.7723506975697 12
"1449" 159.277979857157 91.8971248869501 12
"1450" 162.523674781299 88.4124872574868 12
"1451" 165.343238186452 86.0319048271288 12
"1452" 160.993453917808 86.0531794992559 12
"1453" 170.584164289414 91.114087142499 12
"1454" 164.404690505025 86.6529451497212 12
"1455" 165.114629702162 90.3403095921022 12
"1456" 162.924425794005 87.6613867520684 12
"1457" 164.151650177767 91.5145257184682 12
"1458" 162.232590215266 88.6092272870641 12
"1459" 164.807180905605 87.0413701463242 12
"1460" 167.212370512573 89.3066549732645 12
"1461" 167.055644010794 89.3335201816747 12
"1462" 162.228475629526 96.3424061214454 12
"1463" 165.140349058466 87.2213338490775 12
"1464" 164.458515822739 87.7514718812027 12
"1465" 168.032159611873 88.2771632513607 12
"1466" 168.586679781175 90.1174897398978 12
"1467" 161.790373837289 94.0213283376907 12
"1468" 163.650278037162 95.9163775744636 12
"1469" 167.280421458044 89.3770299242078 12
"1470" 163.005428603746 95.9119805745052 12
"1471" 167.713029370702 92.9553329006296 12
"1472" 169.416526610601 93.3062844778276 12
"1473" 64.3015157265284 12.693214564312 12
"1474" 62.666084262074 8.28010894205992 12
"1475" 63.7090508925842 24.7186082595132 12
"1476" 64.6142648953777 6.7496033112744 12
"1477" 60.8925528385305 20.7594028884509 12
"1478" 60.9357491734207 20.7352038676404 12
"1479" 58.8816613950323 17.0811453996254 12
"1480" 61.3019181190995 24.4651695916955 12
"1481" 60.6442250480496 24.9846791684527 12
"1482" 196.059020869198 147.284798120853 13
"1483" 197.570252563901 145.237551242376 13
"1484" 198.538831925715 144.814730603319 13
"1485" 196.272972256245 146.358758928939 13
"1486" 198.235022216897 145.184539691432 13
"1487" 198.194627805266 144.703661841402 13
"1488" 134.871666583072 171.762001252282 13
"1489" 138.361097081496 174.899166425192 13
"1490" 135.190724494455 175.615359997642 13
"1491" 134.513140737141 176.65753945353 13
"1492" 134.433862728088 172.103100898513 13
"1493" 132.349771770653 168.14150977222 13
"1494" 131.956316330731 167.16864997787 13
"1495" 137.698376406378 179.175178790903 13
"1496" 134.585384569489 177.389566537359 13
"1497" 131.717274196218 171.87566876993 13
"1498" 135.139451055445 165.59027611586 13
"1499" 136.066500612422 178.919215543494 13
"1500" 136.21950357022 173.709176928984 13
"1501" 135.856259388437 171.927086963284 13
"1502" 138.699008309179 181.447795758879 13
"1503" 135.138016988563 176.378844805795 13
"1504" 135.169309767467 177.584146745665 13
"1505" 137.394948420517 170.412726913976 13
"1506" 135.735932391704 175.221786724395 13
"1507" 137.366432185473 173.313112237088 13
"1508" 134.218174134346 173.973005730716 13
"1509" 136.148709184451 171.514176622976 13
"1510" 135.615101627238 176.182891806672 13
"1511" 134.980087033194 174.857890130372 13
"1512" 136.913073445839 176.267766556289 13
"1513" 132.212214338268 184.311673831995 13
"1514" 135.876296530363 178.845289848396 13
"1515" 138.781054196026 176.868075532662 13
"1516" 138.495848550502 172.511470459345 13
"1517" 133.554638762338 169.270739533785 13
"1518" 136.643061533923 176.399242432591 13
"1519" 135.724786500745 170.878105652499 13
"1520" 135.501650892545 170.463337991148 13
"1521" 134.555085444176 168.459867949124 13
"1522" 134.872100958516 177.429271958796 13
"1523" 138.205310552184 177.460403735892 13
"1524" 135.394304752329 178.191550014338 13
"1525" 139.786663675664 182.359026339099 13
"1526" 137.961490638693 176.828400274356 13
"1527" 136.262377598443 178.220709711482 13
"1528" 134.385202092628 172.414319607464 13
"1529" 134.733198923149 167.858604738055 13
"1530" 135.110426844232 173.007048664358 13
"1531" 135.65483920829 171.542174734798 13
"1532" 136.956492181083 177.482080808617 13
"1533" 135.436690585145 172.686260710795 13
"1534" 134.795163033386 175.98499397199 13
"1535" 134.488076828609 176.808060156799 13
"1536" 137.817644251571 169.882572266915 13
"1537" 135.093616943014 175.239837213887 13
"1538" 133.195986749097 175.545327633099 13
"1539" 134.194328559083 173.20285140019 13
"1540" 132.931411685509 173.002650722977 13
"1541" 138.334951789238 170.040278093108 13
"1542" 134.594255153682 174.779444143198 13
"1543" 134.922734999345 174.979291576607 13
"1544" 135.721068653184 175.859254990578 13
"1545" 132.043589087718 173.967525423632 13
"1546" 136.503198782903 175.652005864047 13
"1547" 134.240730850328 179.992554843576 13
"1548" 131.476614447098 175.849157741086 13
"1549" 136.754154338171 175.149967387266 13
"1550" 137.497524578887 175.352406091994 13
"1551" 136.465112851714 174.771121635301 13
"1552" 137.989683447921 180.407519848307 13
"1553" 134.025705354318 180.806959115777 13
"1554" 132.878300413791 174.668761428715 13
"1555" 136.483977202676 175.122648246877 13
"1556" 135.042646418196 182.877508372083 13
"1557" 134.004683551265 174.072122244936 13
"1558" 136.326484714682 172.591782286769 13
"1559" 138.735208075194 178.015024840391 13
"1560" 167.121924136884 84.3472640959256 13
"1561" 171.6176107239 89.5976391834553 13
"1562" 166.524027689861 94.1859261764422 13
"1563" 171.279583322066 85.8178763755332 13
"1564" 166.777366352827 96.8743103318102 13
"1565" 161.176686866966 95.3412520683678 13
"1566" 160.373066000704 92.0001076031042 13
"1567" 168.61647638919 87.2761306161624 13
"1568" 164.945395173851 86.033559597717 13
"1569" 164.505874580844 92.0423782227336 13
"1570" 169.964752486659 86.4303727682769 13
"1571" 158.382033103928 90.756988969821 13
"1572" 164.344225448571 87.7154946367938 13
"1573" 165.395002691129 97.1003784522114 13
"1574" 165.139073582765 85.9573680969535 13
"1575" 164.479429927053 87.3240369976164 13
"1576" 168.695083081828 87.6437811872692 13
"1577" 164.937003156391 89.5878788958169 13
"1578" 161.731477855321 94.0899561573706 13
"1579" 170.818700448481 90.5417339899655 13
"1580" 161.036438253442 85.3022276715602 13
"1581" 164.13295220806 93.8137372472665 13
"1582" 159.146025108197 89.6115955190425 13
"1583" 168.124352213221 87.7222647716721 13
"1584" 168.784306719376 88.8241725083688 13
"1585" 162.476059698526 96.7341743627024 13
"1586" 169.688910344394 89.6041153114535 13
"1587" 161.680469500621 94.5943720912861 13
"1588" 163.48218934102 96.5420800622438 13
"1589" 168.088343038747 91.8804962304597 13
"1590" 164.913459521201 87.9634736941491 13
"1591" 165.440227735731 94.8391434927463 13
"1592" 160.877554508332 93.6095413537856 13
"1593" 61.3164036533182 22.6356137703432 13
"1594" 59.5026920034915 21.4659862303017 13
"1595" 61.9193219202336 24.5487740984 13
"1596" 63.205502701108 23.933157155313 13
"1597" 66.6122532615019 26.5697969056972 13
"1598" 54.0203172602156 7.04226900496172 13
"1599" 60.846846541212 25.3797843940532 13
"1600" 62.8718498432944 18.3785998791782 13
"1601" 60.7726105256084 20.7385150368755 13
"1602" 195.512035520278 145.34933820143 14
"1603" 197.25464287703 147.312683255433 14
"1604" 140.117663383886 70.5307060963416 14
"1605" 136.98773272675 175.38783816139 14
"1606" 132.496469139549 182.862870905121 14
"1607" 132.085907982086 177.581723001567 14
"1608" 135.904893423061 170.090295027541 14
"1609" 136.851732574398 171.275477812184 14
"1610" 136.653745935892 169.913850916308 14
"1611" 136.293718164081 175.054749225171 14
"1612" 135.267661641134 165.757731382467 14
"1613" 135.000491182914 171.509204442421 14
"1614" 133.428173236149 177.32449790162 14
"1615" 132.358766116624 170.786100868166 14
"1616" 131.966605612324 173.932141932266 14
"1617" 131.980766638126 173.753481370357 14
"1618" 137.645569457871 169.61631349539 14
"1619" 134.789651151846 172.035653030457 14
"1620" 134.954818042883 175.444926093565 14
"1621" 135.456593070809 171.562287953083 14
"1622" 136.365119313031 173.757694988467 14
"1623" 131.009106927577 183.88351745897 14
"1624" 135.55463234886 177.984652064292 14
"1625" 135.81993904102 178.803070543645 14
"1626" 136.93521351548 166.067999251382 14
"1627" 134.063123323741 167.494325391282 14
"1628" 137.051104946696 174.492829061878 14
"1629" 134.31146770205 173.965491055484 14
"1630" 134.642032966514 168.727578460534 14
"1631" 134.681580091854 171.872946348307 14
"1632" 134.007891065555 176.612878726275 14
"1633" 135.037980064599 176.65485144449 14
"1634" 138.858396165475 176.822455389115 14
"1635" 140.884576063397 172.733128307148 14
"1636" 135.897578271908 172.901964520093 14
"1637" 133.694386272071 171.256607786447 14
"1638" 138.303948234248 168.562957011887 14
"1639" 137.50079295809 180.322019752692 14
"1640" 134.985778395728 175.683803118606 14
"1641" 135.220853928817 173.659411378905 14
"1642" 136.066143431147 179.460866911564 14
"1643" 132.957246479558 178.659257178082 14
"1644" 138.632679953408 174.508927496928 14
"1645" 131.908746643269 170.74025559933 14
"1646" 137.1764161913 176.739990501423 14
"1647" 138.62489625506 181.188881473662 14
"1648" 134.284373167292 172.007278536306 14
"1649" 135.203344450034 175.578393286083 14
"1650" 134.546178130284 176.465793921745 14
"1651" 137.587386751032 175.243641901937 14
"1652" 135.469924420791 180.377609462869 14
"1653" 135.503889482616 176.113844152662 14
"1654" 165.784290765419 86.4982563802861 14
"1655" 171.36400308233 85.9415250524164 14
"1656" 172.414959177813 93.0341278754588 14
"1657" 160.109554066869 85.6358139484439 14
"1658" 172.544430719739 93.8140645573436 14
"1659" 161.36833404716 95.236022223198 14
"1660" 168.751157068092 87.4964705723116 14
"1661" 164.222525242939 87.6293544763592 14
"1662" 160.722826359428 94.7100608634549 14
"1663" 160.952845032297 94.2471199331511 14
"1664" 172.209401471997 88.9837911917067 14
"1665" 163.093642477828 92.4332965530029 14
"1666" 162.701764876778 94.2063523092264 14
"1667" 159.809296366721 89.2437017916618 14
"1668" 167.670121260211 92.6824314348013 14
"1669" 164.319004722738 91.7183419936278 14
"1670" 162.896968938672 92.2524702048238 14
"1671" 170.741707875147 85.4650117613018 14
"1672" 170.03428729039 89.9138892010183 14
"1673" 169.758293415345 88.0318102654026 14
"1674" 161.018323024618 88.2656423552213 14
"1675" 166.537207854816 92.8718858190507 14
"1676" 171.296342952047 85.6754314802472 14
"1677" 167.057204021349 94.4982630171464 14
"1678" 160.909347471749 91.3618325728753 14
"1679" 169.772560146004 96.203421176049 14
"1680" 159.384542093914 92.6855172448501 14
"1681" 164.612039991152 86.3093910911841 14
"1682" 163.756203954385 93.5946338690604 14
"1683" 161.45041527047 93.9633596373572 14
"1684" 168.508078505964 87.7141141903793 14
"1685" 170.199547636514 94.5800223439782 14
"1686" 168.97785436753 92.3466606315593 14
"1687" 169.637217740073 90.0098450771303 14
"1688" 170.042374189925 96.3729646725939 14
"1689" 169.237875252813 91.0296651794564 14
"1690" 62.9875006949737 23.9233971843074 14
"1691" 61.2152355079937 22.3097833596253 14
"1692" 57.6633712264551 20.5962059089477 14
"1693" 62.0073475474416 24.6693196559911 14
"1694" 66.6625012947188 12.7400467474562 14
"1695" 63.1911470802746 23.482489128782 14
"1696" 61.0725720675521 22.3917307090229 14
"1697" 196.283425835673 143.850419295045 15
"1698" 199.310402039592 146.826851114073 15
"1699" 196.867816953852 147.535782184777 15
"1700" 196.075451762731 146.259794996163 15
"1701" 140.216162189542 70.9216950119297 15
"1702" 135.681336899755 179.676792208115 15
"1703" 137.951764224229 165.478844554629 15
"1704" 139.27150584378 175.533787252113 15
"1705" 137.92925721361 175.99243289127 15
"1706" 131.626447293071 173.313132847317 15
"1707" 137.072132476716 173.159363778343 15
"1708" 133.263347572804 182.749787640319 15
"1709" 135.284639713525 177.431930757124 15
"1710" 138.10076984951 172.071069400574 15
"1711" 135.083559859199 175.472578180366 15
"1712" 135.393739628579 175.444935090107 15
"1713" 134.05218155617 181.217818747177 15
"1714" 137.056800319128 171.797364382867 15
"1715" 138.278717092431 181.562536280317 15
"1716" 134.877110423616 172.756900434117 15
"1717" 135.903775835154 181.772707246364 15
"1718" 137.578709761818 182.875172615899 15
"1719" 135.489635661051 166.485768333611 15
"1720" 134.375773470179 170.86734158012 15
"1721" 138.710780534585 176.367599265683 15
"1722" 136.186498794496 173.302160761144 15
"1723" 136.234116908097 176.213496054457 15
"1724" 137.575344754628 176.696762287532 15
"1725" 135.227300761463 173.705949926293 15
"1726" 132.438486870955 170.748544966039 15
"1727" 137.355173332496 182.193808460837 15
"1728" 135.312846105586 170.362631872767 15
"1729" 136.129213357081 180.626639294869 15
"1730" 137.276338653266 175.188621564714 15
"1731" 139.577044802717 182.583346277659 15
"1732" 137.207937352937 176.886509285707 15
"1733" 136.649174294922 180.166138000273 15
"1734" 133.12252410198 174.780327234486 15
"1735" 135.456819017624 178.020229321864 15
"1736" 132.274209831986 177.528911248546 15
"1737" 133.604530312232 171.47638476433 15
"1738" 138.040875458516 170.351481614344 15
"1739" 134.444212044053 171.729633650703 15
"1740" 132.285410575673 170.949164065281 15
"1741" 132.066810458447 169.249827637071 15
"1742" 135.727524605616 181.243435826303 15
"1743" 132.592056872189 179.125696059799 15
"1744" 138.916080875561 170.429640208916 15
"1745" 136.191993092241 173.523669101969 15
"1746" 135.11766116856 175.834181590381 15
"1747" 137.079317896417 174.465637554912 15
"1748" 141.386599309313 180.122163600647 15
"1749" 135.758845278994 176.149471692459 15
"1750" 168.749863323711 97.4684634398467 15
"1751" 162.73297502399 88.0012704757754 15
"1752" 168.092847383792 92.1808241337792 15
"1753" 165.05239286308 95.5928340196574 15
"1754" 164.024196229464 86.8293250964579 15
"1755" 167.404350178583 88.965341664659 15
"1756" 164.102437672333 87.4727170489286 15
"1757" 169.941513789201 87.9924185069528 15
"1758" 163.58943918059 93.3784042397805 15
"1759" 160.834387984436 94.8237835426047 15
"1760" 159.586232488582 91.1550560054872 15
"1761" 168.504983702041 91.636972906756 15
"1762" 171.302085286019 90.0182222583373 15
"1763" 160.925877942133 95.9420157064286 15
"1764" 171.948485872662 85.066331293859 15
"1765" 169.180595002674 92.0375015108385 15
"1766" 168.268937737987 86.5802475906733 15
"1767" 64.1169240802078 7.31710023210429 15
"1768" 58.0271255224948 14.9091125150632 15
"1769" 63.8895499887719 15.1719587568585 15
"1770" 56.9243469186849 19.192434625075 15
"1771" 198.698308671217 145.043528941948 16
"1772" 134.525929356471 178.576915934879 16
"1773" 139.076431445664 177.539758226412 16
"1774" 137.286618070627 174.2391285245 16
"1775" 138.101793904264 179.551666270127 16
"1776" 130.574101222152 172.203822618385 16
"1777" 136.520374515244 169.181504947856 16
"1778" 135.269707621454 170.277249757424 16
"1779" 134.145702178193 175.93104478082 16
"1780" 133.254480558916 179.4388383746 16
"1781" 132.48104341686 179.940302487124 16
"1782" 138.197016332981 171.773433313066 16
"1783" 138.717493662609 174.157846174995 16
"1784" 135.950617116182 175.94159834327 16
"1785" 138.283138745796 178.858307272234 16
"1786" 134.789522184241 172.293750462209 16
"1787" 136.695868557591 176.033161816923 16
"1788" 135.592437287619 182.357498820294 16
"1789" 135.466514391182 171.780347876023 16
"1790" 133.182719149432 182.274836174086 16
"1791" 137.289101587836 176.608587429037 16
"1792" 136.288352742248 173.251489869321 16
"1793" 138.185956583687 170.664765959113 16
"1794" 134.716720014232 182.318886024465 16
"1795" 136.221323032217 173.312078118958 16
"1796" 133.655799892905 169.888163163488 16
"1797" 168.984224116488 85.6140059012271 16
"1798" 166.981078966542 87.0139862922602 16
"1799" 166.546840823708 86.2574038900466 16
"1800" 166.628093437467 88.0757210807308 16
"1801" 162.853184378325 93.4770534371074 16
"1802" 160.876033397737 95.1692470600543 16
"1803" 166.551651369753 95.1700887941324 16
"1804" 59.3081389202113 10.8420453504987 16
"1805" 198.55165158261 146.53715310451 17
"1806" 196.490573042174 145.097422220669 17
"1807" 138.33430458266 66.3172439480632 17
"1808" 135.991948281107 180.581235333505 17
"1809" 138.94785311681 177.517865155383 17
"1810" 136.326033273375 180.476568506016 17
"1811" 134.016101773731 168.535499246871 17
"1812" 136.974118672616 171.546470237701 17
"1813" 138.939386489932 178.248131482654 17
"1814" 136.946677901706 180.784018160475 17
"1815" 137.388191603109 165.688811518664 17
"1816" 135.425375930589 182.970166065814 17
"1817" 132.720582411302 179.512072084888 17
"1818" 132.020656628437 172.27452985289 17
"1819" 138.35055943142 171.169796033132 17
"1820" 132.723066598075 180.864513899498 17
"1821" 133.921838548591 169.018286995051 17
"1822" 137.287141477801 174.214813066578 17
"1823" 135.047915257502 172.431679471469 17
"1824" 166.539854156414 90.8274320332632 17
"1825" 166.489682738664 87.1476317293989 17
"1826" 168.807382180947 88.5383335428732 17
"1827" 161.621386784504 92.7262277029232 17
"1828" 163.517636477012 92.9308531799559 17
"1829" 163.096650616272 93.4625655449918 17
"1830" 166.147445064541 92.507185088523 17
"1831" 169.475953105417 83.1691930512465 17
"1832" 165.459182682291 87.5728630951959 17
"1833" 159.842367046602 84.8307301300202 17
"1834" 168.408895979063 91.9458894160873 17
"1835" 63.4934393444886 8.51461231697359 17
"1836" 64.9152575059976 9.08585751162981 17
"1837" 61.3113129787316 21.9901391591665 17
"1838" 61.6297367238447 12.1125562693461 17
"1839" 140.573660091497 67.39141068384 18
"1840" 134.648685472816 173.044992748987 18
"1841" 134.274165026893 179.511420627858 18
"1842" 132.007058895009 183.658941386126 18
"1843" 134.508471259879 181.472198236591 18
"1844" 132.034965569933 172.638404571545 18
"1845" 137.453958390091 165.159968816149 18
"1846" 137.844812776893 175.498877799046 18
"1847" 134.856876548659 182.207887938219 18
"1848" 136.221309791488 181.254457042619 18
"1849" 137.192860693134 172.812745583479 18
"1850" 135.310756327654 181.089397607359 18
"1851" 134.481270066062 182.068682402474 18
"1852" 132.365268912766 183.65132291753 18
"1853" 135.769342725222 167.515928080503 18
"1854" 168.474681078129 86.7593399637353 18
"1855" 170.260542802199 92.8502539646813 18
"1856" 162.594272621812 91.0979791821704 18
"1857" 164.028337929205 97.6722571802869 18
"1858" 60.1987874072022 22.7181982142128 18
"1859" 63.3456896898492 16.3734386050109 18
"1860" 194.68026084094 146.266470983754 19
"1861" 138.362362125134 71.3799325786534 19
"1862" 135.473205924181 179.96466377871 19
"1863" 132.279232696834 170.292969194574 19
"1864" 133.252245277463 169.41729999792 19
"1865" 138.130448461072 165.712947775284 19
"1866" 132.027432482752 172.910496499446 19
"1867" 133.163511304861 172.291326570745 19
"1868" 138.421323761094 178.511682371004 19
"1869" 136.266894092594 176.395365686982 19
"1870" 135.239870370636 172.124590348432 19
"1871" 168.370660082481 88.5996463221222 19
"1872" 164.623852448897 92.5297724842971 19
"1873" 172.472554477167 88.5778728154867 19
"1874" 163.4109397391 86.5654352501733 19
"1875" 161.257908662939 92.611797696608 19
"1876" 165.620578645515 87.2006585504729 19
"1877" 166.618063746134 87.3741457924285 19
"1878" 169.501377221482 96.7799474189438 19
"1879" 164.597040243106 84.1106758315388 19
"1880" 62.5346168660289 7.00916144195097 19
"1881" 58.4542123037858 8.99199288811988 19
"1882" 59.4815854178014 27.0906069708176 19
"1883" 61.9594963683342 21.9442704137129 19
"1884" 132.216751622151 166.563265064443 20
"1885" 135.079820441764 182.395638866307 20
"1886" 130.32374928682 175.735280958504 20
"1887" 133.129297975918 172.102811421795 20
"1888" 140.098233289318 177.177173378528 20
"1889" 134.67595436252 183.52517599777 20
"1890" 136.612724496272 173.14449777141 20
"1891" 140.817946935716 174.89310594323 20
"1892" 139.485394896091 173.209810221137 20
"1893" 134.271259693803 181.598747254529 20
"1894" 132.893512980712 177.262202914861 20
"1895" 159.742872392849 91.749388653847 20
"1896" 163.312604758779 86.7022665561709 20
"1897" 168.096084953181 98.1742876112091 20
"1898" 166.184123913887 87.803997246734 20
"1899" 59.5087465527459 23.2248502565626 20
"1900" 136.494110817773 181.555808579297 21
"1901" 133.878570344541 181.58028324429 21
"1902" 131.710996913824 171.129040652595 21
"1903" 136.879487910639 168.699907537084 21
"1904" 130.568982447877 175.639220030647 21
