"V1" "V2" "V3" "V4" "V5"
"1" 154.781299737347 68.0399071275618 1 1 6
"2" 146.452564472757 69.2771231731471 1 2 6
"3" 153.966522269745 69.6649990531212 2 3 11
"4" 152.618894357298 68.6467660387007 1 4 7
"5" 157.649709428637 68.1073248242271 2 5 5
"6" 156.27534458942 68.9501956109673 2 6 9
"7" 145.493802145734 68.5955000693098 2 7 6
"8" 157.71389395238 68.54877311834 1 8 6
"9" 151.725020982831 68.4116052487724 1 9 7
"10" 155.877230592763 69.7318554371958 1 10 7
"11" 145.583314705307 68.5294753118014 2 11 7
"12" 147.478985896168 67.771213490904 2 12 6
"13" 148.493042253794 68.7710852427262 2 13 6
"14" 150.615575872429 69.676406504036 2 14 20
"15" 153.210704455691 68.6574201056734 1 15 8
"16" 153.034941354561 68.4861355047542 2 16 8
"17" 147.183204922275 69.0127707731261 1 17 5
"18" 148.202900626001 68.8224676301576 1 18 10
"19" 158.057263845909 69.0146542007719 2 19 6
"20" 158.525307068192 68.4236996316925 2 20 9
"21" 156.079858267753 68.8478077314228 2 21 6
"22" 159.040603968349 68.65164123848 2 22 10
"23" 149.341325741261 68.0396534195266 1 23 5
"24" 148.545396034588 68.3141803865028 1 24 8
"25" 147.794691924173 68.8281332653822 1 25 8
"26" 148.478132055974 68.1188127198296 2 26 8
"27" 152.99137590774 68.2055360820879 1 27 7
"28" 147.497760721485 68.9094466174171 1 28 3
"29" 158.011440428082 67.913029788109 2 29 7
"30" 165.964346595932 69.1878521874641 2 30 13
"31" 154.57333423512 68.1663443475149 1 31 6
"32" 149.801369132794 69.8792153362887 1 32 15
"33" 144.525237740578 68.2719943478877 2 33 9
"34" 157.500300290208 68.9687430352403 2 34 7
"35" 154.723310155767 67.956756708206 2 35 7
"36" 150.113365490989 68.8520592158308 1 36 5
"37" 154.506058385463 68.5148360836047 2 37 6
"38" 149.470109130628 68.1799530086588 1 38 4
"39" 149.783088042987 67.8159959965092 1 39 5
"40" 155.398281095518 68.6484984077852 2 40 8
"41" 150.555735512106 68.6610466962483 2 41 7
"42" 144.883264910281 69.1874316174051 1 42 14
"43" 155.328384579242 68.334313498098 2 43 6
"44" 145.442917117358 68.2082915380288 1 44 8
"45" 152.731765166014 68.9594555057641 1 45 11
"46" 167.45606924932 68.3124976340765 2 46 21
"47" 147.733659274813 68.1902505349566 1 47 6
"48" 151.943374059056 68.3833572188145 2 48 9
"49" 152.145544432819 68.9094415540685 1 49 7
"50" 159.382270180402 67.9719654287096 2 50 11
"51" 149.370262819765 67.8845252871393 2 51 6
"52" 150.210268529603 69.1231361942353 2 52 5
"53" 156.706945742814 68.6574136558035 2 53 6
"54" 149.568620227519 68.5341867021455 1 54 6
"55" 151.199547876639 68.0361465230522 2 55 8
"56" 161.348041866866 68.6740550848183 1 56 10
"57" 157.672744199232 69.3428316349599 1 57 6
"58" 152.715145261704 69.0295538081935 2 58 10
"59" 144.79051004568 68.44027131366 2 59 7
"60" 149.855217092518 68.7815437694337 1 60 6
"61" 151.493559672415 68.0347632112963 2 61 7
"62" 158.103881384052 68.0018411027098 1 62 6
"63" 144.621656720136 68.8390433251904 1 63 9
"64" 147.339762357809 68.7448927818193 2 64 5
"65" 151.465009110301 68.8157016281667 1 65 5
"66" 149.692647425492 69.0144666661555 2 66 9
"67" 151.61207726936 68.9794074969652 2 67 6
"68" 155.099943699403 67.5129492140344 2 68 10
"69" 148.165154105934 68.227790471407 1 69 6
"70" 151.064510773539 67.3647263937129 2 70 17
"71" 162.026975818644 68.6897502584251 2 71 10
"72" 143.154713828262 68.9340990398406 1 72 6
"73" 158.040994791554 68.6064036865595 1 73 5
"74" 154.072114017172 68.0482624885764 2 74 7
"75" 156.124743551209 69.2958122276622 2 75 10
"76" 155.546137311186 67.7058334677684 2 76 9
"77" 145.939036205393 68.783518375977 2 77 6
"78" 159.311763192987 68.9980360291396 2 78 9
"79" 156.108701375128 68.4365675004266 1 79 9
"80" 145.117050760771 68.8893344780346 1 80 9
"81" 153.379887912314 68.3548870239963 2 81 7
"82" 157.004449970741 68.2786887235031 2 82 6
"83" 145.679897158767 69.5246155165406 2 83 5
"84" 150.581689335814 68.1255780174944 1 84 10
"85" 147.447458793926 67.9896515354455 2 85 9
"86" 157.394061478709 67.7721846898242 1 86 7
"87" 151.474976924126 68.1187874333829 1 87 6
"88" 151.459293431779 67.4835461081112 1 88 8
"89" 149.79631451834 68.3112054315986 2 89 6
"90" 155.73775967394 68.3586678836791 2 90 10
"91" 148.29189872762 67.8379475539229 2 91 8
"92" 149.573269006011 68.1587801956607 1 92 5
"93" 163.160584919655 67.5532127146492 2 93 14
"94" 150.131283043958 68.038166973467 1 94 6
"95" 152.031652121852 69.2866279711057 2 95 6
"96" 147.917249700362 68.2397087711843 2 96 6
"97" 144.311250034823 69.1086533033867 1 97 7
"98" 151.418588467507 69.5523614113398 2 98 9
"99" 158.172652481734 68.8609671873358 1 99 6
"100" 152.148192597344 68.5658699017497 1 100 7
"101" 153.552559301099 67.8191221470024 1 101 11
"102" 146.908069068166 69.2910091841425 1 102 5
"103" 153.253394782396 68.1553931039944 2 103 5
"104" 147.198257932999 69.117436823218 2 104 5
"105" 145.527244967702 69.5710906044645 2 105 5
"106" 156.490794702026 69.1137283499532 2 106 7
"107" 160.870983509488 68.4113834018458 2 107 11
"108" 150.448610101399 67.4321792121779 1 108 14
"109" 154.327715541446 68.7875899609299 2 109 7
"110" 160.367527197905 67.9632502809303 1 110 10
"111" 152.306379372747 68.6533631714409 2 111 6
"112" 141.981984942224 69.0270081965945 1 112 18
"113" 151.429459798058 68.6933833425435 1 113 7
"114" 148.214606890396 68.7260590434915 1 114 10
"115" 153.411176730399 68.2310773191737 2 115 7
"116" 148.881201951508 68.1212904116772 2 116 7
"117" 149.188501915832 68.9232120669133 2 117 6
"118" 158.158122066256 69.5338099672189 2 118 8
"119" 150.580333403836 68.9799673857462 1 119 5
"120" 152.76659484133 68.2272548067486 1 120 8
"121" 150.51841806151 68.8090254218722 2 121 6
"122" 146.536401990083 68.7349948256987 2 122 9
"123" 154.380085626929 68.0778209291006 1 123 10
"124" 156.909838661614 68.8169815724252 2 124 5
"125" 153.484008675407 68.5327612251764 1 125 7
"126" 153.365636521942 68.3794382124041 1 126 8
"127" 147.880523211752 68.0533624034828 1 127 5
"128" 149.560513331222 69.2848991543211 2 128 8
"129" 146.200089519467 68.2419182859613 1 129 8
"130" 151.277580324721 67.4859916154963 1 130 9
"131" 156.845194155531 68.6503603079909 2 131 5
"132" 155.707999738764 67.4225892483003 1 132 10
"133" 155.571203591319 67.9304624467005 2 133 8
"134" 157.261561443488 67.8635888523303 2 134 6
"135" 151.914231792018 68.9485179856604 1 135 6
"136" 150.966497324159 68.7126400590258 2 136 8
"137" 143.400961269169 69.5391585722892 1 137 8
"138" 151.539779708303 69.4150702435057 2 138 14
"139" 158.2448232561 68.6572870286834 2 139 7
"140" 148.812413796091 68.2309882574318 1 140 6
"141" 153.868553458257 68.4559253209053 2 141 5
"142" 156.253282478592 68.8030937554126 1 142 6
"143" 157.575803402435 68.2895142233374 2 143 6
"144" 144.948695542894 69.5131600832687 1 144 6
"145" 149.854204319301 68.4012785880609 1 145 5
"146" 150.955245018928 68.425791685132 2 146 7
"147" 146.84331009846 68.1749499399849 1 147 5
"148" 147.289987756016 68.9662509551509 2 148 4
"149" 159.428410864273 68.587829823916 2 149 10
"150" 144.876349021796 68.542366919856 2 150 6
"151" 152.810090876143 69.3170810333353 2 151 9
"152" 150.119762950803 69.1844127230709 2 152 5
"153" 159.477220492885 68.2009136666352 1 153 10
"154" 156.722301437938 68.5721666483729 1 154 5
"155" 154.914880630251 68.3461788334878 1 155 9
"156" 147.444455740078 68.1009301482461 1 156 8
"157" 153.059617136128 68.9146589023068 2 157 7
"158" 147.858618184084 69.4230860091768 1 158 33
"159" 160.127296375949 69.2312991940225 2 159 9
"160" 144.819014696596 68.7668830612449 1 160 6
"161" 159.126312825512 68.3867402298352 1 161 19
"162" 159.112990228346 68.3233766775177 2 162 18
"163" 151.342819409777 68.6862985015765 2 163 8
"164" 137.923437511456 68.8684550703952 0 164 0
"165" 154.949045886214 69.2263180488116 1 165 6
"166" 148.190537788127 69.1996167032995 2 166 11
"167" 148.11153956425 67.784330047403 1 167 7
"168" 153.271926449592 68.8605278199989 2 168 9
"169" 158.102513169627 68.3646194320286 1 169 8
"170" 156.267751408834 68.7098650356505 2 170 5
"171" 158.865539202846 68.6033259964283 1 171 11
"172" 138.872177188293 68.9145216182256 0 172 0
"173" 149.738654818948 69.284294118605 1 173 6
"174" 157.554655195861 69.6763491555671 1 174 8
"175" 153.677563830984 68.9618507216043 2 175 8
"176" 153.539956779741 68.0002034278802 1 176 8
"177" 156.202166126304 68.4410966932292 1 177 8
"178" 157.848355265333 68.8233613682013 2 178 6
"179" 151.069870068652 69.2612111339084 2 179 8
"180" 140.864887853724 68.5125430798011 2 180 29
"181" 154.467652763859 68.7105210454605 2 181 6
"182" 155.413724868681 68.4127987039332 1 182 7
"183" 150.925606108862 69.6232041329299 2 183 12
"184" 156.357949005104 67.8090635407894 2 184 11
"185" 152.992518016576 69.0341379691816 2 185 8
"186" 149.836739327663 68.6981756882612 1 186 7
"187" 152.054489988046 69.2522979243938 1 187 7
"188" 151.117044727457 68.4809266811596 2 188 6
"189" 153.04520151567 68.3751901700857 1 189 7
"190" 156.774404280166 68.9022215222282 1 190 5
"191" 146.832363003852 68.8794386371042 1 191 6
"192" 148.31171316226 68.1576848008288 2 192 7
"193" 150.012226440782 67.9447995262436 2 193 7
"194" 146.275909145852 68.2086336279917 1 194 7
"195" 141.612095609512 68.6594721283073 1 195 15
"196" 151.048148259547 68.9958692570677 2 196 7
"197" 146.566614664226 69.763611985775 1 197 7
"198" 146.097603956486 67.7813449791 2 198 13
"199" 159.49359158179 68.2714058427823 1 199 9
"200" 151.86127536407 68.1627580658303 1 200 7
"201" 154.065278529921 69.3550083591074 2 201 26
"202" 157.252474484362 69.0356976151007 1 202 6
"203" 155.73516960875 69.0892330412649 1 203 16
"204" 150.447792409987 68.0007668011842 1 204 8
"205" 147.619505357005 68.186861619554 1 205 5
"206" 158.216061031183 68.9197812896256 1 206 7
"207" 155.058779675656 68.9804461982939 2 207 6
"208" 155.247902749139 69.0696532537577 1 208 4
"209" 152.598866910144 67.8438168038655 2 209 6
"210" 150.083732694238 69.1358679762205 2 210 4
"211" 147.695892481438 68.4592606599188 2 211 5
"212" 147.679821734138 68.4437817460665 2 212 4
"213" 147.364346450233 69.0459324516469 2 213 4
"214" 156.183244075458 68.3906176265861 2 214 9
"215" 146.00332460181 69.0874293917361 2 215 4
"216" 159.327215545153 67.8364398456908 1 216 10
"217" 158.145944308116 68.3454436569981 1 217 7
"218" 149.936840795541 68.6788615200251 1 218 6
"219" 156.761876887501 68.8660387933256 2 219 4
"220" 141.757676705441 69.2677348032094 1 220 21
"221" 154.862073076109 68.8219416038579 1 221 7
"222" 149.617315588315 68.5290437339825 2 222 5
"223" 160.075162592124 69.5109335352897 2 223 24
"224" 155.454453173085 68.2249397804989 1 224 7
"225" 146.855682874433 68.9267468229474 1 225 5
"226" 147.76230904256 67.7004549716855 1 226 7
"227" 158.282468345308 68.3863427742433 2 227 7
"228" 147.649407923124 68.5867799376091 2 228 5
"229" 155.108048385155 68.2265912495232 1 229 7
"230" 150.463551076002 68.8475640929496 1 230 6
"231" 151.494765350449 68.8689147586082 2 231 6
"232" 164.496090297481 68.1472268936149 2 232 22
"233" 148.528207759855 68.3236168491204 2 233 7
"234" 155.238372101113 69.6714353834151 1 234 8
"235" 143.408955609387 68.3778215474552 2 235 18
"236" 148.30184398358 68.3826759486292 1 236 8
"237" 145.977919275245 69.0141273918327 2 237 5
"238" 156.423300220535 69.1483324304046 1 238 7
"239" 141.665604415098 68.4880604362979 2 239 14
"240" 147.077775183371 68.1929673077397 1 240 4
"241" 160.665779032027 68.9180095643902 2 241 9
"242" 156.663503266351 68.6349203993121 1 242 6
"243" 155.42704590601 68.6430880513714 2 243 7
"244" 152.345191242017 68.0778816163882 2 244 8
"245" 149.373534574571 68.8721706580303 1 245 10
"246" 140.413499640254 68.3051487653124 2 246 9
"247" 152.952880548498 68.3139131668152 2 247 6
"248" 160.301783825176 68.5980199602513 2 248 11
"249" 152.336245170302 69.5031558902331 2 249 7
"250" 148.969137168683 69.1672108978781 2 250 6
"251" 155.33699976666 67.6341979579868 2 251 9
"252" 154.08619867526 69.4908165660352 2 252 10
"253" 151.425794733786 68.1366521572691 1 253 7
"254" 155.177513211474 68.4219215924779 1 254 10
"255" 152.540577775959 68.6333995904398 2 255 7
"256" 159.967437621996 67.5005922766476 1 256 13
"257" 157.064897865704 68.017675392059 1 257 5
"258" 158.359038584164 68.8106935582171 2 258 8
"259" 148.428820136417 68.9435600944421 2 259 5
"260" 185.273567811807 99.1509267230575 2 260 6
"261" 183.416187252501 100.853237215805 2 261 8
"262" 185.403870656147 101.248009085193 1 262 4
"263" 186.577326277653 99.9617937143076 1 263 5
"264" 183.82672661909 103.57981258653 1 264 7
"265" 184.367153517976 100.357809561227 1 265 4
"266" 182.338428240979 101.194329518635 1 266 6
"267" 181.167211940513 99.907253835324 2 267 5
"268" 183.120526742009 99.1721683962867 2 268 3
"269" 185.26885489328 99.7074099942547 1 269 4
"270" 183.453238791389 97.6046416520598 1 270 12
"271" 182.25972876909 98.8860816980615 2 271 5
"272" 184.255492855793 96.3630219225581 2 272 12
"273" 185.612393713588 95.1288185706024 2 273 20
"274" 179.59120167709 95.5661558091924 2 274 5
"275" 182.906247488938 101.64357131553 2 275 7
"276" 183.521405149913 100.43430234925 1 276 10
"277" 181.337504927408 98.5248566085195 2 277 6
"278" 184.975782589224 101.638649868438 1 278 5
"279" 185.053254846854 104.198946772649 2 279 11
"280" 184.107134394153 101.31600230504 2 280 5
"281" 181.351286322828 106.580995504407 0 281 0
"282" 184.40605719856 99.4860739618127 1 282 4
"283" 183.235927166298 98.116642582363 2 283 8
"284" 182.627071618914 101.538569226559 2 284 7
"285" 184.303806288154 97.2196892866466 1 285 5
"286" 181.486640382786 99.4946995221346 2 286 6
"287" 185.000883618009 101.387606713782 1 287 5
"288" 183.821108646142 100.607501999167 2 288 7
"289" 180.934631059711 98.0013381241098 1 289 5
"290" 180.58250430401 100.720484200198 1 290 6
"291" 182.976048796291 101.36631244764 1 291 8
"292" 184.767976565313 103.673906467607 2 292 9
"293" 185.663825423715 103.70406723357 1 293 7
"294" 184.275152138542 99.4812581948307 2 294 5
"295" 180.223209950451 99.985323481171 1 295 5
"296" 183.029702299157 99.4247068707209 2 296 3
"297" 184.458019610523 99.7771696484465 2 297 8
"298" 183.711406326823 100.18595277864 1 298 10
"299" 181.15189913018 101.255537468073 1 299 10
"300" 184.027680978691 101.813924255106 2 300 6
"301" 182.963734204044 102.932739376998 2 301 4
"302" 183.591757240807 100.015948293384 1 302 10
"303" 184.465162098488 101.59395192369 2 303 4
"304" 183.704925498551 100.317004457194 1 304 8
"305" 182.488656714106 103.369187974774 2 305 9
"306" 185.355342178417 99.9033695062677 2 306 5
"307" 183.228316181538 102.781716842668 2 307 3
"308" 185.612748977704 100.66346183588 2 308 8
"309" 183.632573913037 103.689431737118 2 309 9
"310" 182.917562464913 100.505648939321 2 310 7
"311" 184.512214803068 100.605019624997 1 311 7
"312" 185.476552188794 101.889428797943 2 312 6
"313" 181.778017499423 99.5582094702135 2 313 7
"314" 185.466562281401 98.5181132024012 1 314 6
"315" 184.149385726467 103.788478569121 2 315 10
"316" 183.295691919648 96.370859309762 1 316 7
"317" 182.718329107535 97.6077021488419 2 317 3
"318" 183.398865953961 101.342948614181 2 318 6
"319" 185.943070513385 101.493834352302 1 319 16
"320" 181.613981410069 100.414814176973 2 320 4
"321" 180.834919202933 101.362521543064 1 321 13
"322" 181.502850079627 97.8855790250962 2 322 6
"323" 179.907722639767 98.6777434763994 1 323 5
"324" 186.405648436804 101.084562103982 2 324 6
"325" 184.401040529902 96.7825408287477 1 325 8
"326" 183.370988678182 101.50538181633 2 326 7
"327" 184.996633459878 98.9093447100033 2 327 5
"328" 186.300608652175 102.152188929455 1 328 8
"329" 181.690393538032 100.335584973451 2 329 4
"330" 181.920405954132 97.7190371917256 2 330 6
"331" 184.183123551223 99.9987049266387 1 331 5
"332" 183.071620014306 101.080172824207 2 332 5
"333" 183.936416780797 96.4757611777619 1 333 9
"334" 184.599740978738 104.377003967182 1 334 22
"335" 180.783679253052 99.0896409243236 1 335 16
"336" 182.465589236554 98.4750649282884 1 336 3
"337" 184.464080889048 98.0297949588019 2 337 4
"338" 182.618642604789 101.0385230163 1 338 7
"339" 182.197000300879 96.4567263563219 2 339 3
"340" 182.745228230185 101.92902844915 2 340 9
"341" 184.155953196224 96.1997151386726 1 341 10
"342" 182.941547016348 98.5630677357595 2 342 8
"343" 181.728726444696 103.089749769167 1 343 6
"344" 183.365868233082 95.9253054085453 2 344 7
"345" 182.418141588911 98.0989958541403 2 345 4
"346" 183.52850619448 101.09649196328 2 346 8
"347" 181.949928894231 103.420225479878 1 347 13
"348" 184.177135187554 101.406978893529 2 348 4
"349" 185.632552625342 99.6670974738878 2 349 7
"350" 182.083097118133 100.841594294554 2 350 5
"351" 182.344757578042 95.7137305200161 1 351 18
"352" 182.495044403447 101.967307549896 2 352 8
"353" 186.506610199235 96.9488039228423 2 353 21
"354" 184.108696669738 98.664811687786 2 354 4
"355" 180.297856919851 102.498275521441 2 355 3
"356" 184.611236534115 98.777542403437 1 356 5
"357" 181.736021306221 97.6335190597861 2 357 7
"358" 182.30400047839 100.855368209259 1 358 4
"359" 185.836281027108 99.0129188359718 2 359 11
"360" 180.565067610097 98.572964203505 1 360 10
"361" 183.127178899812 101.331591711259 1 361 7
"362" 183.015356200476 100.484741716055 1 362 8
"363" 185.499999352447 101.030498128842 2 363 7
"364" 182.205644739272 98.5400874921148 1 364 3
"365" 183.015061344237 99.1481823311451 2 365 3
"366" 183.574414079938 104.845334395403 1 366 4
"367" 181.785612934979 98.0046429871551 1 367 5
"368" 181.536887104384 99.6799325524381 1 368 5
"369" 186.75810052371 102.143039555099 2 369 16
"370" 181.459970295637 96.7255778344726 1 370 24
"371" 181.918128865424 100.667825567855 2 371 6
"372" 180.813339484051 100.565934660738 1 372 11
"373" 186.90431767535 100.143840210997 2 373 4
"374" 186.193089275684 99.6861881533491 2 374 12
"375" 178.755214229893 98.4633685145443 2 375 15
"376" 182.754071591323 99.4159519410075 2 376 12
"377" 183.833074191685 99.8462774603903 1 377 6
"378" 184.461023410597 97.5112483075749 1 378 4
"379" 186.982652920155 99.9219732587354 1 379 6
"380" 183.208831152165 102.72894289612 2 380 4
"381" 182.656132251137 97.1670104531975 2 381 4
"382" 185.143976445383 103.835153027883 2 382 23
"383" 185.834843190382 101.258084275449 2 383 8
"384" 184.64189014334 99.1841484334602 2 384 7
"385" 185.737720670266 103.004192334616 2 385 8
"386" 183.564573992205 102.251472519004 2 386 4
"387" 181.63324851555 101.221236890765 2 387 5
"388" 184.195490464409 102.289720066182 2 388 5
"389" 185.418884773458 101.822225099793 1 389 6
"390" 181.819876236919 99.0621781897583 1 390 7
"391" 184.366120874229 101.503781609248 2 391 3
"392" 184.947954831133 99.1822458885832 1 392 3
"393" 183.533499975471 104.574897441298 1 393 6
"394" 185.044623466627 99.8501379677386 1 394 5
"395" 184.344529926466 102.750659364029 1 395 8
"396" 184.032833678494 99.5304012229207 1 396 4
"397" 186.779607389665 100.126332047926 1 397 4
"398" 185.214502461622 98.7075585060922 2 398 8
"399" 182.820798482715 102.940798881197 2 399 5
"400" 184.865893295843 99.9858894938088 1 400 7
"401" 180.870571073606 102.186354913371 2 401 9
"402" 184.217850437152 99.3663967903649 2 402 5
"403" 181.95420652341 101.764431657281 1 403 7
"404" 184.159756125366 98.2823057422736 2 404 4
"405" 183.559716798253 98.1214888232608 2 405 5
"406" 182.756688019354 99.5951158840313 2 406 11
"407" 185.701135342308 98.887171339031 2 407 12
"408" 184.717380514442 101.729726431998 1 408 6
"409" 181.760604709963 100.400853110958 1 409 3
"410" 184.242637140206 99.4443170237894 1 410 5
"411" 184.921148411226 102.392246567917 1 411 4
"412" 183.42476538081 99.264857128292 2 412 5
"413" 183.222680448479 99.1445815146972 2 413 2
"414" 185.217888391346 103.190785811894 2 414 9
"415" 183.996456406751 103.035560352888 2 415 6
"416" 185.882077932894 104.515457866405 2 416 8
"417" 179.646943033457 102.694068291689 1 417 27
"418" 183.648636917022 101.024987828503 2 418 6
"419" 181.134026377762 98.1789761301142 1 419 4
"420" 184.387102337715 101.828667179938 1 420 4
"421" 182.170387526653 96.6292040877219 2 421 16
"422" 181.026041921885 96.0162587312052 2 422 12
"423" 183.222887263835 98.7096943910124 1 423 11
"424" 183.923436688341 102.844274074393 1 424 5
"425" 183.505646292798 100.102668604101 1 425 10
"426" 185.227128801338 102.091365889931 2 426 5
"427" 186.021309239295 102.750843340007 2 427 8
"428" 183.108386018398 104.054852939766 1 428 3
"429" 183.726802089978 102.313786619909 2 429 5
"430" 182.148562153274 98.8493299138636 2 430 4
"431" 182.219660866257 97.1693610574251 1 431 7
"432" 183.329269840731 98.3407390815249 2 432 5
"433" 182.805991073332 100.917491052222 1 433 6
"434" 183.111001313393 99.6364757302848 2 434 4
"435" 185.344997533523 101.02496193801 2 435 6
"436" 185.512196992699 101.999967763271 2 436 5
"437" 184.047272466555 101.497016326061 1 437 6
"438" 184.45293725237 97.0967273059243 1 438 6
"439" 183.779770984426 100.593929735245 2 439 8
"440" 183.990920620977 100.478987458778 1 440 8
"441" 182.545296276515 102.924437454874 2 441 5
"442" 181.909536181434 98.6492467756419 1 442 3
"443" 185.428339143876 101.762982579543 2 443 6
"444" 181.559611887153 96.4764357934402 2 444 4
"445" 181.542479045794 99.6721524552983 1 445 4
"446" 182.04873492347 98.1669335302955 2 446 5
"447" 180.582182302288 79.163039955116 2 447 15
"448" 181.342423299711 80.6827227264949 1 448 7
"449" 172.170571053329 78.6018042254094 2 449 15
"450" 174.838926387556 79.2987616682521 2 450 2
"451" 178.011487389184 80.9631866566024 1 451 9
"452" 175.390369074418 82.7736258421548 1 452 2
"453" 170.898285140535 80.0067844662002 2 453 3
"454" 175.572871338994 81.8524172388468 2 454 5
"455" 175.894411781287 83.3662439439959 2 455 3
"456" 171.023488156365 81.6093456284501 1 456 12
"457" 185.308071623248 82.9095904916525 2 457 28
"458" 172.84309049047 81.5136303901689 2 458 12
"459" 171.098223874117 84.1964530203716 1 459 5
"460" 169.563810863181 82.8418455177396 1 460 2
"461" 169.934558330483 82.5883881152385 2 461 5
"462" 177.083262795115 79.4967495521863 1 462 3
"463" 173.114883684317 81.7239211406144 1 463 4
"464" 175.65191690818 83.2954219118307 2 464 4
"465" 171.239767279745 85.2005407299164 2 465 11
"466" 167.085216061695 82.6460325856332 1 466 5
"467" 180.876472879021 83.4886218315505 2 467 22
"468" 170.251346323087 80.0399417569143 1 468 2
"469" 170.927008181282 83.1320247099892 2 469 6
"470" 182.008125717688 80.8562077483516 2 470 11
"471" 166.947188011655 79.2280958621587 2 471 41
"472" 170.550128546271 81.8434463876754 2 472 5
"473" 174.208680093575 80.4487163399829 2 473 4
"474" 176.489257594358 80.2672265954233 2 474 14
"475" 175.626607413036 82.2191529333983 1 475 6
"476" 177.183124507789 82.1765036377523 1 476 4
"477" 177.521855900835 80.7426141629726 2 477 9
"478" 179.979974264558 82.4346627479262 2 478 4
"479" 179.347653878305 85.1417727651834 1 479 11
"480" 172.832064304358 80.2219802646603 1 480 3
"481" 172.531465559978 80.558328511517 2 481 7
"482" 171.068933836724 81.7738703908782 2 482 12
"483" 177.729648889243 82.6208000140642 2 483 5
"484" 171.764612422382 85.0631747242259 2 484 12
"485" 176.274060812611 82.7833030462113 2 485 12
"486" 172.426151051194 81.0361249940306 2 486 7
"487" 170.557726562594 81.3307757676319 2 487 5
"488" 166.270052112684 83.9672470635825 2 488 14
"489" 170.371883076661 80.8022816634941 1 489 11
"490" 167.955959093773 80.3772464690043 1 490 10
"491" 174.082488806391 79.8217077736435 1 491 4
"492" 177.150315462382 81.4266151594025 1 492 2
"493" 172.964088788102 79.4358215759945 1 493 4
"494" 171.461112465369 80.197493205961 2 494 9
"495" 167.755974158983 80.2786917456705 2 495 10
"496" 177.833874078885 82.814465906209 2 496 5
"497" 168.230742222763 82.0507735099613 1 497 9
"498" 176.107005062134 81.4334510507325 2 498 3
"499" 174.707479721067 79.804411936244 1 499 2
"500" 173.10344853886 75.3975171992636 2 500 16
"501" 171.353030039482 80.9719037746951 1 501 4
"502" 165.578026100825 82.2682398676017 2 502 26
"503" 170.120732507162 82.698851087716 1 503 5
"504" 174.174915709534 80.4361628892371 2 504 3
"505" 177.346388012595 82.2399334978363 1 505 3
"506" 173.420456290815 80.6466763206817 2 506 2
"507" 174.729132172113 81.2226679289903 2 507 10
"508" 167.584950902239 77.7642651881845 1 508 9
"509" 171.84906226478 83.1524605669511 2 509 5
"510" 172.685836811495 77.7698666819493 2 510 7
"511" 176.369323957 83.1849423138863 1 511 8
"512" 172.26063454014 77.7443195919401 2 512 11
"513" 169.86190690222 80.5552586378776 2 513 7
"514" 173.04757030174 81.9252124201036 1 514 5
"515" 175.122754257483 79.9467141704571 1 515 8
"516" 168.886765377925 82.2140968452651 2 516 6
"517" 183.882147132745 83.0162618779897 2 517 48
"518" 168.869164601049 79.4709376404053 2 518 8
"519" 173.16748621935 80.2202825067887 1 519 5
"520" 170.549683135613 85.4714152787678 2 520 18
"521" 174.169639370749 81.3607579821608 1 521 3
"522" 167.852942373475 83.8069760283353 1 522 31
"523" 171.858996090125 83.5395947118081 2 523 4
"524" 173.677154625568 85.4632670194638 2 524 11
"525" 176.713446443942 79.6936040975802 2 525 4
"526" 174.645059771043 80.564592655626 2 526 6
"527" 170.708365137051 79.7646409787913 1 527 17
"528" 175.81519832648 83.3562897368722 2 528 3
"529" 174.574069182426 82.0696901849862 2 529 4
"530" 175.383359885707 81.8262522829589 2 530 6
"531" 168.565753113967 82.8210695491251 2 531 6
"532" 170.733049640869 77.6539732676856 2 532 3
"533" 174.237236306792 82.6992109424804 2 533 4
"534" 172.330896758916 80.9452459220324 2 534 8
"535" 174.876117842858 81.6517340509746 1 535 13
"536" 171.899181261016 83.119371373884 2 536 4
"537" 171.673483944704 81.176336826333 2 537 5
"538" 168.522348616372 82.3520229605503 1 538 10
"539" 179.068410331778 79.8471223957009 2 539 9
"540" 176.878238129975 86.2148597197362 2 540 10
"541" 183.688727740809 80.9838316111359 2 541 20
"542" 173.073532725289 84.2290270929848 1 542 11
"543" 177.90851300953 81.0384613962743 2 543 10
"544" 170.542027727567 80.1750062524092 1 544 3
"545" 166.736627719366 83.9029600889702 2 545 8
"546" 178.107950358397 78.7339209125848 2 546 8
"547" 174.449088336521 83.560919281666 1 547 9
"548" 167.274814522376 82.6879251655175 2 548 4
"549" 185.951150339887 83.5073554061876 2 549 27
"550" 166.759701105464 81.6655574657168 1 550 10
"551" 172.215273922524 78.9865287309701 2 551 10
"552" 170.103495319778 82.2852417179796 2 552 7
"553" 171.888746843292 81.7898362547236 1 553 10
"554" 174.783423048475 82.0269052871693 2 554 5
"555" 174.27780721574 81.5377296345827 2 555 5
"556" 175.534907721158 81.7370311702121 1 556 4
"557" 173.390020679836 82.9036269287484 1 557 2
"558" 171.706164728708 83.0325109462843 2 558 3
"559" 175.986109500247 82.0653704954895 1 559 7
"560" 175.448620343347 82.2643604337009 1 560 4
"561" 172.601363836632 87.3001239044574 2 561 23
"562" 175.197368544992 81.8361930344479 2 562 6
"563" 175.314805611302 86.2826462478173 1 563 12
"564" 170.078173425924 83.2894080841696 2 564 5
"565" 174.681079167696 82.3287474747025 2 565 6
"566" 177.091412418807 80.0021404822401 1 566 6
"567" 175.293627773149 85.5408543207307 2 567 5
"568" 179.048000674996 83.9827110546518 2 568 6
"569" 176.634734386466 81.0342998805286 2 569 6
"570" 175.482656956172 78.498886581743 2 570 3
"571" 168.504420659872 83.0798557293565 1 571 4
"572" 177.569132601767 82.0356268225316 1 572 3
"573" 172.486039222377 80.3249656782182 2 573 5
"574" 172.585693124806 81.1598415752843 1 574 8
"575" 178.94465766463 84.0448053236237 1 575 7
"576" 176.275083026942 78.7000605425734 2 576 5
"577" 179.377013824807 79.8784866350518 1 577 6
"578" 171.933948297666 80.476208754099 1 578 4
"579" 170.96219036239 81.664852203626 2 579 11
"580" 175.081022322635 83.4475961507912 2 580 2
"581" 169.749894987483 84.472184927904 1 581 3
"582" 177.076093450439 81.9690552779161 1 582 4
"583" 163.896043213628 82.8008383799521 2 583 6
"584" 171.0775239916 83.0836339892061 1 584 4
"585" 175.836161253912 82.0803284691199 1 585 5
"586" 173.629479340476 83.3967503224287 2 586 3
"587" 178.357089320823 83.6736145458 2 587 3
"588" 167.758177326734 81.5506067131184 1 588 5
"589" 164.253497491049 84.0064122500348 1 589 10
"590" 175.478948218598 84.4191918736033 1 590 8
"591" 167.556054187887 81.5133169817981 2 591 5
"592" 165.009062908876 80.8591697420396 2 592 17
"593" 178.865173150142 82.0833634351385 2 593 7
"594" 180.936778603803 85.1597396069685 2 594 28
"595" 169.522288885235 79.5977532908765 1 595 6
"596" 170.226570845989 81.1989069863527 2 596 15
"597" 178.838102237398 82.3601385820574 1 597 5
"598" 174.0460219627 80.6637338084085 1 598 10
"599" 168.130976828534 78.7899768012758 2 599 16
"600" 173.072374406756 83.6836181554927 2 600 4
"601" 175.726140399269 82.4837287531811 1 601 4
"602" 177.969564398764 82.9262345826459 1 602 5
"603" 169.146065304376 81.1444827068186 2 603 21
"604" 169.252750358546 83.7830399132636 1 604 5
"605" 168.92025112364 82.2516199269725 2 605 7
"606" 168.270486708891 84.6090366812753 1 606 21
"607" 175.702174075052 79.3982192909403 2 607 4
"608" 178.358778434858 83.6916291181241 2 608 4
"609" 175.167487163289 81.2025913570766 1 609 6
"610" 162.758747547008 80.8089412627416 1 610 23
"611" 176.157200403858 85.7166951414179 2 611 4
"612" 173.658096813452 82.3673408719325 2 612 7
"613" 175.936422017334 83.4022275668146 1 613 2
"614" 175.732209495079 82.4216771605064 2 614 3
"615" 178.562422230906 84.8088460346225 0 615 0
"616" 171.169370053881 85.1106602388882 1 616 10
"617" 176.677169979435 80.8237631852017 2 617 6
"618" 177.016655437251 83.0841411255582 1 618 11
"619" 167.670852628137 82.6491980920884 2 619 3
"620" 165.266168506583 82.7653576243806 2 620 8
"621" 171.363462066392 85.0610572631741 1 621 11
"622" 175.086269536346 82.5936907449546 1 622 3
"623" 168.678156506717 84.1157144770286 1 623 28
"624" 173.234892682058 78.0617782390867 2 624 6
"625" 172.526874543695 82.3223302352541 1 625 4
"626" 177.270887700051 82.2324779484159 2 626 4
"627" 168.104281493971 84.6742845428029 1 627 20
"628" 177.089697772876 81.8550505673853 2 628 5
"629" 170.714363682051 84.6106138791573 2 629 4
"630" 172.721627354166 80.1119268845445 2 630 4
"631" 173.393008946126 80.645987674343 1 631 3
"632" 172.122394656655 81.3374773385449 2 632 7
"633" 173.355772277098 83.6821233046324 1 633 5
"634" 172.070783525522 82.586644650719 2 634 4
"635" 178.350495267584 84.2171771448454 2 635 5
"636" 172.192685821541 80.3335023265713 2 636 5
"637" 171.845913121019 84.163305197577 2 637 4
"638" 177.710940328916 82.7148272663182 2 638 4
"639" 169.563984067941 81.8740415544064 1 639 3
"640" 175.092671321674 82.2244752964981 2 640 4
"641" 178.875040384951 84.3482363420181 2 641 7
"642" 164.32082506944 80.7881930407496 2 642 10
"643" 168.239980173724 82.5145858672577 1 643 7
"644" 165.836309089357 83.9961477640786 2 644 15
"645" 176.021501847198 83.5115316142327 1 645 3
"646" 170.120647390752 82.3239210205132 2 646 6
"647" 178.252889643278 80.1731583537774 2 647 4
"648" 173.743089353935 83.3389298866258 1 648 3
"649" 176.746151727068 83.2757424573208 2 649 8
"650" 172.884845200503 85.3181932975182 1 650 9
"651" 172.691619724675 86.7589354855431 0 651 0
"652" 168.235696332918 84.0291120279768 2 652 18
"653" 177.204899524909 82.5222120030153 2 653 4
"654" 164.006097850662 82.4396015535409 2 654 7
"655" 170.217635823655 84.6867751026731 2 655 4
"656" 177.802245065346 80.0875146761804 1 656 4
"657" 176.494911539609 81.4000339243243 1 657 7
"658" 175.304720570742 78.4299641162971 1 658 3
"659" 178.371956901023 80.9362337458162 1 659 9
"660" 166.560686316775 85.1031620304666 2 660 36
"661" 173.521204970747 82.3174753684861 1 661 7
"662" 181.753008135062 81.4177831333051 2 662 11
"663" 173.853920804551 81.8198714436732 1 663 7
"664" 168.848257352901 83.0643419244962 1 664 3
"665" 174.546945362038 80.2202306906005 2 665 7
"666" 170.855116725995 82.3176559626286 1 666 15
"667" 173.857595611604 81.4493244003226 1 667 5
"668" 174.338902910166 80.7166834510697 2 668 4
"669" 172.871861412613 79.9018869558669 1 669 4
"670" 174.481452373423 82.310396459842 1 670 7
"671" 181.093885323594 80.9403125910142 2 671 8
"672" 175.301725256372 82.8761121389053 2 672 2
"673" 171.839337663487 83.672509979573 1 673 5
"674" 177.240821486181 82.1098423800076 1 674 3
"675" 176.056575204693 84.8260033964481 2 675 3
"676" 169.146909450777 82.1297964276205 2 676 5
"677" 172.499756824581 83.0177879646023 2 677 4
"678" 173.777482001974 80.6186784159956 1 678 7
"679" 169.194117068339 81.8539792124611 1 679 4
"680" 173.407923804107 81.3480076903944 2 680 4
"681" 179.544414422169 80.7979375997816 1 681 21
"682" 169.340010919835 84.8212539710248 2 682 8
"683" 175.537324943533 82.6960805439091 2 683 3
"684" 174.15578423303 82.3563143404393 1 684 16
"685" 174.647386922993 80.5972751045194 2 685 5
"686" 167.760688055235 83.4132653503201 2 686 4
"687" 174.94759266092 78.3228248016053 1 687 11
"688" 169.518145279028 84.2213893991753 1 688 5
"689" 171.911316830041 84.0602960640103 1 689 5
"690" 175.563152716285 83.0597942276936 2 690 6
"691" 177.481306896439 81.1244256677041 1 691 5
"692" 176.535657358782 82.9426560486782 1 692 7
"693" 169.588738108913 84.0091319382841 2 693 3
"694" 173.648552908396 80.3668611705167 1 694 2
"695" 174.537125903279 83.2274794365904 2 695 8
"696" 172.085107553732 85.066171826358 1 696 6
"697" 177.948821192636 83.5045319992177 2 697 5
"698" 172.637881260693 82.397712479665 1 698 6
"699" 172.963769646937 83.6150267887649 2 699 4
"700" 167.507584434154 81.5349426504314 1 700 4
"701" 166.665468410099 80.1908600021391 1 701 44
"702" 173.279985753413 81.374641294342 1 702 5
"703" 174.293508730171 81.8081611023072 2 703 4
"704" 171.525579739947 80.6493350251798 2 704 4
"705" 169.775046095454 80.2555659703007 2 705 6
"706" 175.944852380156 85.0102441709709 2 706 3
"707" 176.206151652427 84.2482265471203 2 707 3
"708" 173.636425443615 84.6376955939032 1 708 12
"709" 168.258302019454 84.9128858684777 1 709 22
"710" 171.886876694897 82.2964622162218 1 710 4
"711" 169.775507161436 80.6703146453494 1 711 6
"712" 172.89685861947 80.4252906164632 1 712 4
"713" 171.355375266637 81.0221709311985 1 713 3
"714" 171.836452070563 79.3085835131831 2 714 9
"715" 169.87815864742 86.6179920225114 1 715 12
"716" 173.362442491331 84.9438319014333 2 716 11
"717" 170.616782086875 84.8762560980735 2 717 5
"718" 176.675087666667 82.8788475138273 1 718 6
"719" 180.957183644996 83.7447421966965 2 719 7
"720" 165.269297591685 78.6756514421064 1 720 25
"721" 172.633575926592 85.155475338281 2 721 8
"722" 171.603041524001 81.1764533049322 1 722 4
"723" 170.754570831953 83.7789055581855 1 723 8
"724" 170.998641661731 80.4414163584162 2 724 3
"725" 170.923936357445 83.4123404850834 2 725 9
"726" 174.158929139898 81.9729731576578 1 726 9
"727" 175.281277595889 81.6430785269448 2 727 6
"728" 179.340095876988 83.1265534019569 1 728 21
"729" 169.147406221694 80.9443522592194 1 729 22
"730" 171.567915042929 83.7642817226898 1 730 4
"731" 171.214999450616 81.4989745455666 2 731 5
"732" 167.395110425375 82.9710041093362 1 732 1
"733" 185.092200231972 82.6423565744175 1 733 25
"734" 176.274628929672 68.6433660544705 1 734 6
"735" 177.357983641509 82.0115809365709 2 735 2
"736" 174.47066135997 79.2759638559015 2 736 4
"737" 175.113452256034 76.7778118825412 2 737 20
"738" 173.288239653365 74.5902387907302 2 738 3
"739" 171.258305892833 84.6892711861314 2 739 12
"740" 177.293120207628 67.8992615777225 1 740 5
"741" 180.208721169158 77.1148104542511 1 741 24
"742" 172.424840928459 72.5808386179157 1 742 4
"743" 176.09873681953 83.2615504753782 1 743 3
"744" 169.291593603098 72.3603957951875 2 744 4
"745" 172.657792299102 71.4684677571928 2 745 6
"746" 179.611644768089 69.5919816279808 2 746 14
"747" 172.890885978909 61.86753069758 2 747 1
"748" 175.692249304355 74.4605304085337 2 748 8
"749" 170.890705537173 67.703321041092 2 749 16
"750" 179.207429328052 68.9743158951896 2 750 23
"751" 170.279844613322 71.1796063213611 2 751 11
"752" 178.412824467954 78.7369157565055 1 752 6
"753" 174.639015271479 73.073075868535 2 753 4
"754" 169.245591408971 79.3998393047064 1 754 10
"755" 171.465184028806 77.232778399064 2 755 12
"756" 169.701931747197 71.3877789616955 1 756 17
"757" 172.621154709528 74.9485429201931 2 757 4
"758" 177.025534869864 82.2423075095331 2 758 4
"759" 179.016641235339 71.8833723909895 1 759 7
"760" 176.887241839578 71.269446192987 2 760 9
"761" 176.991563732979 73.702748044023 2 761 6
"762" 174.449570990216 75.7604430767675 2 762 10
"763" 175.139870095974 74.4444947513741 2 763 5
"764" 174.91426664229 74.0175893409697 2 764 5
"765" 173.8029910851 73.8372840848426 2 765 6
"766" 180.884790464807 73.0442834985249 2 766 23
"767" 176.961862670492 74.0063452541427 1 767 8
"768" 178.004676045107 79.6005997880427 2 768 8
"769" 178.461065145793 71.1797387209589 2 769 11
"770" 183.058563002287 74.821126518939 1 770 14
"771" 176.108883574146 77.7727470021675 2 771 19
"772" 179.344864853152 68.0058776644106 2 772 24
"773" 178.780320373626 67.960928352753 1 773 19
"774" 173.045912954141 70.339907807604 1 774 8
"775" 176.302461300821 66.7904064582175 2 775 14
"776" 173.116400064438 66.4170142523424 2 776 12
"777" 170.119567580494 77.2781916805184 1 777 6
"778" 171.46887538725 70.3014433769098 1 778 9
"779" 176.219602809595 70.5018648512255 1 779 5
"780" 185.635271593152 67.0450661086497 2 780 6
"781" 179.023207080902 70.4095517424527 2 781 9
"782" 178.650195353364 82.0037356338979 2 782 4
"783" 175.485786431084 78.2754727837688 1 783 6
"784" 174.018605496392 75.3950479422985 1 784 11
"785" 173.787091463877 75.2787284095117 2 785 3
"786" 177.005351208772 69.4292255559887 1 786 9
"787" 177.860374882792 77.8202115806017 2 787 7
"788" 177.804714564691 82.7291375091663 1 788 4
"789" 169.820200463189 65.1825871913999 1 789 38
"790" 178.473198174062 79.5617669885582 1 790 5
"791" 176.446858109951 62.7617782281636 2 791 8
"792" 176.827863306925 75.906206379119 1 792 9
"793" 173.796223387501 75.2056676320295 2 793 2
"794" 168.276890378838 73.1944184659201 2 794 4
"795" 172.172098104015 81.8421094772529 2 795 4
"796" 172.982023871529 67.9765245307633 2 796 15
"797" 174.702911678304 70.9563733577327 1 797 8
"798" 176.075460574658 75.7567756988016 2 798 6
"799" 175.426428426853 79.7816731553173 2 799 3
"800" 173.637003691671 79.88550434964 2 800 4
"801" 181.746888936579 74.4778542486837 1 801 22
"802" 177.913261872141 75.3959060080802 1 802 6
"803" 170.969039693743 75.9000700965338 1 803 4
"804" 174.644139634136 85.8043353148847 2 804 7
"805" 173.599389751894 70.5457464557216 1 805 20
"806" 176.918706880885 68.5499227666948 2 806 8
"807" 178.541372037374 77.7899111210728 1 807 15
"808" 170.951854941555 75.6786825610036 2 808 3
"809" 173.623169788904 79.6482947486705 2 809 5
"810" 171.611792586112 75.709488643474 1 810 14
"811" 172.643783973784 63.5595405368081 0 811 0
"812" 174.635955518906 74.6996837823714 2 812 6
"813" 170.414251487668 74.7864220318313 2 813 7
"814" 173.036353271592 78.293243541087 2 814 12
"815" 177.368103033063 77.4196515466645 1 815 6
"816" 171.295560414105 78.233901341455 1 816 17
"817" 180.541473743183 70.9438650795934 2 817 19
"818" 176.963161247709 71.2931379360897 1 818 10
"819" 173.956411819586 79.1411101269058 2 819 12
"820" 168.820391913488 79.2129671593112 2 820 13
"821" 177.010718615374 70.1072485323889 1 821 6
"822" 174.484381059452 67.7041566162271 2 822 12
"823" 177.097749427768 72.1907497785715 2 823 4
"824" 171.142009159263 77.1527230177782 1 824 4
"825" 168.724795898175 77.2816697000412 1 825 15
"826" 170.89203910067 71.7935801013294 2 826 30
"827" 168.772366386074 77.7787472130328 1 827 16
"828" 173.317199150037 77.3371124708467 2 828 6
"829" 169.856986230459 68.9544846866205 1 829 12
"830" 177.865883246349 74.2614644561033 2 830 5
"831" 178.965024887807 80.2071274284136 2 831 6
"832" 173.30819374253 74.4101653097053 2 832 3
"833" 169.601545932309 73.4117889197903 1 833 8
"834" 181.237274441537 74.8529377844557 1 834 18
"835" 172.835370372669 68.4409142659182 2 835 37
"836" 165.359715818044 77.0169894225405 2 836 25
"837" 181.029325918742 74.0932385239139 2 837 12
"838" 174.402488166653 76.7133053701066 2 838 5
"839" 179.692862210589 68.9653048077533 1 839 13
"840" 179.104165454609 77.9054665932196 2 840 18
"841" 168.448947196752 68.6201822784873 2 841 26
"842" 171.86474636762 77.0834656795173 1 842 5
"843" 172.597406378366 76.6026606011163 2 843 8
"844" 171.638653736223 79.1296040376291 1 844 6
"845" 173.210324409077 75.0918570069428 1 845 17
"846" 171.865964368372 76.8182970395816 2 846 6
"847" 180.806250619497 79.3770211887632 2 847 14
"848" 177.266786785108 68.5123315324036 2 848 8
"849" 174.526121730968 66.3688415185809 1 849 10
"850" 176.367715842345 76.2191493476006 2 850 10
"851" 172.003956546132 69.9952372322948 2 851 15
"852" 176.116904309321 76.6926965978978 1 852 13
"853" 169.59358655904 80.7196572882145 2 853 11
"854" 176.647253940876 76.7417011973433 1 854 10
"855" 178.148447129035 86.522752171133 1 855 6
"856" 172.803375176453 71.5210566228158 2 856 7
"857" 181.249614779872 73.8324202313662 2 857 8
"858" 175.823045402563 72.1788176563185 1 858 19
"859" 179.211661954375 71.270212394081 1 859 6
"860" 174.500523432814 69.1303836234564 1 860 11
"861" 175.812477635701 84.9763171036245 1 861 4
"862" 172.395168208277 82.5208995057364 1 862 5
"863" 178.133521187456 62.5583304036986 2 863 1
"864" 175.0060821995 71.9671247941213 1 864 7
"865" 178.259286696673 69.2240694971712 2 865 15
"866" 181.007736153171 80.7688486427512 2 866 8
"867" 174.009388937611 74.0455000782884 1 867 5
"868" 170.284112477291 72.5808310415354 2 868 6
"869" 180.186951921694 69.4173106525629 1 869 18
"870" 171.789487941911 80.7193573960775 1 870 4
"871" 181.707659234952 62.721685661165 2 871 16
"872" 178.224307690912 79.1460969255094 2 872 7
"873" 174.376191376624 74.4964298587832 2 873 3
"874" 180.503888610705 78.2364684696068 2 874 6
"875" 175.66157911592 84.0447369153243 2 875 5
"876" 171.250614426151 70.2252733868577 2 876 11
"877" 173.157694829785 77.3906883543581 1 877 7
"878" 178.295496267252 59.1739525665793 0 878 0
"879" 185.573079881179 78.751277138148 1 879 42
"880" 179.687973617302 71.0514212420907 1 880 7
"881" 171.908144519547 59.6318951291585 1 881 44
"882" 172.954794778188 63.484934358121 2 882 35
"883" 166.343009735568 77.0009763060576 2 883 5
"884" 175.754720282472 61.001413598436 1 884 28
"885" 179.597820194858 79.9648660349209 1 885 8
"886" 170.884479363456 80.6628510400154 2 886 4
"887" 173.577609459309 69.7278997151928 2 887 19
"888" 182.638116265399 80.4210785068557 2 888 15
"889" 176.66543015929 63.6424823276867 1 889 22
"890" 176.460685884396 64.8172031707662 2 890 7
"891" 176.024791670186 62.5538344087792 1 891 7
"892" 168.546135502364 73.2265428033904 1 892 16
"893" 172.630826891565 72.146618524356 2 893 2
"894" 183.783655077246 68.9255450542686 1 894 38
"895" 173.085637134766 76.0001819625462 2 895 6
"896" 178.379173418969 73.7556987932035 1 896 3
"897" 173.979843864796 76.555708925861 1 897 5
"898" 174.032620881122 70.3884295423174 2 898 7
"899" 178.388819784485 75.3270417917038 2 899 4
"900" 176.157556329678 69.3093257465286 1 900 10
"901" 173.444089362453 75.4303446832529 2 901 4
"902" 179.472272415934 74.179839044997 2 902 7
"903" 171.444175217464 71.8831403184646 2 903 8
"904" 169.078503136564 82.9854626716024 2 904 5
"905" 171.253953146221 72.4340151800297 2 905 6
"906" 178.592816348046 82.9214451590292 2 906 13
"907" 176.286165723427 74.0194456086036 1 907 17
"908" 173.972072032728 76.935199869124 1 908 4
"909" 177.958476878492 71.7729960016158 1 909 4
"910" 177.310049843736 75.2074795464059 2 910 5
"911" 176.501760129392 80.7214137514895 2 911 3
"912" 175.730590715188 69.0674166354473 2 912 5
"913" 180.486196168423 66.9381945263292 1 913 47
"914" 173.563010812916 71.3970287772418 1 914 16
"915" 178.183087358489 71.4262612537342 2 915 4
"916" 172.29802643497 72.4477247666337 2 916 3
"917" 183.301015062021 62.5159097398881 2 917 22
"918" 172.933179688125 72.0423364633701 2 918 5
"919" 167.994381792219 74.0094869249057 2 919 3
"920" 169.685002304822 74.3705125774207 2 920 32
"921" 180.415643165634 75.7688585043797 1 921 10
"922" 178.273067389392 73.8521904605245 2 922 4
"923" 170.723876906788 75.8180873061723 2 923 7
"924" 179.60704385822 82.0952941833509 2 924 9
"925" 176.812546116148 71.1106376778127 2 925 10
"926" 178.461166761235 80.4395861164356 2 926 4
"927" 170.236159783649 71.3848059409787 2 927 10
"928" 177.00545823537 73.0631452194285 1 928 8
"929" 176.504383383098 67.3244912666263 1 929 10
"930" 174.717379703585 71.3312000856616 1 930 9
"931" 172.74457963367 80.1824369098021 1 931 3
"932" 178.007806887224 74.6087222682428 1 932 18
"933" 181.66565339126 72.6003595370489 2 933 17
"934" 168.139881518132 72.111438928559 2 934 9
"935" 174.023956929439 65.952817938123 2 935 15
"936" 177.176986706417 81.2095489220591 2 936 4
"937" 177.180413114284 64.5599135465602 1 937 2
"938" 177.998456466226 71.7486115321 2 938 3
"939" 175.013428149085 77.169323891016 2 939 15
"940" 174.713659931048 72.0319320917372 1 940 6
"941" 174.160253201804 79.7001934090096 2 941 5
"942" 176.927622746814 69.9196601064735 2 942 7
"943" 175.928340526821 71.696309442366 1 943 16
"944" 179.416872956799 71.332919954275 1 944 7
"945" 173.138530025462 73.1054403510976 1 945 10
"946" 171.365427122424 72.4549676308136 2 946 5
"947" 173.832791907417 71.2242197750937 1 947 14
"948" 173.511847713981 73.1228884606459 1 948 8
"949" 175.660455847002 71.2962276007682 1 949 8
"950" 176.042685825032 72.4629439077688 1 950 6
"951" 175.778688492855 87.7789582744223 2 951 7
"952" 171.5480836881 73.1251142853431 1 952 22
"953" 178.539022636857 74.2155244808723 1 953 6
"954" 177.666151664627 79.2265208913715 2 954 9
"955" 167.603666501062 77.1822452658901 1 955 5
"956" 175.495914741294 76.8091981102895 1 956 19
"957" 173.847309694716 67.3475236315759 1 957 14
"958" 180.208669444859 72.9720018529984 2 958 32
"959" 170.696519449867 74.2261693121139 2 959 10
"960" 175.299107571928 75.3641692956738 1 960 6
"961" 171.437002542006 71.581290803074 2 961 10
"962" 172.796917610809 73.5312744490691 2 962 9
"963" 172.549683622087 74.0987480710533 1 963 7
"964" 171.754470458164 71.8364913863897 1 964 4
"965" 173.818628580271 73.2840666669602 2 965 4
"966" 176.915819193907 65.3223777548485 2 966 7
"967" 183.832803277145 78.7664218546677 2 967 20
"968" 173.734605588129 78.765534720248 1 968 5
"969" 166.747887290172 71.5968862936452 2 969 38
"970" 178.8176742301 71.7665242865049 2 970 9
"971" 176.062650170655 70.7501837536687 1 971 4
"972" 170.214717701584 68.1487061488696 1 972 49
"973" 175.672591074804 88.4863811906403 1 973 15
"974" 176.40346801539 69.2914817850773 1 974 9
"975" 176.14092782602 71.6596888184941 1 975 20
"976" 172.857246410003 76.7690849133831 1 976 8
"977" 178.510883850107 70.9790498670976 2 977 12
"978" 173.672017725817 66.5498496606743 2 978 17
"979" 173.147767259759 71.2054610553658 1 979 3
"980" 166.256384221664 64.7490395936719 1 980 18
"981" 171.914997277799 79.7981599117901 2 981 6
"982" 173.699096057726 76.8247162512715 1 982 5
"983" 174.12623691004 79.9461776114503 2 983 4
"984" 171.05443733747 65.7748863805191 1 984 25
"985" 176.848744059803 79.8127865298294 1 985 4
"986" 170.029802458556 74.3196839765783 2 986 34
"987" 180.48623434807 76.5245057290767 2 987 19
"988" 178.039309340031 70.8350212501952 1 988 7
"989" 168.578602910139 74.7371331926824 2 989 8
"990" 173.361115828491 83.116600438819 1 990 3
"991" 174.457851189279 72.5813192197514 1 991 3
"992" 171.092339821101 71.2356705338057 2 992 16
"993" 180.068117235705 76.3032919285892 2 993 13
"994" 177.543805072495 68.5491173304932 1 994 5
"995" 179.443605766961 73.9106078970369 1 995 6
"996" 174.100768674601 78.5608261363713 1 996 3
"997" 171.314938420958 71.4281774941644 1 997 25
"998" 179.540240202959 65.5302518732642 2 998 24
"999" 174.49849363862 70.1174380743907 2 999 7
"1000" 174.655319827163 73.9998623501295 2 1000 7
"1001" 176.256360285034 70.4833296353791 2 1001 6
"1002" 178.289533759397 75.43773301549 1 1002 5
"1003" 174.416111836872 74.5621384326733 1 1003 4
"1004" 181.969792510595 70.536178846489 2 1004 5
"1005" 170.165071355139 73.8377600983825 2 1005 8
"1006" 178.062653154604 74.5431607582836 2 1006 17
"1007" 185.768404313747 81.0668955686495 1 1007 31
"1008" 171.580223862756 69.7204626232264 1 1008 14
"1009" 175.841562380697 79.4331122820982 2 1009 6
"1010" 175.801212192227 67.8419443326992 1 1010 4
"1011" 178.648038315787 64.3747045047135 2 1011 8
"1012" 182.873035979134 73.7893897423282 1 1012 13
"1013" 173.766114596411 78.6104714118723 2 1013 6
"1014" 169.122501820142 67.0836933881885 1 1014 44
"1015" 176.958123128731 76.3709875600517 1 1015 8
"1016" 179.670362280423 78.688702877067 2 1016 16
"1017" 178.29460297856 81.6768227616782 2 1017 3
"1018" 174.295975808262 80.6027575685554 2 1018 3
"1019" 171.420167668491 65.6739060196907 1 1019 23
"1020" 175.239812925406 77.8116555084465 2 1020 11
"1021" 180.586572624515 80.1368987472281 2 1021 6
"1022" 176.412465205401 64.5825515449668 1 1022 6
"1023" 170.996907521248 80.2808244759106 2 1023 4
"1024" 176.07263744384 68.0546099010643 2 1024 5
"1025" 174.920382443942 75.0435620622364 2 1025 9
"1026" 173.992241415446 76.4561842366804 1 1026 6
"1027" 179.620640509293 75.3823685868989 2 1027 10
"1028" 173.973693995157 73.3210180422516 1 1028 15
"1029" 171.674725398027 76.247840169726 2 1029 4
"1030" 168.869347272169 71.6127466113011 2 1030 36
"1031" 172.392906520215 65.5351044179544 1 1031 34
"1032" 172.025246163166 78.1044006645906 2 1032 19
"1033" 178.528496363449 75.8908465926926 2 1033 6
"1034" 177.333990765427 77.248014657487 1 1034 6
"1035" 176.357843882352 77.5900034851675 2 1035 14
"1036" 175.684481719871 75.8706452043605 2 1036 6
"1037" 173.802907745073 83.6314025227803 1 1037 8
"1038" 178.414677156278 71.6555000574776 2 1038 5
"1039" 176.511599007484 72.4966580048797 2 1039 6
"1040" 170.697083190135 73.2236297675989 1 1040 5
"1041" 185.520183507905 76.3474823414199 0 1041 0
"1042" 178.028538590417 65.1440520479629 1 1042 10
"1043" 177.586208188932 70.3840785806068 2 1043 6
"1044" 167.144984308029 76.9939575604433 2 1044 9
"1045" 169.677602591652 70.884130168929 1 1045 16
"1046" 173.606843020017 78.7394658942163 1 1046 6
"1047" 178.764649851514 76.3086761972421 2 1047 5
"1048" 179.031707079613 69.9064381773832 1 1048 10
"1049" 177.04011243652 69.5698554527061 1 1049 10
"1050" 186.838045117276 66.6369927541117 2 1050 41
"1051" 173.868034789593 66.1340699683626 2 1051 25
"1052" 178.496197831031 71.4642907232465 1 1052 10
"1053" 167.843583032545 73.8924442227332 0 1053 0
"1054" 177.45828555856 67.7394700294267 2 1054 4
"1055" 181.037401328363 64.259570151332 0 1055 0
"1056" 175.400114983337 74.8641179395942 1 1056 7
"1057" 174.822391065498 77.7734976562161 2 1057 12
"1058" 173.269569846026 73.25304733935 2 1058 9
"1059" 167.175049512444 65.2383759206293 1 1059 22
"1060" 180.941639837616 77.0217265842703 2 1060 14
"1061" 176.847956341219 81.6486976638568 2 1061 9
"1062" 174.935588624025 82.7794874823644 1 1062 4
"1063" 178.601246866188 74.9494361659411 1 1063 5
"1064" 174.405989790276 67.7797669191632 2 1064 11
"1065" 179.92226404474 74.0310349340065 2 1065 11
"1066" 173.957865462206 72.4231493433088 2 1066 5
"1067" 179.533114131177 80.6311821862045 2 1067 20
"1068" 179.157730608236 75.8939636176057 2 1068 3
"1069" 164.667601248688 78.1995116100795 2 1069 28
"1070" 173.344342412945 74.2787515436472 1 1070 4
"1071" 183.642376444476 68.426589384212 1 1071 47
"1072" 168.787897438836 75.6502569501837 1 1072 12
"1073" 177.305133339252 73.5448830175716 2 1073 7
"1074" 170.165209138587 80.497170256122 1 1074 9
"1075" 169.860559102457 70.0213998643542 2 1075 11
"1076" 176.674818053389 69.6381946067677 2 1076 8
"1077" 175.841136014886 67.3289114410375 1 1077 13
"1078" 178.472654018594 73.4087625999087 2 1078 12
"1079" 176.214877099722 79.6738554187069 2 1079 11
"1080" 171.951624625538 74.1874644756564 1 1080 15
"1081" 176.430294000806 68.1387116297152 2 1081 11
"1082" 170.403087582706 69.3636247905546 2 1082 10
"1083" 179.501096928525 74.8184892500017 2 1083 10
"1084" 175.646209962331 69.8335297764052 2 1084 7
"1085" 167.89603910065 74.7770469213261 2 1085 13
"1086" 174.735226969291 73.3694764012589 2 1086 6
"1087" 175.12774457049 78.5492034508673 2 1087 4
"1088" 173.933937287124 74.0944913912443 1 1088 6
"1089" 180.99493081035 67.4335778950505 1 1089 33
"1090" 181.834933357995 72.3305633754332 1 1090 18
"1091" 171.864855201664 70.9410967263538 2 1091 8
"1092" 167.97924419575 66.3414592451474 0 1092 0
"1093" 178.194414934063 66.407758616173 1 1093 1
"1094" 177.454656252759 71.8689999331718 2 1094 15
"1095" 175.475243348872 80.1052827341293 1 1095 9
"1096" 172.554150400289 79.1510720773811 2 1096 8
"1097" 175.72141074638 73.966163321957 1 1097 23
"1098" 176.153093007217 75.2613017474116 2 1098 9
"1099" 175.564108280166 75.8184802554979 1 1099 5
"1100" 175.789785424439 75.3249297054897 2 1100 8
"1101" 179.684556677803 74.2395938628662 1 1101 7
"1102" 173.641058651815 74.0074354044776 1 1102 4
"1103" 173.438533318347 77.7418651617448 1 1103 11
"1104" 180.438782086895 64.9312766254456 2 1104 49
"1105" 173.054381864831 71.8154219706419 1 1105 6
"1106" 174.708440712705 77.4495997414503 2 1106 12
"1107" 170.397686781779 73.8617165354726 2 1107 11
"1108" 176.69612343695 79.1575407644351 1 1108 2
"1109" 177.953518300957 86.3628554295119 2 1109 9
"1110" 170.469932052109 77.000689337496 1 1110 10
"1111" 172.585342928824 69.1667465432133 2 1111 16
"1112" 177.111804337676 66.2086410856318 2 1112 9
"1113" 172.217944500588 73.5737967244145 1 1113 14
"1114" 184.94394253896 72.4412113872398 2 1114 20
"1115" 173.44859468199 77.8827708965142 2 1115 10
"1116" 175.210881221491 72.2493709558563 2 1116 6
"1117" 183.040088621462 69.9942653456401 2 1117 44
"1118" 180.67292791089 71.8346018525103 1 1118 6
"1119" 179.491719937847 68.9193733281328 1 1119 14
"1120" 164.684857752072 75.3937750398719 1 1120 23
"1121" 172.11635644059 72.3012245701031 1 1121 5
"1122" 176.457171445704 75.8199358747194 1 1122 11
"1123" 172.989837018671 76.5612998106288 1 1123 5
"1124" 177.156265453862 72.3854318451656 1 1124 5
"1125" 180.342426146426 78.5778957381418 1 1125 20
"1126" 171.577864549429 76.7893613668504 2 1126 10
"1127" 176.121284319713 70.7893164596158 2 1127 5
"1128" 175.28127069154 75.0045671786165 1 1128 6
"1129" 173.458465481895 71.9316910404826 1 1129 14
"1130" 179.754872519629 71.5487242724808 1 1130 7
"1131" 180.801840961023 65.2390664320239 2 1131 17
"1132" 174.830787391368 73.453289969677 1 1132 5
"1133" 179.166745960764 74.8493469081413 1 1133 8
"1134" 176.323274840656 70.8131238962988 2 1134 7
"1135" 176.05616627543 81.7606601328002 2 1135 8
"1136" 176.750274517187 71.5482500096574 2 1136 13
"1137" 177.017292015066 78.5357748309567 2 1137 17
"1138" 174.416336420555 79.3125848374751 2 1138 3
"1139" 173.938688852703 74.5370675377549 1 1139 5
"1140" 170.958826929119 86.2618854299742 1 1140 16
"1141" 174.933583720377 67.3942431378767 2 1141 28
"1142" 174.834622073734 69.7704516808461 2 1142 10
"1143" 168.505107125807 87.4463151079901 2 1143 10
"1144" 167.950897344003 71.0854084969773 2 1144 19
"1145" 174.292696886017 78.7764693446899 2 1145 7
"1146" 182.86269535871 73.0258337322972 1 1146 12
"1147" 169.757919731535 76.4954704412327 2 1147 22
"1148" 170.310650119495 72.9333787193328 1 1148 4
"1149" 178.890556434807 70.3632034112028 1 1149 10
"1150" 175.93514129693 72.6445485549245 1 1150 7
"1151" 173.372168240767 76.7858790777791 2 1151 7
"1152" 174.455487544675 77.186440325178 1 1152 8
"1153" 172.41324031672 81.8663742755199 1 1153 3
"1154" 176.057684174316 73.3548127969823 2 1154 36
"1155" 183.894569463393 77.4178666820694 2 1155 19
"1156" 178.429348143325 73.6800592026082 2 1156 2
"1157" 171.572850475015 79.3828039516948 2 1157 9
"1158" 174.942338801186 68.392091690242 1 1158 8
"1159" 178.265967287283 77.199876324412 2 1159 11
"1160" 180.666267347859 62.5533305591957 1 1160 14
"1161" 170.153681561645 79.1875305832865 2 1161 3
"1162" 178.301454913754 73.6434734579503 1 1162 3
"1163" 172.333362669445 75.3673082937318 1 1163 5
"1164" 173.06151281499 70.6023046651911 1 1164 6
"1165" 168.179141651893 72.6159313442673 1 1165 23
"1166" 181.567179839861 72.3694561119618 2 1166 16
"1167" 56.7205940915554 62.7128583015712 1 1167 28
"1168" 55.7717697532098 60.1259483971449 1 1168 31
"1169" 57.1460321281013 50.1262573071404 2 1169 29
"1170" 57.7056413808406 60.8664113793749 2 1170 28
"1171" 60.3592271474631 59.4010309853769 1 1171 42
"1172" 55.8061141796296 56.2867717544391 1 1172 26
"1173" 57.4565784383023 63.3079642980276 2 1173 36
"1174" 56.9351829569028 63.5583603357485 2 1174 26
"1175" 56.4067195900805 63.3145926453663 2 1175 25
"1176" 55.0738537128146 57.0070715673909 1 1176 27
"1177" 56.5202834023159 58.6759223154236 2 1177 33
"1178" 54.9981490455303 50.985339050814 2 1178 31
"1179" 55.5304372989269 63.6409067233847 2 1179 27
"1180" 57.3204931928955 53.720177438289 1 1180 45
"1181" 57.3431870992268 64.3488984374038 1 1181 24
"1182" 57.2019899853433 65.223515926499 2 1182 32
"1183" 57.4828280386104 62.0211215734191 1 1183 26
"1184" 55.3275693050001 56.400868275614 2 1184 26
"1185" 59.5389910717761 55.182423800309 2 1185 23
"1186" 57.8495012163831 62.7206985874572 2 1186 26
"1187" 55.3906628232274 64.7349328459791 1 1187 25
"1188" 56.2632110273885 62.2137085239967 1 1188 26
"1189" 56.819506500022 65.8690215369388 1 1189 23
"1190" 55.3780016951908 63.0051946258652 1 1190 28
"1191" 58.2308035067027 65.6498843404736 2 1191 28
"1192" 55.1978782070168 61.2248653374781 2 1192 29
"1193" 59.1436784701226 55.714627128223 2 1193 44
"1194" 56.3386239174484 59.5044853790395 1 1194 42
"1195" 56.407806615395 62.884013627255 2 1195 23
"1196" 58.1503276707936 64.2124417975726 1 1196 26
"1197" 58.3074625310194 51.7553569133339 1 1197 39
"1198" 56.3196393630019 62.1164454416991 1 1198 27
"1199" 53.6782727194902 60.0334037408665 2 1199 41
"1200" 58.2533459692542 54.7693489453683 2 1200 24
"1201" 55.5871567523615 63.020996662005 2 1201 26
"1202" 57.7642681571419 56.3289124481068 2 1202 26
"1203" 55.7738508195182 64.3512625556197 1 1203 24
"1204" 55.9496838685385 57.9626398778599 2 1204 27
"1205" 56.8231616063503 66.1162604443378 1 1205 24
"1206" 55.5842074179938 56.5696795379956 2 1206 23
"1207" 55.1224703702177 61.7850767769435 1 1207 24
"1208" 56.3256691291473 63.3778694462687 1 1208 25
"1209" 59.9434179430301 56.5784734806184 1 1209 23
"1210" 58.2686963437014 63.8385417081222 1 1210 28
"1211" 57.5628754541665 65.3674810133566 1 1211 26
"1212" 58.2827589095831 58.6531028266396 1 1212 30
"1213" 56.8608835709374 61.0544951208728 1 1213 33
"1214" 57.166412913423 60.066393786457 2 1214 28
"1215" 56.1880107114728 58.9494900281932 2 1215 29
"1216" 58.5580030385155 61.6640058830819 2 1216 25
"1217" 55.3723812564584 59.7032749299381 1 1217 30
"1218" 56.7947484751794 65.3142323402234 1 1218 34
"1219" 57.2201562772677 64.0203057165874 2 1219 27
"1220" 58.1844099350111 58.8570826870632 2 1220 32
"1221" 56.9789565474511 60.2406250373144 1 1221 27
"1222" 55.5828750748043 63.8505215014126 2 1222 26
"1223" 57.9274722711049 62.6924467970218 1 1223 25
"1224" 58.055865814031 64.5879286848694 2 1224 26
"1225" 58.3496594631224 63.3826988465709 2 1225 26
"1226" 58.2514468768252 55.0289139720841 1 1226 27
"1227" 55.1745466148082 61.2525813716417 1 1227 28
"1228" 56.0756168103655 66.9120347427709 1 1228 29
"1229" 58.9377985889511 59.9651846678559 2 1229 37
"1230" 55.6417271825969 62.910966718634 2 1230 27
"1231" 57.5360127593795 62.357502934455 1 1231 29
"1232" 55.541392490548 62.1954907489322 2 1232 29
"1233" 54.5519499637824 61.1140608323894 1 1233 28
"1234" 55.3785363996565 60.6010445213883 2 1234 30
"1235" 59.686532533685 64.3868321612706 2 1235 36
"1236" 57.759081751478 63.0210359597777 2 1236 33
"1237" 57.9427133719765 58.209156490249 1 1237 28
"1238" 57.1480885198804 60.9576439678244 2 1238 33
"1239" 56.2655500105783 56.7189325801154 2 1239 23
"1240" 55.7879599256325 58.1198867641813 1 1240 24
"1241" 55.471444320604 64.2884072772585 2 1241 25
"1242" 57.0209593557625 63.7856372865267 1 1242 25
"1243" 54.0612673023005 64.7888767158181 1 1243 29
"1244" 56.9023455421422 65.3704165071694 2 1244 26
"1245" 55.7328325520732 66.6862690652809 2 1245 30
"1246" 57.2415915650639 65.813020566694 2 1246 25
"1247" 56.7248716613722 56.6996174155377 2 1247 25
"1248" 58.5583381303268 54.466744513774 2 1248 26
"1249" 57.409399599133 65.7095113502212 2 1249 25
"1250" 56.1502844518207 57.8592765712068 2 1250 26
"1251" 57.6210525168938 55.9557844632963 1 1251 24
"1252" 56.8149401139697 51.8701063933317 0 1252 0
"1253" 57.108717412698 60.5398934652324 2 1253 28
"1254" 58.9446511243104 65.2878770657911 1 1254 35
"1255" 54.6664089538346 59.8482977627669 2 1255 22
"1256" 56.1096897671735 66.5652900626845 2 1256 29
"1257" 54.4161355889356 58.1986381717977 2 1257 23
"1258" 57.418407776458 60.2886649225701 1 1258 29
"1259" 55.9118911407421 60.8539374278411 2 1259 31
"1260" 55.9346793228395 63.5428544241326 1 1260 27
"1261" 55.799129245058 66.9115325647817 1 1261 30
"1262" 56.9988944393489 67.1901018333037 2 1262 27
"1263" 58.8346153279693 61.3356118102316 2 1263 48
"1264" 55.9452551601282 60.8833185493951 1 1264 30
"1265" 57.2825430973517 66.172852348131 2 1265 25
"1266" 59.1090378857917 60.1645434361806 2 1266 26
"1267" 56.5228366390139 61.7729368348739 1 1267 27
"1268" 57.3272475454006 63.7189262236072 2 1268 27
"1269" 56.7141117792467 66.5857498061436 1 1269 26
"1270" 58.3485892267496 65.0631438573638 1 1270 30
"1271" 56.9416735356258 58.3107402992482 1 1271 25
"1272" 55.5004934214064 66.930903403542 2 1272 31
"1273" 56.5210642015692 61.7111821246407 2 1273 26
"1274" 59.889321748658 58.010421537649 1 1274 35
"1275" 57.9595349603054 60.1798675798894 1 1275 31
"1276" 57.577856594663 63.7685551425645 1 1276 27
"1277" 57.4934858017051 61.8400172965868 2 1277 27
"1278" 59.1928281877642 61.1230218115443 1 1278 49
"1279" 58.2459042349605 56.0576523906832 1 1279 36
"1280" 55.9250177882815 62.2779194076884 2 1280 25
"1281" 58.945041870375 64.624322918886 2 1281 28
"1282" 54.9788616784567 59.1001046310581 2 1282 21
"1283" 58.0125297613964 60.5303495298823 1 1283 26
"1284" 54.6223867597298 57.0466636424882 2 1284 22
"1285" 57.0599414961174 56.09136891305 1 1285 29
"1286" 59.2317702588734 62.7670825749693 1 1286 36
"1287" 57.5554378319427 56.3668981553456 2 1287 25
"1288" 57.372993787412 67.3980114616105 1 1288 28
"1289" 58.4103741401452 63.4510282252242 2 1289 27
"1290" 55.5678863658656 56.1422723899794 2 1290 25
"1291" 59.2205151492191 55.2907228227095 2 1291 38
"1292" 57.9467282416256 65.9120656816127 2 1292 30
"1293" 55.7591139783773 59.0958821393383 2 1293 28
"1294" 55.3214254159825 65.025690878597 2 1294 33
"1295" 56.3447838346173 58.5364947533182 2 1295 32
"1296" 56.4643548562302 56.246040268205 1 1296 25
"1297" 53.7334084233927 56.8197282489127 2 1297 23
"1298" 55.5848832915878 61.5813754101675 2 1298 27
"1299" 56.0659593985261 58.3411570775587 1 1299 30
"1300" 59.4319360476685 63.9192257182949 1 1300 27
"1301" 55.1539940544309 59.1065764911678 1 1301 22
"1302" 56.8828059104235 66.3703835657586 2 1302 28
"1303" 57.1456176317578 67.2482138846882 1 1303 28
"1304" 55.9438064019211 52.3007825332793 0 1304 0
"1305" 58.5568657488688 63.4232671553028 1 1305 28
"1306" 57.2913801778057 65.9012321098868 1 1306 24
"1307" 56.6434349773135 57.4752341859726 1 1307 28
"1308" 57.7494922778918 60.0561403593036 2 1308 29
"1309" 55.6521324403367 60.8137529018314 1 1309 29
"1310" 57.1625933477692 50.8911045169041 2 1310 30
"1311" 57.0044830599445 63.7822252726213 1 1311 26
"1312" 59.057808758841 61.6938759364822 2 1312 25
"1313" 54.7644126381292 67.7191341959452 2 1313 39
"1314" 55.3486859135515 59.9356436412294 2 1314 34
"1315" 55.9561821708066 60.1395007281736 2 1315 32
"1316" 59.1764129137534 57.9890013708428 2 1316 44
"1317" 58.7243246847175 58.7461116127194 1 1317 36
"1318" 55.6604406962915 64.2320962090077 2 1318 26
"1319" 58.6186246512449 61.7937656848761 2 1319 26
"1320" 57.7021105011373 62.1334081833065 2 1320 27
"1321" 57.4707035200905 57.6102160935222 1 1321 23
"1322" 57.7461701075426 57.8996777386116 2 1322 28
"1323" 56.8563322599201 55.5707296776152 1 1323 29
"1324" 57.2124984698103 64.4567339050732 1 1324 23
"1325" 58.2415384646976 58.6253813485934 1 1325 31
"1326" 52.7524888131177 61.2609995938369 0 1326 0
"1327" 56.9478729773118 63.1918503115814 2 1327 27
"1328" 54.8044049671763 62.8453588558521 2 1328 29
"1329" 54.1537176062044 59.0491784917378 1 1329 23
"1330" 53.9854890068421 61.1079853800381 2 1330 26
"1331" 59.4962666870411 63.9130492057442 2 1331 26
"1332" 56.8063540376512 63.8060513757378 2 1332 23
"1333" 57.4598048324891 62.7342941649352 1 1333 26
"1334" 58.285122845705 60.2201587159144 1 1334 25
"1335" 57.653606526994 63.9087462087165 1 1335 26
"1336" 56.9749699867704 62.9125478060979 2 1336 33
"1337" 56.6927943971438 55.1261662462842 1 1337 25
"1338" 55.7459207831062 61.2527712904027 1 1338 30
"1339" 55.9042218866975 54.4067696284773 2 1339 28
"1340" 55.7659833156405 62.6467145156725 1 1340 22
"1341" 57.8714068852487 59.4341197240731 2 1341 40
"1342" 55.2504639446796 66.4819091970279 2 1342 38
"1343" 57.6790193953154 61.8787302626962 1 1343 26
"1344" 59.594106455142 57.3929969330084 1 1344 29
"1345" 54.6763547198992 56.589065301692 1 1345 31
"1346" 59.9702322530269 60.1858163770123 1 1346 29
"1347" 57.5597615305188 58.2460999137139 2 1347 29
"1348" 59.2363547779933 60.62457131446 2 1348 26
"1349" 55.9139307390998 61.621920280336 2 1349 29
"1350" 57.3362509377189 62.8969545198025 2 1350 27
"1351" 57.4033412046113 56.7666498550834 1 1351 27
"1352" 55.6679702730405 67.4750732153455 2 1352 36
"1353" 54.3647644546581 53.8049815114292 2 1353 24
"1354" 56.3404841371742 63.6603116884417 1 1354 26
"1355" 57.2326101172709 60.2747047024107 1 1355 27
"1356" 55.2213886673452 63.3222741448361 1 1356 29
"1357" 58.8327054878094 63.1006321463418 1 1357 31
"1358" 58.7624972046858 63.6165944889504 2 1358 28
"1359" 56.8317822053101 62.6069805384763 2 1359 28
"1360" 57.8299680442445 58.3866932475956 2 1360 24
"1361" 55.7049113725095 58.8039170072974 1 1361 27
"1362" 53.5098854455788 63.2052396638769 1 1362 28
"1363" 55.5928286039687 65.1091029800754 1 1363 25
"1364" 54.2801433071083 58.4471306121534 2 1364 22
"1365" 59.3413177214483 61.573320091985 2 1365 26
"1366" 54.6346114327585 61.8014822443566 2 1366 28
"1367" 57.6687844625504 62.6303416759762 2 1367 24
"1368" 56.8666646865478 62.1343384581886 2 1368 30
"1369" 59.9540234772228 59.8987614681512 2 1369 33
"1370" 56.6026038038493 62.1089813520939 2 1370 31
"1371" 58.3100947451585 55.7088081085149 2 1371 24
"1372" 57.8238750568799 54.4582517597776 1 1372 35
"1373" 56.5339678021198 64.4491171718201 1 1373 28
"1374" 54.9222694189707 67.3533567378964 0 1374 0
"1375" 57.0831793332842 58.1566885172362 1 1375 26
"1376" 57.2452479857225 60.428893689641 2 1376 33
"1377" 58.8912999463365 68.9635512625705 0 1377 0
"1378" 57.3992592093463 53.3202905732518 2 1378 47
"1379" 58.3671972068899 60.0368549613715 2 1379 24
"1380" 58.617421892085 63.1809518117003 2 1380 29
"1381" 60.2857089572815 58.3265274407627 2 1381 49
"1382" 57.2663516070202 57.9054535912784 2 1382 27
"1383" 54.6854628609653 68.8145978910734 2 1383 24
"1384" 56.1535704886401 64.6556830062155 2 1384 26
"1385" 58.0059545926701 62.4504328651149 1 1385 30
"1386" 56.4135287090836 60.5887195924258 2 1386 30
"1387" 55.4206400280631 61.2470118858518 2 1387 28
"1388" 57.7452063067732 58.4824941676725 2 1388 24
"1389" 58.4995286384936 65.9736547719319 1 1389 29
"1390" 57.363561266745 62.0675462280646 2 1390 27
"1391" 58.3541109994156 60.3571093609103 1 1391 26
"1392" 59.1032726529432 62.1930386868015 1 1392 28
"1393" 57.0463295356635 61.4328168483022 2 1393 41
"1394" 56.9493321280153 64.4034334860534 1 1394 31
"1395" 56.2031426277479 63.6084681019097 2 1395 27
"1396" 57.7862446221725 60.8020125248977 1 1396 28
"1397" 56.6124989890577 64.3112354136725 2 1397 28
"1398" 55.0059110563998 58.1995589448281 2 1398 30
"1399" 147.128866623672 53.5665242055851 0 1399 0
"1400" 55.7011047454057 79.7665455389269 1 1400 35
"1401" 77.5048100883554 54.587446018276 0 1401 0
"1402" 180.80141899346 78.5311230972397 1 1402 16
"1403" 173.052354217198 77.0010512882371 2 1403 9
"1404" 92.0227212947208 60.0580926202865 2 1404 13
"1405" 142.284382074894 84.0331581812004 2 1405 39
"1406" 169.427597048274 78.4592664729758 2 1406 23
"1407" 127.212970338014 93.1000978877784 0 1407 0
"1408" 138.895557170786 50.4216697853378 0 1408 0
"1409" 108.358702690987 81.7347195996358 0 1409 0
"1410" 83.3290058113057 105.366603552651 0 1410 0
"1411" 96.2834996082481 83.8235851485526 0 1411 0
"1412" 121.060029438851 79.5273172308499 1 1412 21
"1413" 124.678298819196 90.0258770586011 0 1413 0
"1414" 186.780920948916 71.4587288236555 1 1414 19
"1415" 77.4621687002317 89.2764093337734 2 1415 38
"1416" 85.8894130582277 52.4133620963802 1 1416 36
"1417" 184.632091552457 95.2021732625156 2 1417 13
"1418" 176.880812446042 91.238649489692 1 1418 10
"1419" 107.927572029001 88.4371181110125 0 1419 0
"1420" 52.9314559877529 95.0040403734767 0 1420 0
"1421" 173.264350826932 88.8435287184878 1 1421 39
"1422" 126.239395263587 79.225543865399 0 1422 0
"1423" 170.549823738671 66.5702520027045 2 1423 37
"1424" 140.771652049037 101.294553453659 1 1424 38
"1425" 183.939476414554 54.5870149610509 2 1425 20
"1426" 174.594205534823 70.1998113972106 1 1426 6
"1427" 81.3448387641745 87.8538776271298 2 1427 31
"1428" 109.425115960402 87.0413759918071 1 1428 49
"1429" 84.5581720969031 81.6489132122346 1 1429 27
"1430" 117.78033302024 71.6897025054862 1 1430 35
"1431" 101.429758240681 58.1349344647146 2 1431 38
"1432" 64.6718535202997 104.404859755904 1 1432 49
"1433" 176.887987079505 55.1797028985588 1 1433 33
"1434" 126.053358558977 78.3036282761909 2 1434 44
"1435" 137.75409082288 86.5832703267528 0 1435 0
"1436" 172.441687109085 100.180576186532 1 1436 14
"1437" 139.472153153539 98.2524573896073 2 1437 36
"1438" 159.396718961158 70.7855299935116 2 1438 16
"1439" 61.5289943418346 72.2626506535927 0 1439 0
"1440" 165.4344661879 105.535412891307 0 1440 0
"1441" 162.165088381534 84.5814661130174 0 1441 0
"1442" 136.032112066874 53.1813005063176 0 1442 0
"1443" 108.843100725568 54.0197891850175 0 1443 0
"1444" 101.450106000853 99.1998803044245 1 1444 30
"1445" 136.602678053462 56.3974627724198 2 1445 33
"1446" 116.104001430835 76.8673995073661 1 1446 11
"1447" 156.584407563413 100.161631041411 0 1447 0
"1448" 172.538391443513 66.4597603400345 1 1448 27
"1449" 112.984423815602 85.5052092066219 2 1449 6
"1450" 91.4064958591426 77.4048581491855 1 1450 47
"1451" 151.12506948741 94.3035532707674 0 1451 0
"1452" 129.120397525379 61.1764676595678 1 1452 9
"1453" 110.537227807433 57.5261559367764 0 1453 0
"1454" 102.146158519722 77.2688773527464 2 1454 43
"1455" 146.274822811034 92.6366244075086 0 1455 0
"1456" 181.203399767278 51.339666623507 0 1456 0
"1457" 118.974509970408 84.4027844282309 1 1457 21
"1458" 117.802695842102 78.3042402134085 2 1458 27
"1459" 181.46008967399 60.6375690757806 1 1459 10
"1460" 169.204544289214 98.372742794937 2 1460 46
"1461" 137.627682017654 70.1866479710977 0 1461 0
"1462" 75.3136596146996 78.7368045483089 0 1462 0
"1463" 125.726473523852 77.5647435885356 0 1463 0
"1464" 128.307301662721 67.7751288335003 0 1464 0
"1465" 143.443303664986 84.0132146405626 0 1465 0
"1466" 80.3254353188578 106.144615785975 0 1466 0
"1467" 94.2005553158889 73.1455723098875 0 1467 0
"1468" 55.0641547960003 51.4720815695712 0 1468 0
"1469" 68.1413425539978 65.1821198561336 1 1469 38
"1470" 60.4000361527802 82.983420954073 0 1470 0
"1471" 121.949185317039 89.0129229432011 2 1471 36
"1472" 131.538850089285 104.016509373577 1 1472 6
"1473" 121.080261219528 91.0574111678832 2 1473 23
"1474" 90.5842762761941 52.5635855918996 2 1474 43
"1475" 129.715811314057 65.170214322145 2 1475 44
"1476" 79.8793356137758 100.848114817582 0 1476 0
"1477" 115.616220301568 56.9430053079644 2 1477 47
"1478" 143.913050498419 90.4889370556993 0 1478 0
"1479" 159.829204342405 75.2862803570399 1 1479 44
"1480" 156.423403209241 80.4771138390271 0 1480 0
"1481" 166.292720328115 102.121063962454 2 1481 44
"1482" 182.163470059268 104.797859257468 2 1482 2
"1483" 64.108844421339 95.1348549239674 2 1483 49
"1484" 173.567374151326 63.918885009209 0 1484 0
"1485" 102.259288594705 68.5578807640743 2 1485 15
"1486" 85.8115853164216 80.8619636854679 1 1486 24
"1487" 125.742119473412 71.7485670013672 2 1487 38
"1488" 76.8230401427334 61.3655752008749 0 1488 0
"1489" 62.4765977600487 84.6294847627317 0 1489 0
"1490" 171.750873356826 105.517491273783 0 1490 0
"1491" 129.220596714847 64.2252590436649 2 1491 19
"1492" 92.1323584835969 88.091283162792 0 1492 0
"1493" 180.482389311115 62.5422797329521 2 1493 13
"1494" 166.738808719649 80.1264985248043 2 1494 43
"1495" 178.093579743562 96.8479667698761 2 1495 39
"1496" 75.1276429119423 55.9941937931786 0 1496 0
"1497" 184.47371559805 83.2197577191377 1 1497 47
"1498" 75.8094549239616 57.770720224349 0 1498 0
"1499" 67.5505156590342 94.5427436967037 0 1499 0
"1500" 87.0605166832071 99.4226617958756 2 1500 46
"1501" 136.714852039867 102.291132336798 2 1501 9
"1502" 149.679567346308 83.4981193301274 2 1502 16
"1503" 96.6565381381351 73.4883767394282 0 1503 0
"1504" 98.1108776917529 96.0701778597899 0 1504 0
"1505" 111.332663783944 102.261115722004 2 1505 41
"1506" 111.055289273352 91.7636436322092 1 1506 50
"1507" 130.94661903298 92.3123232348836 2 1507 22
"1508" 64.3903695977304 65.11481906535 0 1508 0
"1509" 164.026307319063 61.9263020472391 2 1509 7
"1510" 132.076187184796 82.9786883810839 0 1510 0
"1511" 161.826505231356 100.677106645426 0 1511 0
"1512" 128.177658714109 91.4375340802796 1 1512 19
"1513" 78.9325784614662 95.7222356419116 0 1513 0
"1514" 54.5578362930392 96.6950070060592 0 1514 0
"1515" 140.779824431189 51.9556552322105 0 1515 0
"1516" 148.152737045344 73.9375157858987 1 1516 26
"1517" 87.9740499136489 87.2253421037797 0 1517 0
"1518" 87.4769738919819 88.6495588427436 1 1518 50
"1519" 161.602397593314 61.0507837600093 0 1519 0
"1520" 99.692024556268 103.186197913793 0 1520 0
"1521" 183.239302670114 83.8408146349172 1 1521 22
"1522" 134.209822048516 81.9164990103837 2 1522 2
"1523" 70.6098597250217 84.9483344166464 0 1523 0
"1524" 157.881157079187 60.1208057155809 1 1524 8
"1525" 53.7309670918146 94.7278897019725 0 1525 0
"1526" 148.752643062717 69.023407109359 2 1526 10
"1527" 65.3865707684113 95.3139730683245 0 1527 0
"1528" 155.820944330351 54.3644412430204 2 1528 21
"1529" 181.771647132801 57.8869958011404 1 1529 16
"1530" 72.8948922091237 59.9727718919191 0 1530 0
"1531" 55.6792805046914 53.5115424319617 0 1531 0
"1532" 69.510996699213 70.8594905750461 0 1532 0
"1533" 182.930348483739 73.6693961150822 2 1533 14
"1534" 175.982146905557 84.1322593860672 1 1534 4
"1535" 83.5220079424964 51.8269322438279 0 1535 0
"1536" 126.066919065326 85.7312434884391 1 1536 26
"1537" 58.3487507935462 52.7209910260389 1 1537 33
"1538" 163.378519521807 57.029876654089 0 1538 0
"1539" 150.927202874287 78.3817109262358 2 1539 33
"1540" 132.358798774341 91.5708965136267 2 1540 13
"1541" 113.665030465947 101.566645714948 0 1541 0
"1542" 156.50998069919 100.887949294996 0 1542 0
"1543" 155.823846474228 89.9469832680621 0 1543 0
"1544" 169.741316519891 61.6714337253805 1 1544 35
"1545" 123.402846026514 56.6590171080935 0 1545 0
"1546" 169.887638420019 96.953757130068 2 1546 44
"1547" 138.795766737939 104.072219819772 2 1547 22
"1548" 107.335724133194 74.6068336551337 0 1548 0
"1549" 184.561946866218 97.8894044432217 1 1549 2
"1550" 145.662871302675 76.8191566143067 2 1550 16
"1551" 161.286927084468 80.5735519898656 1 1551 7
"1552" 67.7732857981604 102.996783897818 0 1552 0
"1553" 97.6469175819467 102.186071529852 1 1553 40
"1554" 140.610690355067 95.3495671251139 1 1554 5
"1555" 112.487976227158 52.5912024874351 0 1555 0
"1556" 128.3722464297 87.748457189591 0 1556 0
"1557" 126.713461247179 97.9250494871116 2 1557 20
"1558" 88.7223996214783 71.6744120931261 0 1558 0
"1559" 161.515547109322 92.4458029162166 2 1559 28
"1560" 154.568598272203 98.2153211800499 0 1560 0
"1561" 154.344246111506 101.381321511143 0 1561 0
"1562" 185.500453472884 103.146338041411 2 1562 6
"1563" 116.993604162923 70.7170859034221 1 1563 43
"1564" 102.580928956424 57.5286603116919 1 1564 36
"1565" 165.604593981088 80.7374300385992 2 1565 16
"1566" 118.353072739469 65.2603398650857 1 1566 25
"1567" 125.983286004421 56.208113177115 2 1567 25
"1568" 115.90224392598 73.3740333621237 0 1568 0
"1569" 119.909408367782 94.7501142285663 2 1569 20
"1570" 177.235241533058 70.9251301117163 1 1570 12
"1571" 140.042264191728 92.0988833321162 2 1571 39
"1572" 165.84278239243 97.4833708958049 2 1572 18
"1573" 127.103159383039 64.6287278308245 0 1573 0
"1574" 134.740898126458 94.7939548278003 2 1574 37
"1575" 159.419581766843 73.5137960238927 2 1575 10
"1576" 140.24026559859 96.8536114848752 2 1576 4
"1577" 59.5203742166836 105.047192685731 0 1577 0
"1578" 74.7990823153306 59.6298734142462 2 1578 49
"1579" 72.4747936629876 66.1920306370705 0 1579 0
"1580" 97.6701323889937 81.3619323495358 0 1580 0
"1581" 101.350883370611 61.5267818357463 2 1581 35
"1582" 78.3253463903519 72.6232362002404 2 1582 46
"1583" 105.807444479201 96.8799510214403 0 1583 0
"1584" 107.923636508135 95.8312509526451 2 1584 34
"1585" 118.949897627633 62.0913462928112 2 1585 47
"1586" 109.684908123281 76.9610138219609 2 1586 21
"1587" 54.042049850396 83.3239297942371 0 1587 0
"1588" 135.046819250576 97.0065249147067 2 1588 34
"1589" 73.9288720986634 79.132077530381 0 1589 0
"1590" 122.541551354601 53.7005404147529 0 1590 0
"1591" 157.274673139885 57.7412154390756 0 1591 0
"1592" 54.0365557788832 63.4577295820835 1 1592 27
"1593" 104.164332405006 88.60862162962 0 1593 0
"1594" 112.45302533279 77.2624800423798 0 1594 0
"1595" 172.476570434693 52.9346267145405 0 1595 0
"1596" 168.773856980804 63.0000044209187 0 1596 0
"1597" 108.466642253832 57.4235990184039 0 1597 0
"1598" 171.593414956178 93.2650348882478 0 1598 0
"1599" 145.398715360502 106.20897037936 2 1599 3
"1600" 165.593163422073 66.1548726603982 2 1600 15
"1601" 125.48087489472 86.525459380262 1 1601 27
"1602" 91.9055113417461 52.1371200844888 1 1602 35
"1603" 130.83006807856 92.4952141880838 0 1603 0
"1604" 159.935253073819 80.8109989172214 1 1604 22
"1605" 161.461798473388 102.134544891381 0 1605 0
"1606" 185.202474022043 97.2498930362246 1 1606 8
"1607" 113.128198729757 50.5479585241417 0 1607 0
"1608" 68.5155533174894 91.4866807292263 0 1608 0
"1609" 131.811669209081 101.210767320034 0 1609 0
"1610" 103.538421853375 78.1731475932832 1 1610 15
"1611" 93.4894861245111 102.886892210968 0 1611 0
"1612" 54.9735819358891 96.8525798340438 0 1612 0
"1613" 161.692135438563 57.2213478595843 2 1613 37
"1614" 55.3964521138104 78.1156760744537 1 1614 42
"1615" 59.6187980541692 92.3556922527288 0 1615 0
"1616" 183.683919894097 101.657867250524 2 1616 8
"1617" 181.02664060971 73.4682561175275 1 1617 11
"1618" 179.146224706127 64.5340516858719 1 1618 16
"1619" 74.7150192458361 99.5667552328275 0 1619 0
"1620" 158.359645128722 70.1030001427758 1 1620 18
"1621" 148.581595090527 67.0483540882897 1 1621 13
"1622" 102.518063538342 73.7731683246012 1 1622 19
"1623" 104.428404808189 78.6912588452664 2 1623 14
"1624" 174.648167409263 82.7969791482503 1 1624 5
"1625" 115.35956358543 67.01316121152 0 1625 0
"1626" 174.831524303096 70.3676111150383 1 1626 8
"1627" 180.179732989473 78.524175233971 2 1627 20
"1628" 106.770678876839 74.5135518279607 2 1628 12
"1629" 54.5765227430446 81.49738744912 0 1629 0
"1630" 176.151553163146 88.2679353532944 1 1630 4
"1631" 95.4515688443317 51.2159738366048 1 1631 41
"1632" 124.728541474059 72.6539818556492 0 1632 0
"1633" 144.491563064989 89.8263141778999 0 1633 0
"1634" 173.868372975654 57.9867974444231 2 1634 32
"1635" 160.06332768963 101.067601811508 0 1635 0
"1636" 113.387277357779 95.1339742496343 2 1636 43
"1637" 171.602398350968 60.7056001558966 0 1637 0
"1638" 181.076316587072 97.4424975512871 2 1638 18
"1639" 180.257457909253 99.8567404568641 2 1639 4
"1640" 169.947027516028 58.4140773127042 1 1640 12
"1641" 77.5348389954626 97.5951835699746 0 1641 0
"1642" 132.960593966741 80.2679606514371 2 1642 36
"1643" 102.114981474992 71.8628861798442 2 1643 38
"1644" 145.808124385029 105.265750331637 1 1644 50
"1645" 155.909460624926 69.9024768801421 2 1645 8
"1646" 88.9383488786659 55.5600512898732 2 1646 40
"1647" 169.404705989972 94.1573326241136 1 1647 46
"1648" 103.345629554124 96.7662037029266 0 1648 0
"1649" 59.3371712433617 74.7255254473966 2 1649 29
"1650" 105.374320570046 99.248016346713 2 1650 12
"1651" 97.9327117788527 71.6252991464031 1 1651 47
"1652" 179.484367596765 91.6585218221356 1 1652 15
"1653" 67.8364727460316 53.2082589334842 1 1653 49
"1654" 138.651750801453 57.1894285281772 2 1654 38
"1655" 151.883103342453 92.2031857601613 0 1655 0
"1656" 77.660125102924 51.9497934638492 0 1656 0
"1657" 110.420524713918 94.3420424721328 2 1657 33
"1658" 155.676536920096 93.2405629464779 1 1658 50
"1659" 181.538213161946 95.7180382560292 1 1659 11
"1660" 126.184090733504 78.6094215782183 0 1660 0
"1661" 133.921588188081 52.8405636898008 0 1661 0
"1662" 111.118276921508 93.5870345565193 0 1662 0
"1663" 138.752675026844 62.2591074187011 2 1663 29
"1664" 156.854570155838 82.0241087123039 0 1664 0
"1665" 119.389712906727 65.7449247784585 1 1665 47
"1666" 61.2679117156472 53.2624972339489 0 1666 0
"1667" 103.660755468545 99.9093788349533 2 1667 22
"1668" 186.792914497589 68.5311267585082 1 1668 28
"1669" 141.439255025873 84.5488034398956 0 1669 0
"1670" 153.848108051739 59.4507415077096 1 1670 19
"1671" 104.176718552553 99.8520113802835 1 1671 15
"1672" 170.367556008247 73.2452430744487 1 1672 11
"1673" 97.7320732214152 95.7198853850044 0 1673 0
"1674" 138.762418523306 85.8767066237225 0 1674 0
"1675" 164.617095179161 75.8896783197014 1 1675 15
"1676" 99.0367366891479 105.462124145989 2 1676 43
"1677" 169.907610082846 76.9472049535726 2 1677 7
"1678" 149.24280241232 98.8933873657892 2 1678 34
"1679" 150.600741940954 69.157980496203 2 1679 8
"1680" 82.6135292428449 51.1212647255145 0 1680 0
"1681" 84.1033832430421 90.2446767190711 0 1681 0
"1682" 161.717407967503 95.1517300506402 0 1682 0
"1683" 70.9726239592695 78.7743057776608 0 1683 0
"1684" 134.84726082446 94.3926901450418 2 1684 10
"1685" 134.628738735156 93.2195201796841 1 1685 11
"1686" 162.775100210186 98.3383172352549 1 1686 34
"1687" 177.184707351186 55.8484633798073 2 1687 35
"1688" 153.791942223108 81.1852059195015 2 1688 42
"1689" 158.59397046341 60.639448684551 2 1689 14
"1690" 91.7990378834822 70.3622411178535 2 1690 13
"1691" 72.3041752618465 88.6010015489472 0 1691 0
"1692" 173.361639590506 95.8837016419463 0 1692 0
"1693" 154.700740171087 92.2610854838826 0 1693 0
"1694" 122.593689310059 89.3759596694057 1 1694 34
"1695" 71.234380710413 99.1643109985272 0 1695 0
"1696" 177.543912630705 56.5342138828681 1 1696 34
"1697" 102.740468518637 94.3281958399033 0 1697 0
"1698" 76.7899883305612 101.837481648296 0 1698 0
"1699" 183.989224086058 93.8050643630339 0 1699 0
"1700" 146.379158196211 52.7760519157639 0 1700 0
"1701" 156.417163568653 66.9508507421286 2 1701 17
"1702" 108.425677739817 86.8757049032756 0 1702 0
"1703" 63.9113036509042 95.1372378446913 1 1703 48
"1704" 73.0845156522869 59.6673197526128 0 1704 0
"1705" 83.6026735409732 86.1589108008492 1 1705 29
"1706" 136.084788509722 87.944976026032 0 1706 0
"1707" 130.377190057983 61.6507715150538 1 1707 12
"1708" 172.461607735934 62.5253164468352 2 1708 21
"1709" 174.87485444253 79.3442400610335 2 1709 1
"1710" 124.047286607408 100.992377528027 2 1710 42
"1711" 135.363605631335 102.874471114451 1 1711 4
"1712" 184.929984401525 89.1820865232498 2 1712 35
"1713" 87.3867008721502 96.027666881633 0 1713 0
"1714" 133.505986433562 105.225887120579 2 1714 19
"1715" 109.210616181255 55.22910152552 2 1715 7
"1716" 166.054846945959 79.5403868059965 2 1716 27
"1717" 181.999907968128 97.2929085356193 2 1717 8
"1718" 171.986119901862 99.5398304684515 2 1718 30
"1719" 180.185638505355 57.2597359937116 2 1719 32
"1720" 55.2834881479663 88.6133683065428 0 1720 0
"1721" 70.8872355169824 97.1020720728636 0 1721 0
"1722" 89.3374283524347 64.8780855893592 0 1722 0
"1723" 166.260885097406 87.7563054569268 1 1723 26
"1724" 152.426475559603 52.0701425274743 0 1724 0
"1725" 151.24975922712 80.4032394847108 1 1725 18
"1726" 144.07568197209 82.3320628999682 1 1726 50
"1727" 74.4093008592511 74.1485293651563 0 1727 0
"1728" 182.591333262281 87.2615382789251 1 1728 27
"1729" 112.394578761603 99.0755232393317 0 1729 0
"1730" 117.690362590942 72.9479331242509 1 1730 43
"1731" 97.6341070513314 86.4643677510033 0 1731 0
"1732" 56.1985242051415 79.5888901814927 2 1732 49
"1733" 56.3831891576623 66.6776609108768 1 1733 26
"1734" 132.474406828903 91.8836925436194 1 1734 24
"1735" 171.392069176968 98.6763622246672 2 1735 37
"1736" 111.866156585789 52.8666723188134 0 1736 0
"1737" 180.549427303277 61.4975322751523 1 1737 9
"1738" 77.1666410390433 57.1379761423824 0 1738 0
"1739" 129.015687605503 64.9525382706801 2 1739 18
"1740" 101.872855167563 79.7789178828895 1 1740 22
"1741" 167.998678068562 52.3762050398154 0 1741 0
"1742" 131.887620870823 73.0099754611688 0 1742 0
"1743" 92.0050776600798 57.2571125963171 0 1743 0
"1744" 89.6613858038259 70.4830692551715 1 1744 50
"1745" 177.023260706036 104.51443741006 1 1745 42
"1746" 67.8158197075765 52.0829530923563 1 1746 42
"1747" 96.3836933284592 70.8215576049607 1 1747 47
"1748" 131.182790413699 60.3378223917138 0 1748 0
"1749" 132.23649991239 100.406007758495 2 1749 32
"1750" 82.2667910871253 100.650853480667 0 1750 0
"1751" 137.608973190575 74.2590261804284 0 1751 0
"1752" 69.3800463169699 86.8571429303563 0 1752 0
"1753" 162.597257420972 51.9008751330094 0 1753 0
"1754" 127.366042832318 99.3934189389221 1 1754 30
"1755" 61.0144697973532 55.6686121857952 1 1755 28
"1756" 160.783826067099 69.5303161181028 2 1756 17
"1757" 58.0564420868363 68.6664736665933 2 1757 25
"1758" 78.98383302258 59.0169549019899 0 1758 0
"1759" 164.215131688194 52.2726962702216 0 1759 0
"1760" 84.2722748279478 66.7515709259313 0 1760 0
"1761" 146.25203157448 78.3982798674174 0 1761 0
"1762" 143.40868295746 74.4773156149941 2 1762 22
"1763" 66.392652135719 73.8673725201221 0 1763 0
"1764" 55.020912102167 95.4832920939652 0 1764 0
"1765" 139.763223776794 59.1949836521969 1 1765 20
"1766" 117.292116475632 64.5835274704201 2 1766 32
"1767" 171.026551406362 106.445988536615 2 1767 45
"1768" 95.005433167167 53.5468556850827 0 1768 0
"1769" 127.387735123308 81.4002436678303 0 1769 0
"1770" 87.3510846036372 84.277135164148 0 1770 0
"1771" 125.599329556764 55.5147690924778 2 1771 34
"1772" 160.495990462311 77.4649650662403 0 1772 0
"1773" 182.721731124585 60.3635981652617 1 1773 10
"1774" 126.508880512008 81.9853716996967 1 1774 26
"1775" 161.071359862675 79.8144665126566 2 1775 12
"1776" 128.316301434029 63.7335135644553 1 1776 7
"1777" 171.775633994591 85.4493544875685 2 1777 5
"1778" 101.504011182541 61.298863975552 0 1778 0
"1779" 91.4567074486275 105.862718228104 2 1779 45
"1780" 96.6384627447426 98.6134764120484 0 1780 0
"1781" 159.840598460544 64.5766808452665 1 1781 7
"1782" 103.433708151898 94.6323137313061 0 1782 0
"1783" 138.24000921707 57.7197100816578 1 1783 32
"1784" 93.2831610089774 86.9663980342518 2 1784 37
"1785" 165.31850250664 79.0515730259199 1 1785 29
"1786" 126.385401978264 62.5440722995518 1 1786 4
"1787" 166.671350751078 77.310925963734 1 1787 6
"1788" 163.731437625084 55.6015330620557 1 1788 7
"1789" 128.765861084667 84.9280567061046 0 1789 0
"1790" 131.357825536539 53.0721486516293 1 1790 50
"1791" 144.894580559856 56.5998064283332 2 1791 11
"1792" 138.143595690835 50.1487622299263 0 1792 0
"1793" 75.2002585458589 67.8351438712479 0 1793 0
"1794" 163.125033505678 78.6013064665595 0 1794 0
"1795" 100.690542535346 68.1468732074572 1 1795 43
"1796" 53.854416779136 90.7293490952352 1 1796 45
"1797" 175.478023981011 89.2151830007748 1 1797 8
"1798" 129.040308761594 60.5805939418096 2 1798 19
"1799" 170.146022608702 94.2268363494473 2 1799 45
"1800" 98.3458163645149 101.129872597977 2 1800 36
"1801" 162.093214347575 74.1128506058983 1 1801 50
"1802" 87.5323875571768 75.8863611086651 2 1802 27
"1803" 141.444515825773 52.8353333123587 0 1803 0
"1804" 130.914770894825 69.3971781384111 2 1804 43
"1805" 63.0706185759215 96.0698439659181 0 1805 0
"1806" 117.469368835144 57.8777212225723 1 1806 44
"1807" 68.6577966835007 95.7368259444657 0 1807 0
"1808" 71.9936227086374 52.9204500397463 0 1808 0
"1809" 68.2873280167054 75.3942475601618 0 1809 0
"1810" 180.113000744389 74.116567616793 2 1810 3
"1811" 81.9672497728315 62.3595846180636 0 1811 0
"1812" 102.00286299373 58.8642331305533 2 1812 9
"1813" 124.276444650859 87.4902924116928 2 1813 28
"1814" 172.042081024027 65.7554477983324 1 1814 26
"1815" 186.703003698817 101.057970047203 1 1815 7
"1816" 113.281884968424 67.8420898285796 2 1816 28
"1817" 86.5695958880572 88.9745216909695 1 1817 41
"1818" 55.1839389562192 52.5898978669935 0 1818 0
"1819" 185.02342105821 101.960045897046 2 1819 8
"1820" 55.8338576071442 71.1949090124096 0 1820 0
"1821" 168.876684851313 66.502743293912 2 1821 17
"1822" 122.976272911774 51.8193572221344 1 1822 18
"1823" 73.6406627404985 58.5118493828364 0 1823 0
"1824" 174.08763572733 100.008498586559 2 1824 37
"1825" 162.893673008175 57.5043638081358 2 1825 45
"1826" 63.2792837520063 79.704984825714 0 1826 0
"1827" 155.487360268327 86.9062579933266 2 1827 15
"1828" 124.808279455345 88.5715671256096 0 1828 0
"1829" 136.345960175408 88.5156997485058 0 1829 0
"1830" 148.384019941907 91.9180069148807 0 1830 0
"1831" 144.924882085971 81.7803554863589 0 1831 0
"1832" 142.471910636471 87.3413939367129 0 1832 0
"1833" 75.3462552908618 79.7019018477616 0 1833 0
"1834" 156.948381784763 61.4146847169114 2 1834 22
"1835" 148.785768100423 77.7737047891209 1 1835 21
"1836" 144.153218093128 63.9039367848327 0 1836 0
"1837" 167.498458911941 53.8665167292348 0 1837 0
"1838" 61.4208910763229 55.4116169434113 1 1838 37
"1839" 91.7712258067591 93.8125512515721 0 1839 0
"1840" 148.222672149666 83.4789527939949 1 1840 14
"1841" 138.066640342354 59.9112473652202 1 1841 24
"1842" 63.1235789825779 58.1273147389404 0 1842 0
"1843" 117.365890029327 61.708287001878 1 1843 24
"1844" 111.927234650778 74.7598347449222 0 1844 0
"1845" 141.356571146657 82.9280239227849 1 1845 31
"1846" 133.030169162718 59.4456556134357 2 1846 26
"1847" 94.1409517937636 63.7012234297208 0 1847 0
"1848" 62.9789773668304 55.9395835984019 0 1848 0
"1849" 158.4387483637 92.2273938808187 0 1849 0
"1850" 83.0123155644538 97.7279010079557 0 1850 0
"1851" 153.551703028015 82.4927979797395 1 1851 40
"1852" 177.901722124658 61.1681130570681 2 1852 0
"1853" 102.252653042437 56.9446277203963 2 1853 37
"1854" 134.50861341833 101.023415317571 1 1854 21
"1855" 81.308750670698 87.2798757719003 2 1855 29
"1856" 86.3750344874039 51.6647844704155 0 1856 0
"1857" 135.931090644978 73.4060008808756 0 1857 0
"1858" 183.89288834828 85.3158622401958 0 1858 0
"1859" 96.1604461451359 55.8689771242148 0 1859 0
"1860" 158.933545330468 97.1759179564245 0 1860 0
"1861" 154.138341941222 63.7939299268108 0 1861 0
"1862" 172.797960241948 93.5605744990146 2 1862 11
"1863" 164.885752632138 69.5022235532723 1 1863 10
"1864" 97.138808631855 60.5992951795731 0 1864 0
"1865" 134.688593530561 75.5651987382297 0 1865 0
"1866" 144.681060621489 51.8917078915548 0 1866 0
"1867" 156.381911615143 58.1129294626289 2 1867 33
"1868" 149.671308049853 55.3205546653012 0 1868 0
"1869" 150.54375491124 83.2459432428496 1 1869 17
"1870" 64.1283126625255 99.1743200200559 0 1870 0
"1871" 164.238811319556 80.9130592272807 1 1871 11
"1872" 84.4026824099016 59.526048390556 0 1872 0
"1873" 166.619609363611 89.1150068868791 1 1873 28
"1874" 73.8916181784259 70.3750699534418 1 1874 42
"1875" 55.2770001718706 65.6100681299447 1 1875 25
"1876" 92.9211823162582 86.4349033321608 2 1876 16
"1877" 71.2590444329486 105.898633796747 1 1877 44
"1878" 60.708844200615 70.9137759324379 0 1878 0
"1879" 55.7733151855321 66.559163497898 1 1879 28
"1880" 163.532328271824 68.1179382316217 1 1880 28
"1881" 84.1944928403807 50.5830966808032 2 1881 42
"1882" 120.413050779059 59.6668748280531 0 1882 0
"1883" 56.546243670527 55.085318677431 1 1883 26
"1884" 71.9352358929871 53.8206483313434 0 1884 0
"1885" 102.047495441321 93.1423654974984 0 1885 0
"1886" 65.8787427732327 80.6065986238522 0 1886 0
"1887" 144.094807900312 56.4641333552794 1 1887 21
"1888" 180.254849198812 105.28863937302 2 1888 19
"1889" 92.8184447978703 102.440834998887 2 1889 44
"1890" 71.2602172603583 70.1391027561316 0 1890 0
"1891" 173.299640627698 96.4738241093998 2 1891 13
"1892" 65.9379758235347 94.7666539891953 0 1892 0
"1893" 179.255895241842 92.9513508624951 1 1893 17
"1894" 176.495320481124 86.3836987050302 2 1894 16
"1895" 168.810402991706 66.2765504381373 1 1895 43
"1896" 53.784890556446 56.9237602209392 1 1896 22
"1897" 82.5260449813851 56.6382000173837 1 1897 45
"1898" 164.194964726023 69.283780224153 2 1898 17
"1899" 108.96226914124 104.562592064809 1 1899 36
"1900" 92.7679575265941 52.4598673138252 1 1900 45
"1901" 99.2045830522162 57.5039507324404 2 1901 46
"1902" 180.473134359916 98.5322820504078 2 1902 11
"1903" 71.0652088182876 105.347307478525 1 1903 45
"1904" 122.53560883529 97.3905976777759 2 1904 42
"1905" 96.7907327271962 88.6913472473268 0 1905 0
"1906" 95.0924823883213 67.9209843552045 2 1906 47
"1907" 177.420649179388 52.8043782799133 1 1907 36
"1908" 112.261705294941 57.6047484446826 2 1908 31
"1909" 79.7900857824902 56.8983772807214 0 1909 0
"1910" 183.973973798155 72.0901984778514 2 1910 30
"1911" 101.211710664089 55.8839387821608 1 1911 35
"1912" 159.866579680142 64.3021591058132 1 1912 9
"1913" 119.109371777535 80.4798645661568 1 1913 12
"1914" 185.072159542465 53.852869642036 2 1914 36
"1915" 131.806555829089 103.53532126054 1 1915 8
"1916" 64.4904270865699 101.109230564293 0 1916 0
"1917" 144.544070148396 100.66330864745 2 1917 35
"1918" 177.546773770783 98.1051446542028 2 1918 3
"1919" 163.015601960854 82.5972802625144 2 1919 29
"1920" 177.412509456512 77.0542704381881 2 1920 5
"1921" 131.399839741556 55.1874361130224 1 1921 18
"1922" 122.635258911384 72.798832514795 2 1922 37
"1923" 130.945747139701 68.8301589396586 2 1923 42
"1924" 57.6614751503343 98.1899773969789 0 1924 0
"1925" 109.004346789634 104.142138697616 1 1925 28
"1926" 76.7951692793139 99.6226426814196 0 1926 0
"1927" 107.914951797267 96.4892751593872 1 1927 27
"1928" 125.836818934593 63.2878386439019 2 1928 11
"1929" 103.249593062821 67.6149380893332 2 1929 11
"1930" 83.7202364954027 102.188260859955 0 1930 0
"1931" 138.187014807263 95.3719335059972 1 1931 6
"1932" 95.0241013342285 94.4206895818477 0 1932 0
"1933" 102.774804074745 52.0098018768226 0 1933 0
"1934" 158.114603582453 71.3110798941105 1 1934 12
"1935" 170.129494546166 65.3872472053145 2 1935 37
"1936" 182.229971689237 84.6963326634534 1 1936 8
"1937" 111.134566305681 72.7853159382745 2 1937 5
"1938" 173.05307762797 105.905783584182 1 1938 36
"1939" 177.289810807522 54.2147537364156 1 1939 30
"1940" 77.1239667103678 82.6247480086222 0 1940 0
"1941" 184.062505375396 102.53597219657 1 1941 6
"1942" 89.3863948578155 104.476353962963 1 1942 22
"1943" 171.809885511663 102.020364872593 2 1943 11
"1944" 156.275632893671 76.6737853583305 0 1944 0
"1945" 170.02644759286 56.7164215905186 0 1945 0
"1946" 71.3251148979708 56.1909231765071 0 1946 0
"1947" 95.3980464168554 69.0595079613661 1 1947 49
"1948" 101.210702758209 77.9515609928806 1 1948 24
"1949" 106.308430863154 71.7941321318226 1 1949 6
"1950" 121.287674342113 71.8441130028176 0 1950 0
"1951" 77.754441716135 103.350516404848 0 1951 0
"1952" 78.252517299159 56.5035765635466 0 1952 0
"1953" 70.7466634308113 76.2525809336639 0 1953 0
"1954" 120.048439029894 78.2043983877163 0 1954 0
"1955" 156.698865792697 65.1902196940076 0 1955 0
"1956" 88.2829297493847 103.818845581637 2 1956 24
"1957" 161.61816827318 56.2567296995464 1 1957 38
"1958" 68.966376678957 106.256434230533 0 1958 0
"1959" 126.723985472223 81.8451893111694 2 1959 24
"1960" 79.4450683174386 101.914577377879 0 1960 0
"1961" 156.670668399025 80.7026566651331 1 1961 47
"1962" 166.183453579809 105.897031048327 0 1962 0
"1963" 85.706286591994 98.3058911612077 2 1963 40
"1964" 90.5864453521538 74.3284144454137 0 1964 0
"1965" 135.108465243182 98.4974315062103 1 1965 50
"1966" 111.43850799641 80.5295114512692 0 1966 0
"1967" 102.424169589289 57.2325024675433 2 1967 38
"1968" 129.502165145245 54.4415706879715 0 1968 0
"1969" 154.516977333395 68.3726330606366 2 1969 5
"1970" 72.7423677030891 74.0581280397055 0 1970 0
"1971" 68.6914111102978 90.4374352864198 0 1971 0
"1972" 137.797608323424 89.5746084101491 0 1972 0
"1973" 72.3289367746921 66.166538112048 1 1973 47
"1974" 175.012928922304 81.2895818509925 1 1974 7
"1975" 97.6030509553076 52.3144497238637 0 1975 0
"1976" 77.3330125154669 66.2288635923363 0 1976 0
"1977" 186.939599650122 51.0167213081675 1 1977 20
"1978" 66.1562959253754 97.1878783945428 0 1978 0
"1979" 169.475115825777 96.7863520463522 0 1979 0
"1980" 127.251586353196 93.8591604148772 0 1980 0
"1981" 149.896200541861 76.1839025710574 0 1981 0
"1982" 130.582328657338 104.404119174511 1 1982 20
"1983" 96.3031352399429 67.5897151689562 1 1983 26
"1984" 152.943954471549 59.8353983287387 2 1984 33
"1985" 154.857132535469 88.7754643962019 0 1985 0
"1986" 185.336800342059 71.3566821574762 2 1986 16
"1987" 59.4484162374471 78.1174885153757 2 1987 32
"1988" 101.351554557795 75.838383101414 1 1988 21
"1989" 170.526664217997 71.5591056918661 2 1989 15
"1990" 137.701454602509 97.2421140792733 1 1990 30
"1991" 91.6678944521036 76.4333019841737 1 1991 50
"1992" 180.974509498636 75.7161908915648 2 1992 13
"1993" 183.511954961953 80.2950430828076 2 1993 43
"1994" 172.794381347872 95.5630068044266 0 1994 0
"1995" 128.887784568089 98.2773397256165 1 1995 34
"1996" 154.34439143747 72.8495879585824 0 1996 0
"1997" 76.6074153218541 68.4593350938346 0 1997 0
"1998" 97.3874835772502 105.347509363258 2 1998 39
"1999" 156.165507222038 90.7423683667897 0 1999 0
"2000" 106.17059049882 103.372264079151 2 2000 26
