"V1" "V2" "V3"
"1" 167.395110425375 82.9710041093362 1
"2" 172.890885978909 61.86753069758 1
"3" 178.133521187456 62.5583304036986 1
"4" 178.194414934063 66.407758616173 1
"5" 174.87485444253 79.3442400610335 1
"6" 183.222680448479 99.1445815146972 2
"7" 174.838926387556 79.2987616682521 2
"8" 175.390369074418 82.7736258421548 2
"9" 169.563810863181 82.8418455177396 2
"10" 170.251346323087 80.0399417569143 2
"11" 177.150315462382 81.4266151594025 2
"12" 174.707479721067 79.804411936244 2
"13" 173.420456290815 80.6466763206817 2
"14" 173.390020679836 82.9036269287484 2
"15" 175.081022322635 83.4475961507912 2
"16" 175.936422017334 83.4022275668146 2
"17" 175.301725256372 82.8761121389053 2
"18" 173.648552908396 80.3668611705167 2
"19" 177.357983641509 82.0115809365709 2
"20" 173.796223387501 75.2056676320295 2
"21" 172.630826891565 72.146618524356 2
"22" 177.180413114284 64.5599135465602 2
"23" 176.69612343695 79.1575407644351 2
"24" 178.429348143325 73.6800592026082 2
"25" 182.163470059268 104.797859257468 2
"26" 134.209822048516 81.9164990103837 2
"27" 184.561946866218 97.8894044432217 2
"28" 147.497760721485 68.9094466174171 3
"29" 183.120526742009 99.1721683962867 3
"30" 183.029702299157 99.4247068707209 3
"31" 183.228316181538 102.781716842668 3
"32" 182.718329107535 97.6077021488419 3
"33" 182.465589236554 98.4750649282884 3
"34" 182.197000300879 96.4567263563219 3
"35" 180.297856919851 102.498275521441 3
"36" 182.205644739272 98.5400874921148 3
"37" 183.015061344237 99.1481823311451 3
"38" 184.366120874229 101.503781609248 3
"39" 184.947954831133 99.1822458885832 3
"40" 181.760604709963 100.400853110958 3
"41" 183.108386018398 104.054852939766 3
"42" 181.909536181434 98.6492467756419 3
"43" 170.898285140535 80.0067844662002 3
"44" 175.894411781287 83.3662439439959 3
"45" 177.083262795115 79.4967495521863 3
"46" 172.832064304358 80.2219802646603 3
"47" 176.107005062134 81.4334510507325 3
"48" 174.174915709534 80.4361628892371 3
"49" 177.346388012595 82.2399334978363 3
"50" 174.169639370749 81.3607579821608 3
"51" 175.81519832648 83.3562897368722 3
"52" 170.733049640869 77.6539732676856 3
"53" 170.542027727567 80.1750062524092 3
"54" 171.706164728708 83.0325109462843 3
"55" 175.482656956172 78.498886581743 3
"56" 177.569132601767 82.0356268225316 3
"57" 169.749894987483 84.472184927904 3
"58" 173.629479340476 83.3967503224287 3
"59" 178.357089320823 83.6736145458 3
"60" 175.732209495079 82.4216771605064 3
"61" 167.670852628137 82.6491980920884 3
"62" 175.086269536346 82.5936907449546 3
"63" 173.393008946126 80.645987674343 3
"64" 169.563984067941 81.8740415544064 3
"65" 176.021501847198 83.5115316142327 3
"66" 173.743089353935 83.3389298866258 3
"67" 175.304720570742 78.4299641162971 3
"68" 168.848257352901 83.0643419244962 3
"69" 177.240821486181 82.1098423800076 3
"70" 176.056575204693 84.8260033964481 3
"71" 175.537324943533 82.6960805439091 3
"72" 169.588738108913 84.0091319382841 3
"73" 175.944852380156 85.0102441709709 3
"74" 176.206151652427 84.2482265471203 3
"75" 171.355375266637 81.0221709311985 3
"76" 170.998641661731 80.4414163584162 3
"77" 173.288239653365 74.5902387907302 3
"78" 176.09873681953 83.2615504753782 3
"79" 173.787091463877 75.2787284095117 3
"80" 175.426428426853 79.7816731553173 3
"81" 170.951854941555 75.6786825610036 3
"82" 173.30819374253 74.4101653097053 3
"83" 174.376191376624 74.4964298587832 3
"84" 178.379173418969 73.7556987932035 3
"85" 176.501760129392 80.7214137514895 3
"86" 172.29802643497 72.4477247666337 3
"87" 167.994381792219 74.0094869249057 3
"88" 172.74457963367 80.1824369098021 3
"89" 177.998456466226 71.7486115321 3
"90" 173.147767259759 71.2054610553658 3
"91" 173.361115828491 83.116600438819 3
"92" 174.457851189279 72.5813192197514 3
"93" 174.100768674601 78.5608261363713 3
"94" 178.29460297856 81.6768227616782 3
"95" 174.295975808262 80.6027575685554 3
"96" 179.157730608236 75.8939636176057 3
"97" 174.416336420555 79.3125848374751 3
"98" 172.41324031672 81.8663742755199 3
"99" 170.153681561645 79.1875305832865 3
"100" 178.301454913754 73.6434734579503 3
"101" 145.398715360502 106.20897037936 3
"102" 180.113000744389 74.116567616793 3
"103" 177.546773770783 98.1051446542028 3
"104" 149.470109130628 68.1799530086588 4
"105" 147.289987756016 68.9662509551509 4
"106" 155.247902749139 69.0696532537577 4
"107" 150.083732694238 69.1358679762205 4
"108" 147.679821734138 68.4437817460665 4
"109" 147.364346450233 69.0459324516469 4
"110" 146.00332460181 69.0874293917361 4
"111" 156.761876887501 68.8660387933256 4
"112" 147.077775183371 68.1929673077397 4
"113" 185.403870656147 101.248009085193 4
"114" 184.367153517976 100.357809561227 4
"115" 185.26885489328 99.7074099942547 4
"116" 184.40605719856 99.4860739618127 4
"117" 182.963734204044 102.932739376998 4
"118" 184.465162098488 101.59395192369 4
"119" 181.613981410069 100.414814176973 4
"120" 181.690393538032 100.335584973451 4
"121" 184.464080889048 98.0297949588019 4
"122" 182.418141588911 98.0989958541403 4
"123" 184.177135187554 101.406978893529 4
"124" 184.108696669738 98.664811687786 4
"125" 182.30400047839 100.855368209259 4
"126" 183.574414079938 104.845334395403 4
"127" 186.90431767535 100.143840210997 4
"128" 184.461023410597 97.5112483075749 4
"129" 183.208831152165 102.72894289612 4
"130" 182.656132251137 97.1670104531975 4
"131" 183.564573992205 102.251472519004 4
"132" 184.032833678494 99.5304012229207 4
"133" 186.779607389665 100.126332047926 4
"134" 184.159756125366 98.2823057422736 4
"135" 184.921148411226 102.392246567917 4
"136" 181.134026377762 98.1789761301142 4
"137" 184.387102337715 101.828667179938 4
"138" 182.148562153274 98.8493299138636 4
"139" 183.111001313393 99.6364757302848 4
"140" 181.559611887153 96.4764357934402 4
"141" 181.542479045794 99.6721524552983 4
"142" 173.114883684317 81.7239211406144 4
"143" 175.65191690818 83.2954219118307 4
"144" 174.208680093575 80.4487163399829 4
"145" 177.183124507789 82.1765036377523 4
"146" 179.979974264558 82.4346627479262 4
"147" 174.082488806391 79.8217077736435 4
"148" 172.964088788102 79.4358215759945 4
"149" 171.353030039482 80.9719037746951 4
"150" 171.858996090125 83.5395947118081 4
"151" 176.713446443942 79.6936040975802 4
"152" 174.574069182426 82.0696901849862 4
"153" 174.237236306792 82.6992109424804 4
"154" 171.899181261016 83.119371373884 4
"155" 167.274814522376 82.6879251655175 4
"156" 175.534907721158 81.7370311702121 4
"157" 175.448620343347 82.2643604337009 4
"158" 168.504420659872 83.0798557293565 4
"159" 171.933948297666 80.476208754099 4
"160" 177.076093450439 81.9690552779161 4
"161" 171.0775239916 83.0836339892061 4
"162" 173.072374406756 83.6836181554927 4
"163" 175.726140399269 82.4837287531811 4
"164" 175.702174075052 79.3982192909403 4
"165" 178.358778434858 83.6916291181241 4
"166" 176.157200403858 85.7166951414179 4
"167" 172.526874543695 82.3223302352541 4
"168" 177.270887700051 82.2324779484159 4
"169" 170.714363682051 84.6106138791573 4
"170" 172.721627354166 80.1119268845445 4
"171" 172.070783525522 82.586644650719 4
"172" 171.845913121019 84.163305197577 4
"173" 177.710940328916 82.7148272663182 4
"174" 175.092671321674 82.2244752964981 4
"175" 178.252889643278 80.1731583537774 4
"176" 177.204899524909 82.5222120030153 4
"177" 170.217635823655 84.6867751026731 4
"178" 177.802245065346 80.0875146761804 4
"179" 174.338902910166 80.7166834510697 4
"180" 172.871861412613 79.9018869558669 4
"181" 172.499756824581 83.0177879646023 4
"182" 169.194117068339 81.8539792124611 4
"183" 173.407923804107 81.3480076903944 4
"184" 167.760688055235 83.4132653503201 4
"185" 172.963769646937 83.6150267887649 4
"186" 167.507584434154 81.5349426504314 4
"187" 174.293508730171 81.8081611023072 4
"188" 171.525579739947 80.6493350251798 4
"189" 171.886876694897 82.2964622162218 4
"190" 172.89685861947 80.4252906164632 4
"191" 171.603041524001 81.1764533049322 4
"192" 171.567915042929 83.7642817226898 4
"193" 174.47066135997 79.2759638559015 4
"194" 172.424840928459 72.5808386179157 4
"195" 169.291593603098 72.3603957951875 4
"196" 174.639015271479 73.073075868535 4
"197" 172.621154709528 74.9485429201931 4
"198" 177.025534869864 82.2423075095331 4
"199" 178.650195353364 82.0037356338979 4
"200" 177.804714564691 82.7291375091663 4
"201" 168.276890378838 73.1944184659201 4
"202" 172.172098104015 81.8421094772529 4
"203" 173.637003691671 79.88550434964 4
"204" 170.969039693743 75.9000700965338 4
"205" 177.097749427768 72.1907497785715 4
"206" 171.142009159263 77.1527230177782 4
"207" 175.812477635701 84.9763171036245 4
"208" 171.789487941911 80.7193573960775 4
"209" 170.884479363456 80.6628510400154 4
"210" 178.388819784485 75.3270417917038 4
"211" 173.444089362453 75.4303446832529 4
"212" 173.972072032728 76.935199869124 4
"213" 177.958476878492 71.7729960016158 4
"214" 178.183087358489 71.4262612537342 4
"215" 178.273067389392 73.8521904605245 4
"216" 178.461166761235 80.4395861164356 4
"217" 177.176986706417 81.2095489220591 4
"218" 171.754470458164 71.8364913863897 4
"219" 173.818628580271 73.2840666669602 4
"220" 176.062650170655 70.7501837536687 4
"221" 174.12623691004 79.9461776114503 4
"222" 176.848744059803 79.8127865298294 4
"223" 174.416111836872 74.5621384326733 4
"224" 175.801212192227 67.8419443326992 4
"225" 170.996907521248 80.2808244759106 4
"226" 171.674725398027 76.247840169726 4
"227" 177.45828555856 67.7394700294267 4
"228" 174.935588624025 82.7794874823644 4
"229" 173.344342412945 74.2787515436472 4
"230" 175.12774457049 78.5492034508673 4
"231" 173.641058651815 74.0074354044776 4
"232" 170.310650119495 72.9333787193328 4
"233" 175.982146905557 84.1322593860672 4
"234" 140.24026559859 96.8536114848752 4
"235" 176.151553163146 88.2679353532944 4
"236" 180.257457909253 99.8567404568641 4
"237" 135.363605631335 102.874471114451 4
"238" 126.385401978264 62.5440722995518 4
"239" 157.649709428637 68.1073248242271 5
"240" 147.183204922275 69.0127707731261 5
"241" 149.341325741261 68.0396534195266 5
"242" 150.113365490989 68.8520592158308 5
"243" 149.783088042987 67.8159959965092 5
"244" 150.210268529603 69.1231361942353 5
"245" 147.339762357809 68.7448927818193 5
"246" 151.465009110301 68.8157016281667 5
"247" 158.040994791554 68.6064036865595 5
"248" 145.679897158767 69.5246155165406 5
"249" 149.573269006011 68.1587801956607 5
"250" 146.908069068166 69.2910091841425 5
"251" 153.253394782396 68.1553931039944 5
"252" 147.198257932999 69.117436823218 5
"253" 145.527244967702 69.5710906044645 5
"254" 150.580333403836 68.9799673857462 5
"255" 156.909838661614 68.8169815724252 5
"256" 147.880523211752 68.0533624034828 5
"257" 156.845194155531 68.6503603079909 5
"258" 153.868553458257 68.4559253209053 5
"259" 149.854204319301 68.4012785880609 5
"260" 146.84331009846 68.1749499399849 5
"261" 150.119762950803 69.1844127230709 5
"262" 156.722301437938 68.5721666483729 5
"263" 156.267751408834 68.7098650356505 5
"264" 156.774404280166 68.9022215222282 5
"265" 147.619505357005 68.186861619554 5
"266" 147.695892481438 68.4592606599188 5
"267" 149.617315588315 68.5290437339825 5
"268" 146.855682874433 68.9267468229474 5
"269" 147.649407923124 68.5867799376091 5
"270" 145.977919275245 69.0141273918327 5
"271" 157.064897865704 68.017675392059 5
"272" 148.428820136417 68.9435600944421 5
"273" 186.577326277653 99.9617937143076 5
"274" 181.167211940513 99.907253835324 5
"275" 182.25972876909 98.8860816980615 5
"276" 179.59120167709 95.5661558091924 5
"277" 184.975782589224 101.638649868438 5
"278" 184.107134394153 101.31600230504 5
"279" 184.303806288154 97.2196892866466 5
"280" 185.000883618009 101.387606713782 5
"281" 180.934631059711 98.0013381241098 5
"282" 184.275152138542 99.4812581948307 5
"283" 180.223209950451 99.985323481171 5
"284" 185.355342178417 99.9033695062677 5
"285" 179.907722639767 98.6777434763994 5
"286" 184.996633459878 98.9093447100033 5
"287" 184.183123551223 99.9987049266387 5
"288" 183.071620014306 101.080172824207 5
"289" 182.083097118133 100.841594294554 5
"290" 184.611236534115 98.777542403437 5
"291" 181.785612934979 98.0046429871551 5
"292" 181.536887104384 99.6799325524381 5
"293" 181.63324851555 101.221236890765 5
"294" 184.195490464409 102.289720066182 5
"295" 185.044623466627 99.8501379677386 5
"296" 182.820798482715 102.940798881197 5
"297" 184.217850437152 99.3663967903649 5
"298" 183.559716798253 98.1214888232608 5
"299" 184.242637140206 99.4443170237894 5
"300" 183.42476538081 99.264857128292 5
"301" 183.923436688341 102.844274074393 5
"302" 185.227128801338 102.091365889931 5
"303" 183.726802089978 102.313786619909 5
"304" 183.329269840731 98.3407390815249 5
"305" 185.512196992699 101.999967763271 5
"306" 182.545296276515 102.924437454874 5
"307" 182.04873492347 98.1669335302955 5
"308" 175.572871338994 81.8524172388468 5
"309" 171.098223874117 84.1964530203716 5
"310" 169.934558330483 82.5883881152385 5
"311" 167.085216061695 82.6460325856332 5
"312" 170.550128546271 81.8434463876754 5
"313" 177.729648889243 82.6208000140642 5
"314" 170.557726562594 81.3307757676319 5
"315" 177.833874078885 82.814465906209 5
"316" 170.120732507162 82.698851087716 5
"317" 171.84906226478 83.1524605669511 5
"318" 173.04757030174 81.9252124201036 5
"319" 173.16748621935 80.2202825067887 5
"320" 171.673483944704 81.176336826333 5
"321" 174.783423048475 82.0269052871693 5
"322" 174.27780721574 81.5377296345827 5
"323" 170.078173425924 83.2894080841696 5
"324" 175.293627773149 85.5408543207307 5
"325" 172.486039222377 80.3249656782182 5
"326" 176.275083026942 78.7000605425734 5
"327" 175.836161253912 82.0803284691199 5
"328" 167.758177326734 81.5506067131184 5
"329" 167.556054187887 81.5133169817981 5
"330" 178.838102237398 82.3601385820574 5
"331" 177.969564398764 82.9262345826459 5
"332" 169.252750358546 83.7830399132636 5
"333" 177.089697772876 81.8550505673853 5
"334" 173.355772277098 83.6821233046324 5
"335" 178.350495267584 84.2171771448454 5
"336" 172.192685821541 80.3335023265713 5
"337" 173.857595611604 81.4493244003226 5
"338" 171.839337663487 83.672509979573 5
"339" 169.146909450777 82.1297964276205 5
"340" 174.647386922993 80.5972751045194 5
"341" 169.518145279028 84.2213893991753 5
"342" 171.911316830041 84.0602960640103 5
"343" 177.481306896439 81.1244256677041 5
"344" 177.948821192636 83.5045319992177 5
"345" 173.279985753413 81.374641294342 5
"346" 170.616782086875 84.8762560980735 5
"347" 171.214999450616 81.4989745455666 5
"348" 177.293120207628 67.8992615777225 5
"349" 175.139870095974 74.4444947513741 5
"350" 174.91426664229 74.0175893409697 5
"351" 176.219602809595 70.5018648512255 5
"352" 178.473198174062 79.5617669885582 5
"353" 173.623169788904 79.6482947486705 5
"354" 177.865883246349 74.2614644561033 5
"355" 174.402488166653 76.7133053701066 5
"356" 171.86474636762 77.0834656795173 5
"357" 172.395168208277 82.5208995057364 5
"358" 174.009388937611 74.0455000782884 5
"359" 175.66157911592 84.0447369153243 5
"360" 166.343009735568 77.0009763060576 5
"361" 173.979843864796 76.555708925861 5
"362" 169.078503136564 82.9854626716024 5
"363" 177.310049843736 75.2074795464059 5
"364" 175.730590715188 69.0674166354473 5
"365" 172.933179688125 72.0423364633701 5
"366" 174.160253201804 79.7001934090096 5
"367" 171.365427122424 72.4549676308136 5
"368" 167.603666501062 77.1822452658901 5
"369" 173.734605588129 78.765534720248 5
"370" 173.699096057726 76.8247162512715 5
"371" 177.543805072495 68.5491173304932 5
"372" 178.289533759397 75.43773301549 5
"373" 181.969792510595 70.536178846489 5
"374" 176.07263744384 68.0546099010643 5
"375" 178.414677156278 71.6555000574776 5
"376" 170.697083190135 73.2236297675989 5
"377" 178.764649851514 76.3086761972421 5
"378" 178.601246866188 74.9494361659411 5
"379" 173.957865462206 72.4231493433088 5
"380" 175.564108280166 75.8184802554979 5
"381" 172.11635644059 72.3012245701031 5
"382" 172.989837018671 76.5612998106288 5
"383" 177.156265453862 72.3854318451656 5
"384" 176.121284319713 70.7893164596158 5
"385" 174.830787391368 73.453289969677 5
"386" 173.938688852703 74.5370675377549 5
"387" 172.333362669445 75.3673082937318 5
"388" 140.610690355067 95.3495671251139 5
"389" 174.648167409263 82.7969791482503 5
"390" 171.775633994591 85.4493544875685 5
"391" 177.412509456512 77.0542704381881 5
"392" 111.134566305681 72.7853159382745 5
"393" 154.516977333395 68.3726330606366 5
"394" 154.781299737347 68.0399071275618 6
"395" 146.452564472757 69.2771231731471 6
"396" 145.493802145734 68.5955000693098 6
"397" 157.71389395238 68.54877311834 6
"398" 147.478985896168 67.771213490904 6
"399" 148.493042253794 68.7710852427262 6
"400" 158.057263845909 69.0146542007719 6
"401" 156.079858267753 68.8478077314228 6
"402" 154.57333423512 68.1663443475149 6
"403" 154.506058385463 68.5148360836047 6
"404" 155.328384579242 68.334313498098 6
"405" 147.733659274813 68.1902505349566 6
"406" 149.370262819765 67.8845252871393 6
"407" 156.706945742814 68.6574136558035 6
"408" 149.568620227519 68.5341867021455 6
"409" 157.672744199232 69.3428316349599 6
"410" 149.855217092518 68.7815437694337 6
"411" 158.103881384052 68.0018411027098 6
"412" 151.61207726936 68.9794074969652 6
"413" 148.165154105934 68.227790471407 6
"414" 143.154713828262 68.9340990398406 6
"415" 145.939036205393 68.783518375977 6
"416" 157.004449970741 68.2786887235031 6
"417" 151.474976924126 68.1187874333829 6
"418" 149.79631451834 68.3112054315986 6
"419" 150.131283043958 68.038166973467 6
"420" 152.031652121852 69.2866279711057 6
"421" 147.917249700362 68.2397087711843 6
"422" 158.172652481734 68.8609671873358 6
"423" 152.306379372747 68.6533631714409 6
"424" 149.188501915832 68.9232120669133 6
"425" 150.51841806151 68.8090254218722 6
"426" 157.261561443488 67.8635888523303 6
"427" 151.914231792018 68.9485179856604 6
"428" 148.812413796091 68.2309882574318 6
"429" 156.253282478592 68.8030937554126 6
"430" 157.575803402435 68.2895142233374 6
"431" 144.948695542894 69.5131600832687 6
"432" 144.876349021796 68.542366919856 6
"433" 144.819014696596 68.7668830612449 6
"434" 154.949045886214 69.2263180488116 6
"435" 149.738654818948 69.284294118605 6
"436" 157.848355265333 68.8233613682013 6
"437" 154.467652763859 68.7105210454605 6
"438" 151.117044727457 68.4809266811596 6
"439" 146.832363003852 68.8794386371042 6
"440" 157.252474484362 69.0356976151007 6
"441" 155.058779675656 68.9804461982939 6
"442" 152.598866910144 67.8438168038655 6
"443" 149.936840795541 68.6788615200251 6
"444" 150.463551076002 68.8475640929496 6
"445" 151.494765350449 68.8689147586082 6
"446" 156.663503266351 68.6349203993121 6
"447" 152.952880548498 68.3139131668152 6
"448" 148.969137168683 69.1672108978781 6
"449" 185.273567811807 99.1509267230575 6
"450" 182.338428240979 101.194329518635 6
"451" 181.337504927408 98.5248566085195 6
"452" 181.486640382786 99.4946995221346 6
"453" 180.58250430401 100.720484200198 6
"454" 184.027680978691 101.813924255106 6
"455" 185.476552188794 101.889428797943 6
"456" 185.466562281401 98.5181132024012 6
"457" 183.398865953961 101.342948614181 6
"458" 181.502850079627 97.8855790250962 6
"459" 186.405648436804 101.084562103982 6
"460" 181.920405954132 97.7190371917256 6
"461" 181.728726444696 103.089749769167 6
"462" 181.918128865424 100.667825567855 6
"463" 183.833074191685 99.8462774603903 6
"464" 186.982652920155 99.9219732587354 6
"465" 185.418884773458 101.822225099793 6
"466" 183.533499975471 104.574897441298 6
"467" 184.717380514442 101.729726431998 6
"468" 183.996456406751 103.035560352888 6
"469" 183.648636917022 101.024987828503 6
"470" 182.805991073332 100.917491052222 6
"471" 185.344997533523 101.02496193801 6
"472" 184.047272466555 101.497016326061 6
"473" 184.45293725237 97.0967273059243 6
"474" 185.428339143876 101.762982579543 6
"475" 170.927008181282 83.1320247099892 6
"476" 175.626607413036 82.2191529333983 6
"477" 168.886765377925 82.2140968452651 6
"478" 174.645059771043 80.564592655626 6
"479" 175.383359885707 81.8262522829589 6
"480" 168.565753113967 82.8210695491251 6
"481" 175.197368544992 81.8361930344479 6
"482" 174.681079167696 82.3287474747025 6
"483" 177.091412418807 80.0021404822401 6
"484" 179.048000674996 83.9827110546518 6
"485" 176.634734386466 81.0342998805286 6
"486" 179.377013824807 79.8784866350518 6
"487" 163.896043213628 82.8008383799521 6
"488" 169.522288885235 79.5977532908765 6
"489" 175.167487163289 81.2025913570766 6
"490" 176.677169979435 80.8237631852017 6
"491" 173.234892682058 78.0617782390867 6
"492" 170.120647390752 82.3239210205132 6
"493" 175.563152716285 83.0597942276936 6
"494" 172.085107553732 85.066171826358 6
"495" 172.637881260693 82.397712479665 6
"496" 169.775046095454 80.2555659703007 6
"497" 169.775507161436 80.6703146453494 6
"498" 176.675087666667 82.8788475138273 6
"499" 175.281277595889 81.6430785269448 6
"500" 176.274628929672 68.6433660544705 6
"501" 172.657792299102 71.4684677571928 6
"502" 178.412824467954 78.7369157565055 6
"503" 176.991563732979 73.702748044023 6
"504" 173.8029910851 73.8372840848426 6
"505" 170.119567580494 77.2781916805184 6
"506" 185.635271593152 67.0450661086497 6
"507" 175.485786431084 78.2754727837688 6
"508" 176.075460574658 75.7567756988016 6
"509" 177.913261872141 75.3959060080802 6
"510" 174.635955518906 74.6996837823714 6
"511" 177.368103033063 77.4196515466645 6
"512" 177.010718615374 70.1072485323889 6
"513" 173.317199150037 77.3371124708467 6
"514" 178.965024887807 80.2071274284136 6
"515" 171.638653736223 79.1296040376291 6
"516" 171.865964368372 76.8182970395816 6
"517" 178.148447129035 86.522752171133 6
"518" 179.211661954375 71.270212394081 6
"519" 170.284112477291 72.5808310415354 6
"520" 180.503888610705 78.2364684696068 6
"521" 173.085637134766 76.0001819625462 6
"522" 171.253953146221 72.4340151800297 6
"523" 174.713659931048 72.0319320917372 6
"524" 176.042685825032 72.4629439077688 6
"525" 178.539022636857 74.2155244808723 6
"526" 175.299107571928 75.3641692956738 6
"527" 171.914997277799 79.7981599117901 6
"528" 179.443605766961 73.9106078970369 6
"529" 176.256360285034 70.4833296353791 6
"530" 175.841562380697 79.4331122820982 6
"531" 173.766114596411 78.6104714118723 6
"532" 180.586572624515 80.1368987472281 6
"533" 176.412465205401 64.5825515449668 6
"534" 173.992241415446 76.4561842366804 6
"535" 178.528496363449 75.8908465926926 6
"536" 177.333990765427 77.248014657487 6
"537" 175.684481719871 75.8706452043605 6
"538" 176.511599007484 72.4966580048797 6
"539" 177.586208188932 70.3840785806068 6
"540" 173.606843020017 78.7394658942163 6
"541" 174.735226969291 73.3694764012589 6
"542" 173.933937287124 74.0944913912443 6
"543" 173.054381864831 71.8154219706419 6
"544" 175.210881221491 72.2493709558563 6
"545" 180.67292791089 71.8346018525103 6
"546" 175.28127069154 75.0045671786165 6
"547" 173.06151281499 70.6023046651911 6
"548" 174.594205534823 70.1998113972106 6
"549" 112.984423815602 85.5052092066219 6
"550" 131.538850089285 104.016509373577 6
"551" 185.500453472884 103.146338041411 6
"552" 166.671350751078 77.310925963734 6
"553" 138.187014807263 95.3719335059972 6
"554" 184.062505375396 102.53597219657 6
"555" 106.308430863154 71.7941321318226 6
"556" 152.618894357298 68.6467660387007 7
"557" 151.725020982831 68.4116052487724 7
"558" 155.877230592763 69.7318554371958 7
"559" 145.583314705307 68.5294753118014 7
"560" 152.99137590774 68.2055360820879 7
"561" 158.011440428082 67.913029788109 7
"562" 157.500300290208 68.9687430352403 7
"563" 154.723310155767 67.956756708206 7
"564" 150.555735512106 68.6610466962483 7
"565" 152.145544432819 68.9094415540685 7
"566" 144.79051004568 68.44027131366 7
"567" 151.493559672415 68.0347632112963 7
"568" 154.072114017172 68.0482624885764 7
"569" 153.379887912314 68.3548870239963 7
"570" 157.394061478709 67.7721846898242 7
"571" 144.311250034823 69.1086533033867 7
"572" 152.148192597344 68.5658699017497 7
"573" 156.490794702026 69.1137283499532 7
"574" 154.327715541446 68.7875899609299 7
"575" 151.429459798058 68.6933833425435 7
"576" 153.411176730399 68.2310773191737 7
"577" 148.881201951508 68.1212904116772 7
"578" 153.484008675407 68.5327612251764 7
"579" 158.2448232561 68.6572870286834 7
"580" 150.955245018928 68.425791685132 7
"581" 153.059617136128 68.9146589023068 7
"582" 148.11153956425 67.784330047403 7
"583" 155.413724868681 68.4127987039332 7
"584" 149.836739327663 68.6981756882612 7
"585" 152.054489988046 69.2522979243938 7
"586" 153.04520151567 68.3751901700857 7
"587" 148.31171316226 68.1576848008288 7
"588" 150.012226440782 67.9447995262436 7
"589" 146.275909145852 68.2086336279917 7
"590" 151.048148259547 68.9958692570677 7
"591" 146.566614664226 69.763611985775 7
"592" 151.86127536407 68.1627580658303 7
"593" 158.216061031183 68.9197812896256 7
"594" 158.145944308116 68.3454436569981 7
"595" 154.862073076109 68.8219416038579 7
"596" 155.454453173085 68.2249397804989 7
"597" 147.76230904256 67.7004549716855 7
"598" 158.282468345308 68.3863427742433 7
"599" 155.108048385155 68.2265912495232 7
"600" 148.528207759855 68.3236168491204 7
"601" 156.423300220535 69.1483324304046 7
"602" 155.42704590601 68.6430880513714 7
"603" 152.336245170302 69.5031558902331 7
"604" 151.425794733786 68.1366521572691 7
"605" 152.540577775959 68.6333995904398 7
"606" 183.82672661909 103.57981258653 7
"607" 182.906247488938 101.64357131553 7
"608" 182.627071618914 101.538569226559 7
"609" 183.821108646142 100.607501999167 7
"610" 185.663825423715 103.70406723357 7
"611" 182.917562464913 100.505648939321 7
"612" 184.512214803068 100.605019624997 7
"613" 181.778017499423 99.5582094702135 7
"614" 183.295691919648 96.370859309762 7
"615" 183.370988678182 101.50538181633 7
"616" 182.618642604789 101.0385230163 7
"617" 183.365868233082 95.9253054085453 7
"618" 185.632552625342 99.6670974738878 7
"619" 181.736021306221 97.6335190597861 7
"620" 183.127178899812 101.331591711259 7
"621" 185.499999352447 101.030498128842 7
"622" 184.64189014334 99.1841484334602 7
"623" 181.819876236919 99.0621781897583 7
"624" 184.865893295843 99.9858894938088 7
"625" 181.95420652341 101.764431657281 7
"626" 182.219660866257 97.1693610574251 7
"627" 181.342423299711 80.6827227264949 7
"628" 172.531465559978 80.558328511517 7
"629" 172.426151051194 81.0361249940306 7
"630" 172.685836811495 77.7698666819493 7
"631" 169.86190690222 80.5552586378776 7
"632" 170.103495319778 82.2852417179796 7
"633" 175.986109500247 82.0653704954895 7
"634" 178.94465766463 84.0448053236237 7
"635" 178.865173150142 82.0833634351385 7
"636" 168.92025112364 82.2516199269725 7
"637" 173.658096813452 82.3673408719325 7
"638" 172.122394656655 81.3374773385449 7
"639" 178.875040384951 84.3482363420181 7
"640" 168.239980173724 82.5145858672577 7
"641" 164.006097850662 82.4396015535409 7
"642" 176.494911539609 81.4000339243243 7
"643" 173.521204970747 82.3174753684861 7
"644" 173.853920804551 81.8198714436732 7
"645" 174.546945362038 80.2202306906005 7
"646" 174.481452373423 82.310396459842 7
"647" 173.777482001974 80.6186784159956 7
"648" 176.535657358782 82.9426560486782 7
"649" 180.957183644996 83.7447421966965 7
"650" 179.016641235339 71.8833723909895 7
"651" 177.860374882792 77.8202115806017 7
"652" 174.644139634136 85.8043353148847 7
"653" 170.414251487668 74.7864220318313 7
"654" 172.803375176453 71.5210566228158 7
"655" 175.0060821995 71.9671247941213 7
"656" 178.224307690912 79.1460969255094 7
"657" 173.157694829785 77.3906883543581 7
"658" 179.687973617302 71.0514212420907 7
"659" 176.460685884396 64.8172031707662 7
"660" 176.024791670186 62.5538344087792 7
"661" 174.032620881122 70.3884295423174 7
"662" 179.472272415934 74.179839044997 7
"663" 170.723876906788 75.8180873061723 7
"664" 176.927622746814 69.9196601064735 7
"665" 179.416872956799 71.332919954275 7
"666" 175.778688492855 87.7789582744223 7
"667" 172.549683622087 74.0987480710533 7
"668" 176.915819193907 65.3223777548485 7
"669" 178.039309340031 70.8350212501952 7
"670" 174.49849363862 70.1174380743907 7
"671" 174.655319827163 73.9998623501295 7
"672" 175.400114983337 74.8641179395942 7
"673" 177.305133339252 73.5448830175716 7
"674" 175.646209962331 69.8335297764052 7
"675" 179.684556677803 74.2395938628662 7
"676" 179.754872519629 71.5487242724808 7
"677" 176.323274840656 70.8131238962988 7
"678" 174.292696886017 78.7764693446899 7
"679" 175.93514129693 72.6445485549245 7
"680" 173.372168240767 76.7858790777791 7
"681" 164.026307319063 61.9263020472391 7
"682" 161.286927084468 80.5735519898656 7
"683" 169.907610082846 76.9472049535726 7
"684" 109.210616181255 55.22910152552 7
"685" 128.316301434029 63.7335135644553 7
"686" 159.840598460544 64.5766808452665 7
"687" 163.731437625084 55.6015330620557 7
"688" 186.703003698817 101.057970047203 7
"689" 175.012928922304 81.2895818509925 7
"690" 153.210704455691 68.6574201056734 8
"691" 153.034941354561 68.4861355047542 8
"692" 148.545396034588 68.3141803865028 8
"693" 147.794691924173 68.8281332653822 8
"694" 148.478132055974 68.1188127198296 8
"695" 155.398281095518 68.6484984077852 8
"696" 145.442917117358 68.2082915380288 8
"697" 151.199547876639 68.0361465230522 8
"698" 151.459293431779 67.4835461081112 8
"699" 148.29189872762 67.8379475539229 8
"700" 158.158122066256 69.5338099672189 8
"701" 152.76659484133 68.2272548067486 8
"702" 153.365636521942 68.3794382124041 8
"703" 149.560513331222 69.2848991543211 8
"704" 146.200089519467 68.2419182859613 8
"705" 155.571203591319 67.9304624467005 8
"706" 150.966497324159 68.7126400590258 8
"707" 143.400961269169 69.5391585722892 8
"708" 147.444455740078 68.1009301482461 8
"709" 151.342819409777 68.6862985015765 8
"710" 158.102513169627 68.3646194320286 8
"711" 157.554655195861 69.6763491555671 8
"712" 153.677563830984 68.9618507216043 8
"713" 153.539956779741 68.0002034278802 8
"714" 156.202166126304 68.4410966932292 8
"715" 151.069870068652 69.2612111339084 8
"716" 152.992518016576 69.0341379691816 8
"717" 150.447792409987 68.0007668011842 8
"718" 155.238372101113 69.6714353834151 8
"719" 148.30184398358 68.3826759486292 8
"720" 152.345191242017 68.0778816163882 8
"721" 158.359038584164 68.8106935582171 8
"722" 183.416187252501 100.853237215805 8
"723" 183.235927166298 98.116642582363 8
"724" 182.976048796291 101.36631244764 8
"725" 184.458019610523 99.7771696484465 8
"726" 183.704925498551 100.317004457194 8
"727" 185.612748977704 100.66346183588 8
"728" 184.401040529902 96.7825408287477 8
"729" 186.300608652175 102.152188929455 8
"730" 182.941547016348 98.5630677357595 8
"731" 183.52850619448 101.09649196328 8
"732" 182.495044403447 101.967307549896 8
"733" 183.015356200476 100.484741716055 8
"734" 185.834843190382 101.258084275449 8
"735" 185.737720670266 103.004192334616 8
"736" 184.344529926466 102.750659364029 8
"737" 185.214502461622 98.7075585060922 8
"738" 185.882077932894 104.515457866405 8
"739" 186.021309239295 102.750843340007 8
"740" 183.779770984426 100.593929735245 8
"741" 183.990920620977 100.478987458778 8
"742" 176.369323957 83.1849423138863 8
"743" 175.122754257483 79.9467141704571 8
"744" 168.869164601049 79.4709376404053 8
"745" 172.330896758916 80.9452459220324 8
"746" 166.736627719366 83.9029600889702 8
"747" 178.107950358397 78.7339209125848 8
"748" 172.585693124806 81.1598415752843 8
"749" 175.478948218598 84.4191918736033 8
"750" 165.266168506583 82.7653576243806 8
"751" 176.746151727068 83.2757424573208 8
"752" 181.093885323594 80.9403125910142 8
"753" 169.340010919835 84.8212539710248 8
"754" 174.537125903279 83.2274794365904 8
"755" 172.633575926592 85.155475338281 8
"756" 170.754570831953 83.7789055581855 8
"757" 175.692249304355 74.4605304085337 8
"758" 176.961862670492 74.0063452541427 8
"759" 178.004676045107 79.6005997880427 8
"760" 173.045912954141 70.339907807604 8
"761" 176.446858109951 62.7617782281636 8
"762" 174.702911678304 70.9563733577327 8
"763" 176.918706880885 68.5499227666948 8
"764" 169.601545932309 73.4117889197903 8
"765" 172.597406378366 76.6026606011163 8
"766" 177.266786785108 68.5123315324036 8
"767" 181.249614779872 73.8324202313662 8
"768" 181.007736153171 80.7688486427512 8
"769" 179.597820194858 79.9648660349209 8
"770" 171.444175217464 71.8831403184646 8
"771" 177.00545823537 73.0631452194285 8
"772" 173.511847713981 73.1228884606459 8
"773" 175.660455847002 71.2962276007682 8
"774" 172.857246410003 76.7690849133831 8
"775" 168.578602910139 74.7371331926824 8
"776" 170.165071355139 73.8377600983825 8
"777" 178.648038315787 64.3747045047135 8
"778" 176.958123128731 76.3709875600517 8
"779" 173.802907745073 83.6314025227803 8
"780" 176.674818053389 69.6381946067677 8
"781" 171.864855201664 70.9410967263538 8
"782" 172.554150400289 79.1510720773811 8
"783" 175.789785424439 75.3249297054897 8
"784" 179.166745960764 74.8493469081413 8
"785" 176.05616627543 81.7606601328002 8
"786" 174.455487544675 77.186440325178 8
"787" 174.942338801186 68.392091690242 8
"788" 157.881157079187 60.1208057155809 8
"789" 185.202474022043 97.2498930362246 8
"790" 183.683919894097 101.657867250524 8
"791" 174.831524303096 70.3676111150383 8
"792" 155.909460624926 69.9024768801421 8
"793" 150.600741940954 69.157980496203 8
"794" 181.999907968128 97.2929085356193 8
"795" 175.478023981011 89.2151830007748 8
"796" 185.02342105821 101.960045897046 8
"797" 131.806555829089 103.53532126054 8
"798" 182.229971689237 84.6963326634534 8
"799" 156.27534458942 68.9501956109673 9
"800" 158.525307068192 68.4236996316925 9
"801" 144.525237740578 68.2719943478877 9
"802" 151.943374059056 68.3833572188145 9
"803" 144.621656720136 68.8390433251904 9
"804" 149.692647425492 69.0144666661555 9
"805" 155.546137311186 67.7058334677684 9
"806" 159.311763192987 68.9980360291396 9
"807" 156.108701375128 68.4365675004266 9
"808" 145.117050760771 68.8893344780346 9
"809" 147.447458793926 67.9896515354455 9
"810" 151.418588467507 69.5523614113398 9
"811" 146.536401990083 68.7349948256987 9
"812" 151.277580324721 67.4859916154963 9
"813" 152.810090876143 69.3170810333353 9
"814" 154.914880630251 68.3461788334878 9
"815" 160.127296375949 69.2312991940225 9
"816" 153.271926449592 68.8605278199989 9
"817" 159.49359158179 68.2714058427823 9
"818" 156.183244075458 68.3906176265861 9
"819" 160.665779032027 68.9180095643902 9
"820" 140.413499640254 68.3051487653124 9
"821" 155.33699976666 67.6341979579868 9
"822" 184.767976565313 103.673906467607 9
"823" 182.488656714106 103.369187974774 9
"824" 183.632573913037 103.689431737118 9
"825" 183.936416780797 96.4757611777619 9
"826" 182.745228230185 101.92902844915 9
"827" 180.870571073606 102.186354913371 9
"828" 185.217888391346 103.190785811894 9
"829" 178.011487389184 80.9631866566024 9
"830" 177.521855900835 80.7426141629726 9
"831" 171.461112465369 80.197493205961 9
"832" 168.230742222763 82.0507735099613 9
"833" 167.584950902239 77.7642651881845 9
"834" 179.068410331778 79.8471223957009 9
"835" 174.449088336521 83.560919281666 9
"836" 172.884845200503 85.3181932975182 9
"837" 178.371956901023 80.9362337458162 9
"838" 171.836452070563 79.3085835131831 9
"839" 170.923936357445 83.4123404850834 9
"840" 174.158929139898 81.9729731576578 9
"841" 176.887241839578 71.269446192987 9
"842" 171.46887538725 70.3014433769098 9
"843" 179.023207080902 70.4095517424527 9
"844" 177.005351208772 69.4292255559887 9
"845" 176.827863306925 75.906206379119 9
"846" 179.60704385822 82.0952941833509 9
"847" 174.717379703585 71.3312000856616 9
"848" 168.139881518132 72.111438928559 9
"849" 177.666151664627 79.2265208913715 9
"850" 172.796917610809 73.5312744490691 9
"851" 178.8176742301 71.7665242865049 9
"852" 176.40346801539 69.2914817850773 9
"853" 174.920382443942 75.0435620622364 9
"854" 167.144984308029 76.9939575604433 9
"855" 173.269569846026 73.25304733935 9
"856" 176.847956341219 81.6486976638568 9
"857" 170.165209138587 80.497170256122 9
"858" 175.475243348872 80.1052827341293 9
"859" 176.153093007217 75.2613017474116 9
"860" 177.953518300957 86.3628554295119 9
"861" 177.111804337676 66.2086410856318 9
"862" 171.572850475015 79.3828039516948 9
"863" 173.052354217198 77.0010512882371 9
"864" 129.120397525379 61.1764676595678 9
"865" 136.714852039867 102.291132336798 9
"866" 180.549427303277 61.4975322751523 9
"867" 102.00286299373 58.8642331305533 9
"868" 159.866579680142 64.3021591058132 9
"869" 148.202900626001 68.8224676301576 10
"870" 159.040603968349 68.65164123848 10
"871" 161.348041866866 68.6740550848183 10
"872" 152.715145261704 69.0295538081935 10
"873" 155.099943699403 67.5129492140344 10
"874" 162.026975818644 68.6897502584251 10
"875" 156.124743551209 69.2958122276622 10
"876" 150.581689335814 68.1255780174944 10
"877" 155.73775967394 68.3586678836791 10
"878" 160.367527197905 67.9632502809303 10
"879" 148.214606890396 68.7260590434915 10
"880" 154.380085626929 68.0778209291006 10
"881" 155.707999738764 67.4225892483003 10
"882" 159.428410864273 68.587829823916 10
"883" 159.477220492885 68.2009136666352 10
"884" 159.327215545153 67.8364398456908 10
"885" 149.373534574571 68.8721706580303 10
"886" 154.08619867526 69.4908165660352 10
"887" 155.177513211474 68.4219215924779 10
"888" 183.521405149913 100.43430234925 10
"889" 183.711406326823 100.18595277864 10
"890" 181.15189913018 101.255537468073 10
"891" 183.591757240807 100.015948293384 10
"892" 184.149385726467 103.788478569121 10
"893" 184.155953196224 96.1997151386726 10
"894" 180.565067610097 98.572964203505 10
"895" 183.505646292798 100.102668604101 10
"896" 167.955959093773 80.3772464690043 10
"897" 167.755974158983 80.2786917456705 10
"898" 174.729132172113 81.2226679289903 10
"899" 168.522348616372 82.3520229605503 10
"900" 176.878238129975 86.2148597197362 10
"901" 177.90851300953 81.0384613962743 10
"902" 166.759701105464 81.6655574657168 10
"903" 172.215273922524 78.9865287309701 10
"904" 171.888746843292 81.7898362547236 10
"905" 164.253497491049 84.0064122500348 10
"906" 174.0460219627 80.6637338084085 10
"907" 171.169370053881 85.1106602388882 10
"908" 164.32082506944 80.7881930407496 10
"909" 169.245591408971 79.3998393047064 10
"910" 174.449570990216 75.7604430767675 10
"911" 176.963161247709 71.2931379360897 10
"912" 174.526121730968 66.3688415185809 10
"913" 176.367715842345 76.2191493476006 10
"914" 176.647253940876 76.7417011973433 10
"915" 176.157556329678 69.3093257465286 10
"916" 180.415643165634 75.7688585043797 10
"917" 176.812546116148 71.1106376778127 10
"918" 170.236159783649 71.3848059409787 10
"919" 176.504383383098 67.3244912666263 10
"920" 173.138530025462 73.1054403510976 10
"921" 170.696519449867 74.2261693121139 10
"922" 171.437002542006 71.581290803074 10
"923" 179.620640509293 75.3823685868989 10
"924" 178.028538590417 65.1440520479629 10
"925" 179.031707079613 69.9064381773832 10
"926" 177.04011243652 69.5698554527061 10
"927" 178.496197831031 71.4642907232465 10
"928" 170.403087582706 69.3636247905546 10
"929" 179.501096928525 74.8184892500017 10
"930" 170.469932052109 77.000689337496 10
"931" 173.44859468199 77.8827708965142 10
"932" 171.577864549429 76.7893613668504 10
"933" 174.834622073734 69.7704516808461 10
"934" 168.505107125807 87.4463151079901 10
"935" 178.890556434807 70.3632034112028 10
"936" 176.880812446042 91.238649489692 10
"937" 181.46008967399 60.6375690757806 10
"938" 148.752643062717 69.023407109359 10
"939" 159.419581766843 73.5137960238927 10
"940" 134.84726082446 94.3926901450418 10
"941" 182.721731124585 60.3635981652617 10
"942" 164.885752632138 69.5022235532723 10
"943" 153.966522269745 69.6649990531212 11
"944" 152.731765166014 68.9594555057641 11
"945" 159.382270180402 67.9719654287096 11
"946" 153.552559301099 67.8191221470024 11
"947" 160.870983509488 68.4113834018458 11
"948" 148.190537788127 69.1996167032995 11
"949" 158.865539202846 68.6033259964283 11
"950" 156.357949005104 67.8090635407894 11
"951" 160.301783825176 68.5980199602513 11
"952" 185.053254846854 104.198946772649 11
"953" 185.836281027108 99.0129188359718 11
"954" 180.813339484051 100.565934660738 11
"955" 182.756688019354 99.5951158840313 11
"956" 183.222887263835 98.7096943910124 11
"957" 171.239767279745 85.2005407299164 11
"958" 182.008125717688 80.8562077483516 11
"959" 179.347653878305 85.1417727651834 11
"960" 170.371883076661 80.8022816634941 11
"961" 172.26063454014 77.7443195919401 11
"962" 173.677154625568 85.4632670194638 11
"963" 173.073532725289 84.2290270929848 11
"964" 170.96219036239 81.664852203626 11
"965" 177.016655437251 83.0841411255582 11
"966" 171.363462066392 85.0610572631741 11
"967" 181.753008135062 81.4177831333051 11
"968" 174.94759266092 78.3228248016053 11
"969" 173.362442491331 84.9438319014333 11
"970" 170.279844613322 71.1796063213611 11
"971" 178.461065145793 71.1797387209589 11
"972" 174.018605496392 75.3950479422985 11
"973" 169.59358655904 80.7196572882145 11
"974" 174.500523432814 69.1303836234564 11
"975" 171.250614426151 70.2252733868577 11
"976" 175.239812925406 77.8116555084465 11
"977" 174.405989790276 67.7797669191632 11
"978" 179.92226404474 74.0310349340065 11
"979" 169.860559102457 70.0213998643542 11
"980" 176.214877099722 79.6738554187069 11
"981" 176.430294000806 68.1387116297152 11
"982" 173.438533318347 77.7418651617448 11
"983" 170.397686781779 73.8617165354726 11
"984" 176.457171445704 75.8199358747194 11
"985" 178.265967287283 77.199876324412 11
"986" 116.104001430835 76.8673995073661 11
"987" 181.02664060971 73.4682561175275 11
"988" 181.538213161946 95.7180382560292 11
"989" 170.367556008247 73.2452430744487 11
"990" 134.628738735156 93.2195201796841 11
"991" 144.894580559856 56.5998064283332 11
"992" 172.797960241948 93.5605744990146 11
"993" 164.238811319556 80.9130592272807 11
"994" 180.473134359916 98.5322820504078 11
"995" 125.836818934593 63.2878386439019 11
"996" 103.249593062821 67.6149380893332 11
"997" 171.809885511663 102.020364872593 11
"998" 150.925606108862 69.6232041329299 12
"999" 183.453238791389 97.6046416520598 12
"1000" 184.255492855793 96.3630219225581 12
"1001" 186.193089275684 99.6861881533491 12
"1002" 182.754071591323 99.4159519410075 12
"1003" 185.701135342308 98.887171339031 12
"1004" 181.026041921885 96.0162587312052 12
"1005" 171.023488156365 81.6093456284501 12
"1006" 172.84309049047 81.5136303901689 12
"1007" 171.068933836724 81.7738703908782 12
"1008" 171.764612422382 85.0631747242259 12
"1009" 176.274060812611 82.7833030462113 12
"1010" 175.314805611302 86.2826462478173 12
"1011" 173.636425443615 84.6376955939032 12
"1012" 169.87815864742 86.6179920225114 12
"1013" 171.258305892833 84.6892711861314 12
"1014" 171.465184028806 77.232778399064 12
"1015" 173.116400064438 66.4170142523424 12
"1016" 173.036353271592 78.293243541087 12
"1017" 173.956411819586 79.1411101269058 12
"1018" 174.484381059452 67.7041566162271 12
"1019" 169.856986230459 68.9544846866205 12
"1020" 181.029325918742 74.0932385239139 12
"1021" 178.510883850107 70.9790498670976 12
"1022" 174.822391065498 77.7734976562161 12
"1023" 168.787897438836 75.6502569501837 12
"1024" 178.472654018594 73.4087625999087 12
"1025" 174.708440712705 77.4495997414503 12
"1026" 182.86269535871 73.0258337322972 12
"1027" 177.235241533058 70.9251301117163 12
"1028" 106.770678876839 74.5135518279607 12
"1029" 169.947027516028 58.4140773127042 12
"1030" 105.374320570046 99.248016346713 12
"1031" 130.377190057983 61.6507715150538 12
"1032" 161.071359862675 79.8144665126566 12
"1033" 119.109371777535 80.4798645661568 12
"1034" 158.114603582453 71.3110798941105 12
"1035" 165.964346595932 69.1878521874641 13
"1036" 146.097603956486 67.7813449791 13
"1037" 159.967437621996 67.5005922766476 13
"1038" 180.834919202933 101.362521543064 13
"1039" 181.949928894231 103.420225479878 13
"1040" 174.876117842858 81.6517340509746 13
"1041" 168.820391913488 79.2129671593112 13
"1042" 179.692862210589 68.9653048077533 13
"1043" 176.116904309321 76.6926965978978 13
"1044" 178.592816348046 82.9214451590292 13
"1045" 180.068117235705 76.3032919285892 13
"1046" 182.873035979134 73.7893897423282 13
"1047" 175.841136014886 67.3289114410375 13
"1048" 167.89603910065 74.7770469213261 13
"1049" 176.750274517187 71.5482500096574 13
"1050" 92.0227212947208 60.0580926202865 13
"1051" 184.632091552457 95.2021732625156 13
"1052" 180.482389311115 62.5422797329521 13
"1053" 132.358798774341 91.5708965136267 13
"1054" 148.581595090527 67.0483540882897 13
"1055" 91.7990378834822 70.3622411178535 13
"1056" 173.299640627698 96.4738241093998 13
"1057" 180.974509498636 75.7161908915648 13
"1058" 144.883264910281 69.1874316174051 14
"1059" 163.160584919655 67.5532127146492 14
"1060" 150.448610101399 67.4321792121779 14
"1061" 151.539779708303 69.4150702435057 14
"1062" 141.665604415098 68.4880604362979 14
"1063" 176.489257594358 80.2672265954233 14
"1064" 166.270052112684 83.9672470635825 14
"1065" 179.611644768089 69.5919816279808 14
"1066" 183.058563002287 74.821126518939 14
"1067" 176.302461300821 66.7904064582175 14
"1068" 171.611792586112 75.709488643474 14
"1069" 180.806250619497 79.3770211887632 14
"1070" 173.832791907417 71.2242197750937 14
"1071" 173.847309694716 67.3475236315759 14
"1072" 171.580223862756 69.7204626232264 14
"1073" 176.357843882352 77.5900034851675 14
"1074" 180.941639837616 77.0217265842703 14
"1075" 172.217944500588 73.5737967244145 14
"1076" 179.491719937847 68.9193733281328 14
"1077" 173.458465481895 71.9316910404826 14
"1078" 180.666267347859 62.5533305591957 14
"1079" 172.441687109085 100.180576186532 14
"1080" 182.930348483739 73.6693961150822 14
"1081" 104.428404808189 78.6912588452664 14
"1082" 158.59397046341 60.639448684551 14
"1083" 148.222672149666 83.4789527939949 14
"1084" 149.801369132794 69.8792153362887 15
"1085" 141.612095609512 68.6594721283073 15
"1086" 178.755214229893 98.4633685145443 15
"1087" 180.582182302288 79.163039955116 15
"1088" 172.170571053329 78.6018042254094 15
"1089" 170.226570845989 81.1989069863527 15
"1090" 165.836309089357 83.9961477640786 15
"1091" 170.855116725995 82.3176559626286 15
"1092" 172.982023871529 67.9765245307633 15
"1093" 178.541372037374 77.7899111210728 15
"1094" 168.724795898175 77.2816697000412 15
"1095" 172.003956546132 69.9952372322948 15
"1096" 178.259286696673 69.2240694971712 15
"1097" 182.638116265399 80.4210785068557 15
"1098" 174.023956929439 65.952817938123 15
"1099" 175.013428149085 77.169323891016 15
"1100" 175.672591074804 88.4863811906403 15
"1101" 173.973693995157 73.3210180422516 15
"1102" 171.951624625538 74.1874644756564 15
"1103" 177.454656252759 71.8689999331718 15
"1104" 102.259288594705 68.5578807640743 15
"1105" 165.593163422073 66.1548726603982 15
"1106" 103.538421853375 78.1731475932832 15
"1107" 179.484367596765 91.6585218221356 15
"1108" 104.176718552553 99.8520113802835 15
"1109" 164.617095179161 75.8896783197014 15
"1110" 155.487360268327 86.9062579933266 15
"1111" 170.526664217997 71.5591056918661 15
"1112" 155.73516960875 69.0892330412649 16
"1113" 185.943070513385 101.493834352302 16
"1114" 180.783679253052 99.0896409243236 16
"1115" 186.75810052371 102.143039555099 16
"1116" 182.170387526653 96.6292040877219 16
"1117" 173.10344853886 75.3975171992636 16
"1118" 168.130976828534 78.7899768012758 16
"1119" 174.15578423303 82.3563143404393 16
"1120" 170.890705537173 67.703321041092 16
"1121" 168.772366386074 77.7787472130328 16
"1122" 181.707659234952 62.721685661165 16
"1123" 168.546135502364 73.2265428033904 16
"1124" 173.563010812916 71.3970287772418 16
"1125" 175.928340526821 71.696309442366 16
"1126" 171.092339821101 71.2356705338057 16
"1127" 179.670362280423 78.688702877067 16
"1128" 169.677602591652 70.884130168929 16
"1129" 172.585342928824 69.1667465432133 16
"1130" 170.958826929119 86.2618854299742 16
"1131" 181.567179839861 72.3694561119618 16
"1132" 180.80141899346 78.5311230972397 16
"1133" 159.396718961158 70.7855299935116 16
"1134" 149.679567346308 83.4981193301274 16
"1135" 181.771647132801 57.8869958011404 16
"1136" 145.662871302675 76.8191566143067 16
"1137" 165.604593981088 80.7374300385992 16
"1138" 179.146224706127 64.5340516858719 16
"1139" 92.9211823162582 86.4349033321608 16
"1140" 176.495320481124 86.3836987050302 16
"1141" 185.336800342059 71.3566821574762 16
"1142" 151.064510773539 67.3647263937129 17
"1143" 170.708365137051 79.7646409787913 17
"1144" 165.009062908876 80.8591697420396 17
"1145" 169.701931747197 71.3877789616955 17
"1146" 171.295560414105 78.233901341455 17
"1147" 173.210324409077 75.0918570069428 17
"1148" 176.286165723427 74.0194456086036 17
"1149" 181.66565339126 72.6003595370489 17
"1150" 173.672017725817 66.5498496606743 17
"1151" 178.062653154604 74.5431607582836 17
"1152" 180.801840961023 65.2390664320239 17
"1153" 177.017292015066 78.5357748309567 17
"1154" 156.417163568653 66.9508507421286 17
"1155" 160.783826067099 69.5303161181028 17
"1156" 168.876684851313 66.502743293912 17
"1157" 150.54375491124 83.2459432428496 17
"1158" 179.255895241842 92.9513508624951 17
"1159" 164.194964726023 69.283780224153 17
"1160" 141.981984942224 69.0270081965945 18
"1161" 159.112990228346 68.3233766775177 18
"1162" 143.408955609387 68.3778215474552 18
"1163" 182.344757578042 95.7137305200161 18
"1164" 170.549683135613 85.4714152787678 18
"1165" 168.235696332918 84.0291120279768 18
"1166" 181.237274441537 74.8529377844557 18
"1167" 179.104165454609 77.9054665932196 18
"1168" 180.186951921694 69.4173106525629 18
"1169" 178.007806887224 74.6087222682428 18
"1170" 166.256384221664 64.7490395936719 18
"1171" 181.834933357995 72.3305633754332 18
"1172" 165.84278239243 97.4833708958049 18
"1173" 158.359645128722 70.1030001427758 18
"1174" 181.076316587072 97.4424975512871 18
"1175" 151.24975922712 80.4032394847108 18
"1176" 129.015687605503 64.9525382706801 18
"1177" 122.976272911774 51.8193572221344 18
"1178" 131.399839741556 55.1874361130224 18
"1179" 159.126312825512 68.3867402298352 19
"1180" 176.108883574146 77.7727470021675 19
"1181" 178.780320373626 67.960928352753 19
"1182" 180.541473743183 70.9438650795934 19
"1183" 175.823045402563 72.1788176563185 19
"1184" 173.577609459309 69.7278997151928 19
"1185" 175.495914741294 76.8091981102895 19
"1186" 180.48623434807 76.5245057290767 19
"1187" 172.025246163166 78.1044006645906 19
"1188" 167.950897344003 71.0854084969773 19
"1189" 183.894569463393 77.4178666820694 19
"1190" 186.780920948916 71.4587288236555 19
"1191" 129.220596714847 64.2252590436649 19
"1192" 128.177658714109 91.4375340802796 19
"1193" 102.518063538342 73.7731683246012 19
"1194" 153.848108051739 59.4507415077096 19
"1195" 133.505986433562 105.225887120579 19
"1196" 129.040308761594 60.5805939418096 19
"1197" 180.254849198812 105.28863937302 19
"1198" 150.615575872429 69.676406504036 20
"1199" 185.612393713588 95.1288185706024 20
"1200" 183.688727740809 80.9838316111359 20
"1201" 168.104281493971 84.6742845428029 20
"1202" 175.113452256034 76.7778118825412 20
"1203" 173.599389751894 70.5457464557216 20
"1204" 183.832803277145 78.7664218546677 20
"1205" 176.14092782602 71.6596888184941 20
"1206" 179.533114131177 80.6311821862045 20
"1207" 184.94394253896 72.4412113872398 20
"1208" 180.342426146426 78.5778957381418 20
"1209" 183.939476414554 54.5870149610509 20
"1210" 126.713461247179 97.9250494871116 20
"1211" 119.909408367782 94.7501142285663 20
"1212" 180.179732989473 78.524175233971 20
"1213" 139.763223776794 59.1949836521969 20
"1214" 186.939599650122 51.0167213081675 20
"1215" 130.582328657338 104.404119174511 20
"1216" 167.45606924932 68.3124976340765 21
"1217" 141.757676705441 69.2677348032094 21
"1218" 186.506610199235 96.9488039228423 21
"1219" 169.146065304376 81.1444827068186 21
"1220" 168.270486708891 84.6090366812753 21
"1221" 179.544414422169 80.7979375997816 21
"1222" 179.340095876988 83.1265534019569 21
"1223" 54.9788616784567 59.1001046310581 21
"1224" 121.060029438851 79.5273172308499 21
"1225" 118.974509970408 84.4027844282309 21
"1226" 155.820944330351 54.3644412430204 21
"1227" 109.684908123281 76.9610138219609 21
"1228" 172.461607735934 62.5253164468352 21
"1229" 148.785768100423 77.7737047891209 21
"1230" 134.50861341833 101.023415317571 21
"1231" 144.094807900312 56.4641333552794 21
"1232" 101.351554557795 75.838383101414 21
"1233" 164.496090297481 68.1472268936149 22
"1234" 184.599740978738 104.377003967182 22
"1235" 180.876472879021 83.4886218315505 22
"1236" 168.258302019454 84.9128858684777 22
"1237" 169.147406221694 80.9443522592194 22
"1238" 181.746888936579 74.4778542486837 22
"1239" 176.66543015929 63.6424823276867 22
"1240" 183.301015062021 62.5159097398881 22
"1241" 171.5480836881 73.1251142853431 22
"1242" 167.175049512444 65.2383759206293 22
"1243" 169.757919731535 76.4954704412327 22
"1244" 54.6664089538346 59.8482977627669 22
"1245" 54.6223867597298 57.0466636424882 22
"1246" 55.1539940544309 59.1065764911678 22
"1247" 55.7659833156405 62.6467145156725 22
"1248" 54.2801433071083 58.4471306121534 22
"1249" 130.94661903298 92.3123232348836 22
"1250" 183.239302670114 83.8408146349172 22
"1251" 138.795766737939 104.072219819772 22
"1252" 159.935253073819 80.8109989172214 22
"1253" 103.660755468545 99.9093788349533 22
"1254" 101.872855167563 79.7789178828895 22
"1255" 143.40868295746 74.4773156149941 22
"1256" 156.948381784763 61.4146847169114 22
"1257" 53.784890556446 56.9237602209392 22
"1258" 89.3863948578155 104.476353962963 22
"1259" 185.143976445383 103.835153027883 23
"1260" 172.601363836632 87.3001239044574 23
"1261" 162.758747547008 80.8089412627416 23
"1262" 179.207429328052 68.9743158951896 23
"1263" 180.884790464807 73.0442834985249 23
"1264" 171.420167668491 65.6739060196907 23
"1265" 175.72141074638 73.966163321957 23
"1266" 164.684857752072 75.3937750398719 23
"1267" 168.179141651893 72.6159313442673 23
"1268" 59.5389910717761 55.182423800309 23
"1269" 56.819506500022 65.8690215369388 23
"1270" 56.407806615395 62.884013627255 23
"1271" 55.5842074179938 56.5696795379956 23
"1272" 59.9434179430301 56.5784734806184 23
"1273" 56.2655500105783 56.7189325801154 23
"1274" 54.4161355889356 58.1986381717977 23
"1275" 53.7334084233927 56.8197282489127 23
"1276" 57.4707035200905 57.6102160935222 23
"1277" 57.2124984698103 64.4567339050732 23
"1278" 54.1537176062044 59.0491784917378 23
"1279" 56.8063540376512 63.8060513757378 23
"1280" 169.427597048274 78.4592664729758 23
"1281" 121.080261219528 91.0574111678832 23
"1282" 160.075162592124 69.5109335352897 24
"1283" 181.459970295637 96.7255778344726 24
"1284" 180.208721169158 77.1148104542511 24
"1285" 179.344864853152 68.0058776644106 24
"1286" 179.540240202959 65.5302518732642 24
"1287" 57.3431870992268 64.3488984374038 24
"1288" 58.2533459692542 54.7693489453683 24
"1289" 55.7738508195182 64.3512625556197 24
"1290" 56.8231616063503 66.1162604443378 24
"1291" 55.1224703702177 61.7850767769435 24
"1292" 55.7879599256325 58.1198867641813 24
"1293" 57.6210525168938 55.9557844632963 24
"1294" 57.2913801778057 65.9012321098868 24
"1295" 54.3647644546581 53.8049815114292 24
"1296" 57.8299680442445 58.3866932475956 24
"1297" 57.6687844625504 62.6303416759762 24
"1298" 58.3100947451585 55.7088081085149 24
"1299" 58.3671972068899 60.0368549613715 24
"1300" 54.6854628609653 68.8145978910734 24
"1301" 57.7452063067732 58.4824941676725 24
"1302" 85.8115853164216 80.8619636854679 24
"1303" 132.474406828903 91.8836925436194 24
"1304" 138.066640342354 59.9112473652202 24
"1305" 117.365890029327 61.708287001878 24
"1306" 101.210702758209 77.9515609928806 24
"1307" 88.2829297493847 103.818845581637 24
"1308" 126.723985472223 81.8451893111694 24
"1309" 165.269297591685 78.6756514421064 25
"1310" 185.092200231972 82.6423565744175 25
"1311" 165.359715818044 77.0169894225405 25
"1312" 171.05443733747 65.7748863805191 25
"1313" 171.314938420958 71.4281774941644 25
"1314" 173.868034789593 66.1340699683626 25
"1315" 56.4067195900805 63.3145926453663 25
"1316" 55.3906628232274 64.7349328459791 25
"1317" 56.3256691291473 63.3778694462687 25
"1318" 58.5580030385155 61.6640058830819 25
"1319" 57.9274722711049 62.6924467970218 25
"1320" 55.471444320604 64.2884072772585 25
"1321" 57.0209593557625 63.7856372865267 25
"1322" 57.2415915650639 65.813020566694 25
"1323" 56.7248716613722 56.6996174155377 25
"1324" 57.409399599133 65.7095113502212 25
"1325" 57.2825430973517 66.172852348131 25
"1326" 56.9416735356258 58.3107402992482 25
"1327" 55.9250177882815 62.2779194076884 25
"1328" 57.5554378319427 56.3668981553456 25
"1329" 55.5678863658656 56.1422723899794 25
"1330" 56.4643548562302 56.246040268205 25
"1331" 59.057808758841 61.6938759364822 25
"1332" 58.285122845705 60.2201587159144 25
"1333" 56.6927943971438 55.1261662462842 25
"1334" 55.5928286039687 65.1091029800754 25
"1335" 118.353072739469 65.2603398650857 25
"1336" 125.983286004421 56.208113177115 25
"1337" 58.0564420868363 68.6664736665933 25
"1338" 55.2770001718706 65.6100681299447 25
"1339" 154.065278529921 69.3550083591074 26
"1340" 165.578026100825 82.2682398676017 26
"1341" 168.448947196752 68.6201822784873 26
"1342" 55.8061141796296 56.2867717544391 26
"1343" 56.9351829569028 63.5583603357485 26
"1344" 57.4828280386104 62.0211215734191 26
"1345" 55.3275693050001 56.400868275614 26
"1346" 57.8495012163831 62.7206985874572 26
"1347" 56.2632110273885 62.2137085239967 26
"1348" 58.1503276707936 64.2124417975726 26
"1349" 55.5871567523615 63.020996662005 26
"1350" 57.7642681571419 56.3289124481068 26
"1351" 57.5628754541665 65.3674810133566 26
"1352" 55.5828750748043 63.8505215014126 26
"1353" 58.055865814031 64.5879286848694 26
"1354" 58.3496594631224 63.3826988465709 26
"1355" 56.9023455421422 65.3704165071694 26
"1356" 58.5583381303268 54.466744513774 26
"1357" 56.1502844518207 57.8592765712068 26
"1358" 59.1090378857917 60.1645434361806 26
"1359" 56.7141117792467 66.5857498061436 26
"1360" 56.5210642015692 61.7111821246407 26
"1361" 58.0125297613964 60.5303495298823 26
"1362" 57.0044830599445 63.7822252726213 26
"1363" 55.6604406962915 64.2320962090077 26
"1364" 58.6186246512449 61.7937656848761 26
"1365" 53.9854890068421 61.1079853800381 26
"1366" 59.4962666870411 63.9130492057442 26
"1367" 57.4598048324891 62.7342941649352 26
"1368" 57.653606526994 63.9087462087165 26
"1369" 57.6790193953154 61.8787302626962 26
"1370" 59.2363547779933 60.62457131446 26
"1371" 56.3404841371742 63.6603116884417 26
"1372" 59.3413177214483 61.573320091985 26
"1373" 57.0831793332842 58.1566885172362 26
"1374" 56.1535704886401 64.6556830062155 26
"1375" 58.3541109994156 60.3571093609103 26
"1376" 148.152737045344 73.9375157858987 26
"1377" 126.066919065326 85.7312434884391 26
"1378" 166.260885097406 87.7563054569268 26
"1379" 56.3831891576623 66.6776609108768 26
"1380" 126.508880512008 81.9853716996967 26
"1381" 172.042081024027 65.7554477983324 26
"1382" 133.030169162718 59.4456556134357 26
"1383" 56.546243670527 55.085318677431 26
"1384" 96.3031352399429 67.5897151689562 26
"1385" 106.17059049882 103.372264079151 26
"1386" 179.646943033457 102.694068291689 27
"1387" 185.951150339887 83.5073554061876 27
"1388" 55.0738537128146 57.0070715673909 27
"1389" 55.5304372989269 63.6409067233847 27
"1390" 56.3196393630019 62.1164454416991 27
"1391" 55.9496838685385 57.9626398778599 27
"1392" 57.2201562772677 64.0203057165874 27
"1393" 56.9789565474511 60.2406250373144 27
"1394" 58.2514468768252 55.0289139720841 27
"1395" 55.6417271825969 62.910966718634 27
"1396" 55.9346793228395 63.5428544241326 27
"1397" 56.9988944393489 67.1901018333037 27
"1398" 56.5228366390139 61.7729368348739 27
"1399" 57.3272475454006 63.7189262236072 27
"1400" 57.577856594663 63.7685551425645 27
"1401" 57.4934858017051 61.8400172965868 27
"1402" 58.4103741401452 63.4510282252242 27
"1403" 55.5848832915878 61.5813754101675 27
"1404" 59.4319360476685 63.9192257182949 27
"1405" 57.7021105011373 62.1334081833065 27
"1406" 56.9478729773118 63.1918503115814 27
"1407" 57.3362509377189 62.8969545198025 27
"1408" 57.4033412046113 56.7666498550834 27
"1409" 57.2326101172709 60.2747047024107 27
"1410" 55.7049113725095 58.8039170072974 27
"1411" 57.2663516070202 57.9054535912784 27
"1412" 57.363561266745 62.0675462280646 27
"1413" 56.2031426277479 63.6084681019097 27
"1414" 84.5581720969031 81.6489132122346 27
"1415" 172.538391443513 66.4597603400345 27
"1416" 117.802695842102 78.3042402134085 27
"1417" 54.0365557788832 63.4577295820835 27
"1418" 125.48087489472 86.525459380262 27
"1419" 166.054846945959 79.5403868059965 27
"1420" 182.591333262281 87.2615382789251 27
"1421" 87.5323875571768 75.8863611086651 27
"1422" 107.914951797267 96.4892751593872 27
"1423" 185.308071623248 82.9095904916525 28
"1424" 180.936778603803 85.1597396069685 28
"1425" 168.678156506717 84.1157144770286 28
"1426" 175.754720282472 61.001413598436 28
"1427" 164.667601248688 78.1995116100795 28
"1428" 174.933583720377 67.3942431378767 28
"1429" 56.7205940915554 62.7128583015712 28
"1430" 57.7056413808406 60.8664113793749 28
"1431" 55.3780016951908 63.0051946258652 28
"1432" 58.2308035067027 65.6498843404736 28
"1433" 58.2686963437014 63.8385417081222 28
"1434" 57.166412913423 60.066393786457 28
"1435" 55.1745466148082 61.2525813716417 28
"1436" 54.5519499637824 61.1140608323894 28
"1437" 57.9427133719765 58.209156490249 28
"1438" 57.108717412698 60.5398934652324 28
"1439" 58.945041870375 64.624322918886 28
"1440" 57.372993787412 67.3980114616105 28
"1441" 55.7591139783773 59.0958821393383 28
"1442" 56.8828059104235 66.3703835657586 28
"1443" 57.1456176317578 67.2482138846882 28
"1444" 58.5568657488688 63.4232671553028 28
"1445" 56.6434349773135 57.4752341859726 28
"1446" 57.7461701075426 57.8996777386116 28
"1447" 55.9042218866975 54.4067696284773 28
"1448" 58.7624972046858 63.6165944889504 28
"1449" 56.8317822053101 62.6069805384763 28
"1450" 53.5098854455788 63.2052396638769 28
"1451" 54.6346114327585 61.8014822443566 28
"1452" 56.5339678021198 64.4491171718201 28
"1453" 55.4206400280631 61.2470118858518 28
"1454" 59.1032726529432 62.1930386868015 28
"1455" 57.7862446221725 60.8020125248977 28
"1456" 56.6124989890577 64.3112354136725 28
"1457" 161.515547109322 92.4458029162166 28
"1458" 186.792914497589 68.5311267585082 28
"1459" 61.0144697973532 55.6686121857952 28
"1460" 124.276444650859 87.4902924116928 28
"1461" 113.281884968424 67.8420898285796 28
"1462" 166.619609363611 89.1150068868791 28
"1463" 55.7733151855321 66.559163497898 28
"1464" 163.532328271824 68.1179382316217 28
"1465" 109.004346789634 104.142138697616 28
"1466" 140.864887853724 68.5125430798011 29
"1467" 57.1460321281013 50.1262573071404 29
"1468" 55.1978782070168 61.2248653374781 29
"1469" 56.1880107114728 58.9494900281932 29
"1470" 56.0756168103655 66.9120347427709 29
"1471" 57.5360127593795 62.357502934455 29
"1472" 55.541392490548 62.1954907489322 29
"1473" 54.0612673023005 64.7888767158181 29
"1474" 56.1096897671735 66.5652900626845 29
"1475" 57.418407776458 60.2886649225701 29
"1476" 57.0599414961174 56.09136891305 29
"1477" 57.7494922778918 60.0561403593036 29
"1478" 55.6521324403367 60.8137529018314 29
"1479" 56.8563322599201 55.5707296776152 29
"1480" 54.8044049671763 62.8453588558521 29
"1481" 59.594106455142 57.3929969330084 29
"1482" 59.9702322530269 60.1858163770123 29
"1483" 57.5597615305188 58.2460999137139 29
"1484" 55.9139307390998 61.621920280336 29
"1485" 55.2213886673452 63.3222741448361 29
"1486" 58.617421892085 63.1809518117003 29
"1487" 58.4995286384936 65.9736547719319 29
"1488" 59.3371712433617 74.7255254473966 29
"1489" 138.752675026844 62.2591074187011 29
"1490" 83.6026735409732 86.1589108008492 29
"1491" 165.31850250664 79.0515730259199 29
"1492" 81.308750670698 87.2798757719003 29
"1493" 163.015601960854 82.5972802625144 29
"1494" 170.89203910067 71.7935801013294 30
"1495" 58.2827589095831 58.6531028266396 30
"1496" 55.3723812564584 59.7032749299381 30
"1497" 55.3785363996565 60.6010445213883 30
"1498" 55.7328325520732 66.6862690652809 30
"1499" 55.799129245058 66.9115325647817 30
"1500" 55.9452551601282 60.8833185493951 30
"1501" 58.3485892267496 65.0631438573638 30
"1502" 57.9467282416256 65.9120656816127 30
"1503" 56.0659593985261 58.3411570775587 30
"1504" 57.1625933477692 50.8911045169041 30
"1505" 55.7459207831062 61.2527712904027 30
"1506" 56.8666646865478 62.1343384581886 30
"1507" 58.0059545926701 62.4504328651149 30
"1508" 56.4135287090836 60.5887195924258 30
"1509" 55.0059110563998 58.1995589448281 30
"1510" 101.450106000853 99.1998803044245 30
"1511" 171.986119901862 99.5398304684515 30
"1512" 127.366042832318 99.3934189389221 30
"1513" 183.973973798155 72.0901984778514 30
"1514" 177.289810807522 54.2147537364156 30
"1515" 137.701454602509 97.2421140792733 30
"1516" 167.852942373475 83.8069760283353 31
"1517" 185.768404313747 81.0668955686495 31
"1518" 55.7717697532098 60.1259483971449 31
"1519" 54.9981490455303 50.985339050814 31
"1520" 55.9118911407421 60.8539374278411 31
"1521" 55.5004934214064 66.930903403542 31
"1522" 57.9595349603054 60.1798675798894 31
"1523" 58.2415384646976 58.6253813485934 31
"1524" 54.6763547198992 56.589065301692 31
"1525" 58.8327054878094 63.1006321463418 31
"1526" 56.6026038038493 62.1089813520939 31
"1527" 56.9493321280153 64.4034334860534 31
"1528" 81.3448387641745 87.8538776271298 31
"1529" 141.356571146657 82.9280239227849 31
"1530" 112.261705294941 57.6047484446826 31
"1531" 169.685002304822 74.3705125774207 32
"1532" 180.208669444859 72.9720018529984 32
"1533" 57.2019899853433 65.223515926499 32
"1534" 58.1844099350111 58.8570826870632 32
"1535" 56.3447838346173 58.5364947533182 32
"1536" 55.9561821708066 60.1395007281736 32
"1537" 173.868372975654 57.9867974444231 32
"1538" 180.185638505355 57.2597359937116 32
"1539" 132.23649991239 100.406007758495 32
"1540" 117.292116475632 64.5835274704201 32
"1541" 138.24000921707 57.7197100816578 32
"1542" 59.4484162374471 78.1174885153757 32
"1543" 147.858618184084 69.4230860091768 33
"1544" 180.99493081035 67.4335778950505 33
"1545" 56.5202834023159 58.6759223154236 33
"1546" 56.8608835709374 61.0544951208728 33
"1547" 57.759081751478 63.0210359597777 33
"1548" 57.1480885198804 60.9576439678244 33
"1549" 55.3214254159825 65.025690878597 33
"1550" 56.9749699867704 62.9125478060979 33
"1551" 59.9540234772228 59.8987614681512 33
"1552" 57.2452479857225 60.428893689641 33
"1553" 176.887987079505 55.1797028985588 33
"1554" 136.602678053462 56.3974627724198 33
"1555" 58.3487507935462 52.7209910260389 33
"1556" 150.927202874287 78.3817109262358 33
"1557" 110.420524713918 94.3420424721328 33
"1558" 156.381911615143 58.1129294626289 33
"1559" 152.943954471549 59.8353983287387 33
"1560" 170.029802458556 74.3196839765783 34
"1561" 172.392906520215 65.5351044179544 34
"1562" 56.7947484751794 65.3142323402234 34
"1563" 55.3486859135515 59.9356436412294 34
"1564" 107.923636508135 95.8312509526451 34
"1565" 135.046819250576 97.0065249147067 34
"1566" 149.24280241232 98.8933873657892 34
"1567" 162.775100210186 98.3383172352549 34
"1568" 122.593689310059 89.3759596694057 34
"1569" 177.543912630705 56.5342138828681 34
"1570" 125.599329556764 55.5147690924778 34
"1571" 128.887784568089 98.2773397256165 34
"1572" 172.954794778188 63.484934358121 35
"1573" 58.9446511243104 65.2878770657911 35
"1574" 59.889321748658 58.010421537649 35
"1575" 57.8238750568799 54.4582517597776 35
"1576" 55.7011047454057 79.7665455389269 35
"1577" 117.78033302024 71.6897025054862 35
"1578" 169.741316519891 61.6714337253805 35
"1579" 101.350883370611 61.5267818357463 35
"1580" 91.9055113417461 52.1371200844888 35
"1581" 177.184707351186 55.8484633798073 35
"1582" 184.929984401525 89.1820865232498 35
"1583" 101.211710664089 55.8839387821608 35
"1584" 144.544070148396 100.66330864745 35
"1585" 166.560686316775 85.1031620304666 36
"1586" 168.869347272169 71.6127466113011 36
"1587" 176.057684174316 73.3548127969823 36
"1588" 57.4565784383023 63.3079642980276 36
"1589" 59.686532533685 64.3868321612706 36
"1590" 58.2459042349605 56.0576523906832 36
"1591" 59.2317702588734 62.7670825749693 36
"1592" 58.7243246847175 58.7461116127194 36
"1593" 55.6679702730405 67.4750732153455 36
"1594" 85.8894130582277 52.4133620963802 36
"1595" 139.472153153539 98.2524573896073 36
"1596" 121.949185317039 89.0129229432011 36
"1597" 102.580928956424 57.5286603116919 36
"1598" 132.960593966741 80.2679606514371 36
"1599" 98.3458163645149 101.129872597977 36
"1600" 108.96226914124 104.562592064809 36
"1601" 177.420649179388 52.8043782799133 36
"1602" 185.072159542465 53.852869642036 36
"1603" 173.05307762797 105.905783584182 36
"1604" 172.835370372669 68.4409142659182 37
"1605" 58.9377985889511 59.9651846678559 37
"1606" 170.549823738671 66.5702520027045 37
"1607" 134.740898126458 94.7939548278003 37
"1608" 161.692135438563 57.2213478595843 37
"1609" 171.392069176968 98.6763622246672 37
"1610" 93.2831610089774 86.9663980342518 37
"1611" 174.08763572733 100.008498586559 37
"1612" 61.4208910763229 55.4116169434113 37
"1613" 102.252653042437 56.9446277203963 37
"1614" 122.635258911384 72.798832514795 37
"1615" 170.129494546166 65.3872472053145 37
"1616" 169.820200463189 65.1825871913999 38
"1617" 183.783655077246 68.9255450542686 38
"1618" 166.747887290172 71.5968862936452 38
"1619" 59.2205151492191 55.2907228227095 38
"1620" 55.2504639446796 66.4819091970279 38
"1621" 77.4621687002317 89.2764093337734 38
"1622" 140.771652049037 101.294553453659 38
"1623" 101.429758240681 58.1349344647146 38
"1624" 68.1413425539978 65.1821198561336 38
"1625" 125.742119473412 71.7485670013672 38
"1626" 102.114981474992 71.8628861798442 38
"1627" 138.651750801453 57.1894285281772 38
"1628" 161.61816827318 56.2567296995464 38
"1629" 102.424169589289 57.2325024675433 38
"1630" 58.3074625310194 51.7553569133339 39
"1631" 54.7644126381292 67.7191341959452 39
"1632" 142.284382074894 84.0331581812004 39
"1633" 173.264350826932 88.8435287184878 39
"1634" 178.093579743562 96.8479667698761 39
"1635" 140.042264191728 92.0988833321162 39
"1636" 97.3874835772502 105.347509363258 39
"1637" 57.8714068852487 59.4341197240731 40
"1638" 97.6469175819467 102.186071529852 40
"1639" 88.9383488786659 55.5600512898732 40
"1640" 153.551703028015 82.4927979797395 40
"1641" 85.706286591994 98.3058911612077 40
"1642" 166.947188011655 79.2280958621587 41
"1643" 186.838045117276 66.6369927541117 41
"1644" 53.6782727194902 60.0334037408665 41
"1645" 57.0463295356635 61.4328168483022 41
"1646" 111.332663783944 102.261115722004 41
"1647" 95.4515688443317 51.2159738366048 41
"1648" 86.5695958880572 88.9745216909695 41
"1649" 185.573079881179 78.751277138148 42
"1650" 60.3592271474631 59.4010309853769 42
"1651" 56.3386239174484 59.5044853790395 42
"1652" 55.3964521138104 78.1156760744537 42
"1653" 153.791942223108 81.1852059195015 42
"1654" 124.047286607408 100.992377528027 42
"1655" 177.023260706036 104.51443741006 42
"1656" 67.8158197075765 52.0829530923563 42
"1657" 73.8916181784259 70.3750699534418 42
"1658" 84.1944928403807 50.5830966808032 42
"1659" 122.53560883529 97.3905976777759 42
"1660" 130.945747139701 68.8301589396586 42
"1661" 102.146158519722 77.2688773527464 43
"1662" 90.5842762761941 52.5635855918996 43
"1663" 166.738808719649 80.1264985248043 43
"1664" 116.993604162923 70.7170859034221 43
"1665" 113.387277357779 95.1339742496343 43
"1666" 99.0367366891479 105.462124145989 43
"1667" 117.690362590942 72.9479331242509 43
"1668" 100.690542535346 68.1468732074572 43
"1669" 130.914770894825 69.3971781384111 43
"1670" 168.810402991706 66.2765504381373 43
"1671" 183.511954961953 80.2950430828076 43
"1672" 166.665468410099 80.1908600021391 44
"1673" 171.908144519547 59.6318951291585 44
"1674" 169.122501820142 67.0836933881885 44
"1675" 183.040088621462 69.9942653456401 44
"1676" 59.1436784701226 55.714627128223 44
"1677" 59.1764129137534 57.9890013708428 44
"1678" 126.053358558977 78.3036282761909 44
"1679" 129.715811314057 65.170214322145 44
"1680" 159.829204342405 75.2862803570399 44
"1681" 166.292720328115 102.121063962454 44
"1682" 169.887638420019 96.953757130068 44
"1683" 117.469368835144 57.8777212225723 44
"1684" 71.2590444329486 105.898633796747 44
"1685" 92.8184447978703 102.440834998887 44
"1686" 57.3204931928955 53.720177438289 45
"1687" 171.026551406362 106.445988536615 45
"1688" 91.4567074486275 105.862718228104 45
"1689" 53.854416779136 90.7293490952352 45
"1690" 170.146022608702 94.2268363494473 45
"1691" 162.893673008175 57.5043638081358 45
"1692" 82.5260449813851 56.6382000173837 45
"1693" 92.7679575265941 52.4598673138252 45
"1694" 71.0652088182876 105.347307478525 45
"1695" 169.204544289214 98.372742794937 46
"1696" 87.0605166832071 99.4226617958756 46
"1697" 78.3253463903519 72.6232362002404 46
"1698" 169.404705989972 94.1573326241136 46
"1699" 99.2045830522162 57.5039507324404 46
"1700" 180.486196168423 66.9381945263292 47
"1701" 183.642376444476 68.426589384212 47
"1702" 57.3992592093463 53.3202905732518 47
"1703" 91.4064958591426 77.4048581491855 47
"1704" 115.616220301568 56.9430053079644 47
"1705" 184.47371559805 83.2197577191377 47
"1706" 118.949897627633 62.0913462928112 47
"1707" 97.9327117788527 71.6252991464031 47
"1708" 119.389712906727 65.7449247784585 47
"1709" 96.3836933284592 70.8215576049607 47
"1710" 95.0924823883213 67.9209843552045 47
"1711" 156.670668399025 80.7026566651331 47
"1712" 72.3289367746921 66.166538112048 47
"1713" 183.882147132745 83.0162618779897 48
"1714" 58.8346153279693 61.3356118102316 48
"1715" 63.9113036509042 95.1372378446913 48
"1716" 170.214717701584 68.1487061488696 49
"1717" 180.438782086895 64.9312766254456 49
"1718" 59.1928281877642 61.1230218115443 49
"1719" 60.2857089572815 58.3265274407627 49
"1720" 109.425115960402 87.0413759918071 49
"1721" 64.6718535202997 104.404859755904 49
"1722" 64.108844421339 95.1348549239674 49
"1723" 74.7990823153306 59.6298734142462 49
"1724" 67.8364727460316 53.2082589334842 49
"1725" 56.1985242051415 79.5888901814927 49
"1726" 95.3980464168554 69.0595079613661 49
"1727" 111.055289273352 91.7636436322092 50
"1728" 87.4769738919819 88.6495588427436 50
"1729" 145.808124385029 105.265750331637 50
"1730" 155.676536920096 93.2405629464779 50
"1731" 144.07568197209 82.3320628999682 50
"1732" 89.6613858038259 70.4830692551715 50
"1733" 131.357825536539 53.0721486516293 50
"1734" 162.093214347575 74.1128506058983 50
"1735" 135.108465243182 98.4974315062103 50
"1736" 91.6678944521036 76.4333019841737 50
