1	
17	
33	
49	
65	
81	
97	
113	
129	
145	
161	
177	
193	
209	
225	
241	
257	
273	
289	
305	
321	
337	
353	
369	
385	
401	
417	
433	
449	
465	
481	
497	
513	
529	
545	
561	
577	
593	
609	
625	
641	
657	
673	
689	
705	
721	
737	
753	
769	
785	
801	
817	
833	
849	
865	
881	
897	
913	
929	
945	
961	
977	
993	
1009	
1025	
1041	
1057	
1073	
1089	
1105	
1121	
1137	
1153	
1169	
1185	
1201	
1217	
1233	
1249	
1265	
1281	
1297	
1313	
1329	
1345	
1361	
1377	
1393	
1409	
1425	
1441	
1457	
1473	
1489	
1505	
1521	
1537	
1553	
1569	
1585	
1601	
1617	
1633	
1649	
1665	
1681	
1697	
1713	
1729	
1745	
1761	
1777	
1793	
1809	
1825	
1841	
1857	
1873	
1889	
1905	
1921	
1937	
1953	
1969	
1985	
2001	
2017	
2033	
2049	
1	0.000001	0.000001

17	0.000081	0.000039

33	0.000139	0.000131

49	0.000348	0.000325

65	0.000548	0.000593

81	0.000830	0.000910

97	0.001267	0.001212

113	0.001662	0.001727

129	0.002234	0.002303

145	0.002789	0.003056

161	0.004372	0.004054

177	0.004546	0.004235

193	0.005048	0.005162

209	0.007212	0.007229

225	0.006742	0.006477

241	0.007112	0.008538

257	0.008436	0.009358

273	0.009562	0.011893

289	0.011269	0.011142

305	0.012457	0.012539

321	0.013196	0.011988

337	0.013827	0.013153

353	0.014791	0.014809

369	0.016742	0.017464

385	0.017604	0.017717

401	0.019656	0.018621

417	0.022240	0.021794

433	0.023674	0.021698

449	0.023997	0.024447

465	0.029753	0.027840

481	0.031189	0.031774

497	0.032606	0.028614

513	0.036017	0.032753

529	0.034754	0.038741

545	0.037865	0.039492

561	0.038333	0.037704

577	0.040819	0.043222

593	0.042969	0.040745

609	0.045878	0.043443

625	0.047651	0.045906

641	0.050327	0.047441

657	0.054715	0.050970

673	0.057074	0.053002

689	0.058511	0.055039

705	0.060043	0.057372

721	0.069003	0.060466

737	0.066584	0.069558

753	0.073526	0.068753

769	0.072942	0.068921

785	0.077582	0.071347

801	0.081656	0.075799

817	0.082647	0.077110

833	0.085499	0.083065

849	0.091249	0.089470

865	0.093518	0.086572

881	0.096958	0.092358

897	0.108269	0.096073

913	0.099700	0.096455

929	0.103277	0.102129

945	0.112712	0.103301

961	0.118674	0.108143

977	0.114772	0.110347

993	0.119337	0.116124

1009	0.122931	0.120415

1025	0.135472	0.121601

1041	0.130126	0.126759

1057	0.137567	0.129122

1073	0.139352	0.133547

1089	0.154744	0.137246

1105	0.150787	0.142302

1121	0.154033	0.148377

1137	0.158695	0.150036

1153	0.163499	0.153841

1169	0.168241	0.160410

1185	0.175561	0.166505

1201	0.181405	0.166675

1217	0.183336	0.171411

1233	0.184252	0.176140

1249	0.187677	0.181261

1265	0.192164	0.188727

1281	0.197021	0.198712

1297	0.202827	0.200757

1313	0.208011	0.199717

1329	0.213170	0.206580

1345	0.222972	0.212628

1361	0.220516	0.218402

1377	0.226854	0.224440

1393	0.232012	0.227879

1409	0.246621	0.237215

1425	0.249081	0.243814

1441	0.254373	0.243353

1457	0.256471	0.249440

1473	0.258452	0.259333

1489	0.271007	0.259618

1505	0.278941	0.266038

1521	0.280896	0.276993

1537	0.286054	0.275129

1553	0.290860	0.280827

1569	0.299542	0.284358

1585	0.307611	0.290504

1601	0.309843	0.298787

1617	0.312341	0.305785

1633	0.319970	0.313670

1649	0.327049	0.325562

1665	0.331878	0.321167

1681	0.345331	0.327014

1697	0.346511	0.333047

1713	0.363381	0.343050

1729	0.362068	0.360501

1745	0.363450	0.351542

1761	0.368821	0.359962

1777	0.382560	0.365428

1793	0.388039	0.382908

1809	0.404105	0.396970

1825	0.408832	0.400123

1841	0.414239	0.426603

1857	0.426019	0.408875

1873	0.422790	0.412546

1889	0.437242	0.455682

1905	0.477989	0.439281

1921	0.454713	0.432238

1937	0.048979	0.438664

1953	0.454556	0.482205

1969	0.464528	0.452402

1985	0.473859	0.458136

2001	0.479412	0.482428

2017	0.492491	0.473440

2033	0.502556	0.479716

2049	0.515799	0.487415

