version: 1
creator: callgrind-3.7.0
pid: 2941
cmd:  ./slow 1000
part: 1


desc: I1 cache: 32768 B, 64 B, 8-way associative
desc: D1 cache: 32768 B, 64 B, 8-way associative
desc: LL cache: 2097152 B, 64 B, 8-way associative

desc: Timerange: Basic block 0 - 23081421
desc: Trigger: Program termination

positions: line
events: Ir Dr Dw I1mr D1mr D1mw ILmr DLmr DLmw
summary: 113241872 47054045 27033025 1081 1064833 62951 1074 54594 62909


ob=(3) /lib/i386-linux-gnu/libc-2.15.so
fl=(54) /build/buildd/eglibc-2.15/stdlib/bsearch.c
fn=(248) bsearch
27 150 30 90 1 0 0 1
+20 30 0 30
-13 120
+7 70
+1 63
-8 126
+3 196 196
-1 392 0 0 1 0 0 1
+1 588 196 196
+1 784 392 588
cfi=(53) /build/buildd/eglibc-2.15/string/../sysdeps/x86_64/cacheinfo.c
cfn=(250) intel_02_known_compare
calls=196 145 
* 2142 1176 196 1 9 0 1 9
+1 392
+1 126
-6 252
+13 23 0 23
+1 180 150

fl=(65) /build/buildd/eglibc-2.15/string/../sysdeps/i386/strchrnul.S
fn=(310) strchrnul
38 6 0 6 1 0 0 1
+4 6 6
+1 6 6
+7 6
+1 6
+1 6
+1 6
+13 6
+1 6
+1 3 3
+1 3
+1 3 0 0 1 0 0 1
+1 3
+1 3
+1 3
+2 3
+1 3
+1 3 3
+1 3
+1 3
+1 3
+1 3
+1 1
+2 1
+1 1
+41 1
+2 1 1
+1 1
+2 1
+1 1
+10 1
-14 4 4 0 1 1 0 1 1
+1 4
+2 4
+1 4
+10 4
+4 5
+3 5
+1 5
+4 5
+6 4
+1 4
+1 4
+3 4
+1 4
+1 4
+1 4
+2 4 0 0 1 0 0 1
+2 4 4
+1 4
+2 4
+1 4
+3 4
+1 3
+1 3
+1 3
+2 3
+1 3
+1 3
+1 3
+3 3
+1 3
+1 3
+1 3
+2 3
+2 2 2
+1 2
+2 2
+1 2
+3 2 0 0 1 0 0 1
+1 1
+1 1
+1 1
+2 1
+1 1
+1 1
+1 1
+3 1
+1 1
+1 1
+1 1
+2 1
+2 1 1
+1 1
+2 1
+1 1
+3 1
+1 1
+1 1
+1 1
+2 1
+1 1
+1 1
+1 1
+3 1
+1 1
+1 1
+1 1
+2 1
+3 1 0 0 1 0 0 1
+1 1
+6 1
+1 1
-7 2
+6 2
+1 2
-1 1
+1 1
+1 2
+1 2
+1 2
+2 2
+1 2
+1 2
+1 2
+1 2
+2 2
+1 2
+1 2
+1 2
+1 2
+3 2
+4 2 2
+5 2 2
-5 4 4
+5 4 4

fl=(75) /build/buildd/eglibc-2.15/stdlib/strtol.c
fn=(358) strtol
109 1 0 1 1 0 0 1
+1 1 1
-1 1 0 1
cfi=(40) /build/buildd/eglibc-2.15/string/../sysdeps/i386/i686/multiarch/strcat.S
cfn=(176) 0x0012bd53
calls=1 -54 
* 2 2
* 2 0 0 1 0 0 1
+1 11 5 6
cfi=(76) /build/buildd/eglibc-2.15/stdlib/strtol_l.c
cfn=(360) ____strtol_l_internal
calls=1 232 
* 193 71 20 11 3 0 11 3
+1 3 2

fl=(59) /build/buildd/eglibc-2.15/csu/libc-start.c
fn=(270) (below main)
96 5 0 5 1 0 0 1
cfi=(40)
cfn=(176)
calls=1 -41 
* 2 2
* 4 2
+10 4 2 0 1 0 0 1
+52 1
-52 1 0 1
+52 1
+1 4 0 4
cfi=(60) /build/buildd/eglibc-2.15/stdlib/cxa_atexit.c
cfn=(272) __cxa_atexit
calls=1 57 
* 94 29 27 8 0 2 8 0 2
+22 4 2 0 1 0 0 1
+3 2
+1 8 4 4
cob=(5) /home/alumnos/e284672/Desktop/materialP3/slow
cfi=(56) ???
cfn=(278) __libc_csu_init
calls=1 0 
* 54 18 12 6 1 0 5
+4 4 2
+15 2 0 0 1 0 0 1
+9 3 0 2
cfi=(61) /build/buildd/eglibc-2.15/setjmp/../sysdeps/i386/bsd-_setjmp.S
cfn=(298) _setjmp
calls=1 36 
* 16 5 7 1 0 0 1
+1 2
+5 2 1 1 0 1
+1 2 1 1 0 1
+3 2 0 1
+3 8 5 4
cob=(5)
cfi=(62) /home/alumnos/e284672/Desktop/materialP3/slow.c
cfn=(300) main
calls=1 10 
* 113128044 47018032 27016052 373 1064011 62654 371 53846 62626
+32 2 0 2
cfi=(102) /build/buildd/eglibc-2.15/stdlib/exit.c
cfn=(452) exit
calls=1 99 
* 1810 596 338 66 37 8 66 37 8
106 2 0 0 1 0 0 1

fl=(74) /build/buildd/eglibc-2.15/stdlib/atoi.c
fn=(356) atoi
27 1 0 0 1 0 0 1
+1 5 1 4
cfi=(75)
cfn=(358)
calls=1 +81 
* 214 81 28 13 3 0 13 3
+1 2 1 0 1 0 0 1

fl=(105) /build/buildd/eglibc-2.15/nptl/../nptl/sysdeps/unix/sysv/linux/unregister-atfork.c
fn=(488) __unregister_atfork
29 6 0 5 1 0 0 1
cfi=(40)
cfn=(176)
calls=1 +26 
* 2 2
* 3 1
+8 1 1 0 0 1 0 0 1
+3 2
+1 2 1
+5 1 1 0 1 0 0 1
-6 2
+82 6 5

fl=(72) /build/buildd/eglibc-2.15/io/../sysdeps/unix/syscall-template.S
fn=(342) __write_nocancel
82 18 12 6
cob=(1) /lib/i386-linux-gnu/ld-2.15.so
cfi=(1) ???
cfn=(324) _dl_sysinfo_int80
calls=3 -82 
* 6 3
* 12 6

fn=(340) write
82 6 3 0 1 0 0 1
cfn=(342)
calls=3 * 
* 36 21 6

fl=(76)
fn=(360)
232 5 0 4 1 0 0 1
+14 1 1
-14 1 0 1
cfi=(40)
cfn=(176)
calls=1 55 
* 2 2
* 1
+14 1 1
+12 3 1 0 1 0 0 1
+22 1 0 1
-1 1
+10 8 3
+9 8 6 0 1 1 0 1 1
+2 2
+5 2
+5 1
+1 2
-7 1 0 1 1 0 0 1
+7 1
+3 4 1 1
+10 3 1
+7 2 1
+48 1 1 0 1 1 0 1 1
+1 1 1 0 0 1 0 0 1
-1 1 0 1
+5 1 1
-4 1 0 1
+58 2
+2 5 2 1
+16 1
-16 2 0 2 1 0 0 1
+16 3 0 1
-14 12
-2 6 3 0 1 0 0 1
+49 3 1
+6 3 1 0 1 0 0 1
+3 3 1
-2 2 1
+17 6 3
+18 6 5
334 4 1 0 1 0 0 1
-82 1
+82 1 0 1
+42 2 0 1
+94 12 4 0 1 0 0 1
+3 24 16
+5 8 8
+1 12 0 4 1 0 0 1
-41 18 5
+46 2

fl=(90) /build/buildd/eglibc-2.15/math/../sysdeps/ieee754/dbl-64/s_isnan.c
fn=(416) isnan
32 2 0 0 1 0 0 1
+2 8 6 2 1 0 0 1
+5 2
-3 4
-1 2
+1 6
+1 4
+1 2
+1 2 2

fl=(41) /build/buildd/eglibc-2.15/csu/../sysdeps/x86_64/multiarch/init-arch.c
fn=(178) __init_cpu_features
45 1 0 0 1 0 0 1
+8 1
-8 2 0 2
cfi=(40)
cfn=(176)
calls=1 +10 
* 2 2
* 2 0 1
+8 3
+3 1
-11 2 0 2
+8 1 0 1 1 0 0 1
+3 5
+92 2
+22 1 1 0 1 0 0 1
-1 1 0 1
+1 1 0 1
+2 1 1
+1 3 3
-1 1 0 1
+1 3 2
32 5 0 1 1 0 0 1
+7 1
-1 1
+1 3 0 1
+26 1 1 0 1 0 0 1
-27 1
-6 1 0 1
+6 1
-6 1 0 1
+37 2
-37 1 0 1
+33 1
+4 1
-4 1
+5 1
-38 1 0 1
+33 1 0 1
+5 1
+5 1
+2 1 1 0 1 0 0 1
-2 1
+3 1 0 1
+1 4 1 0 1 0 0 1
+11 1 1
-32 1 0 1
+32 1

fl=(50) /build/buildd/eglibc-2.15/string/../sysdeps/i386/i686/multiarch/../../strrchr.S
fn=(236) __GI_strrchr
37 1 0 1 1 0 0 1
+3 1 0 1
+3 1
+1 1 1
+2 1 1
+7 1
+1 1
+1 1
+1 1
+13 1
+1 1
+1 1 1 0 0 1
+1 1
+1 1
+2 1
+1 1 0 0 1 0 0 1
+1 1
+2 1
+1 1
+79 1
+1 1
+1 1
+1 1
+1 1
+8 1
+1 1
+1 1
+3 1
+2 1 1
+1 1
+1 1
+11 1
-13 1 1 0 1 0 0 1
+1 1
+1 1
+11 1 0 0 1 0 0 1
+4 2
+3 2
+1 2
+4 2
+6 1
+2 1
+1 1
+3 1
+1 1
+1 1
+1 1
+2 1
+85 1 0 0 1 0 0 1
+1 1
+2 1
+1 1
+2 1
+1 1
+2 1
+1 1
+15 1 1 0 1 0 0 1
+3 1 1
+5 1 1

fl=(94) /build/buildd/eglibc-2.15/stdlib/../sysdeps/i386/mul_1.S
fn=(424) __mpn_mul_1
41 16 0 16 1 0 0 1
+2 16 0 16
+2 16 0 16
+2 16 0 16
+3 16 16
+2 16 16
+2 16 16
+1 16 16
+8 16
+1 16
+1 16
+1 32
+4 16 16
+1 16
+1 16
+1 16 0 16
+1 16
+1 16
+2 16
+1 16
-8 13 13
+1 13
+1 13
+1 13 0 13
+1 13
+1 13
+2 13
+1 13
+1 16
+2 16 16
+3 16 16
+3 16 16
+3 16 16
+5 16 16

fl=(39) /build/buildd/eglibc-2.15/string/../sysdeps/i386/i686/multiarch/strnlen.S
fn=(174) strnlen
37 1 0 1 1 0 0 1
+3 1 0 1
cfi=(40)
cfn=(176)
calls=1 +15 
* 2 2 0 1 0 0 1
+1 1
+1 1 1 0 1 1 0 1 1
+1 1
+1 1 0 1
cfi=(41)
cfn=(178)
calls=1 +1 
* 69 13 18 7 0 0 7
+1 1
+1 1 1
+1 1
+1 1
+1 1 1
+3 1 1

fl=(78) /build/buildd/eglibc-2.15/malloc/hooks.c
fn=(370) malloc_hook_ini
30 3 0 2 1 0 0 1
cfi=(40)
cfn=(176)
calls=1 +25 
* 2 2
* 3 1 1
+1 2 1 1 1 0 0 1
+1 1 0 1
cfi=(79) /build/buildd/eglibc-2.15/malloc/arena.c
cfn=(372) ptmalloc_init
calls=1 370 
* 68027 25693 3406 21 802 7 20 603 1
+2 1 1
-1 1 0 1 0 0 1
+1 2 1
-1 1
cfi=(73) /build/buildd/eglibc-2.15/malloc/malloc.c
cfn=(369) malloc'2
calls=1 2910 
* 1233 149 351 45 8 20 45 0 19

fl=(92) /build/buildd/eglibc-2.15/stdlib/../sysdeps/ieee754/dbl-64/dbl2mpn.c
fn=(420) __mpn_extract_double
34 2 0 0 1 0 0 1
+2 4 2 2
+2 4 4
-4 2 0 2
+9 2 2
-9 4 2 2
+4 2
-4 4 2 2
+4 2 0 2
+1 2 2
+4 2
+14 2 2
-18 8 0 2 1 0 0 1
+3 2 2
+15 4
-14 2 0 2
-1 2 0 2
+15 2
+47 4 0 2 1 0 0 1
+4 12 8

fl=(53)
fn=(246) intel_check_word
163 84 0 60 1 0 0 1
cfi=(40)
cfn=(176)
calls=12 55 
* 24 24
* 12 0 0 1 0 0 1
+1 12
-1 12 0 12
+1 12
+8 12
-2 54
273 9
170 27
+14 60 0 0 1 0 0 1
+53 66
+21 2 1
+14 30 0 30
+1 240 0 180 1 0 0 1
cfi=(54)
cfn=(248)
calls=30 27 
* 5634 2140 1123 3 9 0 3 9
+2 60
+2 28 7
+14 10
+6 28
172 56
+2 60 0 0 1 0 0 1
+2 60
301 10
+1 72 60
-44 2
+34 6 2 2 1 0 0 1
-13 4 2 0 1 0 0 1
+2 4
+2 4 2 0 1 0 0 1

fn=(250)
145 196 0 196 1 0 0 1
+7 196 196
+1 196
-1 784 588 0 0 9 0 0 9
+3 378
+1 392 392

fn=(242) init_cacheinfo
552 5 0 5 1 0 0 1
cfi=(40)
cfn=(176)
calls=1 55 
* 2 2
* 2
+13 3 1
+7 2 0 0 1 0 0 1
+2 3 1 1
cfn=(244) handle_intel
calls=1 307 
* 2481 822 533 16 9 1 16 9
+4 1 1
-4 1
+4 2 0 1
cfn=(244)
calls=1 307 
* 2498 826 533
-1 1 0 1 1 0 0 1
+3 1
-2 1
+2 1
+11 2 1 1
+18 5 1 1
+7 9 0 1 1 0 0 1
+6 2
-6 12
+6 4
+3 15 3
+2 3 1
+6 5 1 1
+26 2 1 0 1 0 0 1
+12 4
+75 2
+2 2
+1 1 0 1 0 0 1 0 0 1
+2 1
-3 1 0 1
+4 3 0 1
+1 1 0 1
+3 2
+2 1
+1 1 0 1
-1 1
+3 1
-3 1 0 1
+4 2
+1 1 0 1
-1 1 0 1
+3 6 5
-93 5 0 0 1 0 0 1
-88 3 1 1 1 0 0 1
cfn=(244)
calls=1 307 
* 1911 631 413
-1 1 0 1
+1 2

fn=(244)
307 9 0 6 1 0 0 1
+6 3
-6 6 0 3
+1 6
+13 6 0 3
+1 6 0 3
+2 3 0 3
-5 6 0 6 1 0 0 1
+11 12
+5 3 3
-5 9 0 9
+5 3
+7 15 3 9 0 0 1
cfn=(246)
calls=3 163 
* 2763 933 582 8 7 0 8 7
+1 6 0 0 1 0 0 1
+3 15 6 9
cfn=(246)
calls=3 163 
* 2028 675 426 0 1 0 0 1
+1 6
+3 15 6 9
cfn=(246)
calls=3 163 
* 63 21 18
+1 6
+3 15 6 9
cfn=(246)
calls=3 163 
* 1840 609 381 3 1 0 3 1
+1 6
-31 5 3
+13 3 0 0 1 0 0 1
+1 3
-1 7 1 3
+22 3
+2 4 1
+3 15 12 0 1 0 0 1

fl=(80) /build/buildd/eglibc-2.15/elf/dl-addr.c
fn=(374) _dl_addr
127 4 0 3 1 0 0 1
+2 1
-2 2 0 2
cfi=(40)
cfn=(176)
calls=1 -72 
* 2 2
* 4 0 2
+5 4 2 2 1 0 0 1
cob=(1)
cfi=(2) /build/buildd/eglibc-2.15/elf/rtld.c
cfn=(52) rtld_lock_default_lock_recursive
calls=1 843 
* 3 2 1 1 0 1
+3 6 2 2
-10 1 1
+11 5 2
+1 13 5 0 1 0 0 1
+1 2 1
-2 6 2
+10 4 2 2 0 2 1
cob=(1)
cfi=(2)
cfn=(54) rtld_lock_default_unlock_recursive
calls=1 849 
* 3 2 1 0 0 1
+3 7 5
31 3 2 1 1 0 0 1
+1 1 0 1
+3 2 1
+6 1 1
-1 1 1
+6 1 1 0 1 0 0 1
-5 1 1
-1 1 1
+6 1
-5 1 0 1
+2 1 1
-3 1 0 1
+3 2 1 1
+3 1
+5 11 2 6 1 0 0 1
+2 3 3 0 0 1 0 0 1
+1 2
-1 3030 3030 0 0 57 0 0 19
+1 2020
+2 1818 909
+69 909 909
-63 909
-6 909 909 0 1 0 0 1
+69 3636 0 909
-63 2727 909 0 0 205 0 0 179
+63 2872 0 1436
-63 4308 1436 0 0 366 0 0 319
+2 9380 2345
+1 19235 10700 0 1 0 0 1
+7 11725 2345 0 0 133 0 0 83
-21 4045 2023 1011 1 0 0 1
+49 3 1
+1 2 1 1 0 0 1
+1 3 1 0 0 1
+3 3 1 0 1 0 0 1
+12 1 1 0 1 0 0 1
+24 1
-24 1 0 1 1 0 0 1
+1 2 0 1

fl=(91) /build/buildd/eglibc-2.15/math/../sysdeps/ieee754/dbl-64/s_isinf.c
fn=(418) isinf
21 2 0 0 1 0 0 1
+2 8 6 2
+4 2
-3 8
+1 6
+1 8
+1 2 2

fl=(95) /build/buildd/eglibc-2.15/stdlib/../sysdeps/i386/rshift.S
fn=(426) __mpn_rshift
35 3 0 3 1 0 0 1
+2 3 0 3
+2 3 0 3
+3 3 3
+2 3 3
+2 3 3
+1 3 3
+7 3
+1 3
+1 3
+2 3 3
+3 3
+1 3
+1 3
+1 3
+1 3 0 3
+2 3
+1 3
+1 2
+3 1 1 0 1 0 0 1
+1 1
+1 1 0 1
+1 1
+1 1 1
+1 1
+1 1 0 1
+1 1
+1 1
-4 2 2
+1 2
+1 2 0 2
+1 2
+1 2
+2 3
+1 3 0 3
+2 3 3
+3 3 3
+3 3 3
+3 3 3
+5 3 3

fl=(66) /build/buildd/eglibc-2.15/libio/fileops.c
fn=(312) _IO_file_xsputn@@GLIBC_2.1
1309 7 0 0 1 0 0 1
+7 7
-7 28 7 21 0 0 2 0 0 1
cfi=(40)
cfn=(176)
calls=7 55 
* 14 14
* 21 7 7
+6 7
-6 7 0 7
+6 7
+7 35 14 0 1 0 0 1
+17 6 3
+32 24 16 12 1 0 0 1
cfn=(314) _IO_file_overflow@@GLIBC_2.1
calls=4 850 
* 703 250 177 35 2 4 35
* 8
+7 24 16 4
+1 28 8
+2 16
+11 8 0 0 1 0 0 1
+1 6 1 4
cfi=(67) /build/buildd/eglibc-2.15/libio/genops.c
cfn=(332) _IO_default_xsputn
calls=1 452 
* 669 234 115 4 0 1 4
* 2
-50 27
+4 24
+15 18 6 6 0 0 1 0 0 1
-1 12
+1 81 27 27
-1 54
+2 12 6
-2 6
+2 6 0 6
+2 18
+2 24 6
+28 14 0 0 1 0 0 1
+1 42 35 0 1 0 0 1
-72 12 12
+1 6 0 6
-1 6
+1 12
+3 18
+2 21 6
-2 50
+2 66 22 0 1 0 0 1
+2 12 0 3
-4 6 0 3 1 0 0 1

fn=(320) _IO_file_stat
1246 1 0 0 1 0 0 1
+2 7 3 4 1 0 1 1
cfi=(69) /build/buildd/eglibc-2.15/io/../sysdeps/unix/sysv/linux/fxstat64.c
cfn=(322) __fxstat64@@GLIBC_2.2
calls=1 46 
* 17 8 3 3 0 0 3
+4 2 1

fn=(500) _IO_file_setbuf@@GLIBC_2.1
466 1 0 0 1 0 0 1
+1 1 1
-1 2 0 2
cfi=(40)
cfn=(176)
calls=1 55 
* 2 2
* 3 1 1
+1 5 1 4
cfi=(67)
cfn=(502) _IO_default_setbuf
calls=1 +95 
* 88 34 30 9 0 0 9
* 2
+4 2 1 1
-1 2 0 2 1 0 0 1
+2 3 0 3
+3 5 3

fn=(336) new_do_write
526 9 0 3 1 0 0 1
+2 3 3
-2 6 0 6 1 0 0 1
cfi=(40)
cfn=(176)
calls=3 55 
* 6 6
* 9 0 3
+2 3
-2 3 0 3
+2 3
+15 21 12 12 1 0 0 1
cfn=(338) _IO_file_write@@GLIBC_2.1
calls=3 1282 
* 159 60 30 4 0 0 4
* 3
+1 9 3
+7 3 3
-4 3 3
+4 3
-4 9 0 9
+1 6 0 6
+3 3
-2 3 0 3
+4 21 15
-18 12 6 0 1 0 0 1
+9 6 0 0 1 0 0 1
+6 6 3

fn=(314)
850 185 37 111 1 0 2 1 0 1
cfi=(40)
cfn=(176)
calls=37 55 
* 74 74
* 111 37 37
+1 37 37
-1 37 0 37
+1 74
+7 218 72
+35 74 0 0 1 0 0 1
+3 66 33
+3 66 0 33 0 0 1
+1 33 33
-1 66 0 33
+1 66
+1 66
+4 66
+1 222 185
-45 3 1 0 1 0 0 1
+12 2
+9 4 2
+5 1 0 1
+2 1 0 0 1 0 0 1
-2 1 0 1
+3 1 1
-6 1 0 1
+1 1 0 1
+1 1 0 1
+4 1
-1 1 0 1
+1 3
+1 2 0 1
+4 4 4 0 1 0 0 1
-1 4 0 4
+1 4
-1 12 0 12
cfn=(330) _IO_do_write@@GLIBC_2.1
calls=4 514 
* 369 132 85 11 0 0 11
* 4
-31 2 0 2 1 0 0 1
cfi=(67)
cfn=(316) _IO_doallocbuf
calls=1 419 
* 167 62 44 17 2 3 17
+1 6 2 3 1 0 0 1

fn=(338)
1282 3 0 3 1 0 0 1
+2 3
-2 18 9 6
+2 12
+11 3
+1 3
-12 6
+5 24 6 15 1 0 0 1
cfi=(72)
cfn=(340)
calls=3 82 
* 42 24 6 1 0 0 1
* 3 3
+1 6
+9 12 6
+3 15 12
-18 9 0 0 1 0 0 1

fn=(504) _IO_file_sync@@GLIBC_2.1
912 5 1 3 1 0 0 1
cfi=(40)
cfn=(176)
calls=1 55 
* 2 2
* 1
+5 4 2
+2 1 1 0 1 0 0 1
+1 2 1
+17 3 0 2
+4 4 3 0 1 0 0 1

fn=(330)
514 4 0 4 1 0 0 1
+2 4
-2 8 4
+2 20 6 6
cfn=(336)
calls=3 +10 
* 309 114 75 9 0 0 9
* 12
+1 12 8 0 1 0 0 1

fl=(61)
fn=(298)
36 1 0 0 1 0 0 1
+1 1 1
+4 1 0 1
+1 1 0 1
+1 1 0 1
+1 1
+2 2 1
+2 1 0 1
+1 1 1
+2 2 1
+2 1 0 1
+2 1 0 1
+2 1 0 1
+1 1 1

fl=(69)
fn=(322)
46 1 0 1 1 0 0 1
+3 1 1
-3 1 0 1
cfi=(40)
cfn=(176)
calls=1 +9 
* 2 2
* 1
+3 4 2 1 1 0 0 1
cob=(1)
cfi=(1)
cfn=(324)
calls=1 -49 
* 2 1 0 1 0 0 1
* 3
+33 2 2

fl=(81) /build/buildd/eglibc-2.15/nptl/../nptl/sysdeps/unix/sysv/linux/register-atfork.c
fn=(376) __linkin_atfork
115 3 1 2 1 0 0 1
cfi=(40)
cfn=(176)
calls=1 -60 
* 2 2
* 1
+2 2 1 1 1 1 0 1 1
+2 4 1 1
-1 2
+2 2 2

fl=(104) /build/buildd/eglibc-2.15/stdlib/cxa_finalize.c
fn=(486) __cxa_finalize
31 5 0 5 1 0 0 1
cfi=(40)
cfn=(176)
calls=1 +24 
* 2 2
* 3 1
+4 4 1
+4 7 1 0 1 0 0 1
-4 3 1 0 1 0 0 1
+32 3 1
+4 8 1 0 1 1 0 1 1
-4 3 1
+12 2
+1 1 0 1
+2 5 4 0 1 0 0 1
-2 1
cfi=(105)
cfn=(488)
calls=1 -51 
* 25 11 5 2 1 0 2 1

fl=(52) /build/buildd/eglibc-2.15/elf/dl-altinit.c
fn=(240) dlinit_alt
41 2 0 2 1 0 0 1
cfi=(40)
cfn=(176)
calls=1 +14 
* 2 2
* 1
-8 4 3
+10 2 2

fl=(55) /build/buildd/eglibc-2.15/libio/oldstdfiles.c
fn=(252) _IO_check_libio
78 3 0 3 1 0 0 1
cfi=(40)
cfn=(176)
calls=1 -23 
* 2 2
* 1
+1 3 1 0 1 0 0 1
+13 3 3

fl=(40)
fn=(176)
55 3000494 3000494 0 1 0 0 1
+1 3000494 3000494

fl=(86) /build/buildd/eglibc-2.15/stdlib/random_r.c
fn=(394) srandom_r
165 7 1 5 1 0 0 1
cfi=(40)
cfn=(176)
calls=1 55 
* 2 2
* 2 1
+8 2
+2 1 1 0 0 1
+41 1
-40 2
+3 1 1
+2 3
+32 1 0 0 1 0 0 1
-29 1
-1 1 0 1
+1 1
+5 1 1
+1 1
-1 1 0 1
+1 1
+6 1 0 1
-6 1
+6 10 0 0 1 0 0 1
+1 1
-1 1
+1 2
+2 3
+1 1 0 1
-10 3
+6 232
+1 29
-1 29
+1 58
+2 87
+1 29 0 29 0 0 2 0 0 2
-10 88 1
+13 1 1
+2 1 1
-1 1 0 1
-1 2 0 1
+2 1
+1 1 0 0 1 0 0 1
+7 1
-7 5
+3 3 0 3
cfn=(396) random_r
calls=1 364 
* 43 18 10 2 0 0 2
-3 309
+3 927 0 927
cfn=(396)
calls=309 364 
* 13287 5552 3090 1 0 0 1
-3 620
+7 1
+4 6 5

fn=(396)
364 5001550 2000620 2000620 1 0 0 1
cfi=(40)
cfn=(176)
calls=1000310 55 
* 2000620 2000620
* 2000620 0 1000310
+3 1000310
-3 2000620 0 2000620
+3 3000930
+5 1000310 1000310
-2 1000310 1000310
+2 2000620
+9 1000310 1000310
+2 1000310 1000310
-1 1000310 1000310
+1 1000310 0 1000310 1 0 0 1
+3 2000620 2000620
+7 1000310
-7 1000310 0 1000310
+2 1000310
+1 1000310
+1 1000310 1000310
-2 1000310 0 1000310
+2 1000310
-20 1936084 968042
+31 968042 0 968042
+1 968042 0 968042
+2 968042
+5 5808252 4840210
-8 32268 0 32268
+1 32268 0 32268
+2 32268
+5 193608 161340
-39 64536 0 0 1 0 0 1

fl=(73)
fn=(368) malloc
2910 6 0 4 1 0 0 1
cfi=(40)
cfn=(176)
calls=2 55 
* 4 4
* 10 2 6
+5 4 4
+1 4
+3 3 3
+2 7 1 1
+3 3 0 1
cfn=(378) _int_malloc
calls=1 3447 
* 213 66 45 8 0 1 8 0 1
+1 1
-1 1
+1 1
+20 4 1 1
+1 3 1
+3 14 10
-32 4 1 3 1 0 0 1
cfi=(78)
cfn=(370)
calls=1 30 
* 69276 25848 3763 68 810 28 67 603 20
* 2

fn=(369)
2910 3 0 2
cfi=(40)
cfn=(176)
calls=1 55 
* 2 2
* 5 1 3
+5 2 2 0 0 2
+1 2
+3 3 3 0 1 0 0 1
+2 7 1 1 0 0 1 0 0 1
+3 3 0 1
cfn=(378)
calls=1 3447 
* 1184 133 343 43 6 19 43 0 18
+1 1
-1 1
+1 1
+20 4 1 1 1 0 0 1
+1 8 1
+3 7 5

fn=(350) free
2954 14 0 14 2 0 0 2
cfi=(40)
cfn=(176)
calls=7 55 
* 14 14
* 21 7
+5 14 14 0 0 1 0 0 1
+1 14
+5 14 0 0 1 0 0 1
+3 1
+2 3 1 0 0 1
+14 3
+1 1 0 1
+1 2 1
-1 1
cfn=(448) _int_free
calls=1 3938 
* 144 49 21 17 3 1 17 3 1
+1 18 12 0 2 0 0 2

fn=(380) malloc_consolidate
4225 3 0 2 1 0 0 1
+22 1
-22 3 0 3
cfi=(40)
cfn=(176)
calls=1 55 
* 2 2
* 3
+22 3 1 0 1 0 0 1
1913 127 0 0 1 0 0 1
+1 127
-2 127
+2 254 0 254 0 0 16 0 0 16
-2 127
+6 3
+5 2 0 1
+2 2 0 1
4320 6 5
1922 3 1 1 2 0 0 2

fn=(450) sYSTRIm.isra.1
2776 3 0 1 1 0 0 1
+10 1 1
-10 3 0 3 1 0 0 1
cfi=(40)
cfn=(176)
calls=1 55 
* 2 2
* 1
+10 1 1
-10 1 0 1
+54 1
-44 1
+3 2
-4 1 1
+4 3 1
+2 3 0 1
+40 7 5 0 1 0 0 1

fn=(378)
3447 14 0 10 1 0 0 1
cfi=(40)
cfn=(176)
calls=2 55 
* 4 4
* 2
+30 2
-30 2 0 2
+30 16 4 2 1 0 0 1
+8 2 2
-8 2 0 2
+8 2
3930 14 10 0 1 0 0 1
3521 4 2 0 1 0 0 1
+41 18 4 1 2 0 0 2
+1 4 2
+1 2 0 1
cfn=(380)
calls=1 4225 
* 793 9 262 5 0 16 5 0 16
3917 2 2
-2 2 2
+2 10 2 4 1 0 0 1
-2 4 0 2
+2 30 6 12 1 0 0 1
3602 2 2
3917 12 0 6
3602 4 0 2
-19 10 4 2 1 0 0 1
+70 4 0 2 1 0 0 1
+58 4 2 0 1 0 0 1
+71 2 2
+4 2
-3 4 4
-1 2
+4 2
-3 2
+1 4
+1 4 2
+6 8
+2 6 0 0 1 0 0 1
+98 2 2 0 1 0 0 1
+1 6 2
+2 4 2
+17 4 2
3712 6 4 0 2 0 0 2
+3 6 2
3562 16 4 2 4 0 0 4
3900 2 0 2 1 0 0 1
2370 2 2 0 0 1
+11 2 2
-11 8 2 4 1 1 0 1
+1 2
+10 7 4
+13 6 3
+4 2
+41 1 1 0 1 0 0 1
+9 1 1
-9 1
+9 1
-9 1 0 1
+9 4 1 1 1 0 0 1
+9 4 0 1 1 0 0 1
2742 2 1 0 1 0 0 1
+1 1 0 1
+5 2 1
+3 2 1
+2 1 1
+2 1
-3 1 1
+3 1 1
-2 1
+2 1 1
-1 1 0 1
+1 3 0 0 1 0 0 1
+1 1
-1 2 0 1
+3 1
-2 1 0 1 0 0 1 0 0 1
3925 16 2
2507 2 2 0 1 0 0 1
+19 1 1 0 1 0 0 1
-19 1
+8 1 1
-8 1
+19 1
-19 1 1
+19 1 0 1
-19 2
+19 2 1
+8 1
-8 1
+8 1
+1 5 2 4 1 1 0 1
cfi=(82) /build/buildd/eglibc-2.15/malloc/morecore.c
cfn=(382) __default_morecore
calls=1 48 
* 97 31 21 6 0 1 6
+2 3 2
-2 1
+2 1
+2 2 2
+1 2
+17 2 0 1
+26 3 1 0 0 1
+1 1 0 1
+1 2 1 0 1 1 0 1
+6 1 1
-6 2 0 2
+6 1
+3 4 2 0 2 0 0 2
+40 5 0 2
+19 2 2 0 1 0 0 1
+3 2
+1 3 2
+2 2
+1 4 2 3 1 0 0 1
cfi=(82)
cfn=(382)
calls=1 48 
* 35 13 7 0 1
+12 2 1
-12 1
+12 1
+5 2 2
+1 2
+17 1 1
3926 1 0 1
2697 1
+1 1 1
-1 2 0 0 1 0 0 1
+1 1 1
+11 1 1
-13 1 0 1
+1 1 0 1 0 0 1 0 0 1
+1 1 0 1
+11 1
-84 2 0 0 1 0 0 1
2400 7 0 7 2 0 0 2
cfi=(70) /build/buildd/eglibc-2.15/misc/../sysdeps/unix/sysv/linux/i386/mmap.S
cfn=(326) mmap
calls=1 35 
* 25 13 5
+2 2
+12 3
+3 3 0 1 1 0 1 1 0 1
+4 5 2 1
+1 1 0 1
+2 1 1
+1 1 1
-1 1 0 1
+1 1
+1 2 0 1 1 0 0 1

fn=(448)
3938 7 0 5 1 0 0 1
+13 1 1
-13 2 1 1
cfi=(40)
cfn=(176)
calls=1 55 
* 2 2
* 1
+13 2
+6 3
-19 1 0 1
+19 1 0 0 1 0 0 1
+1 2
+10 2
+13 2 1 0 0 1 0 0 1
+72 2 0 0 1 0 0 1
+1 1 1
3949 1 0 1
4054 2
+18 4 2
+6 1 1
-10 1 0 0 1 0 0 1
+10 1
+8 3 1
+7 2
+1 1 1
-2 1
+2 2 1 0 0 1 0 0 1
+6 3 1
+4 2 1 0 1 0 0 1
+7 3 2 0 1 0 0 1
+65 2 0 0 1 0 0 1
+1 3 2
+3 3 1 0 1 0 0 1
4063 7 3 1 1 0 1 1 0 1
+2 2 0 1 1 0 0 1
4196 3 1 0 1 0 0 1
+1 3 1
+1 5 2 1
+10 6 5
-51 1 0 0 1 0 0 1
+1 3 0 1
+1 3 1 1
+23 5 3 0 1 1 0 1 1
+2 6 2 2
cfn=(450)
calls=1 2776 
* 30 11 6 3 0 0 3
* 1
4080 3 1 0 1 0 0 1
-2 2

fl=(48) /build/buildd/eglibc-2.15/csu/../sysdeps/unix/sysv/linux/init-first.c
fn=(232) _init
53 3 0 2 1 0 0 1
cfi=(40)
cfn=(176)
calls=1 +2 
* 2 2
* 7 3 3 1 0 0 1
+6 3 1 0 0 1
+17 1 1
-2 1 0 1 0 0 1 0 0 1
+1 1 0 1
+1 1 0 1 0 0 1 0 0 1
+14 4 0 4
cfi=(49) /build/buildd/eglibc-2.15/misc/init-misc.c
cfn=(234) __init_misc
calls=1 -59 
* 93 19 11 8 2 0 8
+13 5 4
-5 1
cfi=(51) /build/buildd/eglibc-2.15/ctype/ctype-info.c
cfn=(238) __ctype_init
calls=1 -67 
* 27 15 6 2 1 0 2
-30 2 2 0 1 0 0 1
-9 1 0 1 0 0 1 0 0 1
+9 3 2

fl=(96) /build/buildd/eglibc-2.15/string/../sysdeps/i386/i686/multiarch/../../i586/strlen.S
fn=(430) __GI_strlen
47 2 2 0 1 0 0 1
+2 2
+2 2
+2 2
+1 2
+2 2 2 0 1 1 0 1 1
+1 2
+2 2
+1 2 2
+2 2
183 2 2
+4 2 2

fl=(64) /build/buildd/eglibc-2.15/stdio-common/vfprintf.c
fn=(308) vfprintf
211 3 0 3 1 0 0 1
+35 3 3
-35 15 0 12 1 0 0 1
cfi=(40)
cfn=(176)
calls=3 55 
* 6 6
* 9 3
+35 3 0 3 0 0 1 0 0 1
1298 3 3 0 0 1 0 0 1
246 9 6 3 0 2 2 0 2 1
1298 22 6 1 1 1 0 1 1
+4 18 6 0 0 1 0 0 1
+4 6 3
+1 18 6
+17 3 0 3 1 0 1 1 0 1
fi=(107) /build/buildd/eglibc-2.15/stdio-common/printf-parse.h
99 12 3 9 0 0 2 0 0 1
cfi=(65)
cfn=(310)
calls=3 -61 
* 209 22 3 5 1 0 5 1
fe=(64)
1339 3 0 3
fi=(107)
99 3 0 3
fe=(64)
1339 30 9 9 1 3 1 1 3 1
+1 39 15 9 1 2 2 1 2 2
+3 33 21 15 1 2 0 1 1
cfi=(66)
cfn=(312)
calls=3 -34 
* 1319 417 233 36 2 8 36 0 2
* 6 3
2052 9 3 6
cfi=(73)
cfn=(350)
calls=3 2954 
* 48 21 6 5 1 0 5 1
cob=(1)
cfi=(57) /build/buildd/eglibc-2.15/elf/../sysdeps/i386/dl-trampoline.S
cfn=(264) _dl_runtime_resolve
calls=1 29 
* 609 228 99 0 0 4 0 0 1
* 7 5 2 2 1 0 1 1
+1 9 3 6 1 0 0 1
cfi=(73)
cfn=(350)
calls=3 2954 
* 48 21 6
* 3 3
+2 27 9 3
+1 9 3
+3 21 18 0 1 0 0 1
1298 4
+8 9 3 0 1 0 0 1
+10 3 3
-3 6
+30 9 3 0 1 0 0 1
+4 9 6
+4 33 12 0 1 3 0 1 3
259 3 0 3
-6 3 0 3
-3 3 0 3 0 0 2 0 0 1
1328 3 0 3 1 0 0 1
-8 3 0 3
216 6 0 6
1399 24 6 6 1 0 0 1
-3 3
-1 3 0 3
+1 3 0 3
-18 3 0 3 0 0 2 0 0 1
+1 3 0 3
+1 3 0 3
+1 3 0 3 1 0 0 1
+1 3 0 3
+1 3 0 3
+1 3 0 3
+1 3 0 3
+1 3 0 3
+1 3 0 3
+1 3 0 3 1 0 0 1
+3 3 0 3
+1 3 0 3
+7 3
2055 18 3 6
1399 12 9 0 2 4 0 2 4
2050 6 3 0 2 0 0 2
1630 1 0 1 1 0 0 1
+18 6 3 0 1 0 0 1
+8 3 3
fi=(107)
99 3 0 3
fe=(64)
1656 3
fi=(107)
99 9 0 9 1 0 1 1 0 1
cfi=(65)
cfn=(310)
calls=3 -61 
* 112 20 3 1 0 0 1
fe=(64)
1660 6 6
fi=(107)
99 3
fe=(64)
1660 30 9 15
cfi=(66)
cfn=(312)
calls=3 1309 
* 778 254 155 9 0 0 9
* 24 6 3 3 0 0 3
+2 6 3
-12 6 0 3
1419 2 0 2 2 0 0 2
-20 2
1602 28 12 2 2 2 0 2 2
-1 2 0 2
+1 2
+27 51 24 11 9 0 1 9
cfi=(66)
cfn=(312)
calls=1 1309 
* 77 19 10 2 0 0 2
* 17 6 6 3 0 0 3
cfi=(71) /build/buildd/eglibc-2.15/stdio-common/_itoa.c
cfn=(334) _itoa_word
calls=1 175 
* 50 13 7 2 1 0 2 1
* 177 47 45 16 0 0 16
cfi=(89) /build/buildd/eglibc-2.15/stdio-common/printf_fp.c
cfn=(414) __printf_fp
calls=2 163 
* 6179 2150 1346 114 10 10 114 10 10
* 30 10 4 2 0 0 2

fl=(71)
fn=(334)
175 4 0 4 1 0 0 1
+4 1 1
-4 1 0 1
cfi=(40)
cfn=(176)
calls=1 55 
* 2 2
* 4 3
+4 4
+7 2
+9 26 2 2 1 1 0 1 1
+9 6 5

fl=(100) /build/buildd/eglibc-2.15/stdlib/mul.c
fn=(440) __mpn_mul
58 14 0 10 1 0 0 1
cfi=(40)
cfn=(176)
calls=2 -3 
* 4 4
* 2
+6 4 2
+12 2 2
+1 2
-1 4
+5 4 4
+1 4
+9 16 6 10 1 0 0 1
cfi=(94)
cfn=(424)
calls=2 -50 
* 86 24 14
+2 10 6 2
+5 2 2
-5 2 0 2
+5 2
+54 12 10 0 1 0 0 1

fl=(68) /build/buildd/eglibc-2.15/libio/filedoalloc.c
fn=(318) _IO_file_doallocate
99 5 1 3 1 0 2 1
cfi=(40)
cfn=(176)
calls=1 -44 
* 2 2
* 2 0 1
+15 2 1
-15 1 0 1
+14 1 0 0 1 0 0 1
+1 8 3 3 0 1
cfi=(66)
cfn=(320)
calls=1 1246 
* 27 12 7 5 0 1 5
* 2
+2 4 1 0 0 1
+11 2 1
-14 1 0 0 1 0 0 1
+14 2
+1 3
+3 7 0 7 1 0 0 1
cfi=(70)
cfn=(326)
calls=1 -96 
* 25 13 5 2 0 0 2
* 2
+1 6 0 5
cfi=(67)
cfn=(328) _IO_setb
calls=1 404 
* 23 10 6 2 0 0 2
+1 1
+1 6 5
-13 2 2 0 1 0 0 1
fi=(108) /build/buildd/eglibc-2.15/libio/../sysdeps/unix/sysv/linux/sys/sysmacros.h
-74 5
fe=(68)
+74 1
-2 2
+5 2 0 1 1 0 0 1

fl=(79)
fn=(372)
370 5 0 5 1 0 0 1
cfi=(40)
cfn=(176)
calls=1 55 
* 2 2
* 2
+1 3 1 0 0 1 0 0 1
+9 1 1
-8 1 0 1
+8 2
+7 3 2 0 1 2 0 1
+1 1 0 1 0 0 1 0 0 1
-1 1 0 1 0 0 1
+1 12 2 6 1 2 0 1
cfi=(81)
cfn=(376)
calls=1 115 
* 16 7 4 2 1 0 2 1
+2 5 2 0 0 1
-58 4 1 0 1 1 0 1
+2 98 49 0 0 25
+16 49
-18 147 49 0 0 3
455 2
+5 2 2 0 0 1
+1 2
+2 1 0 1 0 0 1
+1 6 5
-83 5 0 2 2 0 0 2
cfi=(80)
cfn=(374)
calls=1 127 
* 67640 25563 3385 13 765 4 12 601
* 3
+1 4 2
-47 8 4
+1 2 1

fl=(42) /build/buildd/eglibc-2.15/string/../sysdeps/i386/i686/multiarch/strncase.S
fn=(180) strncasecmp
27 1 0 1 1 0 0 1
+3 1 0 1
cfi=(40)
cfn=(176)
calls=1 +25 
* 2 2
+1 1
+1 1 1
+1 1
+2 1
+1 1 1
+1 1
+1 1
+1 1 1
+1 1
+2 1 1 0 1 0 0 1
+3 1 1

fl=(85) /build/buildd/eglibc-2.15/stdlib/random.c
fn=(392) srand
211 1 0 1 1 0 0 1
+1 1
-1 1
+1 1
-1 1 0 1
cfi=(40)
cfn=(176)
calls=1 55 
* 2 2
* 1 0 0 1 0 0 1
+1 4 1 1 0 0 1 0 0 1
+1 5 1 3
cfi=(86)
cfn=(394)
calls=1 -48 
* 15813 5585 4070 7 1 2 7 0 2
+1 4 1 1 1 0 0 1
+1 3 2

fn=(404) random
293 1000000 0 1000000 1 0 0 1
+3 1000000
-3 1000000
+3 1000000
-3 1000000 0 1000000
cfi=(40)
cfn=(176)
calls=1000000 55 
* 2000000 2000000
* 1000000
+3 4000000 1000000 1000000
+2 5000000 0 3000000 1 0 0 1
cfi=(86)
cfn=(396)
calls=1000000 +66 
* 43000000 17967742 10000000
+2 4000000 1000000 1000000
+3 4000000 3000000

fl=(63) /build/buildd/eglibc-2.15/stdio-common/printf.c
fn=(306) printf
30 9 0 6 1 0 0 1
cfi=(40)
cfn=(176)
calls=3 +25 
* 6 6
* 3
+4 3
+1 21 9 12 0 2 0 0 2
cfi=(64)
cfn=(308)
calls=3 211 
* 10374 3479 2142 236 37 37 235 34 23
+4 9 6 0 1 0 0 1

fl=(43) /build/buildd/eglibc-2.15/string/../sysdeps/i386/i686/multiarch/memrchr.S
fn=(182) memrchr
45 1 0 1 1 0 0 1
+2 1 0 1
cfi=(40)
cfn=(176)
calls=1 +8 
* 2 2
+1 1
+1 1 1 0 1 0 0 1
+1 1
+3 1 1
+1 1
+1 1 1
+1 1
+16 1
+1 1 1
+2 1 1

fl=(82)
fn=(382)
48 2 0 0 1 0 0 1
+1 6 2 4 0 0 1
cfi=(83) /build/buildd/eglibc-2.15/misc/sbrk.c
cfn=(384) sbrk
calls=2 -14 
* 114 40 24 5 1 0 5
+2 6
+2 4 2

fl=(51)
fn=(238)
31 1 0 0 1 0 0 1
+2 1 1
-2 2 0 2
cfi=(40)
cfn=(176)
calls=1 +24 
* 2 2
* 2 0 1
+2 7 5 1 0 1
+2 4 2 1 1 0 0 1
+2 2 2
+1 2 2
-1 2 0 1
+1 2 1

fl=(67)
fn=(332)
452 1 0 1 1 0 0 1
+4 1
-4 4 0 3
+3 1 1
-3 1 0 1 1 0 0 1
cfi=(40)
cfn=(176)
calls=1 55 
* 2 2
* 2 1
+3 5 2
+5 48 24
+25 90 44 33 2 0 0 2
cfi=(66)
cfn=(314)
calls=11 850 
* 451 154 77 0 0 1
* 33
+2 11
+1 11
+1 2 1
+1 6 5

fn=(498) _IO_flush_all_lockp
823 7 1 5 1 0 0 1
cfi=(40)
cfn=(176)
calls=1 55 
* 2 2
* 1
+6 3 0 1
+6 1 1 0 1 1 0 1 1
-1 1 1
-10 1 0 1
+12 2
+4 3 1 1
-1 3 0 0 1 0 0 1
-1 3 0 3
+1 3
+3 9 3 0 1 2 0 1 2
+2 6 3
+1 6
+7 6 0 0 1 0 0 1
+4 3 3 0 1 0 0 1
-2 3 0 3
+2 6
+7 3 3
-27 6
+31 2
+2 3 1
+4 7 6
-31 9 6 0 2 2 0 2 2

fn=(434) __overflow
244 110 22 66 1 0 0 1
cfi=(40)
cfn=(176)
calls=22 55 
* 44 44
* 22
+2 66 22
+2 132 88 66 1 0 0 1
cfi=(66)
cfn=(314)
calls=22 850 
* 902 308 154 0 0 1 0 0 1
+1 88 66

fn=(496) _IO_cleanup
1007 5 0 5 1 0 0 1
cfi=(40)
cfn=(176)
calls=1 55 
* 2 2
* 2 0 0 1 0 0 1
+3 2 0 2
cfn=(498)
calls=1 823 
* 99 31 14 8 5 0 8 5
-59 2 1
+59 1 0 1
-59 1
+11 2 1
-9 9 3
+2 2
-1 4
+3 4 1 0 1 0 0 1
+5 15 4 3
+7 5 2
+10 6 3 4
cfi=(66)
cfn=(500)
calls=1 466 
* 116 43 43 11 0 0 11
+2 2
+6 3 0 3 1 0 0 1
-36 9 3 0 1 0 0 1
+71 7 6
-51 1
+4 1 1
-4 1 0 1
+2 1 1
+1 1 0 1
+1 1 0 1
-2 1 0 1 1 0 0 1
+3 4 1 1
+5 3 1
+1 11 2 3 1 0 0 1

fn=(328)
404 10 2 6 2 0 0 2
cfi=(40)
cfn=(176)
calls=2 55 
* 4 4
* 2
+1 8 3 0 2 0 0 2
+2 4 2 2
+1 4 2 2
+1 6 2
+3 1 0 1
+1 4 3
-3 1 0 1
+3 4 3

fn=(316)
419 5 1 3 1 0 0 1
cfi=(40)
cfn=(176)
calls=1 55 
* 2 2
* 1
+1 3 1 0 1 0 0 1
+6 4 3
-4 2 1
+1 4 3 2
cfi=(68)
cfn=(318)
calls=1 99 
* 144 51 39 15 2 3 15
* 2

fn=(502)
562 8 3 4 1 0 0 1
+1 1 1 0 1 0 0 1
-1 1 0 1
cfi=(40)
cfn=(176)
calls=1 55 
* 2 2
* 1
+1 3 2 2
cfi=(66)
cfn=(504)
calls=1 912 
* 22 10 5 3 0 0 3
* 2
+2 2
+2 1 0 1
+1 7 0 5 1 0 0 1
cfn=(328)
calls=1 404 
* 25 11 6 2 0 0 2
+7 3 0 3
+1 3 0 3
+2 7 5 0 1 0 0 1

fl=(87) /build/buildd/eglibc-2.15/stdlib/rand.c
fn=(402) rand
27 2000000 0 2000000 1 0 0 1
cfi=(40)
cfn=(176)
calls=1000000 +28 
* 2000000 2000000
* 2000000
+1 1000000 0 1000000
cfi=(85)
cfn=(404)
calls=1000000 293 
* 68000000 24967742 17000000 2 0 0 2
+1 3000000 2000000

fl=(102)
fn=(452)
99 2 0 2 1 0 0 1
cfi=(40)
cfn=(176)
calls=1 -44 
* 2 2
* 2
+1 6 1 4 1 0 0 1
cfn=(454) __run_exit_handlers
calls=1 -63 
* 1798 593 332 64 37 8 64 37 8

fn=(454)
37 6 0 5 1 0 0 1
cfi=(40)
cfn=(176)
calls=1 +18 
* 2 2
* 5 3 1
+50 1 1 0 0 1 0 0 1
-45 3
+37 1 1 0 0 1 0 0 1
-33 2
+33 1 1
-33 2
+3 1
-1 4 0 0 1 0 0 1
+2 1 1
-2 1 0 1
+2 4
+24 1 1
+4 2 1 1 1 0 0 1
-2 2 1
+2 2 0 2
cob=(1)
cfi=(103) /build/buildd/eglibc-2.15/elf/dl-fini.c
cfn=(456) _dl_fini
calls=1 +55 
* 1413 470 234 34 29 8 34 29 8
+1 1
+4 1 1
+1 1
-1 1 0 1
+1 1
+6 2 1
+1 5 1 1 0 1 0 0 1
cfi=(67)
cfn=(496)
calls=1 1007 
* 323 106 83 26 5 0 26 5
* 3
+2 2 0 2
cfi=(106) /build/buildd/eglibc-2.15/posix/../sysdeps/unix/sysv/linux/i386/_exit.S
cfn=(506) _Exit
calls=1 -68 
* 4 2 1 1 0 0 1

fl=(44) /build/buildd/eglibc-2.15/wcsmbs/../sysdeps/i386/i686/multiarch/wcslen.S
fn=(184) wcslen
37 1 0 1 1 0 0 1
+3 1 0 1
cfi=(40)
cfn=(176)
calls=1 +15 
* 2 2
+1 1
+1 1 1
+1 1
+2 1
+1 1 1 0 1 0 0 1
+1 1
+1 1
+1 1 1
+3 1 1

fl=(89)
fn=(428) hack_digit.12670
236 105 0 63 1 0 0 1
+3 21 21
-3 21 0 21 0 0 1 0 0 1
cfi=(40)
cfn=(176)
calls=21 55 
* 42 42
* 21 0 0 1 0 0 1
+3 56 7
+2 21 21
+2 21 21
-2 42
+7 28
+4 140 42 98 1 0 0 1
cfi=(101) /build/buildd/eglibc-2.15/stdlib/divrem.c
cfn=(442) __mpn_divrem
calls=14 57 
* 637 301 133 5 0 1 5 0 1
+1 56 42
+4 14
-4 14 0 14
+1 14 14
+2 14 0 14
+1 84 28
+1 8
-1 8
+6 8 0 8
+1 8
+10 48 32
-6 30 0 30 1 0 0 1
cfi=(94)
cfn=(424)
calls=6 41 
* 162 60 30
+1 12
+1 30 12 12
+4 36 24
-31 28 14 0 1 0 0 1
+1 42 0 35
cfi=(94)
cfn=(424)
calls=7 41 
* 245 77 42
* 7 0 7
+30 42 28
-35 42 7 7 1 0 0 1
+18 12 0 0 1 0 0 1

fn=(414)
163 12 0 8 1 0 0 1
+57 2 2
-24 2 0 2
+2 2 0 2
-35 2 0 2 1 0 1 1 0 1
cfi=(40)
cfn=(176)
calls=2 55 
* 4 4
* 2
+57 8 2
+59 2
-59 4 0 2 0 0 1 0 0 1
+59 2
+2 16 10 6 1 3 0 1 3
+1 4 2 2
+23 10 4
+97 2 2 0 1 0 0 1
+4 6 0 6 1 0 2 1 0 2
cfi=(90)
cfn=(416)
calls=2 32 
* 32 8 2 2 0 0 2
* 6 2
-93 2 0 2 1 0 0 1
178 2 0 2 1 0 0 1
-1 2 0 2
356 2 2
-2 2
+2 2 2
-2 2
+67 6 0 6 2 0 0 2
cfi=(91)
cfn=(418)
calls=2 21 
* 36 8 2 1 0 0 1
* 6 2
1274 14 10 0 2 0 0 2
477 2 2 0 1 0 0 1
+12 2 0 2
-12 12
+1 2
+3 8
+1 4 0 0 1 0 0 1
+1 4
-2 2
+2 2
-1 2
+8 2
-7 2 0 2
+7 2
-9 2 0 2
+1 2 0 2
+8 2
+9 5 1 1
+15 2 1 0 1 0 0 1
-2 1 1 0 1 0 0 1
+2 1
-2 4 1
+2 7 0 2
+41 2 0 1
-41 1
+41 1
-41 1 0 1 1 0 0 1
+41 1
-41 2 0 1
+34 1 1
+2 2 0 1
-1 8 3 4
cfi=(98) /build/buildd/eglibc-2.15/string/../sysdeps/i386/i686/multiarch/../memcpy.S
cfn=(436) __GI_memcpy
calls=1 44 
* 29 9 4 3 1 0 3 1
* 1 1
+15 10 4
+11 26 13
-2 24 12
-54 12
+4 60 24
-4 1 0 0 1 0 0 1
+4 5 2
+2 6
+30 26 10 12 1 0 0 1
cfi=(100)
cfn=(440)
calls=2 58 
* 170 60 38 3 0 0 3
+4 14 4
437 18 0 12 1 0 0 1
cfi=(92)
cfn=(420)
calls=2 34 
* 68 26 18 3 0 0 3
* 2 0 2
+4 8 0 2
+68 2 2 0 1 0 0 1
-1 1 0 1
-1 1 1
+2 5 0 0 1 0 0 1
-2 12 4 4
cfi=(93) /build/buildd/eglibc-2.15/stdlib/../sysdeps/i386/lshift.S
cfn=(422) __mpn_lshift
calls=1 35 
* 28 11 6
+3 1 1
-3 1
+3 8 2 0 1 0 0 1
+1 1
-1 2 0 2
+1 1
+1 2 1
+52 21 6 15 1 0 0 1
cfi=(99) /build/buildd/eglibc-2.15/stdlib/cmp.c
cfn=(438) __mpn_cmp
calls=3 39 
* 57 24 6 2 0 0 2
* 11 3
+3 16 4 10
cfi=(98)
cfn=(436)
calls=2 44 
* 58 18 8 0 0 1 0 0 1
+1 6 6
+1 8
+1 2
-1 2 0 2
+1 8 0 2
+91 2 0 0 1 0 0 1
834 2 2 0 1 0 0 1
+10 4 4
-10 2 2
+10 2 2
-10 2 0 2
+10 6 6 0 1 1 0 1 1
+2 2
-2 2 0 2
+2 2
+10 4 2
+48 2 2 0 1 0 0 1
-61 2 0 2
+61 4
+14 8 4 0 2 0 0 2
+7 4 2
fi=(109) /build/buildd/eglibc-2.15/stdio-common/../nptl/sysdeps/pthread/allocalim.h
28 4
fe=(89)
935 12 0 2
-9 2 0 2
+10 2 2 0 1 0 0 1
+3 2 2
-3 2
+3 2
-3 2 0 2
+3 4 1
+3 9 2 1
+3 1 1 0 1 0 0 1
-1 1
+1 1 0 1
cfn=(428)
calls=1 236 
* 139 52 35 8 0 1 8 0 1
* 6 6
-1 6
+1 6 0 6
cfn=(428)
calls=6 236 
* 797 300 199
-3 7 7
+3 7 0 7
-3 9 2
160 1 0 1
942 1
+6 3 1
+3 1 1
-4 1 0 1
+4 3 1 1
+12 1
+1 2 0 2
+1 1
-14 1 1 0 1 0 0 1
+12 1
+1 2 0 2 1 0 0 1
+1 1
+7 12 0 12
-7 28 14
+1 4 2
+3 12 12
-1 12
+1 12 0 12 0 0 1 0 0 1
cfn=(428)
calls=12 236 
* 1014 378 240 4 0 1 4 0 1
* 12 0 12
+1 36
+2 18 6
+9 4 2 2 2 0 0 2
cfn=(428)
calls=2 236 
* 169 63 40
+1 4
+4 2
+23 2
+5 7 2 1
+5 3 2 0 1 0 0 1
+2 2 1
+2 7 3 2 1 0 0 1
+11 5 2
+70 4 2
+7 4 0 0 1 0 0 1
+3 6 2
+13 6 2 0 1 0 0 1
+46 14 6 0 1 0 0 1
+2 6 4 0 1 0 0 1
213 2 0 2
1175 6 0 2
+2 2
-2 2 0 2
+2 12 6
213 2 0 2 1 0 0 1
1180 4
+7 10 2 0 1 0 0 1
+9 6 2 0 2 0 0 2
+8 8 4 2
+2 4 2 2
+2 2
-2 2 0 2
cfi=(96)
cfn=(430)
calls=2 47 
* 24 10 0 2 1 0 2 1
+3 2 0 2
-3 2 0 2
+2 6 2 0 1 0 0 1
+5 4 4
+1 4 2
-1 2
+2 6 2 0 1 0 0 1
+11 12 0 2
+1 2 2
+6 4 4
-6 2 0 2
+6 10 4
+3 40 20
+3 40 0 20
-6 66
+1 66 22 0 1 0 0 1
+1 6 4 2
+2 8 0 8 1 0 0 1
cfi=(97) /build/buildd/eglibc-2.15/string/../sysdeps/i386/i686/multiarch/../mempcpy.S
cfn=(432) __GI_mempcpy
calls=2 44 
* 30 10 2 2 0 0 2
* 4 2
576 1 1
+6 2
-6 1 0 1
+6 1
+4 9 4 1
160 4 0 1 1 0 0 1
586 5 1
160 2
586 2
160 2 0 2
586 10 3 3
+4 2 2 0 1 0 0 1
+2 2
+64 2 0 1 1 0 0 1
1182 8 4 0 1 0 0 1
+61 6 4 0 1 0 0 1
-1 2 2
+18 10 2 0 1 0 0 1
+3 6 2 0 1 0 0 1
+7 6 2
-86 4 0 0 1 0 0 1
859 2 2 0 1 0 0 1
-1 2 0 2
+1 8 2 2
+3 6 2
+2 1 1
-5 1 1
+2 1 0 1
-1 1 0 1
+4 1
+2 1
-2 1 0 1
+2 1 0 1
-7 2 0 1
1260 8 4 0 1 0 0 1
160 2
1260 296 90 90 1 0 0 1
cfi=(67)
cfn=(434)
calls=22 244 
* 1364 550 286 2 0 1 2 0 1
* 76 22 0 1 0 0 1
606 2
+2 1
+1 1 1
-1 1 0 1
+1 4 2 0 1 0 0 1
+3 4 2 1
+9 4
957 2 1 0 1 0 0 1
+2 1 1
-1 1 0 1
-1 1 0 1
+2 3 0 1
838 3 0 2
669 7 2 5 1 0 1 1 0 1
cfi=(93)
cfn=(422)
calls=1 35 
* 28 11 6 2 0 0 2
+1 1 1
+4 1 1
-9 1 0 1
-1 1 0 1 1 0 0 1
+10 1
-5 1
+1 4 1 2
160 2
694 1
160 1 0 1
666 1
+7 1 0 1
+1 1 0 1
+20 1 0 1 1 0 0 1
-15 1
+2 2 1 0 0 1 0 0 1
-2 11
+2 22 11 0 0 3 0 0 3
790 12 0 12 1 0 0 1
+2 46 12 0 1 0 0 1
+24 3 1 1
+43 1 1 0 1 0 0 1
+12 2 0 1
-10 1 0 1
-1 1 0 1
-1 1 0 1
+11 2 0 1
631 2 1 0 1 0 0 1
+18 1 1
+1 2 0 0 1 0 0 1
-1 13 3 8
cfi=(95)
cfn=(426)
calls=1 35 
* 30 11 6
+4 4 4 0 1 0 0 1
-1 1 0 1
+1 8 1 5
cfi=(95)
cfn=(426)
calls=1 35 
* 30 11 6
+3 8 4 0 1 0 0 1
859 6 0 2
-65 2 0 0 1 0 0 1
+4 8 3 5 1 0 0 1
cfi=(94)
cfn=(424)
calls=1 41 
* 43 12 7 1 0 0 1
+4 1 1
+1 1
-4 1 1
+3 1 1
+1 4 2
+9 1 0 1 1 0 0 1
+1 2 0 1
-2 6 1 5 1 0 0 1
cfi=(95)
cfn=(426)
calls=1 35 
* 36 12 7 2 0 0 2
* 1
1014 4 1 2

fl=(93)
fn=(422)
35 2 0 2 1 0 0 1
+2 2 0 2
+2 2 0 2
+3 2 2
+2 2 2
+2 2 2
+1 2 2 0 1 0 0 1
+7 2
+2 2 2
+3 2
+1 2
+1 2
+1 2
+1 2 0 2
+2 2
+1 2
+8 2 2
+1 2
+1 2 0 2
+1 2
+1 2
+2 2
+1 2 0 2
+2 2 2
+3 2 2
+3 2 2
+3 2 2
+5 2 2

fl=(49)
fn=(234)
31 5 1 3 1 0 0 1
cfi=(40)
cfn=(176)
calls=1 +24 
* 2 2
* 2 0 1
+1 5 1
+2 3 0 3
cfi=(50)
cfn=(236)
calls=1 +3 
* 63 8 2 6 1 0 6
+1 2
+3 3 1 1 1 1 0 1
+1 3 2 1
+2 5 4

fl=(97)
fn=(432)
44 2 2 0 1 0 0 1
+1 2
+2 2 2
+2 2
+2 2 2
+2 2
+1 2
+1 2
+1 2 2 2
+1 2
+1 2
+2 2
+2 2
+2 2 0 0 1 0 0 1
+5 2 2

fl=(98)
fn=(436)
44 3 0 0 1 0 0 1
+1 3 3
+1 3
+1 3 3
+2 3
+1 3
+1 3 0 0 1 0 0 1
+1 3 3
+1 3
+1 3
+2 3
+1 3
+2 3
+1 3
+11 3 0 3
+1 3
+1 3
+1 3
+1 12 9 9 0 1 1 0 1 1
+2 3
+1 3
+2 3 3
+2 3
+1 3 0 0 1 0 0 1
+1 3 3
+4 3 3

fl=(70)
fn=(326)
35 2 0 2 1 0 0 1
+2 2 0 2
+2 2 0 2
+2 2 0 2
+3 2 2
+2 2 2
+1 2 2
+1 2 2 0 1 0 0 1
+2 2 2
+2 2 2
+2 2
+1 2
+1 2
+1 2
+2 2
+3 2 2 2
cob=(1)
cfi=(1)
cfn=(324)
calls=2 -62 
* 4 2
+3 2 2
+3 2 2
+3 2 2
+3 2 2
+24 2
+1 2
+4 2 2

fl=(88) /build/buildd/eglibc-2.15/time/../sysdeps/unix/syscall-template.S
fn=(410) gettimeofday
82 10 6 2 1 1 0 1 1
cob=(1)
cfi=(1)
cfn=(324)
calls=2 -82 
* 4 2
* 6
+1 2 2

fl=(106)
fn=(506)
25 1 1 0 1 0 0 1
+4 1
+1 1 1 1
cob=(1)
cfi=(1)
cfn=(324)
calls=1 -30 
* 1

fl=(99)
fn=(438)
39 3 0 3 1 0 0 1
+11 3
-11 12 9 3
+4 6
+2 3 3
+1 3 3
+1 6
+8 12 0 0 1 0 0 1
+1 9 9

fl=(60)
fn=(274) __internal_atexit
34 2 0 2 1 0 0 1
cfi=(40)
cfn=(176)
calls=1 +21 
* 2 2
* 2
+1 3 1 2
cfn=(276) __new_exitfn
calls=1 +38 
* 52 13 12 5 0 2 5 0 2
+2 2
+4 3 2
+2 1 0 1
+1 2 1 1
+1 2 1 1
+2 1 0 1
+1 1
+1 3 2

fn=(276)
73 1 0 1 1 0 0 1
+6 1
-6 1 0 1
+6 1
-6 4 0 3 1 0 0 1
cfi=(40)
cfn=(176)
calls=1 -18 
* 2 2
* 1
+6 4 1 1 0 0 1 0 0 1
+2 8 2
+2 3 1
-2 2 1 0 1 0 0 1
+10 1 0 1
-10 2 0 0 1 0 0 1
+45 1 0 1
+1 2 0 2 0 0 1 0 0 1
+3 4 1 1
+3 7 5
-35 2
+14 1
+1 2 0 1
-19 2 0 0 1 0 0 1

fn=(272)
57 2 0 2 1 0 0 1
cfi=(40)
cfn=(176)
calls=1 -2 
* 2 2
* 2
+1 9 3 5 1 0 0 1
cfn=(274)
calls=1 -24 
* 76 22 20 6 0 2 6 0 2
+1 3 2

fl=(83)
fn=(384)
35 6 0 4 1 0 0 1
cfi=(40)
cfn=(176)
calls=2 +20 
* 4 4
* 10 2 6
+8 11 5 0 0 1
+4 4 0 0 1 0 0 1
+4 3
+3 2 0 2
cfi=(84) /build/buildd/eglibc-2.15/misc/../sysdeps/unix/sysv/linux/i386/brk.c
cfn=(386) brk
calls=1 -18 
* 25 9 5
+1 3
+3 14 10
-14 1 0 1 1 0 0 1
+1 1
-1 1 0 1
cfi=(84)
cfn=(386)
calls=1 -8 
* 25 9 5 2 0 0 2
* 4 1

fl=(84)
fn=(386)
36 10 2 6 1 0 0 1
cfi=(40)
cfn=(176)
calls=2 +19 
* 4 4
* 2
+5 8 2 2 1 0 0 1
cob=(1)
cfi=(1)
cfn=(324)
calls=2 -41 
* 4 2
* 4
+2 4 2 2
+8 2
-6 4
+7 8 6

fl=(101)
fn=(442)
57 84 0 70 1 0 1 1 0 1
cfi=(40)
cfn=(176)
calls=14 -2 
* 28 28
* 28 14 0 1 0 0 1
+3 28 14
+13 14 14 0 1 0 0 1
-15 14 0 14
+15 14 14
+1 28 28
+2 28
+6 14 14
+1 14 14
-1 56 28 14 1 0 0 1
+1 14
-1 14 0 14
+1 14
-38 14
+39 7 7
-1 7
+1 14 0 7
-1 21
+4 14 14
-2 28 28
+2 28
+3 14 0 14 1 0 0 1
245 98 84

ob=(4) /usr/lib/valgrind/vgpreload_core-x86-linux.so
fl=(47) ???
fn=(216) 0x00000427
0 6 6 0 2 0 0 2

fn=(214) 0x000003f0
0 4 0 3 1 0 0 1
cfn=(216)
calls=1 0 
0 2 2 0 1 0 0 1
0 9 4 0 0 1 0 0 1

fn=(472) 0x00000370
0 5 0 4 1 0 0 1
cfn=(216)
calls=1 0 
0 2 2 0 1 0 0 1
0 10 3 2 1 2 0 1 2
cob=(3)
cfi=(104)
cfn=(486)
calls=1 31 
0 72 24 11 7 2 0 7 2
cob=(1)
cfi=(57)
cfn=(264)
calls=1 29 
0 746 246 101 0 12 3 0 12 3
0 5 3 2 1 0 0 1
0 14 5 1 1 0 0 1

fn=(224) 0x00000520
0 5 0 4 1 0 0 1
cfn=(216)
calls=1 0 
0 2 2
0 8 5 0 1 0 0 1

ob=(5)
fl=(62)
fn=(412) compute
50 3 0 1 1 0 0 1
+4 2 0 1
+2 2000 0 1000
+2 11000000 6000000 1000000 0 1063000 0 0 53093
-2 4003000 2002000 1000000
-2 4003 2002 1000
+7 3 2 1
+1 2 2

fn=(300)
10 5 0 2
+2 1 0 1
+2 2 0 1
+2 4 0 3
cob=(3)
cfi=(63)
cfn=(306)
calls=1 +14 
* 2509 847 472 112 11 16 111 8 2
cob=(1)
cfi=(57)
cfn=(264)
calls=1 +13 
* 838 304 125 0 7 0 0 6
* 5 3 2 1 0 0 1
+2 2 1
+5 5 2 2 1 0 0 1
cob=(3)
cfi=(74)
cfn=(356)
calls=1 +4 
* 222 83 32 15 3 0 15 3
cob=(1)
cfi=(57)
cfn=(264)
calls=1 +6 
* 776 286 124 0 6 0 0 5
* 5 3 2
* 1 0 1
+1 3 1 2
cfi=(77) /home/alumnos/e284672/Desktop/materialP3/arqo3.c
cfn=(362) generateMatrix
calls=1 -13 
* 98104807 39009157 25011294 96 858 62600 95 606 62586
* 1 0 1
+1 2 1 0 1 0 0 1
+7 4 0 3
cob=(3)
cfi=(88)
cfn=(410)
calls=1 +50 
* 11 5 1 1 0 0 1
cob=(1)
cfi=(57)
cfn=(264)
calls=1 -3 
* 903 311 124 0 45 8 0 45 8
* 5 3 2 0 1 0 0 1
+3 5 2 3
cfn=(412)
calls=1 +15 
* 15009013 8004006 2002003 1 1063000 0 1 53093
* 1 0 1
+3 4 0 3 1 0 0 1
cob=(3)
cfi=(88)
cfn=(410)
calls=1 +44 
* 11 5 1 0 1 0 0 1
* 1 1 0 0 1 0 0 1
+1 19 6 4 1 1 0 1 1
cob=(3)
cfi=(63)
cfn=(306)
calls=1 -9 
* 2915 899 601 91 26 19 91 26 19
* 1 1
+1 5 1 3
cob=(3)
cfi=(63)
cfn=(306)
calls=1 -10 
* 5001 1754 1087 35 2 2 35 2 2
* 1 1
+4 3 1 2
cob=(3)
cfi=(73)
cfn=(350)
calls=1 2954 
* 168 56 24 17 4 1 17 3 1
cob=(1)
cfi=(57)
cfn=(264)
calls=1 -15 
* 776 286 124 0 43 8 0 43 8
* 5 3 2 0 1 0 0 1
+1 1
+1 3 3 0 0 1 0 0 1

fl=(77)
fn=(362)
11 4 0 2 1 0 0 1
+1 1 0 1
+1 1 0 1
+1 2 0 2
+2 4 1 2 1 0 0 1
cob=(3)
cfi=(73)
cfn=(368)
calls=1 2910 
* 69303 25859 3771 70 810 28 69 603 20
cob=(1)
cfi=(57)
cfn=(264)
calls=1 +13 
* 808 292 124
* 5 3 2
* 1 0 1 0 0 1
+1 6 2 2 0 1
cob=(3)
cfi=(73)
cfn=(368)
calls=1 2910 
* 257 82 53 8 0 1 8 0 1
* 1 1 0 0 1
* 1 0 1
+1 4 2
+10 2 0 2 1 0 0 1
cob=(3)
cfi=(85)
cfn=(392)
calls=1 211 
* 15837 5592 4077 10 1 3 10 0 3
cob=(1)
cfi=(57)
cfn=(264)
calls=1 +1 
* 783 287 124 0 40 5 0 1
* 5 3 2 0 1
+1 2 0 1 1 0 0 1
+2 8000 5000 1000 0 0 62 0 0 62
+1 2000 0 1000
+2 8000000 4000000 1000000
cob=(3)
cfi=(87)
cfn=(402)
calls=1000000 -7 
* 78000000 28967742 20000000 3 0 0 3
cob=(1)
cfi=(57)
cfn=(264)
calls=1 -5 
* 768 283 124 0 3 0 0 1
* 1000004 1000002 2
* 7000000 3000000 3000000 0 1 62500 0 1 62500
-2 4003000 2002000 1000000
-3 4003 2002 1000 1 0 0 1
+9 1 1
+1 4 3

fl=(56)
fn=(256) 0x08048450
0 13 1 9 1 0 0 1
cob=(3)
cfi=(59)
cfn=(270)
calls=1 96 
0 113130083 47018701 27016461 459 1064051 62664 456 53883 62636
cob=(1)
cfi=(57)
cfn=(264)
calls=1 29 
0 1014 337 125 6 5 2 6 4
0 5 3 2 2 0 0 2

fn=(280) 0x08048932
0 2 2 0 1 0 0 1

fn=(292) 0x08048940
0 11 4 2 1 0 0 1

fn=(278)
0 5 0 5 1 0 0 1
cfn=(280)
calls=1 0 
0 2 2 0 1 0 0 1
0 5 1 1
cob=(2) ???
cfi=(15) ???
cfn=(282) 0x08048374
calls=1 0 
0 31 10 6 4 1 0 3
0 11 5

fn=(286) 0x080484e0
0 8 3 1 2 1 0 2

fn=(462) 0x08048480
0 18 5 3 1 0 0 1

ob=(1)
fl=(38) /build/buildd/eglibc-2.15/elf/dl-reloc.c
fn=(162) _dl_relocate_object
154 32 4 20 1 0 0 1
cfi=(3) /build/buildd/eglibc-2.15/string/../sysdeps/i386/i686/multiarch/../memcmp.S
cfn=(4) 0x00018bab
calls=4 52 
* 8 8
* 8 4
+10 12 0 4
+1 8
+4 4
-4 4 0 4
+4 4
+1 20 4 4 1 1 0 1
+6 8 4
+6 12 4
+4 8 4
+8 12 4
-33 4 0 4 1 0 0 1
+78 4 4
fi=(5) /build/buildd/eglibc-2.15/elf/../sysdeps/i386/dl-machine.h
104 4 4
fe=(38)
239 8 4 4
fi=(5)
104 4
fe=(38)
265 226 31 47 2 6 0 2
152 20 4 12
fi=(6) /build/buildd/eglibc-2.15/elf/do-rel.h
-45 8 0 4
-40 4 4
-11 4
fe=(38)
265 4 4
fi=(6)
56 4 0 4
+11 4 4
fe=(38)
265 4 4
fi=(6)
55 4
+12 12 4
-11 4
fe=(38)
265 4 4
fi=(6)
56 4 0 4
+11 4 4
fe=(38)
265 4 4
fi=(6)
55 4
+12 8
+3 6 0 0 1 0 0 1
fi=(5)
384 9 0 3
655 3 3
-1 6 6
+1 3
+2 6
-2 20 20 0 0 3 0 0 3
-1 40 40
+1 20
+2 40
+2 76 38
+1 38 19 19 0 0 2 0 0 2
fi=(6)
70 93 39 8 1 0 0 1
+99 8 0 8
fe=(38)
+96 196 32 32 2 1 0 2
fi=(5)
603 4
fe=(38)
265 8 0 8
fi=(5)
603 4 0 4
fi=(6)
93 4 4
-37 4
-1 4
+1 4 0 4
+39 4 4
+12 4 4 0 1 0 0 1
-15 8 4 4
+3 12 4
+12 4
-14 4 4
-37 4
-1 4
+1 4 0 4
+39 4 4
+12 4 4
-15 8 4 4
+3 12 4
+12 4
+10 24 8 0 0 1 0 0 1
+10 24 8 0 1 1 0 1
+3 6 6 0 0 1
+3 6 6
-3 6 0 6
+3 6
+36 8 0 8 1 0 0 1
fe=(38)
+96 16 8 0 1 0 0 1
+3 12 4
+40 4 0 4
+3 12 4
+17 12 4 0 0 1
+1 8 0 4
cfn=(186) _dl_protect_relro
calls=4 +6 
* 156 56 32 3 0 0 3
* 4
+1 24 20
fi=(5)
104 9 3 0 1 0 0 1
+6 6 6
+4 9 3 0 0 3 0 0 1
+13 3 3
-8 3 0 3
+8 6
+13 9 0 3
fe=(38)
+44 24 12 4 1 3 0 1
fi=(6)
-91 5 5
+14 10 10
-14 5 5
+2 5 0 0 1 0 0 1
-2 10 5 5
+14 5
+7 9 3
+6 4
fi=(5)
633 2 2 0 0 1 0 0 1
fi=(6)
121 2 2
fi=(5)
633 2
fi=(6)
121 2 2
fe=(38)
+31 6 2
fi=(6)
-31 2512 1256
fi=(5)
633 2512 1256 0 0 157 0 0 157
fi=(6)
120 1258 0 0 1 0 0 1
fi=(5)
634 1258 0 1258 0 0 133 0 0 132
fi=(6)
120 2516
+7 20 10 0 0 1
+3 4 4
+3 4 4
-3 4 0 4
+3 4
fi=(5)
460 12 0 3 1 0 0 1
fi=(6)
145 6 6 0 0 2 0 0 1
+2 3 3
-2 3
fi=(5)
311 3
fi=(6)
145 6 3 0 0 2 0 0 1
+1 3
+1 3 3
-1 3 3
fi=(5)
311 3 0 3
fi=(6)
145 3 0 3
+3 6 6
fi=(5)
314 3 0 0 1 0 0 1
fi=(6)
147 3 0 3
-1 3 0 3
+2 3 0 3
-2 3 0 3
fi=(5)
314 3
fi=(6)
145 200 200 0 0 12 0 0 11
+2 100 100
-2 100
fi=(5)
311 100
fi=(6)
145 200 100 0 0 41 0 0 38
+1 100
+1 100 100
-1 100 100
fi=(5)
311 100 0 100
fi=(6)
145 100 0 100
+3 200 200
fi=(5)
314 100
fi=(6)
147 100 0 100
-1 100 0 100
+2 100 0 100
-2 100 0 100
fi=(5)
314 100
+17 309 103
+7 2471 892 0 2 72 0 2 70
fi=(6)
146 80 80
fi=(5)
338 240 160
fi=(6)
146 80
fi=(5)
338 240 80
fi=(6)
147 80
fi=(5)
338 326 80 160
fi=(6)
146 6 6
fi=(5)
338 18 12
fi=(6)
146 6
fi=(5)
338 18 6
fi=(6)
147 6
fi=(5)
338 1486 522 528 2 17 0 2 14
cfi=(7) /build/buildd/eglibc-2.15/elf/dl-lookup.c
cfn=(168) _dl_lookup_symbol_x
calls=86 716 
* 53167 17710 6926 29 250 3 29 228
* 516 172 172 0 0 1
+1 511 202 0 0 1 0 0 1
+2 206
+1 404 101
+6 618 309 0 1 2 0 1 2
+98 10 10
fi=(6)
133 10
fi=(5)
446 10 0 10 0 0 3 0 0 2
fi=(6)
133 21 10
fi=(5)
365 4 0 0 1 0 0 1
+1 4 4
fi=(6)
133 2
fi=(5)
366 2 0 2
fi=(6)
133 4 2
fi=(5)
366 81 81
fi=(6)
133 81
fi=(5)
366 81 0 81 0 0 2
fi=(6)
133 164 81
fi=(5)
433 30 10 0 1 0 0 1
+2 30 10
+1 10 10
fi=(6)
133 10
fi=(5)
436 30 20 0 1 0 0 1
fi=(6)
133 10 10
fi=(5)
436 10 0 10
fi=(6)
133 10
fe=(38)
265 22 14 1 1 0 0 1
152 16 12 0 0 1
265 21 9 9 1 0 0 1
fi=(6)
-96 1 1
fi=(5)
460 2 0 1
fi=(6)
169 2
+10 1 1 0 1 0 0 1
+1 3 2 1
-1 1
fi=(5)
311 1
fi=(6)
179 3 1
fi=(5)
314 1
-3 1 0 1
fi=(6)
179 1 0 1
fi=(5)
314 1
fi=(6)
179 2 2
+1 6 4 2
-1 2
fi=(5)
311 2
fi=(6)
179 6 2
fi=(5)
314 2
-3 2 0 2
fi=(6)
179 2 0 2
fi=(5)
314 2
+17 9 3
+7 123 39 30 3 3 0 3 2
cfi=(7)
cfn=(168)
calls=3 716 
* 1666 531 219 0 7 0 0 7
* 21 9 9
+1 15 6
+2 6
+1 4 1
+6 18 9 0 0 1 0 0 1
-10 21 6 0 2 0 0 2
fi=(6)
169 10 3
fi=(5)
366 9 3 3 1 0 0 1
fi=(6)
120 12 0 0 1 0 0 1
+49 4 2 0 1 0 0 1
fe=(38)
+96 40 16 4 2 0 0 2
fi=(5)
665 8 0 0 1 0 0 1
338 150 55 10 3 0 0 3
712 8 0 0 1 0 0 1
+2 12 12 0 1 0 0 1
+1 12 4
+1 4 0 4
cob=(3)
cfi=(44)
cfn=(184)
calls=1 37 
* 13 6 2 2 0 0 2
cob=(3)
cfi=(43)
cfn=(182)
calls=1 45 
* 14 7 2 2 0 0 2
cob=(3)
cfi=(42)
cfn=(180)
calls=1 27 
* 15 7 2 2 0 0 2
cob=(3)
cfi=(39)
cfn=(174)
calls=1 37 
* 83 19 21 10 1 0 10 1
+1 8 0 4
fe=(38)

fn=(186)
335 4 0 0 1 0 0 1
+1 4 4
-1 8 0 8
cfi=(3)
cfn=(4)
calls=4 52 
* 8 8
* 4
+1 4 4
-1 8 0 4
+2 8 4
-1 8
+2 8 4 0 1 0 0 1
+3 8
+1 20 0 16
cfi=(45) /build/buildd/eglibc-2.15/misc/../sysdeps/unix/syscall-template.S
cfn=(188) mprotect
calls=4 82 
* 40 20 4 1 0 0 1
* 8
+6 16 12

fl=(12) /build/buildd/eglibc-2.15/elf/../misc/sbrk.c
fn=(24) sbrk
35 3 0 2 1 0 0 1
cfi=(3)
cfn=(4)
calls=1 +17 
* 2 2
* 4 1 2
+8 6 2 0 1 0 0 1
+4 2
+11 6 4 0 1 0 0 1

fl=(22) /build/buildd/eglibc-2.15/string/../sysdeps/i386/i686/multiarch/../mempcpy.S
fn=(72) mempcpy
44 49 49 0 1 0 0 1
+1 49
+2 49 49
+2 49
+2 49 49
+2 49 0 0 1 0 0 1
+1 49
+1 49
+1 14 14 14 0 1 2 0 1 2
+1 14
+1 14
-1 35
+1 35
+1 32 32 32
+1 147 98 98 0 1 3 0 0 3
+2 49
+2 49
+5 49 49

fl=(13) /build/buildd/eglibc-2.15/elf/dl-environ.c
fn=(30) _dl_next_ld_env_entry
30 3 0 3 1 0 0 1
+1 3 3
+1 3
+2 13 3
+2 98 49 0 0 24 0 0 24
+11 47
-13 141 47
+17 9 6
-14 18 9
+5 2
-3 2
+3 2 0 2
+2 2

fl=(19) /build/buildd/eglibc-2.15/posix/../sysdeps/unix/syscall-template.S
fn=(62) uname
82 7 1 0 1 0 0 1
+1 1 1

fl=(2)
fn=(94) map_doit
631 1 0 1 1 0 0 1
+2 1
-2 2 1
+2 7 3 4
cfi=(20) /build/buildd/eglibc-2.15/elf/dl-load.c
cfn=(96) _dl_map_object
calls=1 2276 
* 2814 762 442 81 14 22 81 14 22
* 2 0 1
+2 3 2

fn=(2) _dl_start
368 7 0 5 1 0 1 1 0 1
cfi=(3)
cfn=(4)
calls=1 52 
* 2 2 0 1 0 0 1
* 2 0 1 0 0 1 0 0 1
+18 2 0 1 0 0 1 0 0 1
fi=(4) /build/buildd/eglibc-2.15/elf/dynamic-link.h
121 1 1 0 0 1 0 0 1
fi=(5)
-61 1
fe=(2)
386 1 0 1
fi=(5)
60 2 1 0 0 1 0 0 1
fe=(2)
415 1 0 1 0 0 1 0 0 1
fi=(4)
121 1 0 0 1 0 0 1
fe=(2)
412 1 0 1 0 0 1 0 0 1
fi=(4)
121 4
+7 20
+1 12 0 4 0 0 2 0 0 2
+10 4
fe=(2)
367 8
fi=(4)
121 12 4
+2 36 0 0 1 0 0 1
+15 13 0 13 0 0 1 0 0 1
+1 13
fe=(2)
367 26
fi=(4)
121 39 13 0 0 2 0 0 2
+18 1
fe=(2)
367 2
fi=(4)
121 4 2
+25 2
+20 4 1 1
+1 4 1 1 1 0 0 1
+1 4 1 1
+1 4 1 1
+5 4 1 1
+2 4 1 1
+1 4 1 1 1 0 0 1
+1 4 1 1
+6 3 1
+3 2 1
+13 3 1
+1 3 2
+4 3 1 0 1 0 0 1
+2 3 1
+3 3 1
+1 3 1 0 1 0 0 1
fe=(2)
543 3 1
291 1 1
550 1 0 1 0 0 1 0 0 1
291 86 20 22 2 0 0 2
+12 2 0 1
cfi=(7)
cfn=(12) _dl_setup_hash
calls=1 861 
* 37 13 11 3 2 1 3 2 1
+1 2 0 1
+1 2 0 1
+1 2 0 1 1 0 0 1
+1 2 0 1
+21 2 0 1
+10 3 1 1
-10 1 0 1
+4 1 0 1
+6 2 0 2
cfi=(8) /build/buildd/eglibc-2.15/elf/../elf/dl-sysdep.c
cfn=(14) _dl_sysdep_start
calls=1 89 
* 102377 32284 14667 533 744 264 532 681 255
* 1 0 0 1
+9 1
+3 2 2 0 1
+4 1 1
-4 2 0 2 0 0 1
+4 1
575 7 5 0 0 1
fi=(4)
130 4 0 0 1 0 0 1
+3 4 0 0 1 0 0 1
fe=(2)
548 30 13 5 2 0 0 2
fi=(6)
93 1 1
-1 2 1 1
+3 2 1
+25 2
fi=(5)
633 1 1 0 0 1 0 0 1
fi=(6)
121 1 1
fi=(5)
633 1
fi=(6)
121 1
fe=(2)
367 2
fi=(6)
121 20 10
fi=(5)
633 20 10 0 0 1 0 0 1
fi=(6)
120 11 0 0 1 0 0 1
fi=(5)
634 11 0 11 0 0 1 0 0 1
fi=(6)
120 22
+5 3 1
+8 2 1
fi=(5)
404 3 0 2
fi=(6)
133 3 0 1 1 0 0 1
+13 1 1
fi=(5)
339 1 1
fi=(6)
148 2 2
-2 1
fi=(5)
311 1
fi=(6)
146 3 1
fi=(5)
311 1 0 1
+28 2 2 0 0 1 0 0 1
+3 4 1
fi=(6)
146 7 7 0 0 1 0 0 1
fi=(5)
339 7 7
fi=(6)
148 14 14
-2 7
fi=(5)
311 7
fi=(6)
146 21 7
fi=(5)
311 7 0 7
+28 14 14 0 0 4 0 0 4
+3 28 7 0 0 1 0 0 1
+6 56 16 0 0 1 0 0 1
fi=(4)
136 4 0 0 1 0 0 1
+1 1
+1 3 0 1 0 0 1 0 0 1
fi=(5)
352 8 0 8 1 0 1 1 0 1
fi=(6)
133 25 8
fe=(2)

fn=(86) do_preload
810 5 0 4 1 0 0 1
cfi=(3)
cfn=(4)
calls=1 52 
* 2 2
* 2
+6 1 0 1
+6 3 0 1
-5 1 0 1
+5 1
-10 1 0 1
+6 1 0 1 1 0 0 1
+4 1
-2 1 1
+2 3 0 2
cfi=(26) /build/buildd/eglibc-2.15/elf/dl-error.c
cfn=(88) _dl_catch_error
calls=1 160 
* 2889 789 475 88 14 22 88 14 22
* 2 0 2
+1 2 1
+10 3 1 0 1 0 0 1
+4 5 4

fn=(150) init_tls.part.3
722 3 0 3
cfi=(3)
cfn=(4)
calls=1 52 
* 2 2
* 2
+17 1 0 1
-4 1 1
+4 3 0 2 1 0 0 1
cfi=(16) /build/buildd/eglibc-2.15/elf/dl-minimal.c
cfn=(38) calloc
calls=1 104 
* 71 25 18
* 1 1
-4 1
+15 1 1 0 0 1 0 0 1
-12 1 0 1
-3 1 0 1
+11 1 0 1
+4 1
+2 1 1 0 1 0 0 1
-1 2
+3 8 4
+4 1 0 1
+2 1
-7 1 1
-1 2
+1 3 3
-1 8
+10 2
+3 1 0 1 1 0 0 1
cfi=(35) /build/buildd/eglibc-2.15/elf/dl-tls.c
cfn=(152) _dl_determine_tlsoffset
calls=1 113 
* 85 31 21 7 0 0 7
+7 1 0 1
cfi=(35)
cfn=(154) _dl_allocate_tls_storage
calls=1 329 
* 518 67 359 5 0 20 5 0 20
+1 1
-1 1
+1 1
+6 1 1 0 1 0 0 1
+8 1
-8 1 0 1
+8 13 1 7 1 0 0 1
+3 1
-3 4 1
+4 1 0 1
+3 5 3

fn=(52)
843 5 5 0 3 0 0 2
+1 5 0 5 0 0 1
+1 5 5

fn=(54)
849 5 5
+1 5 0 5 0 0 1
+1 5 5

fn=(142) version_check_doit
663 1 0 0 1 0 0 1
+2 1
-2 2 0 2
cfi=(3)
cfn=(4)
calls=1 52 
* 2 2
* 3 1 1
+2 3 2 1 1 0 0 1
cfi=(36) /build/buildd/eglibc-2.15/elf/dl-version.c
cfn=(144) _dl_check_all_versions
calls=1 387 
* 3010 1104 444 21 27 12 21 27 12
* 2
+4 4 3

fn=(26) dl_main
896 6 0 5 1 0 0 1
cfi=(3)
cfn=(4)
calls=1 52 
* 2 2
* 2
+19 2 0 1 1 0 0 1
+3 2 0 1 0 0 1 0 0 1
+4 2 0 1 0 0 1 0 0 1
+1 2 0 1
+5 2 0 1
+3 2 0 1 0 0 1 0 0 1
cfn=(28) process_envvars
calls=1 2561 
* 667 195 44 17 29 5 17 29 5
+7 4 2 0 1 0 0 1
1126 7 0 4 1 0 0 1
cfi=(14) /build/buildd/eglibc-2.15/elf/dl-object.c
cfn=(34) _dl_new_object
calls=1 63 
* 278 60 70 21 2 9 21 2 9
* 1
+2 1
-2 1 0 1 1 0 1 1 0 1
+2 1
+1 2 2
+1 1 1
+1 2 2
-2 1 0 1
+6 1
-5 1 0 1
+1 2 1 1
+4 2 0 1
cfi=(14)
cfn=(50) _dl_add_to_namespace_list
calls=1 34 
* 46 16 17 4 0 0 4
+1 2 1 0 1 0 0 1
905 1 0 1
1157 1 1
+8 1 1
-3 1 0 1
+3 3 2
-8 1 0 1
+1 1 0 1
+2 1 0 1
+5 1 0 0 1 0 0 1
+56 1 1
-34 1
+21 1
+13 1 1
902 1 0 1
1187 1 0 1
+34 2 0 1
-13 3 1 1
-42 24
-1 27
+1 47 9 0 2 4 0 2 4
-1 3 3 0 1 0 0 1
1268 4 2
+3 2 0 0 1 0 0 1
+2 2
+2 3 1
+13 3 1
+1 8 5 3 1 0 0 1
cfi=(18) /build/buildd/eglibc-2.15/string/../sysdeps/i386/i686/multiarch/../strcmp.S
cfn=(56) strcmp
calls=1 34 
* 9 5 0 2 1 0 2 1
* 2
+17 2 1
fi=(4)
106 2 2 0 1 0 0 1
+9 2
+4 1
+2 1 1 0 0 1 0 0 1
-2 1
+2 6 0 1
+3 30 15 15 0 0 2 0 0 2
-3 15 15
+18 15
fe=(2)
892 30
fi=(4)
121 49 19 0 0 2 0 0 2
+18 4
fe=(2)
892 8
fi=(4)
121 12 4 0 0 1 0 0 1
+2 38
+5 16
+1 15 3 3 0 0 1 0 0 1
fe=(2)
1261 2 1 1 1 0 0 1
+1 2 1 1 0 1 0 0 1
+1 1
-6 2 1 1
+1 1
-88 3 2 1 1 0 0 1
+1 1
+50 6 4
-1 2 2
+2 4 2
+1 1 0 1
+3 2 2 0 0 1 0 0 1
+1 2 1
-1 2 2
+1 2 1
+1 2 0 2
+1 6 3
+1 2 0 1
-43 1 1 0 1 0 0 1
-2 2 2
+2 1 0 1
+7 1 1 0 1 0 0 1
-10 1 0 1
+10 2
+18 2 0 1
-37 3 2 1
+1 1
fi=(4)
146 4 2
+38 4 2 0 1 0 0 1
+7 3 1
+5 4 2 0 1 0 0 1
+4 4 2
+1 3 2
+12 4 2
+14 4 2 0 1 0 0 1
+7 4 2 0 1 0 0 1
fe=(2)
1311 2 1 1
cfi=(7)
cfn=(12)
calls=1 861 
* 37 13 11 0 1 0 0 1
+3 2 1
+20 3 1
+94 1 0 1 1 0 0 1
cfi=(9) /build/buildd/eglibc-2.15/elf/../sysdeps/unix/sysv/linux/dl-sysdep.c
cfn=(60) _dl_discover_osversion
calls=1 67 
* 100 16 8 5 1 2 5 1 2
* 8 1 1 1 0 0 1
+5 2 1 1
cfi=(20)
cfn=(64) _dl_init_paths
calls=1 712 
* 4055 867 532 61 6 15 61 6 15
+3 3 1 1
cfi=(25) /build/buildd/eglibc-2.15/elf/dl-debug.c
cfn=(82) _dl_debug_initialize
calls=1 49 
* 32 8 8 2 0 0 2
* 1 0 1 0 0 1 0 0 1
+2 1 0 1
+5 3 1
+4 1 1
+1 1 0 0 1 0 0 1
+2 1 0 1
-2 1 0 1
-1 3 0 1
+1 2 1 1
+3 2 0 2
+5 1 1
-7 1 0 1
+7 1 0 0 1 0 0 1
+5 1 1
+2 2 1 0 0 1 0 0 1
+2 1 1
-1 1 0 1
892 2
1465 1 0 1
+4 1
+1 2
+1 2
-1 1
+1 2 1 0 1 1 0 1 1
+2 2 1 1 0 0 1 0 0 1
+1 2 1 1 0 1 0 0 1
+5 3 1 0 0 1 0 0 1
+5 3 1
911 1 0 1
1665 4 2 0 1 0 0 1
+3 2 1 1
+4 3 1
+5 2 1 1
+1 1 0 1
cfi=(25)
cfn=(84) _dl_debug_state
calls=1 77 
* 1 1 0 1 0 0 1
+4 3 1
+15 4 2 0 1 0 0 1
+4 3 1
+31 5 0 4 1 0 0 1
cfi=(21) /build/buildd/eglibc-2.15/io/../sysdeps/unix/syscall-template.S
cfn=(68) access
calls=1 82 
* 18 5 2
* 2
+77 4 2
+17 2 0 1
+1 3 2
-1 1 0 1
+1 6 1 3 1 0 0 1
cfi=(31) /build/buildd/eglibc-2.15/elf/dl-deps.c
cfn=(120) _dl_map_object_deps
calls=1 149 
* 9776 2931 1868 90 35 21 90 35 21
* 1
+1 1
+2 3 2 1
+3 1 1
-3 1 0 1
+3 5 2
+1 3 1 1 1 0 0 1
-1 2
+1 9 3 3
-1 6
+4 3 2 1
+1 3 1
+1 1 0 1
+2 2
+1 12 7 0 1 0 0 1
-1 6
+47 2 1
+2 1
-2 2
+1 3
-1 1 0 1
+2 1 0 0 1 0 0 1
-1 1 0 1
+1 2 0 1
cfi=(26)
cfn=(140) _dl_receive_error
calls=1 198 
* 3067 1128 464 25 27 12 25 27 12
+11 1 1
-1 1 1
+1 1
-1 1 0 1
+1 1
+3 3 1
+3 1 0 1
cfn=(158) security_init
calls=1 857 
* 28 10 8 2 0 0 2
+2 3 1 0 1 0 0 1
2137 4 2
+56 2 1 0 1 0 0 1
+11 1
-11 1 0 1
+4 3 3
+4 1 1
-4 2 0 2 1 0 0 1
+4 1 0 1
+3 1
+8 2 1
1296 1 0 1 1 0 0 1
+3 1 1
-5 1 0 1
+3 1 0 1
+2 2
+1 2 0 1 1 0 0 1
+4 2 1
fi=(4)
130 4 0 0 2 0 0 2
fe=(2)
2258 5 1 1
+7 1 0 1
+2 2 0 1
+1 1 1
-1 1 0 1
+1 3 1 1 1 0 0 1
+1 1
+2 4 4
-2 4
+2 12 12
+5 8 8
+2 8
+5 4 0 4
+2 8 4 0 1 0 0 1
+1 33 9 15 0 2
cfi=(38)
cfn=(162)
calls=3 154 
* 71500 23225 9518 94 568 142 94 530 136
+4 14 5 0 0 1
+1 2 0 2
cfi=(35)
cfn=(190) _dl_add_to_slotinfo
calls=1 817 
* 26 12 7 4 2 0 4
* 4 0 4
-22 10 0 0 1 0 0 1
+24 1
+2 3 2 1 0 1
+6 1 1
-6 1 0 1
+6 2 0 0 1 0 0 1
+9 5 2
+1 1 0 1
+5 2 1 1
cfi=(35)
cfn=(192) _dl_allocate_tls_init
calls=1 377 
* 140 47 40 7 2 2 7 0 1
+4 2 1
+14 3 2 0 1 1 0 1
+2 4 2
+15 2 0 1
+3 1 1 0 1 0 0 1
-1 1 0 1
+1 1 1
-3 1 0 1
+3 6 1 5
cfi=(38)
cfn=(162)
calls=1 154 
* 6084 2137 862 0 24 2 0 10
+1 1
+2 4 2 2 1 0 0 1
+8 1 0 1
cfi=(8)
cfn=(194) _dl_sysdep_start_cleanup
calls=1 252 
* 1 1 0 1 0 0 1
+4 3 1
+20 3 0 1
cfi=(25)
cfn=(82)
calls=1 49 
* 25 8 4
+1 1 0 1
+1 1 0 1
cfi=(25)
cfn=(84)
calls=1 77 
* 1 1
+4 1 0 1
cfi=(33) /build/buildd/eglibc-2.15/elf/dl-cache.c
cfn=(196) _dl_unload_cache
calls=1 309 
* 27 9 6 3 0 0 3
+5 6 5 0 1 1
fi=(4)
133 4 0 0 1 0 0 1
fe=(2)
1842 1 0 0 1 0 0 1
+13 1 1
-1 1 1
+1 1
-1 1 0 1 1 0 0 1
+1 1
+2 1
+2 3
+2 1 1
-4 1 0 1
+5 1 1
-1 2
+14 2
+1 2 1 1
+1 3 1
2139 1 1
904 2 0 1
1852 2 0 1
1330 3 0 1 1 0 0 1
fi=(4)
136 4 0 0 1 0 0 1
+1 1
+1 3 0 1
fe=(2)
1457 4 1 1
-11 4 2 1 2 0 0 2
729 1 1
-4 1 1
+4 1
-4 1 0 1
+4 2 0 1
cfn=(150)
calls=1 -7 
* 754 143 419 17 1 20 17 1 20
* 2 0 1
1708 2 0 2 1 0 0 1
cfi=(11) /build/buildd/eglibc-2.15/string/../sysdeps/i386/i686/multiarch/../../i586/strlen.S
cfn=(22) strlen
calls=1 47 
* 129 17
* 10 0 4
cfi=(17) /build/buildd/eglibc-2.15/string/../sysdeps/i386/i686/multiarch/../memcpy.S
cfn=(48) memcpy
calls=1 44 
* 32 17 12
* 1 0 1
+3 2 0 1
+7 2
-7 2 0 1 1 0 0 1
-12 2 0 2
+19 1 0 1
-4 4 1 3
cfi=(16)
cfn=(80) strsep
calls=1 320 
* 890 149 7
* 4 1 3
cfi=(16)
cfn=(80)
calls=1 320 
* 26 12 6
* 6
+1 2 1
+1 3 1 0 1 0 0 1
+2 5 2 2
cfn=(86)
calls=1 810 
* 2923 798 488 91 14 22 91 14 22
* 2 0 1
+2 1 0 0 1 0 0 1
+1 2 2
+1 3 0 2 1 0 0 1
fi=(4)
191 2 0 0 1 0 0 1
fe=(2)
2280 1 0 1 1 0 0 1
+1 1 1
-3 2
1813 4 1 0 1 0 0 1
+1 1
-1 3
+4 1 0 1 1 0 0 1
+1 1 1
-1 1
+2 2
+1 2 1

fn=(158)
857 3 0 2 1 0 0 1
cfi=(3)
cfn=(4)
calls=1 52 
* 2 2
* 2 0 1
+2 1 1
fi=(37) /build/buildd/eglibc-2.15/elf/../sysdeps/unix/sysv/linux/dl-osinfo.h
74 2
+23 1 1
+2 2 0 1
fe=(2)
861 1 0 1
+6 3 1
+2 1 1
fi=(37)
114 2 0 0 1 0 0 1
+11 1 1
fe=(2)
872 1 0 1
+2 1 0 1
+6 1 0 1
+1 4 3

fn=(90) _dl_initial_error_catch_tsd
801 4 0 4 1 0 0 1
cfi=(21)
cfn=(70) 0x00018ba7
calls=4 84 
* 8 8
* 4
+3 8 4

fn=(28)
2561 6 0 5 1 0 1 1 0 1
cfi=(3)
cfn=(4)
calls=1 52 
* 2 2
* 3 0 1
+8 2 1 0 1 0 0 1
-7 1 1
+7 1
-7 1 0 1
+7 2
-4 1
2727 1
2564 1
+5 1 0 1
2727 2 0 1
2571 2 0 1 0 0 1 0 0 1
cfi=(13)
cfn=(30)
calls=1 30 
* 53 18 2 1 2 0 1 2
* 4 0 2
cfi=(13)
cfn=(30)
calls=2 30 
* 290 99 3 0 22 0 0 22
* 9
+4 46 2 0 1 0 0 1
+1 19
-1 57 19
+3 4
+6 12 2 0 0 1 0 0 1
2733 2 1 1 0 0 1 0 0 1
+4 3 1 0 1 0 0 1
+33 2
+22 6 5
2660 6 0 5 2 0 0 2
cfi=(3)
cfn=(32) bcmp
calls=1 58 
* 35 15 3 4 2 0 4 2
* 3 1
-53 6 0 5 1 0 0 1
cfi=(3)
cfn=(32)
calls=1 58 
* 30 11 3 2 1 0 2 1
* 3 1
+7 6 0 5 1 0 0 1
cfi=(3)
cfn=(32)
calls=1 58 
* 36 15 3 1 1 0 1 1
* 3 1
+2 2 0 1 0 0 1 0 0 1
+1 1
+45 2 0 1 1 0 1 1 0 1
+1 1

fl=(33)
fn=(130) _dl_load_cache_lookup
183 5 0 5 1 0 0 1
cfi=(3)
cfn=(4)
calls=1 52 
* 2 2
* 3 0 1
+8 2 1
+3 4 1 1 1 0 0 1
+51 4 1 1
+11 1 1
fi=(34) /build/buildd/eglibc-2.15/elf/../sysdeps/i386/dl-procinfo.h
101 6 0 2 1 0 0 1
+3 3 0 3
cfi=(18)
cfn=(56)
calls=1 -70 
* 16 7
* 9 0 9
cfi=(18)
cfn=(56)
calls=3 -70 
* 71 27
* 8
-2 12
fe=(33)
260 1 0 0 1 0 0 1
+19 1
-19 3 0 3
cfi=(21)
cfn=(68)
calls=1 82 
* 18 5 2
+4 1 1
+15 2 2
-19 1 0 1
+4 7 3 2 1 0 0 1
+1 1
+14 1
-15 2 0 1
+15 1
-25 1 1
+25 1
-25 1 1
+25 1
-25 2 1
+25 2 1 0 0 1 0 0 1
-25 1 0 1
+25 115 37 8 1 7 0 1 7
cfn=(136) _dl_cache_libcmp
calls=8 140 
* 865 201 66 6 9 0 6 9
* 32 0 0 1 0 0 1
+21 7 5
fi=(34)
105 1 0 0 1 0 0 1
fe=(33)
258 10 0 2
-61 4 0 1 1 0 0 1
cfi=(28) /build/buildd/eglibc-2.15/elf/dl-misc.c
cfn=(132) _dl_sysdep_read_whole_file
calls=1 44 
* 103 33 31 5 0 0 5
+8 1
-8 1 0 1
+8 5 1 1
+1 6 1 4 1 0 0 1
cfi=(3)
cfn=(32)
calls=1 58 
* 40 17 3 0 2 0 0 2
* 2
+4 2 1 1
+3 3 1
+3 2 1
+1 2 1 0 1 0 0 1
-1 1 0 1
+1 1
+1 5 0 4
cfi=(3)
cfn=(32)
calls=1 58 
* 43 19 3 0 2 0 0 2
* 2
+18 3 1
+43 13 5 2 2 0 0 2
cfn=(136)
calls=1 140 
* 108 25 8 0 1 0 0 1
* 24 9 3 1 0 0 1
cfn=(136)
calls=1 140 
* 204 46 15
* 19 5 1 1 1 0 1 1
+16 4 1
-16 26 12 2 3 0 0 3

fn=(136)
140 50 0 30 1 0 0 1
+1 48 12 12 1 0 0 1
+2 53 53
+2 53 53 0 0 10 0 0 10
-2 159
+2 106
-2 53
+2 4
+7 2
-1 2 2
+1 10 0 4
+1 2 2 0 1 0 0 1
-2 4
+2 8
+2 12 4 0 1 0 0 1
+2 4 2
+6 102 0 0 1 0 0 1
+2 153 51
+4 43
+1 43
-29 172 43 43 1 0 0 1
+32 2 2
+1 8 6
-1 2
+1 10 10
-8 8
+8 8
-8 8
+8 8 8
-8 16
+8 24 24

fn=(196)
309 2 0 2 1 0 0 1
cfi=(3)
cfn=(4)
calls=1 52 
* 2 2
* 2
+1 4 1 0 1 0 0 1
+2 4 1 3
cfi=(45)
cfn=(198) munmap
calls=1 82 
* 9 3 0 1 0 0 1
+1 1 0 1
+2 3 2

fl=(1)
fn=(202) 0x000011c0
0 2 2

fn=(324)
0 21 10 0 1 0 0 1

fn=(0) 0x000011d0
0 2 0 1 1 0 1 1 0 1
cfi=(2)
cfn=(2)
calls=1 368 
0 103182 32496 14786 557 761 278 554 697 268
0 2 0 1
cfn=(202)
calls=1 0 
0 2 2
0 17 3 6
cfi=(46) /build/buildd/eglibc-2.15/elf/dl-init.c
cfn=(206) _dl_init
calls=1 93 
0 7549 2501 1634 55 16 6 54 10 4
0 3 1
cob=(5)
cfi=(56)
cfn=(256)
calls=1 0 
0 113131115 47019042 27016597 468 1064056 62666 465 53887 62636

fl=(32) /build/buildd/eglibc-2.15/io/../sysdeps/unix/sysv/linux/xstat64.c
fn=(128) __xstat64
47 16 0 16 1 0 0 1
+3 16 16
-3 16 0 16
cfi=(3)
cfn=(4)
calls=16 +5 
* 32 32
* 16
+3 112 16
+34 2 2
-34 45 0 15
+34 30 30

fl=(18)
fn=(56)
34 219 219 0 1 0 0 1
+1 219 219
+4 219 219 0 0 18 0 0 15
+1 219 219 0 0 17 0 0 10
+1 219
-2 1149 1149 0 0 3 0 0 3
+1 1149 1149 0 0 1
+1 1149
+1 1271
+1 1271
+1 1271
+1 1271
+2 122
+6 122 122
+3 97
+1 97 0 0 1 0 0 1
+1 97
+12 97 97

fl=(57)
fn=(264)
29 10 0 10 1 0 0 1
+2 10 0 10
+2 10 0 10
+2 10 10
+1 10 10
+1 10 0 10
cfi=(58) /build/buildd/eglibc-2.15/elf/dl-runtime.c
cfn=(266) _dl_fixup
calls=10 +37 
* 7911 2800 1144 5 161 30 5 117 20
+1 10 10
+2 10 10
+1 10 0 10
+1 10 10
+1 10 10

fl=(45)
fn=(188)
82 36 16 4 1 0 0 1
+1 4 4

fn=(198)
82 8 2 0 1 0 0 1
+1 1 1

fl=(35)
fn=(156) allocate_dtv
289 3 0 2 1 0 0 1
cfi=(3)
cfn=(4)
calls=1 52 
* 2 2
* 4 0 2
+8 1 0 1
-1 1 1
+1 3 0 2 1 0 0 1
cfi=(16)
cfn=(38)
calls=1 104 
* 71 25 18
* 1 1
+1 2
-2 2 0 1 0 0 1 0 0 1
+11 2 0 1
+6 6 4

fn=(138) _dl_next_tls_modid
51 3 0 2 1 0 1 1 0 1
cfi=(3)
cfn=(4)
calls=1 +1 
* 2 2
* 4 0 3
+3 3 2
+48 2 0 1
+4 6 5 0 1 0 0 1

fn=(152)
113 5 0 5 1 0 0 1
cfi=(3)
cfn=(4)
calls=1 -61 
* 2 2
* 2
+6 4 1 1
+3 4 2 0 1 0 0 1
+36 3 1
+2 10 1 6 1 0 0 1
-2 6 3 1
+5 1 1 0 1 0 0 1
-1 1 1
+5 1 1
-4 1
-1 2
+3 4 2 1
+2 2 2 0 1 0 0 1
+12 2
-12 4 0 2
+16 4 1
+2 2 2
+1 1 1
-3 2
+2 2
+10 1 0 1 1 0 0 1
-12 2 0 1
+15 8 4 1 1 0 0 1
+52 1 1
-51 1 0 1
+51 1 0 1
+1 6 5

fn=(190)
817 3 0 2 1 0 0 1
cfi=(3)
cfn=(4)
calls=1 52 
* 2 2
* 5 1 3 1 0 0 1
+6 1 1
+3 2 1 0 0 1
+5 3 1
+42 1 1 0 1 1 0 1
-1 1 0 1
+2 2 2 0 1 0 0 1
-1 2 0 1
+1 4 3

fn=(154)
329 3 0 2 1 0 0 1
cfi=(3)
cfn=(4)
calls=1 52 
* 2 2
* 4 0 3 1 0 0 1
+2 1 1
+11 4 1 3
cfi=(16)
cfn=(46) __libc_memalign
calls=1 53 
* 73 24 19
* 1 1
+1 1
-1 1
+1 1
+7 1
+4 318 0 304 1 0 19 1 0 19
+11 2 0 1
cfn=(156)
calls=1 -76 
* 98 33 27 2 0 1 2 0 1
+1 2
+5 6 5

fn=(192)
377 6 0 5 1 0 0 1
cfi=(3)
cfn=(4)
calls=1 52 
* 2 2
* 1
+1 1
-1 1 0 1
+1 1
+4 1 1 0 1 1 0 1
+3 1
+5 1 1
-6 1 0 1
-2 1 0 1
+8 3 1 1
+5 8 3
+6 4 1 0 1 0 0 1
-25 2
+47 2 1
+1 6 3 2
+2 2 1 0 1 0 0 1
+1 3 1 1
+8 3 2
+1 1 0 1 0 0 1
-1 1 0 1
+2 6 2 4
cfi=(22)
cfn=(72)
calls=1 44 
* 16 6 2 0 1 1 0 0 1
* 6 2 4
cfi=(30) /build/buildd/eglibc-2.15/string/../sysdeps/i386/i686/multiarch/../memset.S
cfn=(114) memset
calls=1 52 
* 33 6 15
-42 4 2
+6 5 2
+3 1 1 0 1 0 0 1
+1 2
+6 1 1
+3 1 1 0 1 0 0 1
-3 2
+2 2
+38 2 1 1 1 0 0 1
+3 7 6

fl=(10) /build/buildd/eglibc-2.15/elf/../sysdeps/unix/sysv/linux/i386/brk.c
fn=(18) brk
36 5 1 3 1 0 0 1
cfi=(3)
cfn=(4)
calls=1 +16 
* 2 2
* 1
+5 6
+2 1 0 1
+8 1
-6 2
+7 4 3

fl=(29) /build/buildd/eglibc-2.15/io/../sysdeps/unix/sysv/linux/fxstat64.c
fn=(112) __fxstat64
46 3 0 3 1 0 0 1
+3 3 3
-3 3 0 3
cfi=(3)
cfn=(4)
calls=3 +6 
* 6 6
* 3
+3 21 3 0 1 0 0 1
+33 6 6

fl=(28)
fn=(98) _dl_name_match_p
305 270 0 180 1 0 1 1 0 1
cfi=(3)
cfn=(4)
calls=45 52 
* 90 90
* 90
+1 180 45 135 0 0 4 0 0 2
cfi=(18)
cfn=(56)
calls=45 34 
* 412 227 0 0 9 0 0 5
+1 45
-1 90
+3 45 45
+8 45
-6 90
+4 46 46
-4 92
+1 196 49 147 1 8 0 1 4
cfi=(18)
cfn=(56)
calls=49 34 
* 748 331 0 0 7 0 0 4
* 98
+1 3
+5 60 12
-1 42
+1 210 168

fn=(132)
44 3 0 2 2 0 0 2
cfi=(3)
cfn=(4)
calls=1 +8 
* 2 2
* 6 0 3
+7 3 0 3
cfi=(21)
cfn=(106) open
calls=1 +31 
* 10 5 1
-6 1 0 1
+7 1
-1 1
+1 1
+2 5 0 4 1 0 0 1
cfi=(29)
cfn=(112)
calls=1 -8 
* 15 6 2
* 2
+2 1 1
+3 1
-3 1 0 1
+3 1
+13 2 0 2
cfi=(21)
cfn=(118) close
calls=1 +10 
* 8 2
+3 7 6
-14 7 0 7 1 0 0 1
cfi=(23) /build/buildd/eglibc-2.15/misc/../sysdeps/unix/sysv/linux/i386/mmap.S
cfn=(74) mmap
calls=1 -26 
* 23 11 4
* 2 0 1 1 0 0 1

fl=(8)
fn=(194)
252 1 1 0 1 0 0 1

fn=(66) _dl_important_hwcaps
354 6 0 5 1 0 0 1
cfi=(3)
cfn=(4)
calls=1 52 
* 2 2
* 4 0 2
+3 1 1
-3 1 0 1
+3 1
-1 5 4 1
+1 3 0 1 1 0 0 1
+9 2 1
-10 1 0 1
+10 5
+1 7 2
-1 1
+1 1
+1 1
-2 1
+2 1 0 1
-2 6 0 0 1 0 0 1
+1 182 52
-1 26
+1 26
+1 26
-2 26
+2 26 0 26
-2 318 54
+10 1 1
-1 1
+1 2 1 1
-2 1
+2 2
+44 5 0 4 1 0 0 1
cfi=(21)
cfn=(68)
calls=1 82 
* 18 5 2 2 0 0 2
* 3 1
-2 2 1 0 1 0 0 1
+17 3 0 0 1 0 0 1
-17 1 0 1
+17 2
+3 2
+27 9 2 1 1 0 0 1
+1 270 54 0 1 0 0 1
+2 10 4 4 0 0 1 0 0 1
+1 48 6 0 0 3 0 0 3
+1 2
-1 4 0 2
+1 16 2
+1 2 0 2
-1 10 2 4
-5 140 57 0 2 0 0 2
+8 3 1
+2 2 1
+1 1 1
-1 1 0 1
+1 3 0 1
+4 1
+4 1 1
-4 2 0 1 1 0 0 1
+1 1 0 1
+3 1
+3 1 1
+1 1 1
-1 1
+4 3 2
+1 2
+18 7 2 2 1 0 0 1
+1 5 0 3
cfi=(16)
cfn=(42) malloc
calls=1 95 
* 47 16 12 0 0 1 0 0 1
* 1 1
+1 2 1
-1 1 0 1
+1 1
+7 2 1
+22 3 2
+3 1 1
-3 2 0 2
+3 1 0 0 1 0 0 1
+7 18 6 6
+6 1 1
-3 1
+3 5 1 4 1 0 0 1
cfi=(22)
cfn=(72)
calls=1 44 
* 16 6 2 2 1 1 2 1 1
* 3 3
-3 3
+3 15 3 12
cfi=(22)
cfn=(72)
calls=3 44 
* 48 18 6
* 4 0 4
+3 4 4
-3 4
+3 24 4
+1 32
+1 28 8 20 1 0 0 1
cfi=(22)
cfn=(72)
calls=4 44 
* 60 20 4
* 12 4 4
-2 8
+5 24 8 16
cfi=(22)
cfn=(72)
calls=4 44 
* 60 20 4
* 8 0 4
+2 8 0 0 1 0 0 1
+5 7 2
+1 16 0 16 0 0 1 0 0 1
-1 50 1
+8 1 1
-3 4 0 1
+3 5 3 0 1 0 0 1
-3 12 0 3
+3 18 8
+1 96 32
+1 32 32
-1 32
+1 64 0 32
-2 32
+1 64 32
-1 96
+4 8
+3 1 1
+1 1 1
+1 3 1 2 1 0 0 1
-2 1
+1 1
-1 1
+2 1 1
-2 1 0 1
+2 3
352 6 3
592 9 6 3
+3 3
-6 6 3
+2 18
352 6 3 0 1 0 0 1
594 6 3 3
+1 3
-6 6 3
352 5 3
602 2 1
352 1
602 5 1 1
+1 1
+2 2
-3 21 7 7
+1 7
+2 14
+3 4 3 1
+3 7 6
494 1 0 0 1 0 0 1
+1 5
+1 2 1
-1 3 1
+1 2 1
-1 3 1
+2 2 1
+1 2 1
+2 2 1
-1 1
+1 1
-1 2
+5 4 1
-56 2 0 0 1 0 0 1
-12 2 0 1 1 0 0 1

fn=(14)
89 7 1 5 1 0 1 1 0 1
cfi=(3)
cfn=(4)
calls=1 -37 
* 2 2
* 1
+25 1 1
-1 1 0 1
+1 204 50 3 1 3 1 1 3 1
+6 1 1
-6 1
-23 1
+26 1
-3 1 0 1
+3 1 0 1
+3 1
-2 1 0 1 0 0 1 0 0 1
-28 1 0 1
+30 15 7 7 2 1 0 2 1
-10 1
+10 6 1 4
-29 2 0 1
+30 105 16 0 0 2 0 0 2
+3 3 1 1
-4 1
-34 2
+34 13 1 0 1 0 0 1
-34 20
+34 47 21 6 1 2 0 1 2
+93 2 1
-93 4 0 4 1 0 0 1
+93 1
fi=(9)
36 2 0 2
cfi=(10)
cfn=(18)
calls=1 * 
* 22 6 4 1 0 0 1
fi=(5)
267 5 2 0 0 1 0 0 1
fe=(8)
-38 2 0 2 1 0 0 1
cfi=(12)
cfn=(24)
calls=1 35 
* 23 9 4 3 0 0 3
* 3
+12 3 1
+3 8 3 5
cfi=(2)
cfn=(26)
calls=1 896 
* 101752 32132 14602 511 733 261 510 671 252
+2 7 6 0 0 1
-67 1 1 0 1 0 0 1
-59 1
+59 1 0 1
-93 2
+34 3 1 0 0 1 0 0 1
+34 1 1 0 1 0 0 1
-34 1
+34 1 0 1
-68 2
+34 3 1
+43 1 1
-43 1
-34 2
+34 1 1
+43 1 0 1
-43 2
+40 1 1 0 1 0 0 1
-40 1
+40 1
-74 2
+34 1 1
+40 2 0 2
-40 2
+37 1 1
-37 1
-34 2
+34 1 1
+37 1 0 1
-37 3
+13 1 1 0 1 0 0 1
-13 1
-34 2
+34 1 1
+13 1 0 1
-13 2
+10 1 1 0 1 0 0 1
-10 1
-34 2
+34 1 1
+10 1 0 1
-10 2
+7 1 1
-7 1
+7 1 0 1
-41 2
+34 3 1 0 1 0 0 1
227 2 0 2
cfi=(11)
cfn=(22)
calls=1 47 
* 32 6 0 4 0 0 4
* 2 0 1

fl=(14)
fn=(50)
34 9 0 6 1 0 0 1
cfi=(3)
cfn=(4)
calls=3 +18 
* 6 6
* 18 0 9
+2 9 3 6 1 0 0 1
cfi=(2)
cfn=(52)
calls=3 843 
* 9 6 3 1 0 0 1
+2 16 3
+3 18 5
+2 2 0 2
+2 2 0 2
+4 2
+1 2 2
+3 2 0 2
-4 2 0 2
+1 4 2 2
+1 2
-1 2 0 2
+1 6 0 4
+2 2 2 2
cfi=(2)
cfn=(54)
calls=2 849 
* 6 4 2
-4 1
+1 1 1
+3 1 0 1
-4 1 0 1
+1 2 1 1
+1 1
-1 1 0 1
+1 3 0 2
+2 1 1 1
cfi=(2)
cfn=(54)
calls=1 849 
* 3 2 1
+1 18 15
-6 2 0 1 1 0 0 1

fn=(34)
63 15 0 15 1 0 0 1
cfi=(3)
cfn=(4)
calls=3 -11 
* 6 6
* 6
+1 3 0 3 0 0 1 0 0 1
-1 12 3 9
+1 3 0 3
cfi=(11)
cfn=(22)
calls=3 -17 
* 167 25 0 0 1 0 0 1
+6 6 3
-6 3
+6 3
+7 18 0 15 1 0 0 1
cfi=(16)
cfn=(38)
calls=3 +27 
* 220 76 55 7 0 4 7 0 4
* 3 3 0 1 0 0 1
+3 9 6
-3 3
+3 3
+4 3
-20 3
+20 3 0 3 1 0 3 1 0 3
-1 3 0 3 0 0 2 0 0 2
+5 6 0 3
+1 21 3 15
cfi=(17)
cfn=(48)
calls=3 -45 
* 90 35 20 3 0 3 3 0 3
* 3 3
+2 3 0 3 0 0 2 0 0 2
-2 3 0 3
+4 3 3
+1 3 3
-1 3 0 3
+1 15 3 3 1 3 0 1 3
+3 6 3
+6 3 3
+3 3
-7 3 0 3
+4 3 0 3
+3 5
+2 1 0 1 0 0 1 0 0 1
-2 3 0 0 1 0 0 1
+2 15 0 15 0 0 1 0 0 1
-2 45
+12 3
+4 3
-4 3 0 3 0 0 2 0 0 2
+6 3 3
-5 3 0 3
+5 9 3
+2 6 0 2
+3 7 0 0 1 0 0 1
+4 6 2
+4 8
+8 1 0 1
+3 2 0 1
+3 4 2 0 1 0 0 1
-3 4 0 2
+3 8 4
+2 6 0 6
cfi=(11)
cfn=(22)
calls=2 47 
* 200 26
+4 2 2
-4 2
+4 2
-4 2 0 2
+4 2
+68 21 15
70 30 3 0 2 0 0 2
+67 6 2
-39 6 0 3 1 0 3 1 0 3
+31 1
+8 4
+24 4 0 4
cfi=(16)
cfn=(42)
calls=2 -66 
* 94 32 24
* 2 2
* 2
+1 6
+45 12 4 8 1 0 0 1
cfi=(22)
cfn=(72)
calls=2 44 
* 48 28 20 0 0 2 0 0 2
* 2
+5 38
+1 38 38
-1 38
+1 40 2
-1 2
+1 2
+2 4
+3 2 0 2
+3 4 0 2

fl=(24) /build/buildd/eglibc-2.15/string/../sysdeps/i386/i686/multiarch/../../i586/strchr.S
fn=(76) index
49 6 0 6 1 0 0 1
+2 6 0 6
+3 6 0 6
+2 6 0 6 0 0 1 0 0 1
+3 6 6
+1 6 6
+3 6
+2 6
+6 6
+1 6
+2 6
+1 6
+2 6
+1 6
+2 6
+2 2 0 0 1 0 0 1
+1 2
+2 1 1
+1 1
+2 1
+1 1
+2 1 1
+1 1
+2 1
+1 1
+2 1
+1 1
+2 1
+1 1
+2 1
+2 1 1 0 0 1 0 0 1
+2 1
+1 1
+2 1
+1 1
+2 1
+10 1 1
+1 1
+2 1
+1 1
+25 1
+1 1
+2 1
+1 1
-33 5 5 0 1 1 0 1 1
+1 5
+2 5
+1 5
+25 5
+1 5
+2 5
+1 5
-4 2
+1 2
+2 2
+1 2
+2 8
+1 8
+2 8
+1 8
+2 8
+1 8
+2 8 8
+1 8
+2 8
+1 8 0 0 1 0 0 1
+2 8
+1 8
+2 8
+1 8
+2 8
+1 8
+2 7
+1 7
+2 7
+1 7
+2 7
+1 7
+2 7
+1 7
+2 7
+1 7
+2 7 7
+1 7 0 0 1 0 0 1
+2 7
+1 7
+2 7
+1 7
+2 7
+1 7
+2 7
+1 7
+2 7
+1 7
+2 7
+1 7
+2 7
+1 7
+2 7
+1 7
+2 5
+1 5
+2 5 5
+1 5 0 0 1 0 0 1
+2 5
+1 5
+2 5
+1 5
+2 5
+1 5
+2 5
+1 5
+2 5
+1 5
+2 5
+1 5
+2 4
+1 4
+2 4
+1 4
+2 2
+1 2
+2 2 2
+1 2
+2 2
+1 2
+2 2
+1 2
+2 2
+1 2
+2 2
+2 2
+4 1
+1 1
+2 1
+17 6 6
+3 6 6
+4 6 6
+3 6 6
+5 6 6
+9 5 0 0 1 0 0 1
+1 5
+2 5
+2 5
+1 5
+2 3
+2 3
+1 3
+2 3
+1 3
+17 5
+2 5

fl=(46)
fn=(206)
93 6 0 5 1 0 0 1
cfi=(3)
cfn=(4)
calls=1 -41 
* 2 2
* 2
+2 1 1
-2 1 0 1
+1 1 1 0 1 0 0 1
-1 1 0 1
+5 3 1
+7 2
+27 1 1
+1 4
+1 9 5 3 1 0 0 1
cfn=(208) call_init
calls=1 -98 
* 34 14 8 0 1
* 27 15 9
cfn=(208)
calls=3 -98 
* 7342 2418 1579 39 14 5 39 9 4
-1 8
+7 6 5
-40 7 3 4 1 0 0 1
cfn=(208)
calls=1 -64 
* 89 34 23 11 1 1 10 1
+1 3 1 1 1 0 0 1

fn=(208)
36 35 5 20 1 0 0 1
+1 5 5
-1 5 0 5 0 0 1
cfi=(3)
cfn=(4)
calls=5 +16 
* 10 10
* 10 5
+1 10
+9 4 4
-3 12 0 8 1 0 0 1
+3 16 4 4 0 1
+5 9 3
+5 4 2
+8 4
+2 4 4
+4 10 0 10 1 0 0 1
cob=(3)
cfi=(48)
cfn=(232)
calls=1 -17 
* 155 49 30 13 4 3 13 0 3
cob=(2)
cfi=(15)
cfn=(210) 0x040252f8
calls=1 -70 
* 42 16 10 6 1 0 5 1
* 2 2
+4 2 2 0 0 1
+1 4
+6 1 1
+2 1 1
-2 1 1
+2 3 1 2
-2 1
+3 10 1 3
+1 7 4 4
cob=(3)
cfi=(52)
cfn=(240)
calls=1 -44 
* 11 7 2 1 0 0 1
* 14 8 8
cob=(3)
cfi=(55)
cfn=(252)
calls=1 -7 
* 12 6 3 2 0 0 2
cob=(3)
cfi=(53)
cfn=(242)
calls=1 552 
* 7017 2298 1501 23 9 2 23 9 1
-1 9
+3 30 25 0 2 0 0 2
-35 2 1
-5 3 1

fl=(20)
fn=(126) open_path
2127 6 0 4 1 0 0 1
+1 1 1
-1 1 0 1
cfi=(3)
cfn=(4)
calls=1 52 
* 2 2
* 3 0 2
+1 1 1
+6 1
-6 1 0 1
+6 1 0 0 1 0 0 1
+5 1 1
-7 1 0 1
-1 1 0 1
+8 12 3 2 1 0 0 1
+34 3 0 1
-22 3 2
+7 7 3 4 1 0 0 1
cfi=(22)
cfn=(72)
calls=1 44 
* 19 9 5
* 1 0 1
+1 7 1 2
+20 32
-20 79 16 16
+3 32 16 0 1 0 0 1
+4 144 80 64
cfi=(22)
cfn=(72)
calls=16 44 
* 272 112 48
* 96 32 64 1 0 0 1
cfi=(22)
cfn=(72)
calls=16 44 
* 272 112 48
* 16
+6 16 16
-3 16 16
+3 32 16
+3 176 80 96 1 0 0 1
cfn=(104) open_verify
calls=16 1857 
* 848 304 240 0 0 2 0 0 2
+2 16 16
-2 16
+2 48 16
+67 6 2 0 1 0 0 1
+5 1 1
+2 1 0 1
-2 1 0 1
+2 4 2
+3 3 1
+13 1
+1 7 5
-84 48 16 0 1 0 0 1
+1 96 64 0 1 0 0 1
+6 64 32 16
+2 96 16 64
cfi=(32)
cfn=(128)
calls=16 47 
* 285 96 47 1 0 0 1
* 32
+1 4 1
+2 30 0 15 1 0 0 1
+7 32 0 16
-5 3 0 1 1 0 0 1

fn=(64)
712 6 0 5 1 0 0 1
cfi=(3)
cfn=(4)
calls=1 52 
* 2 2
* 3 0 1
+15 6 2 2
cfi=(8)
cfn=(66)
calls=1 354 
* 2432 555 240 26 4 4 26 4 4
* 2 0 1
+5 2 0 2 1 0 0 1
cfi=(16)
cfn=(42)
calls=1 95 
* 47 16 12
* 1 1
+1 1
-1 1 0 1
-1 1 0 1
+2 1
+8 1 1
-1 1
+1 1
-1 4
+5 3 0 2 1 0 0 1
cfi=(16)
cfn=(42)
calls=1 95 
* 87 30 24 1 0 0 1
* 1 1
-1 1 1
+3 1
-3 1 0 1 0 0 1 0 0 1
+3 1
+15 2 0 1
+2 3 0 2 0 0 1 0 0 1
+3 2 0 1
+2 2 0 1
+7 1
-65 1
+65 1
-65 1
+42 1 0 1 1 0 0 1
-42 1
+43 1 0 1
+11 1 0 1
+3 1 0 1
+8 1 0 1
-65 1 0 1
+62 20 8
+1 4 0 4 0 0 1 0 0 1
-1 12
+1 60 0 60 0 0 3 0 0 3
-1 184 0 4 1 0 0 1
+3 8
-14 3 3
+2 3 3
+12 3 0 3
-7 3 3
-7 6 0 3
+2 3 0 3 0 0 1 0 0 1
+4 3 3 0 0 1 0 0 1
+1 3
-7 3 0 3
+5 3 3
-2 3 0 3
+3 3 0 3
-1 3 0 3
+2 3
+3 3 3
-3 6 3 3 1 0 0 1
+3 6 3 0 0 1 0 0 1
-3 3 0 3
-7 3 3
+10 3 3
-10 3 0 3
+10 6 0 3
+15 1 1
-11 1 0 1
+7 1 1
-1 1 0 1 0 0 1 0 0 1
+6 1
-5 1 0 1 1 0 0 1
+5 1
+2 4 1
+2 3 1
+32 6 3 0 1 0 0 1
+8 3 0 3
cfi=(24)
cfn=(76)
calls=1 49 
* 114 13 4 7 0 0 7
* 2
+2 3 1 2 1 0 0 1
cfi=(11)
cfn=(22)
calls=1 47 
* 55 9
* 11 1 4
cfi=(17)
cfn=(48)
calls=1 44 
* 25 10 5
* 1
+17 7 3 0 1 0 0 1
+2 1
+1 2
+1 1
-4 3 1
+2 13
+1 26
+1 13
-4 40 13
+8 2 0 2
cfi=(16)
cfn=(42)
calls=1 95 
* 47 16 12
* 1 1
+1 1
-2 1 0 1
+2 1
+6 10 1 5 1 0 0 1
cfn=(78) fillin_rpath
calls=1 491 
* 642 136 84 14 0 3 14 0 3
+4 4 2
+6 1 0 1
+4 6 5
-72 1 1 0 1 0 0 1
-2 1 0 1
+2 2
+11 2 0 1 1 0 0 1

fn=(100) expand_dynamic_string_token
421 3 0 2 1 0 0 1
cfi=(3)
cfn=(4)
calls=1 52 
* 2 2
* 1 0 0 1 0 0 1
+10 2 0 2
-10 6 1 4
+10 1 0 1
cfi=(24)
cfn=(76)
calls=1 49 
* 260 19 4 0 0 1 0 0 1
* 2
+4 1
+11 5 4 0 1 0 0 1
-11 1
cfn=(102) local_strdup
calls=1 160 
* 232 57 38 1 0 1 1 0 1

fn=(102)
160 6 0 4 1 0 0 1
cfi=(3)
cfn=(4)
calls=2 52 
* 4 4
* 2
+1 2 0 2
-1 6 0 4
+1 2 0 2
cfi=(11)
cfn=(22)
calls=2 47 
* 211 28 0 0 1 0 0 1
* 2
+1 4 0 4
cfi=(16)
cfn=(42)
calls=2 -67 
* 94 32 24
* 2 2
* 2
+3 2
-1 4
+3 8 0 8
cfi=(17)
cfn=(48)
calls=2 44 
* 67 32 22 0 0 1 0 0 1
+1 10 8

fn=(104)
1857 108 0 72 1 0 0 1
+36 18 18
-36 36 18 18 0 0 1 0 0 1
cfi=(3)
cfn=(4)
calls=18 52 
* 36 36
* 36 0 18 0 0 1 0 0 1
+36 18
-36 36 0 36 1 0 0 1
+36 69 17
+21 72 18 54 1 0 0 1
cfi=(21)
cfn=(106)
calls=18 82 
* 324 122 50 2 0 0 2
+1 18
-1 18 0 18 1 0 0 1
+1 18
+11 2 2
-1 2 0 2
+1 10 0 8
cfi=(21)
cfn=(108) read
calls=2 82 
* 20 10 2 2 0 0 2
* 2 2
+7 2
-7 4 0 2
+7 2
+16 10 0 8 1 0 0 1
cfi=(3)
cfn=(32)
calls=2 58 
* 62 26 6 0 1 0 0 1
* 4
+2 4 4
-2 4
+4 14 2 8 1 0 0 1
cfi=(3)
cfn=(32)
calls=2 58 
* 72 30 6
-4 4
+60 6 4
+5 4 2
+2 6 2
+6 6 4 0 1 1 0 1 1
+7 2 2
+1 2 2
-1 4
+1 6
+1 6 2 2
+15 82 18
+2 36 17 0 1 2 0 1 2
+4 10 6
+1 12 0 4 1 0 0 1
+13 2 2
+1 2 2
-1 2
+1 2
-1 2
+1 2
-2 2
+4 6
+5 1
+1 1
-13 5 1 4
cfi=(3)
cfn=(32)
calls=1 58 
* 39 17 3
* 10 2 8 1 0 0 1
cfi=(3)
cfn=(32)
calls=2 58 
* 68 26 6 0 2 0 0 2
* 6
+16 4 1
+3 1 1
+1 1 1
+1 1 1
+1 3 1
+1 3 1
-4 1
+1 2
+1 1
-1 2
-1 1
+4 2
+28 130 111 0 2 0 0 2

fn=(110) _dl_map_object_from_fd
916 12 0 10 1 0 0 1
cfi=(3)
cfn=(4)
calls=2 52 
* 4 4
* 6 0 2 0 0 1 0 0 1
+11 2 2
-11 2 0 2 0 0 1 0 0 1
+11 4 0 2 0 0 1 0 0 1
cfi=(25)
cfn=(82)
calls=2 49 
* 50 16 8 1 0 0 1
* 2 0 2 1 0 0 1
+4 12 2 8
cfi=(29)
cfn=(112)
calls=2 46 
* 30 12 4 2 0 0 2
* 4
+11 12 4 2 1 0 0 1
+1 14 8 4
-1 15 5
+1 40 15 0 1 1 0 1 1
+17 6 2 0 1 0 0 1
+25 4 2
+10 4 2 0 1 0 0 1
+22 8 4
+31 4
928 2 0 2
1051 20 12 8 1 0 0 1
cfi=(14)
cfn=(34)
calls=2 63 
* 1143 286 191 1 2 15 1 2 15
* 2
+1 2
-1 2
+1 2
+11 2 2
+2 2 2
-2 2 2
+2 2 2
-1 2 2
-1 2 0 2
+5 2 2
-3 2 0 2
+2 2
-3 2 0 2
+4 6 2 0 1 0 0 1
+1 4 0 2
+24 2 2
-19 2 0 2
+19 10 0 2
+8 2 2
-8 6 0 2 1 0 0 1
+8 8 4
+96 2
-96 8 2 6 1 0 0 1
+96 4 0 2
-95 28
+6 4 2 2
+1 8 2 2
-8 102 34
+1 97 17 0 1 0 0 1
+60 3 1 0 1 0 0 1
+4 1 0 1 0 0 1 0 0 1
+1 1 1
+1 1
-1 1 0 1
+1 1
+4 1 1
+3 1 0 1
-3 1 0 1
+7 4 1 0 1 0 0 1
+6 1 0 1 0 0 1 0 0 1
cfi=(35)
cfn=(138)
calls=1 51 
* 20 9 6 2 0 1 2 0 1
* 3 1 2
+1 1
-67 28 8 8 1 0 0 1
+6 4 4 0 1 0 0 1
+1 4
-1 24 8 4
+8 20 8 4
+1 24 4 12 1 0 0 1
+1 8 4
+3 4 4
-3 8 4 4
+3 4 0 4
+1 4 4
-3 4 4
+3 4 4
+4 4 4
-7 4 0 4
+3 4 0 4 1 0 0 1
+4 4
+1 12 6 2
+5 14 2 2
+10 2
-10 14 2 2
+10 2
-46 2 1 1
+1 1
1244 4 2 2
+1 4 2 2
+1 2
-6 4 2 2 1 0 0 1
+1 2
-70 5 1 1
+78 6 2 0 1 0 0 1
+13 2 2
-3 2 2
1064 2 2
1262 4
1064 2 0 2
1262 8 4 2 1 0 0 1
+2 2 2
-2 2 0 2
+2 2
+19 20 10 10 1 0 0 1
-5 2 2
+5 4 0 4
cfi=(23)
cfn=(74)
calls=2 35 
* 46 22 8
+4 2
-4 2 0 2
+4 2
+7 6 2 2
+1 4 4 0 1 0 0 1
+2 2 2
-2 2 0 2
+2 2
+10 2 0 2
+35 16 4 4
+1 6 4 2
+2 12 4
+7 16 8 0 1 0 0 1
+7 2 2
-1 2 2
+1 2 0 2
+1 2 2
-2 2 0 2
+2 4 2 2
+1 4 0 2
-1 10 4 0 1 0 0 1
+8 4 2
+3 4 2
+11 16 4 10
cfi=(30)
cfn=(114)
calls=2 52 
* 113 12 77 1 0 6 1 0 6
+1 8 4
+5 4 2
+15 4 0 0 1 0 0 1
-73 24 8 0 1 0 0 1
+2 8 4
+2 24 8 14
cfi=(23)
cfn=(74)
calls=2 35 
* 46 22 8
* 4 0 0 1 0 0 1
+73 2 2 0 1 0 0 1
-77 2 2
+77 4
+9 4 2
fi=(4)
115 2
fe=(20)
1416 4 0 4
fi=(4)
115 2
+4 4 0 2 1 0 0 1
+2 6 2 0 0 2 0 0 2
fe=(20)
913 4
fi=(4)
124 31 0 31 0 0 4 0 0 4
+15 31
-18 93 31 0 0 4 0 0 4
+18 2
-18 6 2
+2 82
+5 40
+1 24 0 8 1 0 2 1 0 2
+10 8
-18 24 8 0 0 2 0 0 2
+25 6 2
+20 8 3 1
+1 10 4 2
+1 10 4 2 1 0 0 1
+1 10 4 2
+2 6 2
+3 10 4 2
+2 10 4 2 1 0 0 1
+1 8 3 1
+1 10 4 2
+6 6 2
+7 6 2 0 1 0 0 1
+5 6 2
+4 6 2
+1 6 4
+12 6 2
+5 1 1
+2 1
-2 1 0 1
+2 1
+2 2
+2 2
+3 6 2 0 1 0 0 1
+2 2 1 1
+2 2
+3 6 2 0 1 0 0 1
fe=(20)
1422 8 2
+16 6 2
+19 4 2 2
+2 10 4 0 1 0 0 1
+55 6 2
+1 2 1 1
+3 3 1 2
cfi=(21)
cfn=(118)
calls=1 82 
* 8 2
* 3 1 2
cfi=(21)
cfn=(118)
calls=1 82 
* 8 2
* 4
+8 4 2
+3 6 4 0 1 0 0 1
+2 2 2
-2 2 0 2
+2 2
+16 4 0 2
cfi=(7)
cfn=(12)
calls=2 861 
* 74 26 22 0 4 0 0 4
+4 4 2
+19 4 4
+3 2 2
+5 2 2
-8 4 0 2 1 0 0 1
+3 4 2 2
+1 2 2
+4 2
-5 2 0 2
+1 6 2 4
+4 2
+6 6 2 2
cfi=(14)
cfn=(50)
calls=2 34 
* 108 37 36
+4 6 2 0 1 0 0 1
+20 14 10
-56 6 2 0 1 0 0 1
fi=(4)
130 8 0 0 1 0 0 1
+3 8
+3 8
+2 2 2
-1 2
+1 6 0 2
fe=(20)
1346 5 3 0 2 0 0 2
+1 7 3 3
+1 5 2 1
-1 2 1 0 1 0 0 1
+3 4 1 1
+42 10 2 7 1 0 0 1
cfi=(23)
cfn=(74)
calls=1 35 
* 23 11 4
+3 2
fi=(4)
191 4 0 0 1 0 0 1
fe=(20)

fn=(78)
491 5 0 5 1 0 0 1
cfi=(3)
cfn=(4)
calls=1 52 
* 2 2
* 4 0 2
+2 2 0 1 1 0 0 1
+2 5 1 3
cfi=(16)
cfn=(80)
calls=1 320 
* 301 56 7 3 0 0 3
* 5 1 3
cfi=(16)
cfn=(80)
calls=1 320 
* 26 12 6
* 6
+3 2 0 2
cfi=(11)
cfn=(22)
calls=1 47 
* 53 7
+4 1
-4 1
+4 1
+7 4 1 0 1 0 0 1
+5 2 0 1
+3 3 1
+4 18 5 1 1 0 0 1
+1 8 4
+18 4 1 1 2 0 0 2
+4 2 1
+1 1
-1 1 1
-1 4 0 4
cfi=(16)
cfn=(42)
calls=1 95 
* 47 16 12
* 1 1
+3 3 2 0 1 0 0 1
-3 1
+3 1
+5 1
-1 1 0 1 0 0 1 0 0 1
+2 5 0 5
cfi=(22)
cfn=(72)
calls=1 44 
* 19 9 5 0 0 1 0 0 1
+3 1 1
-3 1 0 1
+3 1 1
-2 1 0 1
+2 1
+6 4 1 0 1 0 0 1
+1 4
+1 1 0 1
-1 3
+1 15 0 15
-1 45
+4 1 1
-1 1 1
+1 1
-1 1 0 1
+1 1
+7 1 1 0 1 0 0 1
+4 1 1
-3 1 0 1
-1 1 0 1
+4 5 1 2 0 0 1 0 0 1
+5 3 2 1 1 0 0 1
+3 6 5
-14 2 0 1 1 0 0 1

fn=(124) cache_rpath
688 12 0 3 1 0 0 1
+1 3 3
+1 3
-2 3 0 3
+1 6
+17 12 9

fn=(96)
2276 21 0 12 1 0 1 1 0 1
+7 3 3 0 1 0 0 1
-7 3 0 3 0 0 1 0 0 1
cfi=(3)
cfn=(4)
calls=3 52 
* 6 6
* 6 0 3 0 0 1 0 0 1
+7 6
+1 9 6 0 0 1 0 0 1
+3 18 6 3 1 0 0 1
+12 12 6
-12 18 6
+5 21 7
+1 14
+2 21 0 7
cfi=(28)
cfn=(98)
calls=7 305 
* 550 192 79 2 0 1 2 0 1
* 14
2570 7 5
2322 2 0 0 1 0 0 1
-1 10 2 4
+11 6 2
+26 4 0 4 1 0 0 1
-2 2 0 2
+2 2 0 2
cfi=(24)
cfn=(76)
calls=2 49 
* 131 19 8
* 4
2501 6 1 2
cfn=(100)
calls=1 421 
* 516 83 51 4 0 2 4 0 2
+1 1
+1 1
-4 1 0 1 1 0 0 1
+3 1
+4 10 1 5
cfn=(104)
calls=1 1857 
* 303 104 44 16 6 0 16 6
+3 1
-3 1
+3 1 0 0 1 0 0 1
+12 8 2
+2 4
+45 2 2
-1 2 2
+1 6 2 4
-1 2 0 2
+1 22 4 12 1 0 0 1
cfn=(110)
calls=2 916 
* 3399 953 661 53 15 33 53 15 33
+2 6 4
-2 2
+2 8 6
2321 4 2 0 1 0 0 1
+41 2 0 2 1 0 0 1
cfi=(11)
cfn=(22)
calls=1 47 
* 40 6
* 1
+2 1 1
-2 1 0 1 1 0 0 1
+2 1
+7 5 1
+35 2 1
+1 19 4 8 2 0 0 2
cfn=(126)
calls=1 2127 
* 2897 1091 762 13 0 2 13 0 2
+6 1
-6 1
+6 1
+80 2 1
-80 2 1 0 1 0 0 1
+1 7 0 3 1 0 0 1
cfn=(124)
calls=1 688 
* 13 4 2
* 2
+7 4 1 1
+5 2 0 1
cfi=(33)
cfn=(130)
calls=1 183 
* 1848 477 189 29 23 0 29 23
+2 1
-2 1 0 1
+2 1
+5 3 1 0 1 0 0 1
+8 2 1
+27 11 2 5 1 0 0 1
cfn=(104)
calls=1 1857 
* 358 123 51
+3 1
-3 1
+3 1
+2 3 1 2
cfn=(102)
calls=1 160 
* 196 49 32 0 1 0 0 1
+1 2 1
-1 1 0 1
+1 1
-99 1 1 0 1 0 0 1
+5 1 1
-5 1 0 1
+5 3
+3 2 0 1
-3 1 0 1
+3 2 0 1
-3 3 1
+1 6 0 3 1 0 0 1
cfn=(124)
calls=1 688 
* 13 4 2 1 0 0 1
* 2
+14 4 3 0 1 0 0 1
+1 8 3 0 1 0 0 1
+1 8 0 3
cfn=(124)
calls=1 688 
* 13 4 2
* 2
-97 18 6 0 1 0 0 1
+3 2 2
+1 4 4
+1 6 0 6
cfi=(18)
cfn=(56)
calls=2 34 
* 25 12
* 4 0 0 1 0 0 1

fl=(58)
fn=(266)
74 60 0 40 1 0 0 1
+3 10 10 0 0 3 0 0 2
-1 10 10
-2 10 0 10
cfi=(3)
cfn=(4)
calls=10 -22 
* 20 20
* 10
+3 20 10 10 0 3 0 0 2
+3 20 20 0 0 7 0 0 5
+1 10 10 0 0 4 0 0 3
+1 10 10 0 0 1 0 0 1
-1 50 10 0 1 0 0 1
+6 10
-5 20 10 10 0 3 0 0 2
-1 10 0 10
+1 10 0 10
+5 10
+4 30 10 0 0 6 0 0 3
+4 10 10 0 0 4 0 0 3
-2 10
+2 20
+4 18 18 0 0 3 0 0 2
+1 27 9 0 1 3 0 1 2
+2 27 9 0 0 4 0 0 2
+7 30 10
-1 10
+11 110 30 60 1 5 0 1 4
cfi=(7)
cfn=(168)
calls=10 716 
* 7039 2464 984 0 114 30 0 85 20
* 20
+4 30 10
+10 70 20
+16 10 10
-8 10 10 0 1 0 0 1
+8 30
+4 30 10 0 0 1 0 0 1
fi=(5)
277 30 20 10
fe=(58)
157 60 50

fl=(36)
fn=(144)
387 3 0 2 1 0 0 1
+2 1
-2 4 0 3
cfi=(3)
cfn=(4)
calls=1 52 
* 2 2
* 1
+4 1
-4 1 0 1
+4 3
+1 12 4 0 1 0 0 1
+1 16 4 4
cfn=(146) _dl_check_map_versions
calls=4 180 
* 2931 1085 434 19 27 12 19 27 12
-2 4 4
+1 16
-1 8
+5 7 5

fn=(146)
180 32 0 24 1 0 0 1
+15 8 4
-15 4 0 4
cfi=(3)
cfn=(4)
calls=4 52 
* 8 8
* 8 0 4 1 0 0 1
+15 8
+4 4 4
-2 4 4
+2 4 0 4
+3 4 4
-2 4 4
-3 4 0 4
+5 4
-2 4 0 4
+2 4
+3 8 6
+4 2 2 0 0 2 0 0 2
-4 2 0 2 1 0 0 1
+4 12 0 6
+17 4 4
62 4 4
226 4 2 2
62 12 6 0 1 0 0 1
+1 5 5
-1 10
+2 21 0 7
cfi=(28)
cfn=(98)
calls=7 305 
* 562 191 73
* 14
230 4
+4 6 2
+5 8 4 2
+20 2
-16 75 50 17 2 1 0 2 1
cfn=(148) match_symbol
calls=1 82 
* 131 48 10 5 3 0 5 3
* 27 12 15
cfn=(148)
calls=3 82 
* 477 173 30 0 7 0 0 7
* 4 0 4
+8 4 4
-8 4
+8 4
-8 12 8 4
+11 12 4
+9 8 4 0 1 0 0 1
-74 2 0 2
-8 2 0 2
+96 12 4 0 1 0 0 1
+3 8 8 0 1 0 0 1
+3 4 2
-3 6 4 2
+6 10 4
+4 2
-7 4 2
+7 4
-4 6 2
+4 32
-7 64 32 0 0 9 0 0 9
+7 64
-4 98 32 2 0 5 0 0 5
+8 12 4 0 1 0 0 1
+87 14 12
-81 18 3 12
cfi=(16)
cfn=(38)
calls=3 104 
* 253 89 66
* 3 3
-1 3 3
+2 3
-1 3 0 3
-1 3 0 3
+2 3 0 0 1 0 0 1
+11 3 3
+2 3 3
-5 3 0 3
+3 3 3
+2 3
-2 3 0 3
+2 3
+3 8 8
+4 8 2 2
+18 2
-15 2 2
+2 8 2
-2 2 2
+2 8 2 0 1 0 0 1
+2 8 4
+1 4
-1 4 4
+1 4 0 4 0 0 3 0 0 3
+1 4 4
-2 4 0 4
+3 4 4
-1 8 0 4
+1 12 4 4
+3 14 6
+8 6 2 0 1 0 0 1
+10 9 3
+3 12 10
+20 34
-14 34 34
-2 34 34
+2 36 2
-2 2 2
+2 2
+4 34 34
+2 34 34
-1 102 34
+1 34
-1 68 34 34 0 0 9 0 0 9
+1 34 0 34
+1 34 0 34
+3 108 36 0 1 0 0 1
+10 14 12

fn=(148)
82 28 0 20 1 0 0 1
cfi=(3)
cfn=(4)
calls=4 -30 
* 8 8
* 8
+1 4 4
-1 4 0 4
+1 4 4
+8 4 4 0 1 0 0 1
-8 4 4
+8 4
+6 16 8
+15 4 4
+1 8
+2 8 8
+5 8 4 0 0 2 0 0 2
+14 30 15
+12 33 11 0 1 0 0 1
+4 11
-30 22 11 0 0 2 0 0 2
+19 32 12 16 1 1 0 1 1
cfi=(18)
cfn=(56)
calls=4 34 
* 324 100 0 0 5 0 0 5
* 12 4 0 1 0 0 1
+3 4
+32 28 20

fl=(27) /build/buildd/eglibc-2.15/setjmp/../sysdeps/i386/setjmp.S
fn=(92) __sigsetjmp
34 3 3 0 1 0 0 1
+4 3 0 3
+1 3 0 3
+1 3 0 3
+1 3
+4 3 0 3
+1 3 3
+4 3 0 3
+2 3 0 3
+4 3
+1 3 3

fl=(7)
fn=(172) check_match.8823
132 665 0 380 2 0 1 2 0 1
+1 95 95 0 0 14 0 0 10
-1 95 0 95 0 0 2
cfi=(3)
cfn=(4)
calls=95 -80 
* 190 190
* 95
+1 95
+2 190
+2 285 95
-2 190 95
+12 285 190 95 1 0 6 1 0 4
+3 322 161 66
cfi=(18)
cfn=(56)
calls=22 34 
* 1733 536 0 0 13 0 0 11
* 44
+5 95 95
-1 95 95
+1 95
-1 95 95
+1 95
+2 184
+19 184 184 0 1 9 0 1 8
+1 644 276 0 0 4 0 0 2
+46 665 475 0 1 0 0 1
-18 6
+2 6 6 0 0 3 0 0 2
+1 3 3
-1 3
+1 3
-1 3
+1 6
-1 6
+4 4
+1 10 2 2
-34 552 184 368
cfi=(18)
cfn=(56)
calls=92 34 
* 6920 2148 0 0 4 0 0 2
* 276 92
+36 2 0 2
+2 4
-81 285 95 0 2 4 0 2 2

fn=(12)
861 4 0 0 1 0 0 1
+3 4 4
-3 8 0 8 1 0 1 1 0 1
cfi=(3)
cfn=(4)
calls=4 52 
* 8 8
* 8 0 4
+3 4
-3 8 0 8
+3 4
+4 4 4
+4 8 4 4 0 4 0 0 4
+2 4 4 0 0 2 0 0 2
-1 4 4
+3 12
+1 4 0 4
+1 8 4 0 0 1 0 0 1
+2 4 0 4 1 0 0 1
+1 4
+2 4 0 4
+2 4
-1 4
+1 4
-7 4 0 4
+7 4 0 4
+14 24 20

fn=(168)
716 297 0 198 1 0 0 1
476 99
716 495 0 396 0 0 2 0 0 2
477 198 99 0 0 78 0 0 76
716 99 0 99 0 0 2 0 0 2
cfi=(3)
cfn=(4)
calls=99 52 
* 198 198
* 198 0 99 0 0 1
477 297
+1 99 0 0 1 0 0 1
-1 99
+1 297
-1 99 99 0 0 1 0 0 1
+1 99
-1 198
+1 1161
-1 1161
+1 3483
-1 1161 1161 0 0 12 0 0 12
+1 1161
-1 2322
726 99 99
-4 99 0 99 0 0 3 0 0 2
-4 99 0 99
+8 99
-7 198 0 198
+7 283 92 0 1 0 0 1
+5 99 99
+2 99 99
-2 99
+2 99 99
-2 99
-1 99 0 99
+7 693 297 99
+8 16
-8 16 4
+2 2079 792 1089 2 0 2 2 0 2
cfn=(170) do_lookup_x
calls=99 82 
* 40854 16003 5459 19 276 23 19 229 12
+3 198
-5 198 198
+33 198
+23 380 190
+1 570 190 95 1 0 0 1
+35 380 95
+14 285 95 0 0 4 0 0 2
+3 380 190 0 1 0 0 1
+5 190 95 95
+2 693 495
-81 32 12 0 2 0 0 2
+17 4 4
+1 4
-1 4 0 4
+1 4
+54 2 0 1 1 0 0 1

fn=(170)
82 495 0 396 1 0 0 1
-5 198 99 99 0 0 1 0 0 1
+5 297 99 198 0 0 9 0 0 4
cfi=(3)
cfn=(4)
calls=99 -30 
* 198 198
* 198 99 0 1 0 0 1
-5 693 297 396
+6 99 99 0 0 3 0 0 2
+5 99 0 99
230 99 99
114 99
-25 99 99
+25 99 0 99
230 198 0 99 1 0 0 1
114 99 0 99
-16 99 99
-3 99 0 99
+1 99 0 99
+2 198 198 0 0 3 0 0 2
+3 99 99
-3 99 0 99
+3 99
-3 207 207
-3 207 0 207
+1 207 0 207
+2 414 414 0 0 5 0 0 4
+3 207 207
-3 207 0 207
+3 207
+4 612 306
+4 612 306 0 1 5 0 1 4
+4 612 306 0 0 2 0 0 2
+7 1224 306 306 0 3 0 0 2
+4 918 612 306 0 12 0 0 6
+1 918 612 306 1 3 0 1 2
226 306 306
+1 612
+4 612 612
+3 306 306
-5 306 306 0 0 44 0 0 38
+5 306 306
+4 306
-4 612
+4 306
-1 612 306
+1 306
-1 612 0 0 1 0 0 1
+21 213 0 213
+24 426 213
462 1839 613
+1 62 31 31
cfi=(28)
cfn=(98)
calls=31 305 
* 1740 630 310 0 24 4 0 13 2
* 93
+3 633 211 0 1 0 0 1
+3 4
+1 24 20
282 2 2
+2 4
+3 807 95 95 1 0 0 1
+17 285 190 95
+1 190 95 95
470 95
306 95
470 475 475
291 36 12 0 0 2 0 0 1
-50 303 202 0 1 0 0 1
-1 202 202 0 0 50 0 0 49
+2 202
+2 101 101
+6 101 101
-6 101
+6 202
+4 432 108
-7 804 402 0 1 69 0 1 67
+2 570 190 95
+1 380 95 95
cfn=(172)
calls=95 132 
* 14525 5112 1008 7 51 9 7 37 5
+1 376 0 93
+12 16 0 8 2 0 0 2

fl=(25)
fn=(82)
49 16 0 8 1 0 0 1
cfi=(3)
cfn=(4)
calls=4 +3 
* 8 8
* 4
+3 4
-3 12 0 8
+4 4 4
-1 4
+5 16
+4 2
-1 1 0 1 1 0 0 1
+1 1
+1 1
+5 1 1
-6 1 0 1
+6 1 1
-5 2 1 1
+1 1
+4 1 1
-4 1 0 1
+4 2 1
-10 9 3 0 1 0 0 1
+10 15 12

fn=(84)
77 2 2 0 1 0 0 1

fl=(16)
fn=(38)
104 48 16 24 1 0 0 1
+7 8
-3 8
+3 8
-7 8 0 8 0 0 1 0 0 1
cfi=(3)
cfn=(4)
calls=8 -52 
* 16 16
* 8
+4 8
+3 16
+4 16 0 16 1 0 0 1
cfn=(42)
calls=8 -20 
* 423 143 109 5 0 3 5 0 3
* 8 8
+1 40 32

fn=(42)
95 40 0 40 1 0 0 1
cfi=(3)
cfn=(4)
calls=20 -43 
* 40 40
* 40
+1 80 20 60 0 0 3 0 0 3
cfn=(46)
calls=20 -43 
* 747 229 165 5 0 1 5 0 1
* 20 20
+1 60 40

fn=(80)
320 28 4 20 1 0 0 1
cfi=(3)
cfn=(4)
calls=4 52 
* 8 8
* 4
+3 16 4
+2 8 8 0 1 0 0 1
+1 4
-1 4 0 4
+1 4
+4 18 2
+5 4
-5 171
+5 232
+2 472 118
+8 59
-15 179 59 0 1 0 0 1
+18 4 2 2
+4 28 24

fn=(46)
53 84 21 42 1 0 1 1 0 1
cfi=(3)
cfn=(4)
calls=21 -1 
* 42 42
* 84 21 42
+1 84 42
+11 21
+1 21
-1 21
+3 42 0 0 1 0 0 1
-3 21 0 21
+3 93
+4 12 3
+1 6
+6 21 0 21
cfi=(23)
cfn=(74)
calls=3 -44 
* 69 33 12 1 0 0 1
+2 6
+2 9 6
+2 9 0 3
+3 3 0 3
+1 3 0 3
+2 18 12
-3 18 0 18 1 0 0 1
+1 18 0 18
+2 108 72
-31 3 1 0 1 0 0 1
+1 1
-2 3 0 1

fl=(31)
fn=(122) openaux
62 2 0 0 1 0 0 1
+3 2
-3 8 2 6 1 0 0 1
+7 2 2
-2 2 2
-2 2 2
+2 2
-2 20 6 8 0 0 1 0 0 1
cfi=(20)
cfn=(96)
calls=2 2276 
* 7947 2471 1548 60 32 19 60 32 19
* 4 0 2
+5 10 8

fn=(120)
149 7 0 5 1 0 0 1
+1 1
+22 1 1
-22 3
+15 1 1
-16 1 0 1
+1 3 0 1 1 0 0 1
+15 1 0 1
+1 1
-2 1 0 1
+2 1 0 1
+6 1 1
-23 1 0 1
cfi=(3)
cfn=(4)
calls=1 -97 
* 2 2
* 1
+23 3 0 1
+10 2 1
-14 1 0 1
+14 2 0 0 1 0 0 1
-36 1
+36 3 0 1
+1 1 1
-1 1
-18 1 0 1
+2 1 0 1
-1 1 0 1
+7 1 1
+10 1
-10 3 0 1
+10 7 2 1 1 0 0 1
+23 1 1
-19 3 0 2
+21 1 0 1
-2 1 0 1
349 1
208 4 0 4 1 0 0 1
349 1 0 1
212 1 1
+1 1 0 1
-1 1 1
+5 1 0 1
+4 3 1
-9 3 3
+1 3 0 3
-1 3 3
+5 3 0 3
+4 9 3
+12 12 4
+2 2 2
+11 2 2
-4 2 2 0 1 0 0 1
-1 2 0 2
-6 2 2
+7 2 0 2
-7 2 0 2
+5 2 0 2
+3 4 2 2
+3 14 4 4
+50 6 2
+1 5 2 2
-51 176 44
+1 88 0 0 1 0 0 1
+6 12 4 8
cfi=(24)
cfn=(76)
calls=2 49 
* 191 22 8 0 2 0 0 2
* 6 2 0 1 0 0 1
+2 2 0 2
+4 4 0 2
-1 12 2 4
cfi=(26)
cfn=(88)
calls=2 -98 
* 8119 2535 1618 62 32 20 62 32 20
+2 2 2
-2 2
+2 4
+15 2 2
+2 4 2 0 1 0 0 1
+11 2 2
-6 6
+8 2 0 2
-3 2 0 2
-2 2 0 2
+1 2 0 2
+2 2 0 2
+4 12 2 4 1 0 0 1
-59 12 4 0 0 1 0 0 1
-19 2 0 2
477 12 4
+2 8 4 2 1 0 0 1
+3 2
-1 6 0 6
cfi=(16)
cfn=(42)
calls=2 95 
* 94 32 24
* 2 2
+2 4 2
-2 2
+2 2
+4 2
-1 2 0 2
+1 14 2 10
cfi=(17)
cfn=(48)
calls=2 44 
* 55 15 5
+1 14 4 8
cfi=(17)
cfn=(48)
calls=2 44 
* 55 15 5
+4 2 0 2
-1 2 0 2
+5 20 8 0 1 0 0 1
+2 4 4
+1 23 3 3
222 26 10 0 1 0 0 1
+2 2 0 0 1 0 0 1
+2 2 2
-2 2
+2 6 2 2
+2 28 2 6 1 0 0 1
499 1 1
206 1 0 1
499 2
+4 5 1
+1 2 1 1
+3 5 2 1 1 0 0 1
+11 2 1
-1 2 0 2
cfi=(16)
cfn=(42)
calls=1 95 
* 47 16 12
* 1 1
+3 1
-3 1 0 1
+3 1 0 0 1 0 0 1
+5 3 3
+1 2 0 2
-1 1
+1 2 2
-1 1 0 1
+1 1
+4 16 8
+4 16 8 4 1 0 1 1 0 1
+4 4 0 4
-10 12 4
+13 3 1 1
+51 6 3 1
+2 4 2 0 1 0 0 1
+43 1 1 0 1 0 0 1
+1 1 1
-6 1 0 1
+5 6 0 1
+1 4 0 4 1 0 0 1
cfi=(30)
cfn=(114)
calls=1 52 
* 20 6 2
* 1 1
146 1 1
636 2 0 2
+2 1
146 1
638 1 0 1
146 1 0 1
642 2 2
+1 1 1
-1 1 0 1
+7 1 1
-6 1 0 0 1 0 0 1
+6 1 1
-6 2 1 1
+6 1
-7 4 4
+1 2 2
-1 2 0 2
+7 2 2
-6 2
+6 2 2
-6 4 2 2
+6 2
146 10 6
651 4 4
+1 4
-1 2 2
+1 4
+3 6
-1 9 3
+23 6
-28 6 3
+31 12 6 3
+3 16 8 8
cfi=(30)
cfn=(114)
calls=2 52 
* 35 12 5
* 8 2 2
213 2 0 1 1 0 0 1
683 1 1 0 1 0 0 1
+7 3 2 1
+2 1 1
+1 1 0 1
+8 1 1
-9 1 0 1
+9 2
+3 3 1 0 1 0 0 1
+3 6 5
299 168 0 0 1 0 0 1
630 8 2 5 1 0 0 1
cfi=(17)
cfn=(48)
calls=1 44 
* 30 10 5
+2 3 1 0 1 0 0 1

fl=(103)
fn=(458) _dl_sort_fini
34 7 0 5 1 0 0 1
cfi=(3)
cfn=(4)
calls=1 +18 
* 2 2
* 1
+2 1
-2 3 0 3
+50 1 0 1
-48 1
+5 2 1
+1 1 1 0 1 0 0 1
-1 2
+1 1
-1 1 0 1
+1 1
+1 1 1
-1 4 0 1
+1 4 0 4
cfi=(30)
cfn=(114)
calls=1 +9 
* 20 6 2 1 0 0 1
* 1 1
+15 6 1 2 1 0 0 1
+62 5 2 1
+3 16 8 8
cfi=(30)
cfn=(114)
calls=2 -71 
* 35 12 5
* 6 2 2
-76 12 6 4
+1 8 4 2
+4 2 2
-4 2 0 2
+4 4
-5 6 3 2 1 0 0 1
+1 4 2 1
+4 1 1
-4 1 0 1
+4 8 3
+6 3 3
+1 3 3
-1 3 0 3
+1 3
-26 6 4 0 1 0 0 1
+28 4 4 0 0 1 0 0 1
+1 4
-1 2 2
+1 4
+3 6
-1 9 3 0 0 1 0 0 1
+31 9 3
+21 6 0 3
-57 9 6 0 1 0 0 1
+61 10 4 2
+3 1
+4 6 5

fn=(456)
133 6 0 5 1 0 0 1
cfi=(3)
cfn=(4)
calls=1 -81 
* 2 2
* 4 0 1
+19 1 0 1
-6 1 0 1
-1 1 0 1
-13 2 0 1
+23 5 2 1 1 1 0 1 1
-23 7 1 2
241 1
132 1 0 1
241 2 0 1
-83 4 3 2 1 1 0 1 1
cfi=(2)
cfn=(52)
calls=1 843 
* 3 2 1 1 0 0 1
+3 2 2 0 0 1 0 0 1
+3 2
+2 6 3 0 1 0 0 1
+11 3 1
+2 3 1
+3 7 0 2
+11 6 1 1
+2 8 4 0 1 1 0 1 1
+2 8
+2 4 0 4
+1 4 0 4 0 0 4 0 0 4
+1 4
+4 4 0 4 0 0 1 0 0 1
-12 13 4 1
+14 2 1
+5 6 3 2 1 0 0 1
cfn=(458)
calls=1 34 
* 258 95 55 7 2 0 7 2
+9 1 1
-9 1
+9 2 1 2
cfi=(2)
cfn=(54)
calls=1 849 
* 3 2 1
+4 5 1
+2 2 2
+2 3 1 0 1 0 0 1
-2 6 6
+2 9 3
+3 8 0 4
+3 12 4 0 0 3 0 0 3
+11 4
+12 6 2 0 1 0 0 1
+1 6 4 2 0 1 0 0 1
cob=(2)
cfi=(15)
cfn=(470) 0x04025558
calls=1 0 
* 862 285 123 13 16 3 13 16 3
cob=(2)
cfi=(15)
cfn=(460) 0x0804896c
calls=1 0 
* 26 7 5 2 0 0 2
+5 28 8 0 0 1 0 0 1
+16 4 0 4 1 0 0 1
-55 12 4
-70 3 0 2
285 6 2
-49 12 4 0 1 2 0 1 2
+3 4 2
+52 2 1 0 1 0 0 1
+7 6 5

fl=(17)
fn=(48)
44 12 0 0 1 0 0 1
+1 12 12
+1 12
+1 12 12
+2 12
+1 12
+1 12 0 0 1 0 0 1
+1 12 12
+1 12
+1 12
+2 8
+1 8
+2 8
+1 8
+11 8 0 8
+1 8
+1 8
+1 8
+1 42 34 34 0 0 3 0 0 3
+2 8
+1 14 6 6
+2 8 8
+2 8
+1 8
+1 8 8
+4 8 8
-6 4
+1 4
+1 4 4
+4 4 4
+6 4 0 0 1 0 0 1
+1 4
+1 2 2 2 0 0 1 0 0 1
+1 2
+1 2
-1 2
+1 2
+1 3 3 3
+1 25 21 21
+2 4

fl=(3)
fn=(4)
52 526 526 0 1 0 0 1
+1 526 526

fn=(32)
58 12 0 12 1 0 0 1
+2 12 12
+1 12 12
+1 12 12
+2 12
+1 12
+18 12 0 0 1 0 0 1
+2 12 0 12
+2 12
+2 12
+1 12
+2 12 0 12
cfn=(4)
calls=12 -40 
* 24 24
* 24 12 0 0 2 0 0 2
+1 12
+1 12
+1 12
+14 1 1 0 0 1 0 0 1
+1 1 1
+1 1
+1 1
+2 4 4 0 0 1 0 0 1
+1 4 4
+1 4
+1 4
+2 5 5 0 1 1 0 1 1
+1 5 5 0 0 1 0 0 1
+1 5
+1 5
+2 5 5
+1 5 5 0 0 1 0 0 1
+1 5
+1 5 0 0 1 0 0 1
+2 5 5
+1 5 5
+1 5
+1 5
+2 5 5
+3 5
+1 10 10
268 1 1 0 0 1 0 0 1
+1 1 1 0 0 1 0 0 1
+1 1
+1 1
+2 5 5 0 1 0 0 1
+1 5 5 0 0 2 0 0 2
+1 5
+1 5
+2 4 4
+1 4 4
+1 4
+1 4
+1 4
+1 4 0 0 1 0 0 1
+1 4 4
+1 4 4
+1 4
+1 4 4
+3 4
+1 8 8
+70 3 0 0 1 0 0 1
+1 3
+11 3
+1 3
+1 3 3
+3 6 6

fl=(11)
fn=(22)
47 12 12 0 1 0 0 1
+2 12
+2 12
+2 12
+1 5
+2 5 5 0 0 1 0 0 1
+1 5
+2 4
+1 4 4
+2 4
+2 4 0 0 1 0 0 1
+1 4
+2 4
+2 2 2
+1 2
+2 2
+1 2
+26 2 2
+1 2
+2 2
+1 2
+2 2
+1 2
-7 19 19 0 0 1 0 0 1
+1 19
+2 19
+1 19
+2 19
+1 19
+2 20
+2 20
+2 20
+3 20 20
+1 20
+2 20
+1 20
+2 20
+1 20
+2 20
+2 20
+2 20
+3 20 20
+1 20
+2 20
+1 20
+2 20
+1 20
+2 20
+2 20
+2 20
+3 16 16
+1 16
+2 16
+1 16
+2 16
+1 16
+2 12
+2 12
+2 12
+3 11 0 0 1 0 0 1
+1 11 0 0 1 0 0 1
+2 11
+1 11
+2 10
+1 10
+2 10
+2 4
+1 4
+2 4
+1 4
+5 12 12
+4 12 12

fl=(26)
fn=(88)
160 9 0 9 1 0 0 1
cfi=(3)
cfn=(4)
calls=3 52 
* 6 6
* 15 0 9
+9 3 0 3 1 0 0 1
+2 3 3 3
cfi=(2)
cfn=(90)
calls=3 801 
* 18 9 3 1 0 0 1
* 3 0 3
+1 3 3
+2 3 0 3
-2 3 0 3
+2 9 0 6
cfi=(27)
cfn=(92)
calls=3 34 
* 33 9 18 1 0 0 1
+1 3
-1 3
+1 3
+2 9 3 3
+1 9 6 6 1 0 0 1
cfi=(31)
cfn=(122)
calls=2 62 
* 8001 2493 1564 62 32 20 62 32 20
cfi=(2)
cfn=(94)
calls=1 631 
* 2830 768 448 82 14 22 82 14 22
+1 9 6 3
+1 3 3
+1 3 3
-1 3 0 3
+2 3 3
-1 3 0 3
+1 3 0 3
+10 15 9 0 1 0 0 1

fn=(140)
198 3 0 2 1 0 0 1
cfi=(3)
cfn=(4)
calls=1 52 
* 2 2
* 7 0 3
+1 1 1 1
cfi=(2)
cfn=(90)
calls=1 801 
* 6 3 1
+5 1 1
+4 1 0 1
-5 1 1
+4 1 0 1
+3 5 0 5 1 0 0 1
cfi=(2)
cfn=(142)
calls=1 663 
* 3028 1112 448 23 27 12 23 27 12
+2 2 2
+1 1 1
+1 2 2
-2 1 0 1
+2 1 1
-1 1 0 1
+1 3 2

fl=(9)
fn=(60)
67 5 0 5 1 0 0 1
cfi=(3)
cfn=(4)
calls=1 -15 
* 2 2
* 2
+2 4 1 1 0 0 1 0 0 1
+40 3 0 2 2 0 1 2 0 1
cfi=(19)
cfn=(62)
calls=1 -27 
* 8 2 0 1 0 0 1
+15 1
-15 2
+20 1
-1 1
+3 15 3 0 0 1 0 0 1
+2 6
+2 3 3
-2 6
+2 9
+7 3 0 0 1 0 0 1
-1 3
+2 3
+2 13
+8 1
+1 7 5
-4 2

fl=(21)
fn=(118)
82 21 3
+1 3 3

fn=(108)
82 18 8 2 2 0 0 2
+1 2 2

fn=(68)
82 24 6 0 2 0 0 2
+1 6 3 3
cfn=(70)
calls=3 +1 
* 6 6
* 18 0 3

fn=(70)
84 46 46

fn=(106)
82 171 76 19 2 0 0 2
+1 35 19 16
cfn=(70)
calls=16 +1 
* 32 32
* 96 0 16

fl=(30)
fn=(114)
52 9 0 0 1 0 0 1
+1 9 0 9
+2 9 9
+1 9 9
+5 9 9
+2 9
+1 9
+2 9
+1 9
+1 4
+1 2 0 2
+1 2
+1 2
+1 4 0 4
+1 4
+1 4
+5 5 0 0 1 0 0 1
+1 5
+1 5
+2 5
+2 96 0 91 0 0 6 0 0 6
+2 5
+1 5
+5 9 9
+3 9 9
+8 9 9

fl=(23)
fn=(74)
35 9 0 9 1 0 0 1
+2 9 0 9
+2 9 0 9
+2 9 0 9
+3 9 9
+2 9 9
+1 9 9
+1 9 9
+2 9 9
+2 9 9
+2 9
+1 9
+1 9
+1 9
+2 9
+3 9
+3 9 9
+3 9 9
+3 9 9
+3 9 9
+24 9
+1 9
+4 9 9

ob=(2)
fl=(15)
fn=(460)
0 5 0 2 1 0 0 1
cob=(5)
cfi=(56)
cfn=(462)
calls=1 0 
0 18 5 3 1 0 0 1
0 3 2

fn=(470)
0 5 0 2 1 0 0 1
cob=(4)
cfi=(47)
cfn=(472)
calls=1 0 
0 854 283 121 12 16 3 12 16 3
0 3 2

fn=(282)
0 8 1 2 1
cob=(5)
cfi=(56)
cfn=(286)
calls=1 0 
0 8 3 1 2 1 0 2
0 1 0 1
cob=(5)
cfi=(56)
cfn=(292)
calls=1 0 
0 11 4 2 1 0 0 1
0 3 2

fn=(210)
0 8 1 2 2 0 0 1
cob=(4)
cfi=(47)
cfn=(214)
calls=1 0 
0 15 6 3 2 1 0 2 1
0 1 0 1
cob=(4)
cfi=(47)
cfn=(224)
calls=1 0 
0 15 7 4 2 0 0 2
0 3 2

totals: 113241872 47054045 27033025 1081 1064833 62951 1074 54594 62909
