0.9208333333333333
0.9083333333333333
0.8958333333333334
0.9145833333333333
0.9
0.89375
0.91875
0.9083333333333333
0.91875
0.9166666666666666
0.90625
0.9
0.9104166666666667
0.89375
0.90625
0.9
0.9041666666666667
0.9208333333333333
0.90625
0.9020833333333333
0.9208333333333333
0.8958333333333334
0.90625
0.9
0.8958333333333334
0.9104166666666667
0.9125
0.8958333333333334
0.9
0.9083333333333333
0.93125
0.9041666666666667
0.9041666666666667
0.9145833333333333
0.89375
0.9166666666666666
0.9
0.9041666666666667
0.90625
0.9104166666666667
