0.9104166666666667
0.9020833333333333
0.9020833333333333
0.9041666666666667
0.9145833333333333
0.9145833333333333
0.9
0.9
0.9041666666666667
0.9
0.9
0.9020833333333333
0.9041666666666667
0.9145833333333333
0.9041666666666667
0.9
0.9083333333333333
0.9
0.90625
0.9104166666666667
0.9208333333333333
0.9083333333333333
0.9104166666666667
0.9
0.9
0.9229166666666667
0.9333333333333333
0.9
0.9
0.925
0.9
0.90625
0.9
0.9125
0.9
0.93125
0.9020833333333333
0.9270833333333334
0.9208333333333333
0.9104166666666667
