0.93125
0.9166666666666666
0.9
0.9208333333333333
0.9
0.9
0.9
0.9
0.91875
0.9041666666666667
0.9166666666666666
0.9333333333333333
0.9166666666666666
0.9229166666666667
0.9041666666666667
0.9125
0.9
0.9
0.9041666666666667
0.9
0.9083333333333333
0.9145833333333333
0.9125
0.9
0.9
0.9145833333333333
0.9208333333333333
0.9
0.9
0.9104166666666667
0.9083333333333333
0.9041666666666667
0.9104166666666667
0.8895833333333333
0.9229166666666667
0.9125
0.9104166666666667
0.9
0.9083333333333333
0.9166666666666666
