0.9854166666666667
0.9854166666666667
0.9854166666666667
0.9791666666666666
0.9854166666666667
0.9854166666666667
0.9833333333333333
0.9854166666666667
0.9875
0.9854166666666667
0.9854166666666667
0.9833333333333333
0.9854166666666667
0.9875
0.9854166666666667
0.9854166666666667
0.9875
0.9854166666666667
0.9854166666666667
0.9895833333333334
0.9854166666666667
0.9833333333333333
0.9854166666666667
0.9833333333333333
0.9833333333333333
0.9854166666666667
0.9875
0.9854166666666667
0.9875
0.9854166666666667
0.9854166666666667
0.9875
0.9854166666666667
0.9854166666666667
0.9854166666666667
0.9875
0.9854166666666667
0.9854166666666667
0.98125
0.9875
