"V1" "V2" "V3"
"1" 99.9179410327719 149.417782937553 1
"2" 60.1556429213495 98.7907514168979 2
"3" 101.47714053935 142.32891125342 2
"4" 99.8929164469372 149.932162471204 2
"5" 100.546197938158 149.171257258139 2
"6" 99.5204693411846 147.056563250558 2
"7" 99.3537748843537 150.757071438492 2
"8" 100.35941478184 148.027422663371 2
"9" 99.3044250465211 154.69501377696 2
"10" 96.1593461184771 155.249352269518 2
"11" 99.0925657468685 145.735130895941 2
"12" 98.4979181788859 146.505978157526 2
"13" 100.227684817981 149.788408125251 2
"14" 103.251553463758 151.078447397979 2
"15" 101.222742759262 154.415978958251 2
"16" 101.222578744395 148.365849575752 2
"17" 99.6984641421115 150.633625118869 2
"18" 102.543804216614 150.061271076821 2
"19" 97.3684252003023 153.64746118358 2
"20" 157.225321965151 65.6885620494111 2
"21" 96.0767067331285 149.787453504115 2
"22" 58.2987748103912 98.8462093169589 3
"23" 66.941866897207 99.0386643345799 3
"24" 60.4100145519486 99.1249498992892 3
"25" 67.4145868663445 98.4069094647169 3
"26" 60.2309807319314 98.6230105571638 3
"27" 59.1944176781052 98.9878594706282 3
"28" 58.9612599922722 99.0859344049798 3
"29" 64.8952661341938 98.9305762095092 3
"30" 60.2971243536484 98.7853023731499 3
"31" 59.1346131647847 98.8474751039754 3
"32" 60.1295078608225 98.8797936129535 3
"33" 60.2653432266005 98.6909208089798 3
"34" 61.4447955391785 99.2171177234206 3
"35" 176.131039998313 18.9945916986166 3
"36" 188.070145995999 16.7261213492314 3
"37" 95.9830504568264 149.182148155181 3
"38" 101.479756812479 155.537192472852 3
"39" 101.654035382436 155.99874593768 3
"40" 99.8538692686117 154.66594111788 3
"41" 100.10439633839 155.70726263286 3
"42" 99.6413468678354 150.521841491837 3
"43" 95.132239080104 154.733829129316 3
"44" 97.4174441054498 144.385261766578 3
"45" 100.039641889805 154.180333823139 3
"46" 101.458474120595 153.813356415823 3
"47" 100.397631138454 150.981111737498 3
"48" 100.761177910986 154.203255662683 3
"49" 99.3451102306306 150.608835385729 3
"50" 97.9265752227639 151.462406801962 3
"51" 99.4587202106522 148.59501517423 3
"52" 100.350777393556 153.2701312771 3
"53" 101.466575634165 153.948093690102 3
"54" 99.9505663947605 150.110409759037 3
"55" 101.803935066966 156.647561655764 3
"56" 97.4367023321249 155.54850789582 3
"57" 97.2599315851636 151.318035220609 3
"58" 99.8087715818011 153.946668172532 3
"59" 101.292632368725 148.356042923555 3
"60" 99.0446943057373 154.718597214705 3
"61" 100.878911596536 148.815818426853 3
"62" 99.5529777039116 150.026594166076 3
"63" 96.6629382722662 151.866307505286 3
"64" 100.415534169749 150.392646106433 3
"65" 101.280890969502 151.973080437352 3
"66" 101.130393569631 149.122764688912 3
"67" 99.7747232272101 149.091629210722 3
"68" 100.928728277292 149.405534959572 3
"69" 96.9666760228107 149.293081312155 3
"70" 100.470637444305 149.191729992568 3
"71" 158.104393165963 67.3373882881103 3
"72" 157.12570844828 65.6042913050468 3
"73" 161.023790882829 63.2525355103499 3
"74" 157.345228375351 65.6899207373892 3
"75" 158.200744052574 63.3197320460142 3
"76" 157.235499951239 65.7882830638138 3
"77" 157.11573362259 65.6283696048947 3
"78" 160.262539775772 67.300345107385 3
"79" 154.366875243085 71.4651538842097 3
"80" 160.594709056794 68.1133624375368 3
"81" 157.414948858416 65.1770979908059 3
"82" 160.099281758209 68.4422914705724 3
"83" 159.541037477688 65.9867107785044 3
"84" 157.115642466315 65.7034804630423 3
"85" 157.09906723608 66.0536008351149 3
"86" 156.315778625513 66.800483042036 3
"87" 157.272813926742 66.128919275276 3
"88" 144.717500212605 153.022598407763 3
"89" 115.146001559454 145.927372201544 3
"90" 49.1679443074392 106.21643466111 3
"91" 66.7878645006875 98.8984254868924 4
"92" 68.6772060329843 99.3820744768009 4
"93" 65.0943854263308 99.1598240736166 4
"94" 59.8923006989148 98.4613297940374 4
"95" 60.2157381327803 99.1314365394253 4
"96" 64.2585997121492 98.8213924781857 4
"97" 58.3062226761925 98.9630766766126 4
"98" 58.6400775708504 98.9204040756712 4
"99" 66.3459793027479 98.7688130079147 4
"100" 61.3541196348375 98.658154854707 4
"101" 67.3938949268159 98.8373981795671 4
"102" 61.3788167959217 98.9112976182551 4
"103" 59.2589771933873 98.9617757016546 4
"104" 59.0600562777984 98.7582014308328 4
"105" 66.8727697936003 98.5082857925787 4
"106" 60.2890153885225 98.958848411908 4
"107" 64.0612117966156 99.0979083437553 4
"108" 67.5989352500659 98.8514042005062 4
"109" 60.3409412194138 99.1473825836201 4
"110" 66.2082236386641 99.2348416790933 4
"111" 59.1459533830686 99.4007994210399 4
"112" 61.2954776054515 98.7639634874637 4
"113" 58.4090923989089 98.9919246700032 4
"114" 65.187692398154 98.6999564917604 4
"115" 59.8262424621075 99.2958056546927 4
"116" 64.7552224837529 99.4390448380367 4
"117" 59.5144951639547 99.2360194113009 4
"118" 66.3053259702305 98.8310584447752 4
"119" 58.6243223190437 98.554769268641 4
"120" 64.7138731623646 99.1553664642471 4
"121" 63.5018285501833 98.7266938400223 4
"122" 66.91127301978 98.8005467059319 4
"123" 59.2389356071894 98.8499729804123 4
"124" 66.5593146729561 99.4297797588095 4
"125" 61.8592031128676 99.1509752554565 4
"126" 61.8552570958293 98.623411895145 4
"127" 58.8218990180704 99.7515943714139 4
"128" 66.9500428924783 98.8661876405499 4
"129" 62.1472276728024 98.8724670760746 4
"130" 61.9990212174646 98.637038989615 4
"131" 65.1571091356791 98.6856384824519 4
"132" 65.6135384881169 98.7744841347096 4
"133" 69.8312463302687 99.1136933627248 4
"134" 66.8232506502906 98.6729366322576 4
"135" 59.6588125329236 98.2739857326974 4
"136" 61.3540309568942 99.3362680701754 4
"137" 58.7982286391235 99.1071645400983 4
"138" 66.1069533996129 98.9028532242803 4
"139" 65.5256637503722 98.9542555295724 4
"140" 60.7287673437257 98.8605114367858 4
"141" 58.1313462986484 98.6819869311051 4
"142" 61.812840075541 98.7404130010966 4
"143" 177.003152222398 18.077303065944 4
"144" 181.007570903493 14.003589464284 4
"145" 185.139044365114 17.9605521391381 4
"146" 184.43760368432 17.3625352944295 4
"147" 178.338935025557 19.1420242139821 4
"148" 175.020090184219 22.6037913273978 4
"149" 186.85435953197 16.5409883197975 4
"150" 187.738750940872 15.8312726488108 4
"151" 188.041322506239 16.9043224338321 4
"152" 178.267002611417 18.916669975481 4
"153" 178.487680934584 20.5438903260901 4
"154" 175.707912420045 17.3056985080348 4
"155" 189.937656231145 16.900095511812 4
"156" 179.887211711427 12.4094283312552 4
"157" 178.391942201605 20.780748510098 4
"158" 187.422959311885 16.6847926595881 4
"159" 180.909271457763 25.7200002698319 4
"160" 195.316744380202 12.625704345065 4
"161" 177.837872576596 22.8725670975165 4
"162" 101.982316772599 153.363209848517 4
"163" 100.523551170208 151.151491532702 4
"164" 100.371170338692 154.718686471636 4
"165" 100.299241086376 154.032143330614 4
"166" 100.521987910197 150.930348211419 4
"167" 102.025352929828 157.929935215219 4
"168" 94.6632197655652 148.422737648566 4
"169" 97.0943907549956 149.514729823693 4
"170" 101.48626885872 149.936161298938 4
"171" 100.153306294764 154.482144461956 4
"172" 100.312179876842 153.319344621259 4
"173" 101.599987675414 154.409639052652 4
"174" 99.3828380954052 148.77858909395 4
"175" 96.1239004426923 153.299981871376 4
"176" 98.9691522540504 155.255515417987 4
"177" 101.976836805873 154.862701906445 4
"178" 100.21096451298 153.298321253716 4
"179" 100.420446896745 158.568428572922 4
"180" 101.188661311799 149.232764572365 4
"181" 100.94366950992 152.716090107081 4
"182" 99.8895115490619 153.416118062137 4
"183" 96.1020500930922 147.069582444887 4
"184" 95.7268176475813 154.123597292717 4
"185" 102.463465995349 156.055784730416 4
"186" 96.8289458071727 153.388013241131 4
"187" 101.507487968336 153.371470311291 4
"188" 98.6910254911217 153.823564703642 4
"189" 96.9589060987445 151.726235219944 4
"190" 100.950389113898 151.424826271669 4
"191" 102.124343942215 144.991583022625 4
"192" 101.293052644913 156.048737398477 4
"193" 97.4013658996564 151.439679997787 4
"194" 99.2570440009954 154.528052596182 4
"195" 97.8850310357587 155.385056879125 4
"196" 98.3945250328356 150.906916274945 4
"197" 101.837767741628 147.604559031844 4
"198" 100.073074666516 152.318673654298 4
"199" 101.08485120758 153.233815267581 4
"200" 99.9790704230537 153.847726061785 4
"201" 101.609077680477 152.681110108134 4
"202" 96.7302435948512 152.512239583713 4
"203" 99.1451654568241 151.430488763692 4
"204" 98.0677226470778 153.634654976766 4
"205" 99.9963859904896 147.987458810267 4
"206" 100.295199451793 153.389559000789 4
"207" 94.8518974356925 154.880977778992 4
"208" 155.187037230481 67.543585345075 4
"209" 157.301011870981 63.5146910397581 4
"210" 156.31293240476 66.9813748673848 4
"211" 158.169278185814 67.5892732361892 4
"212" 158.395601312167 67.8780912251931 4
"213" 158.30548333215 67.9707146041405 4
"214" 156.918489412489 65.5002106790875 4
"215" 157.233891664301 66.5112577305074 4
"216" 157.628595139201 65.1764430735037 4
"217" 156.543292094615 66.8758636623587 4
"218" 156.673962551147 65.3898291825087 4
"219" 158.225672535846 65.7848131859899 4
"220" 158.944422861651 65.7899309442907 4
"221" 156.302208098496 66.431619169433 4
"222" 156.835283193064 64.5843911046094 4
"223" 160.902131031386 66.667961778776 4
"224" 160.568917168765 68.0094675822462 4
"225" 159.585941812426 65.7005933577378 4
"226" 159.083592167139 67.55133119582 4
"227" 158.915270065512 66.8832386420112 4
"228" 156.905018962049 65.6491088915967 4
"229" 156.529586372538 65.432291676068 4
"230" 155.791010328553 66.5322026750195 4
"231" 157.390446384638 64.6192347973415 4
"232" 157.962615567743 67.3501365672918 4
"233" 158.62241784319 67.4915458135997 4
"234" 97.7968736160215 162.250279935079 4
"235" 58.8312584196012 106.231888309949 4
"236" 186.412381693433 19.0713757791642 4
"237" 99.2531721214392 146.1635062348 4
"238" 99.1901996982569 143.58855893645 4
"239" 97.4372857857361 160.3842766455 4
"240" 60.4826951202763 98.8915205364452 5
"241" 61.7575333409513 98.8488390645864 5
"242" 66.1235681212026 99.1840225411301 5
"243" 67.5320795393306 98.7922892328381 5
"244" 60.1842748246556 99.2926847499256 5
"245" 63.3859027608218 98.9946723182572 5
"246" 58.3653496755677 98.6449280936812 5
"247" 66.3917753513154 98.8888915922526 5
"248" 63.2789625531601 98.7917366639985 5
"249" 65.2537815291244 98.8184503294162 5
"250" 65.3221464972386 98.3610079871809 5
"251" 65.2597738562613 99.0647316950065 5
"252" 60.3953798408157 98.5444040455617 5
"253" 68.89955612062 99.1832877020872 5
"254" 66.1731854748606 98.4941506410777 5
"255" 64.3713576946844 98.76953188566 5
"256" 66.0128283972414 99.2411117644662 5
"257" 68.4386819608341 99.6721460552881 5
"258" 59.4291135344513 99.2463637755079 5
"259" 69.5781412600734 99.1324637291143 5
"260" 65.3463977128389 99.10568856769 5
"261" 63.5022363009845 99.1827555756948 5
"262" 65.3067701140335 98.882723526337 5
"263" 59.7353815596261 98.531197511129 5
"264" 62.1481479678026 98.8929190947375 5
"265" 62.4696442348123 98.962458880256 5
"266" 72.1158901843096 98.8893262348867 5
"267" 64.9686768879411 98.723078585932 5
"268" 67.2597278172162 98.8476244343847 5
"269" 67.4291145047125 99.0003414486956 5
"270" 67.2230965178709 98.7080053666073 5
"271" 60.7333032967167 98.8257550493592 5
"272" 65.764130405208 98.7983784590035 5
"273" 64.4747813938466 99.1671917035035 5
"274" 66.0307592921989 98.7985254154599 5
"275" 57.8150227397879 99.4950910958837 5
"276" 57.8655151986668 98.8422976198562 5
"277" 68.0434913381253 98.8661116102889 5
"278" 61.8980274083874 98.9084968181935 5
"279" 71.0725639198931 98.8694924495901 5
"280" 65.4703919192252 98.7934321752683 5
"281" 64.42483613932 98.9329438545287 5
"282" 65.5525245354877 99.1403556409818 5
"283" 66.3010444413558 99.0864066007968 5
"284" 65.37230255491 98.8041282560559 5
"285" 69.8656424505993 98.7763524611442 5
"286" 64.3496940780537 98.4258485544439 5
"287" 61.7859580197373 98.8622167759206 5
"288" 59.0444630181791 98.43024534715 5
"289" 66.0291984137318 99.069077804465 5
"290" 64.7629534777068 99.2093778242858 5
"291" 64.1982184516661 99.3084022468515 5
"292" 67.4196832919892 98.7984220476478 5
"293" 61.8929385512433 98.5579011572355 5
"294" 60.8021586584014 98.617238014796 5
"295" 66.1088182870745 99.3789363126645 5
"296" 67.2516747631761 99.0378229229173 5
"297" 61.7220327420683 99.0568307960587 5
"298" 57.3708468480008 98.6480707401638 5
"299" 61.3691009551809 98.585936030253 5
"300" 63.1730140821763 98.74865763398 5
"301" 61.407605167682 98.4321635076886 5
"302" 66.065914549073 99.0466433150673 5
"303" 67.1654382622511 98.7933366071022 5
"304" 60.8604691261618 98.8567921961581 5
"305" 61.8608348732038 99.2190724230509 5
"306" 68.6595095108018 99.251687281799 5
"307" 195.168887898279 11.2028570726459 5
"308" 178.774685403751 12.2668683607196 5
"309" 185.152911355061 11.9766785388427 5
"310" 180.45512811031 12.4075892379171 5
"311" 185.714089569049 16.5757177805068 5
"312" 177.05997592016 19.4497501724834 5
"313" 177.916835972331 22.9052280605879 5
"314" 172.299207190723 19.167185635273 5
"315" 180.659533560963 13.4727107155442 5
"316" 183.418157072658 19.252799763379 5
"317" 179.837295195005 18.2535823967593 5
"318" 178.23321498436 18.3127080074926 5
"319" 182.540713002779 26.2786925754599 5
"320" 177.735092491952 20.4038216776348 5
"321" 178.358611867439 20.3904387453875 5
"322" 184.061591517544 17.6233144047545 5
"323" 177.488333827904 19.6410132426853 5
"324" 178.27085605634 18.4155020334373 5
"325" 178.01714279621 20.0316623408988 5
"326" 185.059381514431 13.4085867203049 5
"327" 181.311803809997 12.116744982695 5
"328" 178.713338524588 18.6673787703501 5
"329" 180.88935948048 18.8393754644299 5
"330" 183.92607844627 8.26076483365517 5
"331" 182.208873631338 14.8961870603833 5
"332" 181.053402825082 25.0560949840974 5
"333" 101.22464542336 148.588526928942 5
"334" 102.235418192583 147.382226991112 5
"335" 102.355417097205 156.87891449219 5
"336" 96.0957228407871 147.088969068148 5
"337" 98.7418201011584 143.190335310441 5
"338" 97.5079813400654 161.803673598996 5
"339" 99.4809991503073 156.065244770336 5
"340" 101.771065134406 152.638132415775 5
"341" 98.0705951145479 146.383888951135 5
"342" 101.43812888879 158.127858525069 5
"343" 100.331780631226 155.124372523436 5
"344" 101.351450636192 149.913392393818 5
"345" 96.2415416436105 153.997753446143 5
"346" 101.471110660194 144.62454453918 5
"347" 98.0308724336973 146.281710639904 5
"348" 101.536586243186 152.381486998517 5
"349" 99.1161422906718 149.016952655712 5
"350" 97.0259164394483 149.466735468999 5
"351" 98.7727482945673 151.555597202959 5
"352" 100.363415939329 153.844590169856 5
"353" 98.5066339882021 154.952661078101 5
"354" 98.284958876942 151.349521827249 5
"355" 99.1854410188198 148.004752740975 5
"356" 95.9135724152889 155.888938770811 5
"357" 98.3738854121699 153.644604536203 5
"358" 98.2366064526962 150.558418012966 5
"359" 98.1040177579421 148.382052095812 5
"360" 102.256215550332 147.830686265678 5
"361" 98.8487499802444 153.075583095988 5
"362" 96.7650599604654 148.941281157093 5
"363" 97.6399101479062 147.699422500365 5
"364" 99.600230109192 152.475321339355 5
"365" 96.698238108244 153.767195396825 5
"366" 99.0753515027623 151.333030481959 5
"367" 105.904314510374 151.804908493967 5
"368" 98.2086567237368 141.024913931427 5
"369" 98.1421618741299 150.427259520216 5
"370" 101.509284830561 149.875963945862 5
"371" 101.226805205222 147.545330603228 5
"372" 101.05833306425 153.459012536993 5
"373" 159.8101711029 67.676855642267 5
"374" 155.480248135762 66.7732278638951 5
"375" 156.996543476339 65.3874030773024 5
"376" 158.701630957449 67.529397666453 5
"377" 156.26616038036 67.3295235497413 5
"378" 158.840596916212 67.0197230306975 5
"379" 155.029711130653 67.3175503525395 5
"380" 157.964786205523 66.4020323378547 5
"381" 155.405987451787 66.5457056097378 5
"382" 156.373862076798 64.9748450764648 5
"383" 159.458759742372 65.4429960460806 5
"384" 156.058464976692 67.4637273298204 5
"385" 157.872135900085 65.0434103614507 5
"386" 158.672372405004 67.3960320952182 5
"387" 157.77508394218 65.3578695729918 5
"388" 156.207962813252 67.1037544491086 5
"389" 154.849572747005 68.1935033995548 5
"390" 156.323066186591 64.1201437697943 5
"391" 157.952574542904 67.2798795088767 5
"392" 155.881984139323 66.7604155430117 5
"393" 157.622169984595 66.9427443057454 5
"394" 157.874806723103 67.426513056001 5
"395" 158.711112826756 64.3120816095562 5
"396" 158.903094133121 65.8107485303062 5
"397" 158.050612294419 67.1881704495598 5
"398" 156.442918003818 65.2926815604127 5
"399" 155.854396575015 66.2465297375421 5
"400" 156.71548029181 67.0080764578161 5
"401" 157.668798805549 64.5542736614887 5
"402" 157.682493593059 68.0400269047533 5
"403" 186.878576073902 17.7814146467199 5
"404" 175.813875684087 17.5419555255481 5
"405" 67.1981252028535 120.446934901895 5
"406" 144.586652948567 67.7078856366305 5
"407" 155.552850026348 18.4194958000465 5
"408" 162.726737669336 131.57146536329 5
"409" 105.99969636646 145.390278574898 5
"410" 68.4067815136751 98.7335523952392 6
"411" 61.1986139721478 98.9714636865067 6
"412" 65.8209288830496 99.4720218300778 6
"413" 62.953978865893 98.9515347628833 6
"414" 67.2408323170328 98.9376163275835 6
"415" 68.4428048371626 99.5980447246942 6
"416" 58.5791816775091 99.3075094868633 6
"417" 61.5119300702769 98.754951572006 6
"418" 59.4128011111834 98.7548579818465 6
"419" 64.358323695591 98.6640908194366 6
"420" 54.1949476438642 98.2160838094725 6
"421" 61.9836938516336 98.9855094393788 6
"422" 64.2826998419639 99.2522422462771 6
"423" 66.0376416005664 99.1192234970468 6
"424" 57.7164646694197 98.5194031207896 6
"425" 61.4343456019498 99.6138184274837 6
"426" 62.5925402385583 98.8858682312277 6
"427" 72.0304437299894 98.5899706146214 6
"428" 61.2915458286144 98.1612334226979 6
"429" 62.5472406235217 98.9465056871592 6
"430" 66.3468042359584 98.9833300379331 6
"431" 67.4674833455645 99.0668210036794 6
"432" 70.8445028455616 98.9558550179619 6
"433" 69.8503051087785 98.7730095504366 6
"434" 71.3032720460448 98.9391451698602 6
"435" 70.0192008738786 99.1941302707325 6
"436" 57.9210485688276 99.0505361410372 6
"437" 69.6428842818471 98.8339574204825 6
"438" 64.9011579105399 98.6814798833321 6
"439" 57.6759639645779 98.8365770883403 6
"440" 64.2026962472429 99.3827790112025 6
"441" 68.8680490178989 99.0667892091207 6
"442" 60.5824584944914 98.7310254649281 6
"443" 66.1921373102509 98.4010996384494 6
"444" 71.7279919164333 98.9977977602466 6
"445" 68.2130106830521 98.9483236395839 6
"446" 62.8966206754907 99.0896733506508 6
"447" 68.0283708527084 98.7934233916835 6
"448" 69.239712381736 98.1096502797904 6
"449" 67.6834104226 99.138436092447 6
"450" 68.3740801649957 99.0268243424579 6
"451" 69.188915089406 99.16554983702 6
"452" 70.3022035415748 98.9051210409325 6
"453" 66.1081047345149 98.3410760659341 6
"454" 65.9658809256386 98.5569109832648 6
"455" 64.8547698897281 99.2220616500611 6
"456" 58.6400142147488 99.5753386931107 6
"457" 57.0399097792626 98.4124009154648 6
"458" 71.9349971068232 99.0597533235577 6
"459" 57.3215559079709 98.6221364758426 6
"460" 70.1102222597864 98.9115880927702 6
"461" 64.4883801760619 98.6500845633288 6
"462" 179.768794187752 18.0946142109744 6
"463" 182.109311247363 16.6958403418993 6
"464" 182.561193063963 14.4105495478785 6
"465" 180.221319511774 20.8286046707075 6
"466" 175.202441018802 17.7917092889255 6
"467" 179.890646853314 23.690863160079 6
"468" 183.661697027281 7.28372784006099 6
"469" 182.849327061564 8.51823821839349 6
"470" 173.748918994959 24.3150044445996 6
"471" 183.607331608658 12.7361969776414 6
"472" 183.348076955667 17.2324599079067 6
"473" 172.173452792105 19.1677129668296 6
"474" 185.999388862501 19.9019664502231 6
"475" 180.368663513436 17.9275110398441 6
"476" 179.446678474127 18.5962777599202 6
"477" 190.487863931207 17.3390438562875 6
"478" 187.1249894252 19.212101967217 6
"479" 188.746672408651 15.1826750016637 6
"480" 183.805670081762 9.20973140596832 6
"481" 180.487255370216 14.799755971508 6
"482" 179.060352574303 20.8577451524128 6
"483" 182.755381593515 15.675208978199 6
"484" 180.760441711912 13.4569325580751 6
"485" 181.569076166073 21.1013259202152 6
"486" 179.158930234939 11.5250379426101 6
"487" 176.86678362783 18.3514231802791 6
"488" 179.931552199363 21.6563416069948 6
"489" 177.758052472694 8.252778396306 6
"490" 188.526826635316 12.7397986757157 6
"491" 180.803617279992 17.6609705010175 6
"492" 185.492449433334 19.9259539482579 6
"493" 183.556161790631 25.1112214914279 6
"494" 175.846237398074 16.4373491487011 6
"495" 178.112480354655 17.6752389231214 6
"496" 186.643653450489 17.6579879180961 6
"497" 184.046506551925 11.4883869111057 6
"498" 178.652590774695 17.8280999581993 6
"499" 179.958827166952 11.9646259655338 6
"500" 180.843916303081 18.5681426669465 6
"501" 180.040051990037 20.7618766565161 6
"502" 182.978192388941 26.2129685651486 6
"503" 174.926364630626 17.1376192677836 6
"504" 178.813874584628 12.3464063919892 6
"505" 178.648789672721 18.6613741669357 6
"506" 98.8192305750694 153.137714017602 6
"507" 101.540017759989 149.672990392319 6
"508" 97.6936535476714 147.201291105488 6
"509" 99.7289481539 157.296005117075 6
"510" 102.296640924114 146.42734159069 6
"511" 97.5791248789533 161.922129424275 6
"512" 100.989671563031 151.599487419728 6
"513" 102.474494966498 153.719384779166 6
"514" 98.4513174702647 153.651864701899 6
"515" 101.415580588955 148.681678281 6
"516" 101.062861792518 152.886339015967 6
"517" 98.8905063439364 152.021193868773 6
"518" 97.9169070253491 151.007717214183 6
"519" 102.912055718535 155.266581721608 6
"520" 102.390523331513 152.609855143099 6
"521" 104.544126036351 156.243410504251 6
"522" 100.082043281703 154.95094541073 6
"523" 100.134913057686 152.7734593113 6
"524" 100.850234597273 152.824640149927 6
"525" 98.3935115870431 151.169752076998 6
"526" 95.2258051819288 151.096163133698 6
"527" 98.2450470373059 148.333776928316 6
"528" 101.49733162118 147.676527207606 6
"529" 100.133169601705 150.331115754689 6
"530" 105.182777808019 145.847400956866 6
"531" 96.9634934333718 152.581365613853 6
"532" 99.9217694172 143.916681288858 6
"533" 102.184974842892 149.434337684145 6
"534" 101.921233726832 148.935941687374 6
"535" 94.2416329345722 151.85215609224 6
"536" 100.756018622448 149.141045812487 6
"537" 97.8503621719454 148.217296336124 6
"538" 99.6869563698294 146.014927270827 6
"539" 101.626359612924 152.386495758387 6
"540" 158.793793021015 64.051192323931 6
"541" 160.562952255541 66.7404260396963 6
"542" 156.627826517524 68.6280384547766 6
"543" 156.302530124332 67.8462221376574 6
"544" 157.090873813704 66.9432659279402 6
"545" 157.146711540804 65.9204721248068 6
"546" 156.864935503206 64.1798590379194 6
"547" 154.669759846896 68.1033204996083 6
"548" 157.757587581421 67.5687806989223 6
"549" 159.156797503542 68.47052249734 6
"550" 158.440280363609 65.2351685751113 6
"551" 157.752547417208 64.3955370140395 6
"552" 159.502335612989 66.9853832287611 6
"553" 157.954862715262 64.9017123536427 6
"554" 157.271875950995 67.2142582021545 6
"555" 158.301680555539 68.267652554718 6
"556" 155.027915868016 67.1138366866756 6
"557" 154.45075413529 66.4742113144245 6
"558" 157.829949724386 65.0237055451428 6
"559" 156.756517409449 68.5292947402332 6
"560" 156.401035946291 67.883048884048 6
"561" 155.320815670861 66.2932471011397 6
"562" 158.977765360502 70.3547203816279 6
"563" 159.872233942577 75.1081534015519 6
"564" 181.982561954803 15.1070792291405 6
"565" 69.6414900066643 98.9869158034955 7
"566" 61.5561626423723 98.7847382717059 7
"567" 67.6614999631129 99.2794053266564 7
"568" 74.8672237905574 98.9164519139515 7
"569" 70.0294503334786 98.982086166955 7
"570" 65.876220999083 99.0726118036583 7
"571" 62.3131593790752 99.5829334726295 7
"572" 70.363440543568 98.7064949191987 7
"573" 68.8114239287187 98.7709589430211 7
"574" 64.4390740881555 98.2735638036919 7
"575" 57.8130482871997 98.4579327286379 7
"576" 68.367636518863 98.742331281573 7
"577" 70.6798873218403 98.870984733438 7
"578" 63.8626658987937 98.3795760586593 7
"579" 70.4070270300971 98.9380038934087 7
"580" 59.5910793373214 98.8293381907607 7
"581" 64.8443076176727 98.3944046614763 7
"582" 69.1786404406068 98.5563404858074 7
"583" 54.93418238183 98.5109566169488 7
"584" 63.2309253724409 99.337265394016 7
"585" 67.5885620537382 99.1048688237037 7
"586" 62.5745923273027 99.1179901945602 7
"587" 65.2747835915271 99.2282224251435 7
"588" 66.8123310490586 99.2603691069811 7
"589" 63.8091373831806 98.7439702907083 7
"590" 57.2759668590445 98.4514408793695 7
"591" 64.6865306732507 98.3716888306692 7
"592" 72.5221136426975 99.1581665512727 7
"593" 57.1783769593397 99.1283006922456 7
"594" 68.0470146780774 98.6595005039312 7
"595" 181.634648480134 16.3123399980152 7
"596" 180.866600137916 13.4730160103354 7
"597" 169.248717616882 20.8534037426413 7
"598" 177.153977260615 17.6035382670665 7
"599" 174.527060222063 15.6636390818915 7
"600" 182.380499399241 18.1930522501378 7
"601" 178.513535604075 17.3927410963171 7
"602" 185.097547070115 21.1264120367775 7
"603" 180.824483914147 17.9959299880392 7
"604" 180.169984774349 20.9222898801313 7
"605" 183.375814598346 17.121548003526 7
"606" 176.052771121436 25.6114568139514 7
"607" 178.384379846975 10.1724606651451 7
"608" 191.128625590315 19.7551465024025 7
"609" 174.7319940823 16.979946389506 7
"610" 179.184687244623 23.5629936310489 7
"611" 184.728066436786 19.8966116251194 7
"612" 183.421744548651 15.5794822939055 7
"613" 179.691810693162 17.5433524732756 7
"614" 181.420276429298 19.7482550308674 7
"615" 178.978183379329 17.8868888152783 7
"616" 182.021386392175 20.1490384286975 7
"617" 183.386575021111 12.7061252591616 7
"618" 176.814576647397 18.3336102937011 7
"619" 179.722177255253 18.6037493086034 7
"620" 180.496131217454 20.5784045209197 7
"621" 180.923789718839 23.7462402345078 7
"622" 188.563602263817 21.7935130093181 7
"623" 180.7623154912 12.0804390344931 7
"624" 176.826144426124 21.3017055056344 7
"625" 182.487967353292 15.995471430568 7
"626" 172.056948627789 19.0176105190478 7
"627" 183.229643088974 17.5316407529086 7
"628" 180.399719981521 18.9954810599309 7
"629" 182.962791533134 14.9968465099048 7
"630" 179.823483076808 21.8533291703752 7
"631" 176.885058798996 22.6367484318329 7
"632" 179.322645174799 18.6770317945445 7
"633" 182.171844420865 16.3301203890354 7
"634" 178.367897758918 14.6423045180307 7
"635" 102.36060919319 152.315985243619 7
"636" 102.511542768474 147.098624765584 7
"637" 96.4118067002873 153.895251892075 7
"638" 101.703675626638 148.035843044715 7
"639" 101.128491787281 143.928066081569 7
"640" 104.720668431422 153.723249923986 7
"641" 99.3551985072301 144.691301520842 7
"642" 99.0576568882221 152.126542682493 7
"643" 102.587921698714 146.204784348555 7
"644" 102.227245608824 155.90463784551 7
"645" 99.8275616664496 155.900569426569 7
"646" 105.427118045718 151.638528326728 7
"647" 96.0439995153407 151.511173550393 7
"648" 95.7312539137833 156.790052299679 7
"649" 95.9930556026564 147.464496335476 7
"650" 102.283042997765 152.320694614807 7
"651" 95.693008798629 154.507250468165 7
"652" 99.038501325089 152.457061985308 7
"653" 98.2980217141955 149.967177182134 7
"654" 94.7979319022724 152.674510271325 7
"655" 93.6855601558242 148.569991576253 7
"656" 103.365689828434 154.630165176535 7
"657" 100.738119707552 151.890118836493 7
"658" 99.7292076223171 157.275846543338 7
"659" 102.321797890807 149.272412188988 7
"660" 99.9669685447483 150.485098704104 7
"661" 102.16755731202 153.112428791282 7
"662" 100.494095709956 143.802455941352 7
"663" 156.153070938683 67.7153687395375 7
"664" 155.632863078226 64.3354087374354 7
"665" 158.302495871693 65.1480595636403 7
"666" 155.015386649675 68.1754376743267 7
"667" 156.368825380581 65.9960380630549 7
"668" 156.778016177971 67.6677188653469 7
"669" 156.4761070653 66.4188826507015 7
"670" 159.574876452998 68.6086659255816 7
"671" 157.779149962869 64.8210753607912 7
"672" 156.100792624538 67.9301973508363 7
"673" 157.12733991108 67.2878235868934 7
"674" 157.78306472195 64.8471704097148 7
"675" 155.516103004256 66.4817708603565 7
"676" 157.966345218459 64.8020610206015 7
"677" 155.165204211314 68.3594699589886 7
"678" 157.165858276708 64.9208251476678 7
"679" 158.109419469854 67.9346073228401 7
"680" 157.888879175278 63.9297486255339 7
"681" 157.080602803585 67.202476605614 7
"682" 158.148412768284 64.9228785156755 7
"683" 158.767241294194 66.8550880892679 7
"684" 155.868164319473 67.5496759322518 7
"685" 187.991732691859 119.892457817253 7
"686" 145.51489060848 158.243075054591 7
"687" 90.3942990971157 147.168106066148 7
"688" 112.403669874378 6.11436652423029 7
"689" 158.951535546185 70.3219008923556 7
"690" 190.666014163909 134.673138323077 7
"691" 184.199269562844 11.4671797607908 7
"692" 63.8988883114489 98.4177624395878 8
"693" 56.2289213216698 98.9411503937667 8
"694" 69.203750451296 98.9353723794001 8
"695" 62.8445418692616 98.845143241355 8
"696" 53.9699144391847 98.3994125474045 8
"697" 67.4325422536883 99.2414623459152 8
"698" 64.1638912522785 98.6225828931444 8
"699" 63.8665246628355 98.8538711305678 8
"700" 57.1330382455371 99.0961671677663 8
"701" 65.6417661805944 98.1994915584001 8
"702" 56.5651260523965 98.9214784516106 8
"703" 62.7019836241274 98.6013704532004 8
"704" 63.096880713344 99.0303235893763 8
"705" 62.3779067576483 99.5023369947047 8
"706" 70.2897311001291 99.1393008043552 8
"707" 57.8430150157616 99.1629994324929 8
"708" 62.2091904724732 99.139581840745 8
"709" 57.9222747232964 98.1699756957533 8
"710" 67.7699679386885 99.3333092300147 8
"711" 183.459008862708 14.3155975784536 8
"712" 184.547606091698 11.1695043987255 8
"713" 181.608489594214 17.3884288990643 8
"714" 178.653309090519 13.9244718472398 8
"715" 181.973190334845 16.1946252900637 8
"716" 172.177583412321 17.3189609485051 8
"717" 187.141614678014 18.912441408053 8
"718" 177.951451794372 9.35794063541725 8
"719" 175.754335070139 12.6418316490151 8
"720" 180.757617854121 19.1658708622346 8
"721" 180.676585073865 20.5608569593354 8
"722" 180.378234927727 23.0400999925272 8
"723" 177.385055479471 15.8249016859421 8
"724" 182.946617766386 17.3419968855734 8
"725" 170.655477941312 20.3424919365835 8
"726" 181.45947373927 8.0692822261053 8
"727" 172.839509655707 16.980071352718 8
"728" 177.954605573034 17.6342178504385 8
"729" 181.19465316187 11.6743085813853 8
"730" 173.130907191024 13.4937035195416 8
"731" 180.682376778184 21.3408327097102 8
"732" 182.362727442935 15.8384390417244 8
"733" 185.250253360314 23.1682643942222 8
"734" 176.172422910622 16.7116305941126 8
"735" 178.50858287943 10.8299531595678 8
"736" 186.000983691224 20.4194701600615 8
"737" 184.615283143475 11.3543886877883 8
"738" 180.662097544862 6.91941531010359 8
"739" 190.710781875557 16.8138753607878 8
"740" 181.757444632137 17.3266855231824 8
"741" 181.503727195613 22.3607049126392 8
"742" 178.638958452916 17.1228406358496 8
"743" 184.187668540998 16.4645047228133 8
"744" 182.380559327698 18.4722677252831 8
"745" 185.046854090257 20.0555977261708 8
"746" 189.826726990319 12.4366292837924 8
"747" 185.057226705632 12.8093018650142 8
"748" 183.933882901894 11.1212012335587 8
"749" 180.90582792672 10.778024803552 8
"750" 181.281762193576 12.9052692906073 8
"751" 181.906787938611 16.6675866713373 8
"752" 183.453508352343 12.5060164899249 8
"753" 186.179217233247 20.5693404626093 8
"754" 179.503568146416 24.1255894357032 8
"755" 182.055000630012 18.4670460409046 8
"756" 181.335367174371 12.9400845778228 8
"757" 176.065689575198 17.7078936444363 8
"758" 96.7063691078465 154.455734776623 8
"759" 95.2672346505047 159.696155231065 8
"760" 96.2351397461324 151.453063796975 8
"761" 98.8981637480354 150.778297387976 8
"762" 101.817473360589 155.17861911161 8
"763" 103.337717259195 154.30681690847 8
"764" 100.441979075607 154.30203666025 8
"765" 101.318370325781 142.420479789717 8
"766" 101.944740333547 150.853866678677 8
"767" 99.8063616467376 146.928834383342 8
"768" 96.8454918531844 155.779210296072 8
"769" 99.9468430645444 156.286922650366 8
"770" 100.193253292861 157.217383976075 8
"771" 94.9939960223048 160.20547950928 8
"772" 104.011360227676 155.718470892738 8
"773" 99.0721016994857 149.562771209611 8
"774" 105.032276933852 147.901546083108 8
"775" 98.5246438708461 150.598470003113 8
"776" 96.2752406399737 150.908616808141 8
"777" 98.4996048852537 153.38240651182 8
"778" 101.028998410313 147.249702284809 8
"779" 98.7020135583248 149.475915629656 8
"780" 100.103724124493 147.575229475432 8
"781" 103.669590283736 149.892245933919 8
"782" 154.20593033183 63.5536910900429 8
"783" 156.07778808423 65.3471993417017 8
"784" 154.625414225412 66.4886341510326 8
"785" 159.612570490488 63.2206451920418 8
"786" 158.721378941581 66.5599536287962 8
"787" 157.16539388756 66.7767819698552 8
"788" 154.409723745666 68.3346875897341 8
"789" 158.163561408921 68.7497069057953 8
"790" 156.599853742709 66.0578565771639 8
"791" 158.772328909062 64.641640806776 8
"792" 153.960249107299 67.1930250801607 8
"793" 154.659893093916 67.0102107079292 8
"794" 106.672576070608 141.403270416244 8
"795" 197.344562833464 33.5431738587528 8
"796" 186.841634030613 6.50007432629704 8
"797" 98.0547542517427 151.15384959297 8
"798" 147.410192108951 126.915543870861 8
"799" 63.4700155379532 98.3912815148471 9
"800" 56.2121176261549 98.8741609349178 9
"801" 68.6659877437796 98.7801100505834 9
"802" 72.7172188952995 98.9322211884309 9
"803" 56.8465779875 99.1956494308943 9
"804" 53.9122077480504 98.7966059511982 9
"805" 71.9301018959111 98.8646258351564 9
"806" 56.7730621712588 98.8285183507349 9
"807" 56.1920848827313 99.0958753763456 9
"808" 68.3918932267487 98.4083974281399 9
"809" 177.604655753512 20.5957198380901 9
"810" 184.384173465263 11.7606899611332 9
"811" 174.417852668317 12.2014929383846 9
"812" 181.886363630207 17.3539015288629 9
"813" 179.5713542021 20.3590357390411 9
"814" 183.76002011323 14.0940885741469 9
"815" 171.802417404872 21.5861494253902 9
"816" 174.411997336409 16.4748624472262 9
"817" 176.499100752679 20.6430626092177 9
"818" 186.209724984091 20.5472899803617 9
"819" 183.435216224581 10.4923669892588 9
"820" 183.900370266266 15.6008373811551 9
"821" 174.943661913451 18.1003985893871 9
"822" 180.660013356708 17.3850031152228 9
"823" 176.333643042045 12.9008187281164 9
"824" 177.94924386268 10.2264121013369 9
"825" 189.162488213099 16.2560854813473 9
"826" 190.321706501609 21.0021735153512 9
"827" 178.269313511128 14.7227639727587 9
"828" 181.061506722783 11.774186544714 9
"829" 178.808538075047 13.3260328687446 9
"830" 181.835344419017 13.1799748620586 9
"831" 184.442375609268 15.1905080349456 9
"832" 174.80281311663 22.2130476042296 9
"833" 178.689583445168 17.2221220557998 9
"834" 177.431811212339 9.2588526179064 9
"835" 182.275590822624 21.7980950820203 9
"836" 183.354066409557 19.7294643616382 9
"837" 178.150136521252 15.3661492942694 9
"838" 192.305717086819 16.8340637883405 9
"839" 178.813853517412 11.6684282265112 9
"840" 175.586733015086 15.8640438215511 9
"841" 178.024805405575 18.3929127146512 9
"842" 179.746286596575 24.066634691569 9
"843" 178.180795309522 14.3999856286751 9
"844" 175.084981693976 12.731315493931 9
"845" 171.970280919631 18.4864800335575 9
"846" 184.774220062744 8.70518983525445 9
"847" 177.717564835248 13.4240246773771 9
"848" 181.857884852584 15.2514701649144 9
"849" 180.135671320279 19.0871137011339 9
"850" 177.661496112439 11.276877073613 9
"851" 101.836634441468 151.474010606588 9
"852" 97.2210283681358 146.290206092165 9
"853" 98.1049646816825 149.026407439807 9
"854" 104.691758797882 154.13584502518 9
"855" 98.6954392520304 151.997861571998 9
"856" 102.726812315923 157.11941150428 9
"857" 104.741875421459 155.246541088951 9
"858" 103.589583506653 154.14901571011 9
"859" 106.788195436592 152.650854213209 9
"860" 100.177218247919 147.072380732263 9
"861" 99.9272591593383 157.778294873463 9
"862" 99.3006405222999 157.99790954812 9
"863" 97.6649298493827 154.664440907628 9
"864" 101.92837985369 154.0749292071 9
"865" 99.6370303034893 159.664407906814 9
"866" 99.7025612122684 147.906023937055 9
"867" 96.9086407092651 145.011939173108 9
"868" 100.409979378508 152.828775985676 9
"869" 104.502161997497 154.295052780663 9
"870" 104.655505860635 156.824589372017 9
"871" 105.335681032033 150.50807825446 9
"872" 103.612402863638 149.650900977496 9
"873" 99.00232758784 147.293622510988 9
"874" 101.926491205667 152.051607031376 9
"875" 101.285899349255 146.434857177822 9
"876" 98.8214913815149 150.366561468327 9
"877" 101.263780069492 151.551580965383 9
"878" 99.2762798126672 152.751536316319 9
"879" 96.4103742483429 152.880813599739 9
"880" 158.770502441674 66.4087119043605 9
"881" 158.8719622991 64.8026661324315 9
"882" 154.27578155343 64.1332569352907 9
"883" 154.785279738056 63.4074418311953 9
"884" 154.408172039924 67.1072226644102 9
"885" 155.884090460553 64.9015223034093 9
"886" 155.698522383674 65.8692747340923 9
"887" 181.146021740077 6.59476189458655 9
"888" 61.1694469911467 61.3129529010499 9
"889" 72.0702468471227 154.648258589013 9
"890" 60.60964496344 98.4183751167 10
"891" 63.1017268795778 98.5506302886761 10
"892" 55.4049575867942 98.5843718791055 10
"893" 72.8414280238911 98.8036561390475 10
"894" 69.333166910211 98.9933337947125 10
"895" 53.9248390364608 99.5331491599576 10
"896" 53.3509737396653 98.8477517610734 10
"897" 55.6761339978937 98.6028230199182 10
"898" 73.9616968112781 98.7021489938779 10
"899" 56.5685313386289 99.1230342010471 10
"900" 69.6977022686901 98.3112894209474 10
"901" 56.7328606790969 99.1842246970426 10
"902" 56.2674762030524 98.7772686891211 10
"903" 74.0711504778025 98.550014215322 10
"904" 181.041258255321 10.9476825719374 10
"905" 190.734584574212 20.4940707170026 10
"906" 174.878795343379 13.1044210174505 10
"907" 181.447912384567 16.7255086298461 10
"908" 177.198672911083 9.45706887401128 10
"909" 180.841992475923 21.0252578770598 10
"910" 182.294151093552 17.4345712788359 10
"911" 178.618851547551 17.5298880423017 10
"912" 182.905771262709 15.4282081130306 10
"913" 174.981606964254 19.1607688447475 10
"914" 179.515477569095 15.0352938477496 10
"915" 186.073588170726 21.1184450838394 10
"916" 179.85169535709 27.3919343666139 10
"917" 183.610286215686 16.333316133775 10
"918" 187.279226679886 12.3290441501703 10
"919" 177.765675001749 13.1959380021576 10
"920" 172.310452896355 14.1091831841514 10
"921" 183.582840541168 8.37966543131788 10
"922" 178.232515769412 14.8016735443976 10
"923" 182.701514844242 17.0219162586849 10
"924" 186.467897805877 20.7505573686469 10
"925" 182.468031275362 16.4124130864335 10
"926" 176.401588706501 12.7622850067491 10
"927" 181.081528428827 14.699586656447 10
"928" 190.387426426093 22.0586633695094 10
"929" 182.892032022756 11.2804751312182 10
"930" 181.321916970039 21.011398591858 10
"931" 182.296252943419 13.2479108100971 10
"932" 182.158826513673 21.8006061977886 10
"933" 190.835394308621 19.1897522229624 10
"934" 192.431711890903 16.7758649452439 10
"935" 189.291510847789 16.9470933657555 10
"936" 178.186194414843 15.5522853903145 10
"937" 180.316663388093 21.5042378734611 10
"938" 184.238752704905 15.9985670310791 10
"939" 183.863907044459 25.2671264683577 10
"940" 182.194567520576 15.9736594195758 10
"941" 178.310698067557 19.5985831601039 10
"942" 174.232277570362 12.226147208603 10
"943" 185.20417778433 19.3150344995439 10
"944" 173.116385176244 17.403923876049 10
"945" 186.401125700904 15.5296726155602 10
"946" 181.776145366286 10.8054862869562 10
"947" 176.353449221087 16.5413256477668 10
"948" 186.229846742517 23.1650741629138 10
"949" 177.610297323905 14.713317585854 10
"950" 181.567265373238 14.3175087887592 10
"951" 173.805727574188 14.1809643519907 10
"952" 174.214275094226 16.3045131296344 10
"953" 102.263241763842 158.450350658872 10
"954" 105.855511106716 151.555368136243 10
"955" 96.937027620324 161.078707902688 10
"956" 95.2144109102603 146.590934752149 10
"957" 106.877973170418 151.905048236925 10
"958" 100.14831391979 151.877964672084 10
"959" 104.696349249238 143.75417063134 10
"960" 105.263459113193 151.346607400573 10
"961" 105.089624548079 149.70097168672 10
"962" 94.6859925178826 159.972260925132 10
"963" 104.434663530834 153.764050923081 10
"964" 100.538603641624 144.224005250187 10
"965" 105.639018888316 150.819052938957 10
"966" 103.876905272484 153.994023124388 10
"967" 101.626559260272 145.938456345198 10
"968" 104.402909666928 149.49524236607 10
"969" 105.553726967932 150.712208113252 10
"970" 101.765107115484 145.025598778583 10
"971" 103.902478086439 154.337334221031 10
"972" 102.832650774336 152.254100316527 10
"973" 99.866057782476 146.666074214832 10
"974" 99.5843536366927 159.111149280553 10
"975" 158.832370866862 65.3084177428806 10
"976" 156.414678039999 70.3814116790086 10
"977" 159.170937153161 63.4734296624628 10
"978" 158.1316169598 66.0946963726294 10
"979" 156.929897273625 66.8005724063908 10
"980" 156.753461680907 67.4940481957758 10
"981" 156.027417961304 68.8933687314495 10
"982" 155.88423933919 64.7421650924272 10
"983" 154.419223420428 65.0028645387151 10
"984" 154.992522198056 65.7526343905882 10
"985" 157.383239123847 68.8098434447796 10
"986" 156.909631645139 67.5150426323496 10
"987" 177.381467734921 10.6101469082002 10
"988" 143.890318260522 156.57252344803 10
"989" 57.7705767056642 98.2676408331229 11
"990" 72.8719360292066 98.7155994599966 11
"991" 53.8276673779801 98.6711083880669 11
"992" 55.5412602161481 98.1686700249077 11
"993" 173.109887102786 13.9251234853419 11
"994" 186.193185105049 15.7341202763649 11
"995" 187.033701430273 22.070032032927 11
"996" 171.570035803498 23.8654938692459 11
"997" 183.442108337262 12.1944085984097 11
"998" 184.352768301163 17.7627039572738 11
"999" 175.977995903105 8.61869742643126 11
"1000" 180.886788414402 20.9515051570986 11
"1001" 173.658881650082 14.3194220875817 11
"1002" 190.022834051211 20.0706894891741 11
"1003" 177.606620899183 15.9535908128943 11
"1004" 177.645997236753 26.2823405505888 11
"1005" 177.793309563653 17.3766524727796 11
"1006" 188.470807932757 16.2660175462671 11
"1007" 177.686401913485 16.4838819262384 11
"1008" 183.1242818888 9.24462441366022 11
"1009" 173.805670375093 12.2187526964652 11
"1010" 186.478613713067 23.1004998341715 11
"1011" 180.576469033959 15.2721631909768 11
"1012" 174.156624510254 19.1029723692936 11
"1013" 187.591441669973 20.6352557869249 11
"1014" 178.377061271981 21.5741626253738 11
"1015" 185.377667121193 24.6517717263943 11
"1016" 191.852503058909 16.9866107306301 11
"1017" 184.564186501018 15.3453930042919 11
"1018" 182.570502273331 17.5487172699484 11
"1019" 190.385632785276 21.1426534827531 11
"1020" 176.778409827764 27.0536021560689 11
"1021" 185.574307569585 13.7754202728801 11
"1022" 176.21697386098 14.0993560494665 11
"1023" 186.11385755003 23.6382062175329 11
"1024" 191.536197302281 21.4497177048961 11
"1025" 178.856062904954 13.5881178752417 11
"1026" 183.22254025021 18.9359986846816 11
"1027" 174.39568432029 11.8982879098739 11
"1028" 173.21100132487 17.2008397507631 11
"1029" 184.755691877781 15.9815534292666 11
"1030" 170.154343461588 7.96482470811999 11
"1031" 178.700270311254 14.8245195385767 11
"1032" 101.455828545131 164.691033859897 11
"1033" 98.9286253588654 151.145148298148 11
"1034" 100.556211914344 145.359505876379 11
"1035" 99.7502925774432 159.324018007901 11
"1036" 101.868546091413 146.087491627805 11
"1037" 101.782780286939 147.058253182321 11
"1038" 104.414609591233 149.731701016361 11
"1039" 103.332115080508 155.067991406948 11
"1040" 104.942220707191 156.232439472117 11
"1041" 101.895670826576 147.937222087196 11
"1042" 104.038015849266 149.589106164893 11
"1043" 99.7149804599924 152.755464063468 11
"1044" 99.6880876766 151.23119248883 11
"1045" 107.456879826237 145.604000169215 11
"1046" 100.455582675228 151.592418470272 11
"1047" 103.471113115051 149.860190573221 11
"1048" 102.548159425069 152.789388256298 11
"1049" 158.397752953202 64.898894731984 11
"1050" 154.991046694437 65.8017838330346 11
"1051" 155.127352634137 67.9985329969791 11
"1052" 156.553692370395 67.5703319254751 11
"1053" 160.881242537456 63.4893242642599 11
"1054" 158.856766413706 68.0131854596501 11
"1055" 157.102150588623 68.7050922313267 11
"1056" 181.181887367079 129.81887147983 11
"1057" 193.550773000062 15.8586195751456 11
"1058" 176.48632269916 17.7278472765369 11
"1059" 55.6314684495826 99.0238893486614 12
"1060" 55.3893408810786 98.2814991192243 12
"1061" 181.645087405336 21.9048246024331 12
"1062" 177.040340588573 20.88627122108 12
"1063" 180.803581537347 16.9181090819528 12
"1064" 177.583098068401 26.3517095265078 12
"1065" 181.929416644969 23.1838830756979 12
"1066" 183.571564027817 10.7733368109741 12
"1067" 176.762575983773 9.71615541229478 12
"1068" 169.928760295195 15.9117029644865 12
"1069" 180.207166004794 16.1597245281232 12
"1070" 173.453136233328 13.5963266705811 12
"1071" 170.509092439566 23.6935132338157 12
"1072" 173.473223816373 11.994699726088 12
"1073" 173.393422472065 12.1650488667331 12
"1074" 186.384064544451 17.224152732645 12
"1075" 175.858686270229 14.2038342963957 12
"1076" 183.468408245283 20.0188339295726 12
"1077" 186.431330852491 22.6351397815508 12
"1078" 191.82928947599 21.2653574508697 12
"1079" 189.054768608672 12.2489870820146 12
"1080" 183.517268772102 18.7438689240076 12
"1081" 187.665035166507 18.3678786017724 12
"1082" 179.575683162971 12.9607723856473 12
"1083" 184.314184455733 12.7560687529594 12
"1084" 177.66552307396 17.0176267637808 12
"1085" 182.610296427409 20.3465792263203 12
"1086" 181.036679839897 14.9274316915791 12
"1087" 171.297189953136 16.7754101037228 12
"1088" 176.536698819937 9.23648525492934 12
"1089" 178.156316853659 13.5182396994469 12
"1090" 104.762145627956 152.037733885426 12
"1091" 102.613362759046 154.647806601333 12
"1092" 98.3902832356545 154.330560923628 12
"1093" 98.1642763768896 151.947999972654 12
"1094" 102.318266238784 153.468337886886 12
"1095" 103.435073798438 154.015496109058 12
"1096" 100.788651166382 141.196492660954 12
"1097" 96.8530685172567 146.115419244483 12
"1098" 105.61195429218 154.802101435081 12
"1099" 102.776791712033 152.498293954929 12
"1100" 155.34491403748 64.8066903061906 12
"1101" 159.187053532172 71.2421894691047 12
"1102" 154.223713673241 66.1683309922339 12
"1103" 154.45587598642 67.5985897237377 12
"1104" 156.080877501654 64.6058718640354 12
"1105" 156.516157941655 64.4465968416353 12
"1106" 110.195168361658 6.62638400401243 12
"1107" 175.552662559577 13.3971465689873 12
"1108" 148.369869231941 129.481150617525 12
"1109" 95.6383950663046 140.975520014532 12
"1110" 178.84311839716 15.5393666734538 12
"1111" 82.2461646269636 25.0417614159521 12
"1112" 189.970173962751 20.8162707361728 12
"1113" 55.4651509665675 99.2957179483339 13
"1114" 55.4514837426117 99.0060526858941 13
"1115" 53.3748631922161 99.3725811640202 13
"1116" 53.6098494103675 99.1767978684607 13
"1117" 179.413338474466 22.9989169277905 13
"1118" 186.391869183053 23.4802015101886 13
"1119" 184.52602458782 10.1938385680666 13
"1120" 178.996393863474 12.9615168970497 13
"1121" 179.913252292541 19.9445338431087 13
"1122" 186.226005100749 13.5297278899937 13
"1123" 179.056481006328 21.5871018141485 13
"1124" 179.929510995974 16.4203955574149 13
"1125" 191.489914928256 11.9233987337111 13
"1126" 185.125946819942 22.1163903210153 13
"1127" 174.195983883688 11.8580789252982 13
"1128" 178.207926068005 12.6167726919332 13
"1129" 173.949494055671 17.488053895149 13
"1130" 181.311342097936 24.3471596837547 13
"1131" 170.605900927234 22.1606279838511 13
"1132" 171.224155263558 18.791373175665 13
"1133" 180.466999697043 27.3874589178091 13
"1134" 185.354219733821 12.6114681938415 13
"1135" 177.293824872872 14.399688831532 13
"1136" 96.2342128020422 146.008393190772 13
"1137" 105.685480553808 144.619290457305 13
"1138" 97.2624184260456 152.036896821389 13
"1139" 102.194741253708 148.645607710169 13
"1140" 106.507891227006 151.72240732407 13
"1141" 100.929892473535 151.069978350939 13
"1142" 96.735453806406 159.914878524699 13
"1143" 98.9589033354875 159.378036442019 13
"1144" 104.010713041624 143.946691848629 13
"1145" 96.4859676262267 144.500051047092 13
"1146" 99.1139222220715 140.940884115647 13
"1147" 101.628221709152 146.408797486378 13
"1148" 107.659729979417 152.906048561996 13
"1149" 155.52969699118 65.873152262444 13
"1150" 154.731794247243 63.984450273442 13
"1151" 153.798168516335 66.5778784957763 13
"1152" 154.195192400231 65.482840690085 13
"1153" 182.564885072364 20.680727268321 13
"1154" 100.00271197707 139.817232842775 13
"1155" 120.148858146062 161.042910100901 13
"1156" 134.801086304943 163.681605987508 13
"1157" 168.712843416797 23.2959174335767 13
"1158" 97.1498163852756 159.42647789058 13
"1159" 180.035733500987 95.9677359090676 13
"1160" 50.5021073701555 58.3589328389159 13
"1161" 162.435841482749 131.47658781497 13
"1162" 91.1316781105971 145.41856205629 13
"1163" 55.4178237081154 99.0894485683544 14
"1164" 55.2455879855913 98.8212552227957 14
"1165" 179.755345705572 8.43768646850353 14
"1166" 182.232602985679 12.7404481212667 14
"1167" 182.919576447578 13.7306108733885 14
"1168" 182.0622503312 13.3735395978908 14
"1169" 184.209734276012 14.6238892696078 14
"1170" 176.691131592813 14.3114386632582 14
"1171" 187.997854418699 17.3281714308742 14
"1172" 171.300668047564 14.5829890329122 14
"1173" 182.929222046413 13.982660835443 14
"1174" 177.28008334618 14.3223425622219 14
"1175" 184.26578499237 18.7660793918791 14
"1176" 186.640185260961 18.2224781292306 14
"1177" 174.046863726136 15.9813356333413 14
"1178" 102.73611055606 147.000043650594 14
"1179" 102.870932585709 144.351932916885 14
"1180" 104.203822868623 155.374811626747 14
"1181" 101.882882414785 149.90810270138 14
"1182" 97.2131815408619 159.425559186582 14
"1183" 103.437449539423 143.749500592068 14
"1184" 102.393973422364 158.6078705305 14
"1185" 102.960834644711 158.027383989946 14
"1186" 97.470099743095 155.222712384793 14
"1187" 98.5429717415878 154.160920404393 14
"1188" 64.3766383144145 68.4236803747257 14
"1189" 170.293371183363 20.9346471216825 14
"1190" 137.073684919276 124.501874328256 14
"1191" 104.682833594366 11.9840447170089 14
"1192" 194.960283637078 137.145614272743 14
"1193" 154.873210768917 78.224776857862 14
"1194" 178.964749396149 14.172539869094 15
"1195" 188.849533985919 17.9533729882184 15
"1196" 189.131462614535 22.5156711029473 15
"1197" 196.255084367861 11.3553596455499 15
"1198" 191.153243630549 13.40954911111 15
"1199" 189.914725293563 11.4774896378317 15
"1200" 180.036140477155 16.8590334656797 15
"1201" 187.913560049509 24.8088473500748 15
"1202" 170.464187396191 18.4457242718633 15
"1203" 179.65271271891 22.6104600041038 15
"1204" 182.575473175917 21.0648214168987 15
"1205" 183.066217015343 8.57919963389845 15
"1206" 188.16088016982 22.9619148164925 15
"1207" 179.564203079532 19.4371330905612 15
"1208" 187.851919918269 6.21779244512766 15
"1209" 182.255398485777 11.2393868991896 15
"1210" 190.265660493983 20.2976599149136 15
"1211" 97.453261088384 142.290412728953 15
"1212" 106.180388414411 147.692904350824 15
"1213" 103.71452203749 151.902291036355 15
"1214" 104.304973940799 155.270864279974 15
"1215" 100.46360978996 145.071128981049 15
"1216" 105.221583991147 159.548042965847 15
"1217" 156.109960546237 64.299820103805 15
"1218" 154.955784986948 66.1110146282021 15
"1219" 169.438030062893 151.527103833241 15
"1220" 171.452444445833 35.3868658099401 15
"1221" 57.0374741271759 83.578987198815 15
"1222" 195.971447643677 11.7985895836506 16
"1223" 181.942169767844 18.9943431676673 16
"1224" 184.312657220602 23.1733588154635 16
"1225" 179.726513315734 14.3672132124204 16
"1226" 181.361883007834 18.5059427303304 16
"1227" 171.166780211283 13.8082325833715 16
"1228" 186.564204554896 14.0771739155604 16
"1229" 189.93061881305 23.2136061576193 16
"1230" 189.392921023227 22.9085574883144 16
"1231" 191.554378594047 19.4974057364685 16
"1232" 176.1615999115 9.95687853655454 16
"1233" 194.227393050792 16.7272847273494 16
"1234" 189.01109454633 11.4579118972745 16
"1235" 178.494842571398 16.7722450312956 16
"1236" 177.350241256242 16.7577002383641 16
"1237" 187.401398475144 21.634041147605 16
"1238" 95.1339135327226 147.610862130943 16
"1239" 101.061670857714 146.238647686283 16
"1240" 98.1158701049499 157.334310334178 16
"1241" 157.248678945613 67.9237890575729 16
"1242" 158.540354059502 68.6202998168959 16
"1243" 66.9304589044168 117.551830594688 16
"1244" 159.281168209161 95.6043181463309 16
"1245" 58.8414127814272 69.3484903430589 16
"1246" 65.9555038033385 67.3055407946035 16
"1247" 67.1327686228527 102.437940976523 16
"1248" 184.394573754609 15.6267355796245 16
"1249" 178.526296079693 8.6721307659419 16
"1250" 182.245291596238 132.22652278218 16
"1251" 170.14132925651 24.5860627099599 17
"1252" 178.130097731065 16.9919956933319 17
"1253" 179.614259757181 11.3735917450691 17
"1254" 186.987069862146 19.5648577171022 17
"1255" 173.643116583461 16.2599610287689 17
"1256" 179.056102035379 15.1601944656358 17
"1257" 186.86824420537 10.5541267436256 17
"1258" 168.041219936994 22.6460126144135 17
"1259" 186.265393215833 21.3186471407404 17
"1260" 189.580313756499 22.9681768024091 17
"1261" 181.827665201657 22.7330945960644 17
"1262" 182.30963493675 28.7278342230385 17
"1263" 185.894072959282 20.8090893619098 17
"1264" 178.797614397784 15.1937950929959 17
"1265" 96.3692651750131 155.042209245971 17
"1266" 102.026533258424 155.581981989398 17
"1267" 103.048049075272 160.198273099466 17
"1268" 99.7768884426513 143.20332928397 17
"1269" 102.335437228241 159.634870697147 17
"1270" 97.9148175796487 157.236215846027 17
"1271" 159.150825528173 66.3559514491763 17
"1272" 145.599210209094 99.121463206891 17
"1273" 102.177716639746 8.46747982769529 17
"1274" 164.995053409942 40.8943276212043 17
"1275" 183.811359822973 125.661626837473 17
"1276" 184.686130739171 25.2326091627776 18
"1277" 189.863656688697 16.4045438990868 18
"1278" 183.219542162239 23.0958778922367 18
"1279" 177.279248619293 13.4005523280802 18
"1280" 175.810450336086 7.82533229092597 18
"1281" 189.98037404121 23.6642155440322 18
"1282" 176.066515892454 8.18854089223162 18
"1283" 188.587888524285 16.5201649056589 18
"1284" 184.777025528055 19.5166792936005 18
"1285" 93.5790775898363 146.279691010144 18
"1286" 101.410021945972 162.130495527395 18
"1287" 106.104131676787 148.307466667274 18
"1288" 104.423308449985 157.784771435928 18
"1289" 98.917736801034 145.220721826593 18
"1290" 157.121401267796 70.5003402918059 18
"1291" 171.243879090735 44.6442867617005 18
"1292" 107.817562285128 137.900993394409 18
"1293" 172.478745212755 22.6187833463213 18
"1294" 59.6929060137858 107.118409866592 18
"1295" 168.728861994344 140.589844465332 18
"1296" 172.718291523175 43.7572511369724 18
"1297" 60.3075810245828 15.7579681224605 19
"1298" 186.765964147473 13.709249673831 19
"1299" 174.97083950689 11.6279206748245 19
"1300" 170.824689832989 5.86409558687399 19
"1301" 190.735964272065 24.0441516816482 19
"1302" 171.433071064419 15.1905007018079 19
"1303" 183.081598560695 23.5167972519088 19
"1304" 176.135504464514 19.6374393304645 19
"1305" 183.385228682646 20.8998229079524 19
"1306" 95.6611464645623 144.591027398864 19
"1307" 95.3623042177372 140.405999348252 19
"1308" 106.857762943467 157.983172937833 19
"1309" 159.590157208566 71.3113916692178 19
"1310" 53.5591800112426 57.945835431466 19
"1311" 60.6604466640215 16.1776554445365 20
"1312" 60.2852651424697 15.4990381514568 20
"1313" 60.5228468456984 15.8644173115279 20
"1314" 60.3520961239037 15.7687960353993 20
"1315" 60.0266005576772 15.7298312129762 20
"1316" 60.1403628548962 15.6719832795585 20
"1317" 61.8124644550598 16.3600387162001 20
"1318" 60.5596966895372 15.7081192950168 20
"1319" 59.6865712208478 16.2592837677789 20
"1320" 60.6817193614462 16.1468677217078 20
"1321" 75.6344524343979 98.9207758118164 20
"1322" 69.6621373797022 98.5968105896435 20
"1323" 192.431053029302 18.0699401636039 20
"1324" 180.422084476204 20.1184517146772 20
"1325" 184.595154014306 7.84335008255821 20
"1326" 182.056044381495 20.6203068999769 20
"1327" 180.959692876666 16.5793785755426 20
"1328" 181.979449861365 11.4328778317251 20
"1329" 172.531922913719 19.703138054297 20
"1330" 171.565396461992 15.5982929914352 20
"1331" 94.7113512239023 153.847695967608 20
"1332" 104.544777338764 150.50298975688 20
"1333" 98.4176498666911 144.421512968264 20
"1334" 176.458808823808 93.931887506056 20
"1335" 78.755121893742 85.709735019719 20
"1336" 165.611497618964 21.1148804344339 20
"1337" 62.3364492532386 16.2832308275347 21
"1338" 60.5235865756109 16.102953759164 21
"1339" 61.7765705595772 16.2209734855172 21
"1340" 61.9700931869524 16.9354172714212 21
"1341" 63.1571793112338 15.9313417553669 21
"1342" 59.4694742358557 15.6238415024476 21
"1343" 60.4843894018122 15.925472641492 21
"1344" 61.4050006532432 16.402189946133 21
"1345" 60.8067974227218 16.0621771206557 21
"1346" 59.881566444834 15.8113417952542 21
"1347" 61.3893297692718 17.2070667488085 21
"1348" 60.7826676376878 15.8401897424215 21
"1349" 61.1801535277609 16.5922881037263 21
"1350" 61.5913932349172 16.4360017384841 21
"1351" 61.5258495855101 16.5493808151157 21
"1352" 60.9079233754834 15.4646674562535 21
"1353" 59.7096355337122 16.7131325422942 21
"1354" 60.923198040987 16.6079218631202 21
"1355" 186.56064295811 11.6796731376205 21
"1356" 186.065457378349 8.91219108132301 21
"1357" 182.42863018379 11.719421358738 21
"1358" 176.718619095665 25.2341922463912 21
"1359" 188.055033035486 22.4454689272981 21
"1360" 179.20254247741 27.1986227891895 21
"1361" 185.401182862855 8.82539649514762 21
"1362" 179.678313960236 22.1604009244898 21
"1363" 180.783035296906 15.9966589841822 21
"1364" 90.7989071904701 82.2658933068157 21
"1365" 83.7152937639962 145.219424304282 21
"1366" 162.096249385506 6.34891773287657 21
"1367" 149.361203676175 127.414707556645 21
"1368" 146.418397834712 158.074042043982 21
"1369" 62.540849860671 15.7811812259447 22
"1370" 61.7653040557206 16.0928676498103 22
"1371" 61.7357851220223 17.1072403083334 22
"1372" 60.1196303075697 16.1309650125435 22
"1373" 60.9405457398123 15.7823511412467 22
"1374" 61.3980314614058 16.5778322383091 22
"1375" 61.4453371734529 16.2303235286003 22
"1376" 59.6697338120443 15.9134683823619 22
"1377" 59.3868015618596 15.8008721834689 22
"1378" 61.0405364848212 16.2434858680806 22
"1379" 62.3818992759135 16.337413499993 22
"1380" 61.0689390945984 16.8489582931994 22
"1381" 60.7433842000669 16.572635929091 22
"1382" 60.896694832642 15.8759432215641 22
"1383" 61.9897155471341 16.6606802361299 22
"1384" 76.3679261822235 98.5371179008535 22
"1385" 172.637995133291 12.3738137532827 22
"1386" 174.856891938245 6.5381408210635 22
"1387" 176.083274367675 28.5884329420377 22
"1388" 179.357520225477 4.86078672155365 22
"1389" 173.499153119092 12.7920361123435 22
"1390" 185.947933109889 9.55563917630004 22
"1391" 188.463231025294 12.0357803894393 22
"1392" 184.263429442048 21.9705000148969 22
"1393" 108.272178352093 146.350984581269 22
"1394" 97.8399926923537 148.834841414019 22
"1395" 172.732596116126 85.7961585517907 22
"1396" 150.228326640048 94.3447405828329 22
"1397" 162.067858823284 43.6917872135104 22
"1398" 93.61165247214 141.656587125799 22
"1399" 168.625676662916 10.3239865499559 22
"1400" 162.293424178958 5.77525924509802 22
"1401" 166.925555932564 27.9141627482574 22
"1402" 97.1576595924285 6.05252751102148 22
"1403" 142.596820698476 158.023655574669 22
"1404" 98.5765700037928 135.197852250034 22
"1405" 136.101172641183 129.35615235351 22
"1406" 193.370632098554 4.1793799834306 22
"1407" 61.2010617610531 16.9093153685878 23
"1408" 61.2306170951787 15.9717197285614 23
"1409" 59.9592017044882 16.412133495458 23
"1410" 60.6326766999134 16.5628181078029 23
"1411" 61.1219752972693 16.26481758392 23
"1412" 61.2768500656223 15.7008750679219 23
"1413" 60.1214770930159 15.3516579280565 23
"1414" 60.5501102956529 16.4623968075047 23
"1415" 175.276614648831 7.12134740176309 23
"1416" 188.681831444077 23.2620853917249 23
"1417" 178.758935090122 4.69131097728683 23
"1418" 175.468202472418 19.6742963882847 23
"1419" 102.977978910243 161.626191599194 23
"1420" 96.8320071755075 157.419705621384 23
"1421" 97.6830902033393 24.120591419352 23
"1422" 61.4494759489129 71.5254589170077 23
"1423" 151.370680880171 88.0127739612034 23
"1424" 112.425737330367 1.529633686833 23
"1425" 89.0629054880518 80.7719099388065 23
"1426" 147.444224957589 122.926934212884 23
"1427" 137.29063108074 156.880096248165 23
"1428" 58.8941132357276 15.9885151816568 24
"1429" 62.2347732358926 16.6289057346439 24
"1430" 62.5515861770599 16.1930092506706 24
"1431" 61.4257752817604 15.4304626204007 24
"1432" 61.2407909280032 15.9392946173422 24
"1433" 59.9913058256608 16.3211248050608 24
"1434" 61.6123802719775 16.0410216266726 24
"1435" 61.9681582812051 15.6639827045616 24
"1436" 60.0453974346955 16.3605987962132 24
"1437" 61.1360131067354 15.6445982387252 24
"1438" 61.208244173776 15.698757111807 24
"1439" 63.103392430698 15.4878927204715 24
"1440" 59.9832288984219 16.5965737043532 24
"1441" 173.39985039233 22.1923966806516 24
"1442" 185.964936675217 6.56103224053068 24
"1443" 175.899822797644 11.5525021685669 24
"1444" 183.619959808468 9.89310170716787 24
"1445" 192.911032215528 20.3631563332147 24
"1446" 93.5567871385123 149.212016892658 24
"1447" 162.538995358534 137.006082289216 24
"1448" 90.6247595284942 78.701879735475 24
"1449" 54.1633523090735 88.6200643911851 24
"1450" 145.924753429671 162.863669351584 24
"1451" 59.1258587744615 16.0187320475489 25
"1452" 62.4578581610602 16.7116437036083 25
"1453" 175.573193439251 11.3649330926732 25
"1454" 104.045413455487 153.093649917455 25
"1455" 156.047396742321 63.5522364938247 25
"1456" 68.8199732624523 12.6061351808515 25
"1457" 120.173050249813 2.01470922188307 25
"1458" 166.390961151464 84.9126921935152 25
"1459" 60.0145460205075 60.5047076427977 25
"1460" 154.595056136018 145.639005260434 25
"1461" 173.937969058198 80.6785219556307 25
"1462" 49.3283558397866 90.6983890960005 25
"1463" 60.3746024120116 16.4702775950242 26
"1464" 59.8616198218545 15.2191048780196 26
"1465" 176.020539234304 20.1833184521683 26
"1466" 171.958369586088 15.5398923856165 26
"1467" 104.670182314615 158.587639896611 26
"1468" 153.032929357586 65.7027228127587 26
"1469" 161.912742417006 5.52498978479647 26
"1470" 134.920797749331 154.024543653286 26
"1471" 50.7553399126458 29.3152531080879 26
"1472" 80.1183626017909 162.838600164949 26
"1473" 140.172998418105 101.089093109125 26
"1474" 132.621761745526 115.813682458006 26
"1475" 140.965407965974 137.907011330392 26
"1476" 59.0150175749148 15.5430843016722 27
"1477" 175.11841475164 9.55029699055745 27
"1478" 99.422121899175 141.454932025138 27
"1479" 96.0109930501839 159.153290674853 27
"1480" 54.7672234817532 112.469723915396 27
"1481" 168.325542642869 23.3250249224459 27
"1482" 90.8185773019312 77.7209044818545 27
"1483" 134.988097063263 65.4111161882707 27
"1484" 168.999476667802 127.61994612081 27
"1485" 81.0608661962259 57.8947549169903 27
"1486" 76.8919761681526 84.7254369221913 27
"1487" 161.815158973761 90.6312832049964 27
"1488" 62.722885189079 16.045855534139 28
"1489" 185.389252808996 9.25291895717402 28
"1490" 172.230394744435 9.91416662396323 28
"1491" 163.697606146497 123.266736221792 28
"1492" 161.675960827974 90.6652936239319 28
"1493" 138.114778224376 138.865665661042 28
"1494" 178.012927907658 141.738181285638 28
"1495" 81.9107020223907 164.008872471264 28
"1496" 152.037300215391 87.9949647121293 28
"1497" 192.090768743588 28.7005206963729 29
"1498" 188.480494784915 21.1183866766091 29
"1499" 157.745982812841 6.78792632453975 29
"1500" 108.484579722134 162.21325813299 29
"1501" 189.609893377597 26.6097637420814 29
"1502" 175.961658610776 21.8950464921231 29
"1503" 168.199309406713 27.8397251494588 29
"1504" 159.132583163569 14.9776124218303 29
"1505" 76.202437201216 98.9056015744664 30
"1506" 186.773990219286 7.9277786312918 30
"1507" 191.129366249582 16.1038486634643 30
"1508" 142.647455202331 59.0916480846718 30
"1509" 113.56509180168 71.7394003161104 30
"1510" 56.3499007752688 95.2456714116095 30
"1511" 94.2551075793852 77.9637707684003 30
"1512" 59.7272139253217 18.968455590774 30
"1513" 61.5910881110707 15.8376869478252 31
"1514" 52.7401522963385 99.0274228551389 31
"1515" 174.449451598641 21.8717122853439 31
"1516" 170.705272860935 17.1480815732253 31
"1517" 108.587082358489 147.439050014948 31
"1518" 94.4946347867651 73.5837467190245 31
"1519" 168.211410190854 4.28707028701933 31
"1520" 187.848941852305 140.170654232873 31
"1521" 71.7405013405061 104.936748462614 31
"1522" 70.8542647934435 100.580360439211 31
"1523" 79.1536381007181 135.531867037444 31
"1524" 111.556726366773 149.980243108603 31
"1525" 184.570174385576 6.30584720811007 32
"1526" 189.002917071196 13.5202554889867 32
"1527" 94.0804963642242 157.978385026046 32
"1528" 137.350856041383 100.785494105493 32
"1529" 135.516334394412 97.0026341131113 32
"1530" 138.873867233864 147.484318032237 32
"1531" 164.31389478231 37.6816769996808 32
"1532" 85.10823461899 12.6423019396865 32
"1533" 164.545962826712 71.0668594857675 32
"1534" 183.085629902577 6.26703477187817 33
"1535" 189.61354683331 14.697793769333 33
"1536" 160.176438445993 69.7825930098324 33
"1537" 71.614161176041 21.8784814886347 33
"1538" 122.999190102932 123.665028080445 33
"1539" 64.3031989563495 31.4055392522545 33
"1540" 172.419770463381 25.4669107523557 34
"1541" 107.595388528192 150.283785095228 34
"1542" 92.2913746153404 142.974655949491 34
"1543" 151.808484702891 67.6625060225425 34
"1544" 183.956222211494 53.6182160136354 34
"1545" 168.511694529903 147.264774219038 34
"1546" 137.504896553315 156.432148972481 34
"1547" 194.126401041449 10.499671333826 34
"1548" 80.2402316110184 164.103858606768 34
"1549" 69.0263574261825 13.8828536973061 34
"1550" 57.6981780964577 66.0028980102259 34
"1551" 107.408897517099 150.739811548695 35
"1552" 130.338190261517 135.590362972636 35
"1553" 157.556805999442 153.771528059226 35
"1554" 71.2824318761359 13.4062552651661 35
"1555" 70.9110801572168 102.209084110248 35
"1556" 172.559540355859 11.018567468095 36
"1557" 92.3680324253165 142.616237197056 36
"1558" 135.332601843019 97.8964871873787 36
"1559" 71.3465729947714 19.3429732077532 36
"1560" 135.309601991658 108.606635907859 36
"1561" 132.158610246192 137.341984706033 36
"1562" 98.8248939697057 136.525507664429 36
"1563" 107.876388513529 163.12490942646 36
"1564" 135.972160278069 119.454228809308 36
"1565" 78.7412998874239 117.593397008152 36
"1566" 134.644093103278 15.3563156468808 36
"1567" 107.407876123561 107.830428737329 37
"1568" 85.4232052986258 111.609731253811 37
"1569" 181.228406575059 75.9730628375945 37
"1570" 79.6136713158431 112.137153965099 37
"1571" 176.173546240855 15.181117259679 38
"1572" 192.816548290784 9.86772412623833 38
"1573" 103.527542260391 153.154813223775 38
"1574" 173.236015257917 29.5471971213242 38
"1575" 101.88114424058 163.227269297373 38
"1576" 136.155737151865 5.83059462763184 38
"1577" 85.0771490666956 78.719470517023 38
"1578" 191.64715520513 15.2710741367052 38
"1579" 172.54221039549 10.6583554261997 39
"1580" 143.707004027428 96.5282458390375 39
"1581" 135.957661035927 98.2533217522288 39
"1582" 159.848869741614 7.16007963148856 39
"1583" 107.484665298856 111.352138148931 39
"1584" 125.96086679023 81.2587434452208 39
"1585" 110.531492134057 9.37240343196032 39
"1586" 161.278768332923 89.9478475999547 39
"1587" 92.3742118588231 66.0283066887022 39
"1588" 182.009171189437 1.33607579473568 40
"1589" 78.6926011582865 136.281408086101 40
"1590" 107.77015769126 99.0629207180338 40
"1591" 156.229333837372 153.540796761357 40
"1592" 134.324959561545 72.4762400492353 41
"1593" 113.915728587678 49.3556192483344 41
"1594" 83.7876060774984 106.845677312078 41
"1595" 94.4315836200866 49.575128298421 41
"1596" 165.159973085745 70.5440363450425 41
"1597" 100.255355387375 23.5250619132624 41
"1598" 76.641059895357 121.403162508655 41
"1599" 185.47344500888 123.489283164758 41
"1600" 100.418938998649 67.4417644251932 41
"1601" 154.332361534221 3.59163037826332 41
"1602" 87.0261782324728 116.59128947138 41
"1603" 68.6155831916461 13.2657825476923 41
"1604" 163.032946386505 30.8894910770461 41
"1605" 189.956732875183 9.78346586629035 42
"1606" 89.0805934416395 112.556563653968 42
"1607" 111.883401781731 96.187486094968 42
"1608" 181.204334935287 82.4715966469499 42
"1609" 95.6843204098343 131.998247418343 42
"1610" 158.77679408935 40.8450073221013 42
"1611" 170.72799871236 104.292101721161 42
"1612" 149.440330625132 3.34021826129714 42
"1613" 87.0081158384238 80.4269811314731 42
"1614" 152.828020518666 77.5771024927207 43
"1615" 193.448399565231 56.6896738952733 43
"1616" 166.041430601982 132.319469836729 43
"1617" 181.549698377553 48.5198228160969 43
"1618" 152.2403495242 89.9506096699758 43
"1619" 151.426933800341 126.760426830887 43
"1620" 104.244177157478 158.373089555451 44
"1621" 75.9019268470078 140.626979342622 44
"1622" 87.0697408883563 112.02491825142 44
"1623" 164.631372518468 37.0206108110107 44
"1624" 161.976970525805 92.8506978436871 44
"1625" 190.499485935588 123.372218649357 44
"1626" 160.933862041366 164.62108077869 44
"1627" 184.867970363908 51.7691900545722 44
"1628" 153.899772637112 97.4572723751505 45
"1629" 71.1970293175738 105.106081371629 45
"1630" 142.243285748179 62.7369643610026 45
"1631" 54.8822254178545 60.5508859878878 45
"1632" 133.804600964332 94.1842968375178 45
"1633" 169.603026429224 145.412403774698 45
"1634" 60.7658006610439 58.0211741707751 45
"1635" 163.366274356845 79.2557881731848 45
"1636" 127.666982813082 81.3274793230444 45
"1637" 133.817483059328 90.5035922450492 46
"1638" 93.8972298365367 116.511597888325 46
"1639" 88.6714440789756 56.3028508590848 46
"1640" 187.168881945237 4.44090953538526 46
"1641" 92.0500055726758 48.4212433385932 47
"1642" 143.118415982655 105.288880841061 47
"1643" 126.487871192389 82.7511338335314 47
"1644" 186.905023693417 57.3496775650011 47
"1645" 71.5059691431304 138.459627903899 47
"1646" 124.427496391485 116.024976155446 47
"1647" 189.612499916787 5.93015734973937 48
"1648" 159.87644990347 55.9982760921555 48
"1649" 89.30966182162 16.3635273137908 48
"1650" 118.007225450351 152.860241930575 48
"1651" 70.4320029510339 162.134950608653 48
"1652" 138.706148806122 102.115617853018 49
"1653" 78.8626198843294 137.234074869965 49
"1654" 62.9553190410251 86.1258314112254 49
"1655" 190.836394281888 36.8046420454383 49
"1656" 189.192941913127 23.9007603047374 50
"1657" 173.035983323546 8.41254499780191 50
"1658" 162.667286329618 159.196024469407 50
"1659" 93.5323961862067 53.6371816116285 50
"1660" 107.245577287415 109.540836252472 50
"1661" 111.926494342769 55.0169998371423 50
