"V1" "V2" "V3"
"1" 84.5299463815813 15.3390201109781 1
"2" 84.7836932484031 16.4553971957644 1
"3" 89.0895386298752 20.2073788704185 1
"4" 85.1418676089769 19.5961700942264 1
"5" 83.8156840479882 12.7721186930094 1
"6" 84.5577277991801 19.5294822006304 1
"7" 85.8012327937167 15.6206753632928 1
"8" 87.365249053635 18.4818052913382 1
"9" 86.367284499145 19.162971268399 1
"10" 85.2030026094817 16.1632368046291 2
"11" 83.7587043490658 12.9252371721034 2
"12" 81.8710255338794 16.3459820450052 2
"13" 84.9989036595106 17.263717445531 2
"14" 86.7381086187664 18.7259022076924 2
"15" 84.3511096847794 14.7208410113937 2
"16" 85.0903939384423 16.7735909426314 2
"17" 84.8856621275628 13.6021791556806 2
"18" 84.2592871085376 21.2441946303534 2
"19" 84.3818805409177 20.0159295774063 2
"20" 85.728430169692 20.0979946132778 2
"21" 87.1257538536712 18.3820626516197 2
"22" 85.5170470370374 14.6807861354929 2
"23" 83.5096626528764 15.7804993775399 2
"24" 85.4875609038282 19.4721891329331 2
"25" 83.635429232672 12.271543960209 2
"26" 85.9152759312232 17.7302194686128 2
"27" 84.9608003339372 19.9333235891597 2
"28" 86.6924780672549 18.6475856046368 2
"29" 84.0443604245805 18.7085132577204 2
"30" 86.6752004737769 21.9058213639934 2
"31" 83.5685504923759 14.8801526739721 2
"32" 153.576211190261 20.894146700753 2
"33" 123.747256067432 48.3807754671637 2
"34" 122.714563020345 56.7303051625938 2
"35" 157.470780417144 45.7910179397518 2
"36" 168.730644879461 49.6680057790913 2
"37" 84.4434740514802 18.9073404549109 3
"38" 85.8949902732047 19.7490385858145 3
"39" 88.0089151558499 20.2375420809298 3
"40" 83.9950613369149 24.8971306641872 3
"41" 84.4715747747964 14.9614560469501 3
"42" 84.3465240428621 19.2102238379744 3
"43" 86.8959964920755 18.5719172529185 3
"44" 84.0181066257583 18.647916123202 3
"45" 87.3766184394922 10.897257354818 3
"46" 84.5202283535224 15.5481500744768 3
"47" 85.0137575699299 25.2421293639979 3
"48" 85.7233553228922 20.220693942238 3
"49" 86.2956051207813 10.9188762177517 3
"50" 86.6305587847842 18.627036583453 3
"51" 85.1833175725364 12.2886084508859 3
"52" 86.6855873718319 24.2345471471655 3
"53" 83.5923129665506 20.8843491865703 3
"54" 85.2026970561568 16.7769870279421 3
"55" 83.5650806482611 14.7983019148623 3
"56" 84.3733163852484 21.3094746195112 3
"57" 84.9057448036426 19.7837907303186 3
"58" 85.0629890775212 17.3355375520093 3
"59" 84.3641823356423 21.5384171510427 3
"60" 85.6487471902238 19.9575628168515 3
"61" 84.4856260924616 25.6688333367589 3
"62" 83.2048037058486 21.3013375061142 3
"63" 84.1915119383184 14.8296179272198 3
"64" 86.5405474451616 13.9765215302578 3
"65" 83.7050010761944 12.3044456126252 3
"66" 83.6771886786453 15.8156766429826 3
"67" 85.0751950516148 17.1334787954205 3
"68" 86.4284759827636 16.9028775824756 3
"69" 85.7918857915706 14.5514930927759 3
"70" 84.4006020820697 13.2283946836742 3
"71" 84.9833753296887 13.2736323525279 3
"72" 158.756319886026 8.62455594493825 3
"73" 156.646233882539 19.4352115110035 3
"74" 152.39330652085 8.14606473247597 3
"75" 154.204779682143 17.9053498511752 3
"76" 153.254565133231 19.8286467525418 3
"77" 153.774973807913 6.70197316325573 3
"78" 154.858470889678 16.9283737059331 3
"79" 123.53285620021 50.2313457419425 3
"80" 123.931162665089 47.4014630014908 3
"81" 123.459939158507 47.567537025846 3
"82" 125.868999994364 47.7217534993581 3
"83" 123.812312176474 42.9055630703694 3
"84" 122.49783583433 57.4763589400185 3
"85" 119.179376529824 55.2925010168698 3
"86" 166.720078838235 49.0914124901128 3
"87" 107.885170480949 47.1354008262294 3
"88" 138.3261944507 25.8746209547844 3
"89" 131.720990327773 89.8456999471151 3
"90" 86.9314607922278 13.5383184740352 4
"91" 88.8588682965455 21.752755457006 4
"92" 85.4057305348487 16.7998130393559 4
"93" 86.335002359092 16.9726753519091 4
"94" 87.6747023347087 18.7155984762879 4
"95" 86.5665932130761 16.8894283867953 4
"96" 83.5722576704055 18.3219059168566 4
"97" 85.3678294162381 25.5936162051588 4
"98" 87.2330797805177 12.9936166643515 4
"99" 86.7391478598057 14.1698680984437 4
"100" 84.8985321908314 15.1988884106113 4
"101" 84.0710199761141 14.7699536366352 4
"102" 85.4387311992775 16.5000558097049 4
"103" 83.937621744977 12.6985420518592 4
"104" 88.1735917394162 11.3445795471954 4
"105" 85.2020421914598 18.6474686747362 4
"106" 82.5766233397715 14.5970500956605 4
"107" 83.8438774498941 12.3708293846343 4
"108" 83.78558375002 25.019135369298 4
"109" 87.794040597798 19.9712151542723 4
"110" 84.3708799319495 15.6217871885348 4
"111" 86.0113786517854 19.2436412540993 4
"112" 85.4261208585054 27.8063178669767 4
"113" 83.8491492404963 26.0358111384851 4
"114" 84.6054426636898 21.6764174578648 4
"115" 86.4634263359188 13.8558887262437 4
"116" 84.3579614297206 21.673197805451 4
"117" 85.5917179827443 11.6502606732031 4
"118" 84.548957805895 15.683245290197 4
"119" 84.829467424221 19.7439383164135 4
"120" 86.0853378909766 21.871394786898 4
"121" 85.6577827263272 13.4542353996821 4
"122" 84.4029308340378 16.8694041772523 4
"123" 87.2643978663272 16.1638790915602 4
"124" 85.260939579878 22.7617749211431 4
"125" 83.2098887037185 10.6108363691629 4
"126" 153.926859988353 17.8775379378564 4
"127" 154.552247362288 11.0983258013521 4
"128" 154.695042792245 14.3622143949843 4
"129" 153.150281741834 7.47192578415806 4
"130" 153.121889488968 7.17595743463073 4
"131" 153.126185270759 8.23108098295581 4
"132" 155.769324479108 20.3064101668183 4
"133" 154.972907081832 15.0728658714688 4
"134" 151.813086827589 8.43910195165996 4
"135" 154.81076691044 17.0268574205235 4
"136" 153.973939546281 17.5404376411037 4
"137" 153.213222486551 7.7810937311261 4
"138" 156.546214806607 19.3559963659821 4
"139" 155.129583563726 18.8846738390111 4
"140" 123.628817531075 46.7387008200954 4
"141" 124.897132668937 49.4996872295861 4
"142" 123.575275641056 49.1120553202004 4
"143" 124.204742550021 47.1176580163017 4
"144" 123.733089265354 51.6730070598 4
"145" 123.737158414532 47.9667565919267 4
"146" 123.258621375657 48.626441849441 4
"147" 124.06948624627 48.4413952404388 4
"148" 124.239461320121 50.6787850518763 4
"149" 123.562645616284 50.4755298737327 4
"150" 123.291618942415 49.0922474875962 4
"151" 124.057218198558 41.77412697614 4
"152" 124.751487309525 48.760784058953 4
"153" 124.51363889192 43.2826490954736 4
"154" 123.504871686313 42.6234612505107 4
"155" 125.873118921732 47.5304000306731 4
"156" 124.536311032916 49.4308048378004 4
"157" 126.149369244735 48.2356735833651 4
"158" 123.502693258657 49.5693336682936 4
"159" 124.042357393889 47.3959580707483 4
"160" 123.401361711072 50.3096949870157 4
"161" 123.47556815243 47.4497877462977 4
"162" 123.887726928611 49.8249419668752 4
"163" 124.119444172544 43.246608396243 4
"164" 123.534720928158 50.2456320986705 4
"165" 123.753433794119 57.4043057099382 4
"166" 125.548038285036 48.2993180322054 4
"167" 123.202632556397 46.3638548257406 4
"168" 122.331347733558 43.3123283226284 4
"169" 123.535950823093 45.2098250765167 4
"170" 116.746216063125 53.8610636266998 4
"171" 86.0521858052027 20.0309626684868 4
"172" 156.554533026862 13.1516003114042 4
"173" 139.181681553444 17.6270547435959 4
"174" 84.3325491251458 13.658259741081 5
"175" 83.7845602702088 28.8344450627412 5
"176" 87.1288237540129 20.8341410808953 5
"177" 86.2035367824036 24.1846522559162 5
"178" 84.2113191650799 21.7408050788353 5
"179" 86.2930755141982 29.3186271153718 5
"180" 84.0777297250409 20.4315968563508 5
"181" 86.7480785947123 17.1819510206004 5
"182" 85.180555969942 23.7204859346744 5
"183" 86.0311549448824 14.6363669772784 5
"184" 86.8096675163292 15.8258881126153 5
"185" 85.2067372234947 18.7349830270889 5
"186" 84.5553097006054 22.052830144453 5
"187" 84.4597615665662 14.0404636186054 5
"188" 85.7994374577321 13.0228784659402 5
"189" 81.8968853392512 11.2417635596345 5
"190" 86.3428085065228 22.2171410940852 5
"191" 85.5552118162266 20.95528411818 5
"192" 83.7654273581329 26.8510005701848 5
"193" 88.8906682538701 21.7550202631956 5
"194" 88.0416745007621 19.536196286486 5
"195" 84.9426353588965 23.0354478730635 5
"196" 83.1073775533911 18.7502571835993 5
"197" 84.3885069542872 21.7294440413018 5
"198" 85.4725409128742 19.0981443571815 5
"199" 84.0892269990445 20.8805194329529 5
"200" 86.5242248512854 18.1300586637188 5
"201" 86.2509032066613 20.891268348496 5
"202" 83.3866019059814 21.5103959626609 5
"203" 83.9106310180297 14.4819148906509 5
"204" 82.6173823261354 20.7716495961854 5
"205" 87.7215908571406 20.080389550348 5
"206" 85.2946125423129 13.603471996232 5
"207" 85.2768007561285 15.4097892955605 5
"208" 87.3962759416419 15.9584743514559 5
"209" 84.4630652877638 16.189763424705 5
"210" 86.8046966642867 16.6025658096129 5
"211" 85.2247055973508 18.996280709096 5
"212" 84.6066312393229 16.8280999660624 5
"213" 86.0963567384709 19.6043194198505 5
"214" 84.847858719919 15.3834691639559 5
"215" 87.2665171680279 21.8681629819151 5
"216" 82.4761966477499 10.7459319368593 5
"217" 84.2260963606232 15.0767340958586 5
"218" 88.7339701979972 17.5782243754457 5
"219" 86.8192127481283 19.019326908663 5
"220" 85.50008598477 13.3940411844675 5
"221" 153.508603792138 13.7149107767975 5
"222" 155.70642525952 11.7417721544681 5
"223" 154.387833633781 11.8705697836908 5
"224" 154.430546518532 11.1303544275591 5
"225" 154.840533136559 14.9929012559044 5
"226" 153.563727480033 17.1876748057721 5
"227" 155.023020864034 15.1156358343923 5
"228" 153.280110411529 7.5760203101166 5
"229" 152.95099525825 8.44778792403014 5
"230" 151.896246815185 6.77638558778337 5
"231" 151.354857851265 13.768123582452 5
"232" 155.003281593295 14.0601721295094 5
"233" 154.131989802868 10.9567038465048 5
"234" 156.964390550402 11.6936550532222 5
"235" 155.018468426243 11.7146516575099 5
"236" 154.858950777418 15.2866797616138 5
"237" 154.880519496549 14.7635013536828 5
"238" 151.018288994051 17.8954314512727 5
"239" 153.366218723367 10.5702048805369 5
"240" 154.412541453823 14.5801499308634 5
"241" 154.49608771685 11.156264025556 5
"242" 153.574015729169 8.61569571959758 5
"243" 153.206511798347 7.26407486941414 5
"244" 125.472387021157 48.2731810654532 5
"245" 123.498817828904 47.1544580378791 5
"246" 123.770988117589 57.4526337734324 5
"247" 123.916232407353 50.9400356384946 5
"248" 123.160361521588 44.0591200311068 5
"249" 123.644767443546 47.5654602740495 5
"250" 125.171167003391 49.9549395943123 5
"251" 123.990703078234 48.4781908643668 5
"252" 124.067792715661 47.9032089956354 5
"253" 124.305756900128 46.8815341960171 5
"254" 125.077071852942 47.2299052645624 5
"255" 123.88878117001 49.7570215765303 5
"256" 124.208062294124 47.540639807827 5
"257" 123.240511432741 46.0447592546754 5
"258" 122.986323926701 44.4415889730667 5
"259" 123.998933015721 51.5395072950973 5
"260" 123.398553921346 49.716587451282 5
"261" 123.524751481541 50.5882654936733 5
"262" 123.705207130272 47.8583345279705 5
"263" 124.192416114532 40.8138625265331 5
"264" 123.420309209514 48.8162582876481 5
"265" 123.633937381733 45.1571339386813 5
"266" 123.381326175565 50.3986329921434 5
"267" 124.649219024842 49.4810723750567 5
"268" 123.586305981944 45.2539911755766 5
"269" 123.59222213314 47.0829062383954 5
"270" 124.162253101459 54.5301660019894 5
"271" 124.806391065777 48.5679861050819 5
"272" 122.432932508416 46.158798514874 5
"273" 124.341713643867 49.3915982739802 5
"274" 124.56486100465 50.3978821340229 5
"275" 124.340677004603 50.7164309566524 5
"276" 124.094857413442 48.7079468314261 5
"277" 122.037896753752 51.6419826785813 5
"278" 123.610340854406 49.3547927719776 5
"279" 123.284381535696 49.0265335753784 5
"280" 123.979883881126 57.0860454008477 5
"281" 126.253521356105 48.2644910209151 5
"282" 123.138077481074 40.8048709790788 5
"283" 123.616490565359 43.3799042005883 5
"284" 125.616139552725 96.1530957096055 5
"285" 157.246083852038 105.419692054453 5
"286" 167.465498195074 49.2029216201511 5
"287" 82.5308274899234 14.6670834366778 5
"288" 142.968228918877 47.8137455364948 5
"289" 86.6263316794877 20.3166831500455 6
"290" 88.9422836750033 20.2485672459462 6
"291" 85.1640666138797 24.2798479985271 6
"292" 86.3431838326158 22.1803040389226 6
"293" 82.9706547441573 20.7508010292382 6
"294" 84.5672402030985 22.1674102436512 6
"295" 87.5063564550818 19.4156589172781 6
"296" 83.952120931209 26.6962347677615 6
"297" 85.0829516350746 23.6484717574948 6
"298" 83.0240620675133 16.906989095783 6
"299" 89.094809193572 21.8453812411211 6
"300" 83.7870646199748 25.2245547013561 6
"301" 87.7713667711667 24.3995619938019 6
"302" 82.5466761202196 20.3996854854567 6
"303" 85.8637468463627 13.1450202877002 6
"304" 87.0460391019815 10.7002711271477 6
"305" 85.5205639413433 21.9293561852803 6
"306" 81.117893389623 16.8279343715274 6
"307" 87.0539387988244 22.6373945924927 6
"308" 87.0437339218871 23.6210623892617 6
"309" 85.7007402951254 13.0269849500196 6
"310" 84.8257252362796 15.8484870074539 6
"311" 87.3623984729565 21.6374942629836 6
"312" 85.3424511535307 20.7354097865758 6
"313" 85.4159176415202 19.1199485959166 6
"314" 84.0825753893867 20.3808126927369 6
"315" 86.5935826917334 12.6785239047786 6
"316" 84.2453018581869 23.2341156258506 6
"317" 82.0119621996849 13.0142039848923 6
"318" 84.456158465799 14.0110154590424 6
"319" 88.1978231409894 17.9257359655754 6
"320" 87.5314332918562 18.8683134283513 6
"321" 87.1750866391367 16.8119479246153 6
"322" 87.0737395657493 13.6323002209516 6
"323" 154.930129909618 14.8579165993557 6
"324" 154.805223403904 13.8452917687588 6
"325" 154.036238941354 4.33750716327553 6
"326" 154.677077156911 11.0092263555735 6
"327" 152.900524045541 13.0467197932373 6
"328" 154.251114093169 10.5688194591589 6
"329" 154.441763698562 14.2642924395425 6
"330" 154.718098371074 17.8273811764181 6
"331" 153.678520256024 8.98488857032021 6
"332" 154.871308248658 15.5344066267867 6
"333" 152.858926438077 9.7725871920645 6
"334" 154.934531776914 14.327960379721 6
"335" 154.432816487857 14.2881552338553 6
"336" 155.583700387362 15.9154361637942 6
"337" 154.79943854251 12.992965573459 6
"338" 154.2636942134 14.8969377284882 6
"339" 153.790703918835 13.1808501129576 6
"340" 154.948190050309 19.5780378909908 6
"341" 152.290766797462 15.3171034828945 6
"342" 154.83715679884 10.2931449126734 6
"343" 154.650238050305 14.9245812163557 6
"344" 156.707315732116 13.1760478656207 6
"345" 153.648277651743 13.6984438723492 6
"346" 152.37131647398 20.5373814843851 6
"347" 153.30738405253 10.4422954986868 6
"348" 155.557930604135 11.3328915071616 6
"349" 154.708070151595 14.8335578034071 6
"350" 156.770368403266 17.8989114952534 6
"351" 160.091625475275 99.5793694929536 6
"352" 163.604857440448 103.066577618159 6
"353" 158.472393488933 104.339288884311 6
"354" 155.805725590147 105.155192805645 6
"355" 123.00451773824 48.3018028497717 6
"356" 124.468234272184 50.1945301278892 6
"357" 123.845498196807 50.9308983327808 6
"358" 123.104932653109 40.8607395683715 6
"359" 124.821505548659 50.46286266819 6
"360" 123.551116531698 43.0731920958576 6
"361" 122.94084446535 56.8960447422062 6
"362" 124.262667947882 46.8681145795573 6
"363" 124.689369958021 48.416759516866 6
"364" 124.221639968533 53.6685453511027 6
"365" 123.852615217954 51.2652990586836 6
"366" 124.187726051433 52.3466412378864 6
"367" 124.764507387536 50.282837172237 6
"368" 124.438217806788 55.8294223640732 6
"369" 122.425084487614 55.8277293399085 6
"370" 123.028249367638 44.6009924462348 6
"371" 123.790553030028 43.3470454222786 6
"372" 124.296375834308 51.9224672417903 6
"373" 123.312768064201 49.664414338173 6
"374" 124.375253819425 46.6369728422505 6
"375" 125.73485506097 48.3377520394376 6
"376" 124.245327162874 47.8088426159343 6
"377" 124.614835327036 48.4529583723996 6
"378" 123.29723570637 45.3867030311091 6
"379" 125.115764692024 47.1574332048182 6
"380" 124.564859101816 48.7514940129926 6
"381" 124.301526323285 47.5998152130145 6
"382" 124.086009885451 46.8548975252131 6
"383" 125.217276114069 54.3098953348584 6
"384" 123.706395372126 49.9061636782916 6
"385" 143.71397564874 112.883890968902 6
"386" 93.7840399371812 17.128523160737 6
"387" 83.7495675541051 26.9747633039616 6
"388" 144.345192823068 48.8899175393831 6
"389" 87.2632781921387 18.9572664776054 7
"390" 83.0028851027312 23.4176866417286 7
"391" 88.1316644311552 17.077488505949 7
"392" 87.2825633290934 24.487680749705 7
"393" 87.460277740691 25.9517176109238 7
"394" 85.5625880688884 20.7973995607899 7
"395" 80.8647427673819 21.3895316286606 7
"396" 88.1011633946576 10.7608235696273 7
"397" 82.4485456089365 20.282770490419 7
"398" 88.292516046709 24.5417422890696 7
"399" 86.5188272083008 17.6233703094609 7
"400" 84.816692348582 24.3706320482031 7
"401" 85.0105396848888 26.0562480720291 7
"402" 84.9829768564713 27.7102198606348 7
"403" 87.5654422434153 22.8259446737027 7
"404" 86.7363270290492 9.59796685679089 7
"405" 85.084963812112 18.3706505599501 7
"406" 84.7131785135758 22.5210154082267 7
"407" 87.0460159378546 17.3918972254034 7
"408" 83.4614144337554 17.209566674499 7
"409" 83.6989669178515 20.2229628573881 7
"410" 84.0557304393851 14.1353967799467 7
"411" 85.2264291645556 21.2156652527325 7
"412" 85.9245926361781 13.7383977508394 7
"413" 83.6734691144707 19.1525408514481 7
"414" 83.9010935821012 25.4438170435266 7
"415" 86.3699125833243 23.541422566822 7
"416" 155.502474080356 11.4747978590805 7
"417" 153.283865562322 10.4129583882807 7
"418" 155.242036223059 12.9761547029056 7
"419" 155.830499237146 10.1412044274236 7
"420" 156.374148890788 12.3946161785443 7
"421" 154.333455914333 14.1950568432788 7
"422" 153.466367350674 14.6964275906463 7
"423" 154.826956900237 13.1265010355722 7
"424" 153.808476180617 8.82071808580421 7
"425" 154.430882699161 10.7304695865495 7
"426" 156.265491949334 6.17941428425981 7
"427" 153.705331116032 17.020783422383 7
"428" 154.021194959146 15.1244455498705 7
"429" 155.010471780648 17.6052669550628 7
"430" 155.541814918106 15.2370766539889 7
"431" 155.134715635174 15.343667548385 7
"432" 155.270148590583 13.6106403276715 7
"433" 152.550770104576 15.032701273457 7
"434" 152.96677883796 9.21260960897017 7
"435" 156.638479258442 11.5443032848368 7
"436" 155.225210365883 10.6938105467573 7
"437" 153.91178586603 14.6922897752605 7
"438" 154.351718772893 18.9789845226956 7
"439" 157.016791142075 15.5239061504829 7
"440" 153.782614829686 13.4020805169018 7
"441" 156.26298119192 13.4492090129154 7
"442" 154.381256103599 13.368462725623 7
"443" 153.864286323177 13.2363153165389 7
"444" 153.190332189457 11.1491667499514 7
"445" 154.685967078143 12.8692111920805 7
"446" 154.687250397234 12.1809903628349 7
"447" 157.498431709879 15.6184036318826 7
"448" 154.22178918899 12.4013943441152 7
"449" 152.844901830082 15.509599229493 7
"450" 152.637934140971 8.44790153539403 7
"451" 159.650943074811 109.801618144253 7
"452" 158.561809214122 104.549380088252 7
"453" 156.114463165717 102.437917807463 7
"454" 163.323603246702 103.07401504306 7
"455" 164.446539824261 102.064077539233 7
"456" 157.990155952744 103.33699973527 7
"457" 162.189059839905 101.399315589259 7
"458" 159.362038244606 107.182543636905 7
"459" 159.935220182646 101.152550443515 7
"460" 154.701120611783 105.395057081949 7
"461" 159.188495762519 102.81201548359 7
"462" 158.804625764948 103.75784509769 7
"463" 123.886216867119 51.3526670541248 7
"464" 121.626812718906 47.9999548461705 7
"465" 123.618071479033 53.5052734140418 7
"466" 123.785450112281 53.4941843942538 7
"467" 124.33297713549 53.4536126130438 7
"468" 123.786654470791 47.2131905136102 7
"469" 125.316634922604 47.4776315282823 7
"470" 125.643838495398 47.9980215569696 7
"471" 123.227385650353 46.7684266482925 7
"472" 123.154779239846 45.568381746985 7
"473" 125.992846453116 49.8645021841417 7
"474" 124.173529580371 41.9461716442484 7
"475" 122.902116394896 41.1421604323765 7
"476" 123.77930383168 50.39256470564 7
"477" 124.997022748218 48.3814533286028 7
"478" 125.01353785403 52.6048392895682 7
"479" 123.21191111404 49.6824880764326 7
"480" 124.145168559877 55.8705314437007 7
"481" 124.501623447048 39.9567327863171 7
"482" 123.873557625828 53.5414865645589 7
"483" 124.222347263427 47.737230636973 7
"484" 122.689213027796 45.6973309445856 7
"485" 124.259780748217 45.9545996439991 7
"486" 123.97518468884 47.0267651049408 7
"487" 124.291123179777 52.7112769787095 7
"488" 122.915810890454 47.2842514193214 7
"489" 123.573550066111 54.2539201122701 7
"490" 124.893662224526 54.1470885082132 7
"491" 123.730453389358 50.0743420675078 7
"492" 124.265916376848 56.1727885667237 7
"493" 123.743897256908 43.8919507996695 7
"494" 123.826861392793 53.2290991989503 7
"495" 123.984950519557 52.6439201604699 7
"496" 124.923657883731 50.2320015893125 7
"497" 124.668381778787 47.8493391358541 7
"498" 122.404693814684 53.4477713622841 7
"499" 124.183688089286 54.8925813365814 7
"500" 105.639055406849 150.94056280763 7
"501" 148.135373979796 37.469126402681 7
"502" 84.7836525890118 29.2022640576748 7
"503" 139.906762269438 119.545673214643 7
"504" 162.548147126744 105.553582274708 7
"505" 135.109695135994 89.8829873811372 7
"506" 135.897296537997 81.4834436384035 7
"507" 106.594361611519 103.037287362879 7
"508" 83.6957713913539 23.4432365368853 8
"509" 87.4654036191736 23.5427113303032 8
"510" 83.3853168145157 17.0609517004047 8
"511" 92.5630131295914 17.5757644026486 8
"512" 85.1017456066925 21.2746671077586 8
"513" 86.0269051849767 21.6326550836077 8
"514" 83.7246528051778 19.9874021988802 8
"515" 84.8975921461289 20.8360955198411 8
"516" 87.3343563079278 14.7972372467017 8
"517" 86.4960861052889 19.8402875815773 8
"518" 85.084182747058 18.2772722332382 8
"519" 82.5412315499624 24.3197486789859 8
"520" 84.7650026358456 22.599415277649 8
"521" 85.9323015657659 12.8155651063842 8
"522" 88.2417134770187 13.8399633741429 8
"523" 87.6199428879461 16.9945499609007 8
"524" 87.2037213584407 7.96695047375962 8
"525" 83.7582373146368 20.1044589539353 8
"526" 83.6658578621758 14.0486404541051 8
"527" 82.5469472556294 13.1761489981995 8
"528" 82.1416039288052 21.1096016100617 8
"529" 80.7108398668842 12.3383618449191 8
"530" 90.2040745200522 25.06320757165 8
"531" 85.844809181418 12.1519488388288 8
"532" 85.3994407290657 17.9220009097771 8
"533" 86.3373441570526 12.2129057651954 8
"534" 87.7758635468826 21.7828895003988 8
"535" 155.06216471272 17.5995060317187 8
"536" 152.250031811262 3.81950893821832 8
"537" 154.590663244893 12.8857734386674 8
"538" 156.478641548863 18.4128585011788 8
"539" 152.529483293517 15.1668125593786 8
"540" 153.269179364628 14.9023245087692 8
"541" 155.832296280598 6.14101740685672 8
"542" 154.848053666592 15.825027254851 8
"543" 156.006654336389 10.005842511076 8
"544" 154.32146427664 12.3032010493759 8
"545" 152.774532228611 15.9522627805817 8
"546" 154.313617262369 16.0672063135279 8
"547" 156.094008332513 12.7873282474481 8
"548" 156.55934024315 4.93067401884006 8
"549" 153.123207079916 12.8758620762351 8
"550" 153.849544092077 18.4757262708774 8
"551" 154.562116248871 10.6218226541492 8
"552" 153.621947411713 16.8959606396531 8
"553" 154.870323449921 14.1228450112199 8
"554" 156.069460157163 6.33973532557969 8
"555" 157.844055122072 12.1446551117474 8
"556" 157.670137268976 15.3584728167881 8
"557" 155.517693746888 15.2249967627104 8
"558" 156.072277185342 9.75630773508762 8
"559" 155.528400615018 104.825484748081 8
"560" 156.012849446406 101.871409230042 8
"561" 162.778986614012 102.016620697994 8
"562" 160.691687151089 100.73832986435 8
"563" 155.903514668372 102.400160187703 8
"564" 160.62777294587 100.8381221137 8
"565" 156.730880468753 102.675834892066 8
"566" 162.288568439087 101.57840347144 8
"567" 156.599204752786 101.73693604762 8
"568" 162.935738702287 103.682170207292 8
"569" 163.278273957934 105.474306845275 8
"570" 161.422482184732 100.985459704562 8
"571" 161.014269503334 113.805344775234 8
"572" 159.995378837585 109.435096678337 8
"573" 153.528914680344 105.210517976506 8
"574" 154.063507965042 104.769437684168 8
"575" 158.427489650109 105.398719377923 8
"576" 155.653370268989 106.696515733797 8
"577" 153.725436793449 101.890646524468 8
"578" 163.346611169987 109.882934261937 8
"579" 165.098944043111 102.492723193732 8
"580" 123.631809326481 53.2586001108185 8
"581" 123.391209830297 51.1586415797916 8
"582" 123.391279355672 46.6322510295172 8
"583" 123.325621239701 45.6422736672214 8
"584" 123.113744673985 50.9737000508916 8
"585" 124.785884193532 49.1179084852036 8
"586" 123.595066997579 53.0073060943391 8
"587" 124.061997290366 56.1402194891152 8
"588" 124.44872138251 50.5533991865683 8
"589" 123.909297549916 56.4007097392977 8
"590" 124.376143379181 39.6035768031405 8
"591" 124.103132113314 55.8504733457693 8
"592" 123.093328236049 47.9803846051776 8
"593" 124.439821175469 52.179211079826 8
"594" 124.625042807321 47.7011670912235 8
"595" 123.19427839737 49.5493605300544 8
"596" 123.949653181909 45.1428845849612 8
"597" 124.978645287284 52.8859867210415 8
"598" 123.644148676015 45.9470219801927 8
"599" 126.203634705735 49.8170228396207 8
"600" 123.224229353823 53.5731512676982 8
"601" 125.031256269587 58.436793171506 8
"602" 126.268921447468 45.6012941902258 8
"603" 122.219816338964 49.6868460802175 8
"604" 125.773418192099 46.8654979184597 8
"605" 123.092044193407 41.6682438328678 8
"606" 123.84862591875 55.1138860204414 8
"607" 122.889081192542 47.9039627200708 8
"608" 122.226105597454 45.2284003578479 8
"609" 123.00904494419 41.2223651881938 8
"610" 123.832717360728 56.5076756113216 8
"611" 124.423719515398 47.2828121102554 8
"612" 104.390160826263 153.10574626 8
"613" 104.823296696511 151.716688497608 8
"614" 104.773499934432 151.835350899056 8
"615" 105.399469032499 154.385058631344 8
"616" 106.548848958372 151.365990010026 8
"617" 104.417682052894 152.125923500053 8
"618" 159.074574284091 112.836633114093 8
"619" 157.863304571134 108.187647149237 8
"620" 104.28783107821 134.990213131982 8
"621" 131.163529847992 75.2446259688608 8
"622" 164.936900534165 113.207429982417 8
"623" 140.078824094114 46.3160166626205 8
"624" 84.0964688142616 22.5443710575392 9
"625" 84.560339959506 11.8988832185746 9
"626" 84.4392565246851 31.4087989393203 9
"627" 85.904271910779 21.8957497661942 9
"628" 84.9243744658025 19.2010089588773 9
"629" 82.7678319178945 24.3262668647243 9
"630" 82.227300081171 20.8149256280854 9
"631" 88.035905165534 16.0667031644651 9
"632" 84.4009043901759 18.3592211770845 9
"633" 88.3045438601654 13.167604359999 9
"634" 86.2689494893081 23.1399725179237 9
"635" 85.1769015051824 17.7639511050192 9
"636" 86.3421608226938 8.04237604935643 9
"637" 84.1162644985062 15.7276887115619 9
"638" 83.0016342424879 17.5860347282673 9
"639" 84.0059338338909 28.3210407823961 9
"640" 87.141634335702 15.0605653509298 9
"641" 154.867495770486 12.7705656946313 9
"642" 156.084961429248 12.6326332148476 9
"643" 157.597342798714 12.4504237944257 9
"644" 155.998010475607 14.0541673088088 9
"645" 151.348144193674 8.61795705574411 9
"646" 151.706024015615 15.1416269515689 9
"647" 155.94709499472 12.6007323219755 9
"648" 153.886125944918 9.61533389803881 9
"649" 155.921631602519 7.73111827652262 9
"650" 156.125364495921 9.72430909979557 9
"651" 155.586757032218 10.1777360167519 9
"652" 156.539951511092 7.73033333318501 9
"653" 153.571522213909 14.7717070458405 9
"654" 154.752925634944 13.5215570921576 9
"655" 156.600163679436 18.5495719722446 9
"656" 153.12450745819 16.3953710013937 9
"657" 153.45092032811 9.26325007745707 9
"658" 156.138407928355 20.1066066299844 9
"659" 156.849712589129 6.68036035378594 9
"660" 156.019003711648 9.61202437325629 9
"661" 154.000650025694 17.2207324356641 9
"662" 154.317207186574 12.251472515006 9
"663" 156.596194678245 9.9673331073608 9
"664" 154.369231307538 12.2841573706503 9
"665" 151.854130982886 18.5408603581828 9
"666" 155.416964018989 10.6532459250128 9
"667" 154.790070758553 10.7663082911944 9
"668" 153.782658670984 16.798615365527 9
"669" 153.435490593099 10.1609023050824 9
"670" 157.45205958333 102.377342985574 9
"671" 159.596791602571 100.608997333164 9
"672" 160.11425233008 102.076699100987 9
"673" 162.244888688138 103.299338211178 9
"674" 158.962277262355 107.465860668062 9
"675" 158.870230401313 116.653441931275 9
"676" 154.320891973845 104.472767741598 9
"677" 157.095392021586 102.830508660604 9
"678" 154.81478186146 113.996050988135 9
"679" 159.69957373567 99.3525377574519 9
"680" 162.147817110411 109.395426600871 9
"681" 159.379180669904 104.749890939826 9
"682" 162.350182553059 101.199764233235 9
"683" 155.114994008311 101.30936744918 9
"684" 156.408775416759 108.782567273839 9
"685" 163.910220882896 109.825815254801 9
"686" 162.329049106476 105.848349760789 9
"687" 156.498683170294 99.1335956956145 9
"688" 154.860609454332 104.327018561679 9
"689" 158.565221383584 113.866861062314 9
"690" 164.851140463268 102.017088527638 9
"691" 158.353088417649 108.766795150848 9
"692" 158.097157349362 102.442704486926 9
"693" 162.875460728926 101.923114060332 9
"694" 162.671119605649 97.8824922691183 9
"695" 162.037270395073 102.571573932625 9
"696" 156.93176796784 101.482797160719 9
"697" 162.315627140458 100.368194503365 9
"698" 159.797315858905 99.9180740510316 9
"699" 159.430744212602 112.416192772054 9
"700" 162.591080080642 102.652806100512 9
"701" 152.891632201378 101.71126613616 9
"702" 159.083415714535 107.860050406864 9
"703" 164.343134032432 96.1978004167555 9
"704" 160.611451827773 113.969939269366 9
"705" 156.623439049788 102.651208666146 9
"706" 160.810847612944 100.573401757209 9
"707" 165.128076036954 105.152936900603 9
"708" 122.29648985808 54.2196001220531 9
"709" 126.115930892492 49.0759651013289 9
"710" 124.40297691756 55.3381865940932 9
"711" 124.525603110017 51.2606577444404 9
"712" 123.620541077096 54.8959656657763 9
"713" 125.363869098898 49.6822713961138 9
"714" 125.426374530807 44.4028150092023 9
"715" 123.788522090617 51.8593417212476 9
"716" 123.489511652132 51.2322118806901 9
"717" 123.464356334589 52.7213500615746 9
"718" 124.700798676166 56.6327347317186 9
"719" 123.92877593867 59.705447340987 9
"720" 125.207425297897 52.2926910431244 9
"721" 123.826348946085 53.7156355891189 9
"722" 123.883339509528 49.039405920097 9
"723" 124.936337581161 45.6385993827897 9
"724" 124.048313415727 54.0233238638507 9
"725" 123.417769078986 45.7056967781607 9
"726" 103.148245523587 152.299747671867 9
"727" 106.153060368054 154.024679558916 9
"728" 104.873541660328 150.557509347057 9
"729" 106.260519859776 152.802942608 9
"730" 104.956934975667 153.444104663477 9
"731" 106.470045228273 151.480079870467 9
"732" 104.800744591185 153.999767186067 9
"733" 104.305480572301 153.169398066524 9
"734" 102.338801472306 154.423520972885 9
"735" 106.1328172671 152.84274086702 9
"736" 104.726111343943 151.562081542931 9
"737" 104.464450878112 151.968483710338 9
"738" 104.303515283035 152.481141318201 9
"739" 104.563443741973 151.963314067394 9
"740" 104.436995263612 152.285285177851 9
"741" 106.14332841981 153.652017783468 9
"742" 104.086168726951 152.601944068629 9
"743" 105.731558363449 153.087986535604 9
"744" 104.228096216371 152.40003526187 9
"745" 106.337449182893 151.768458192001 9
"746" 104.479193707689 152.032462547516 9
"747" 103.944327120184 152.7228829937 9
"748" 106.071763881282 151.77559689602 9
"749" 104.872841063497 151.556560608492 9
"750" 104.329775694194 153.061391429159 9
"751" 104.760385766424 151.653157945836 9
"752" 104.810812145182 151.650754490155 9
"753" 104.661976671426 151.891150898486 9
"754" 104.831312086838 153.303943371762 9
"755" 166.568701813408 36.9295735692284 9
"756" 155.361762299577 10.4779939268883 9
"757" 154.968859984011 118.07114778994 9
"758" 93.6504805474314 31.6268846319395 9
"759" 129.073129751096 75.5858288194251 9
"760" 117.256160885801 46.1500557430222 9
"761" 87.1319272219598 15.1048323090861 10
"762" 82.5788102447647 13.6054563306681 10
"763" 86.0881051407449 13.2414622484598 10
"764" 86.9035476863133 17.553400847079 10
"765" 89.0972709920405 22.7645087168005 10
"766" 88.541443664366 27.3302486575806 10
"767" 87.3774217953417 24.9674434794384 10
"768" 81.9009858201245 11.6947410555197 10
"769" 86.0150018702798 23.1977447066849 10
"770" 84.1163811730125 22.1926522191984 10
"771" 88.07915163486 24.2244500493782 10
"772" 84.9731864052082 12.5550328255669 10
"773" 153.35389425824 16.5406651327021 10
"774" 152.988842286594 11.0630536625161 10
"775" 156.767165773982 6.29864708306093 10
"776" 155.572717581966 8.19728698924058 10
"777" 156.131091623746 7.85713297187176 10
"778" 153.769841193088 9.49885382667541 10
"779" 157.114681602104 14.0423022255561 10
"780" 154.860090988414 10.7154887171465 10
"781" 155.747549435362 12.551708042345 10
"782" 154.083297696177 11.8129212999554 10
"783" 155.091828372263 7.50966584580898 10
"784" 156.566547357688 12.2302170172494 10
"785" 151.637227133682 18.0193617104867 10
"786" 156.110742933972 9.5929049364455 10
"787" 154.509549872276 15.685626815468 10
"788" 162.23354055766 105.510312021214 10
"789" 160.125092299559 102.365817602249 10
"790" 154.463494696954 101.081200985086 10
"791" 158.498391084543 108.028109508217 10
"792" 156.304651528999 101.586429040387 10
"793" 162.510643977296 102.871621978684 10
"794" 156.10499900628 107.423276245 10
"795" 159.710398525574 104.779447858757 10
"796" 165.058123314757 112.883521874446 10
"797" 157.609023123049 110.685349453 10
"798" 162.864520050189 103.358081413469 10
"799" 162.523491912418 103.31244380593 10
"800" 156.380530786376 103.889840573307 10
"801" 158.444903530665 115.998819299847 10
"802" 164.713487438185 113.019747127338 10
"803" 158.335472407813 107.764646982435 10
"804" 157.586972022842 108.244880832904 10
"805" 162.804550116484 97.8509757674533 10
"806" 158.149875972377 102.481453453292 10
"807" 155.978901199126 102.749492568212 10
"808" 163.53181458811 102.32464945714 10
"809" 164.76018157715 100.919739937693 10
"810" 161.623598633524 107.616381114926 10
"811" 164.816692237 112.582860320719 10
"812" 162.362294462296 116.633665244235 10
"813" 161.832571379311 102.430739027775 10
"814" 159.394904965364 99.9094443388432 10
"815" 158.898286687748 107.311007515027 10
"816" 164.590556655525 113.169344583749 10
"817" 159.476621918449 105.640119908288 10
"818" 162.662388275429 102.651529221984 10
"819" 161.678022074115 103.907859829747 10
"820" 162.859088401015 102.996079445684 10
"821" 152.465580419803 105.364723022537 10
"822" 164.24011183976 103.323534481683 10
"823" 159.418224950595 104.844912532915 10
"824" 159.539448365712 104.9123034745 10
"825" 157.16802044233 104.847182793661 10
"826" 164.454714496154 105.506364049129 10
"827" 162.688895981341 100.186650286762 10
"828" 160.146497927809 109.507999831072 10
"829" 163.635764372972 102.090819443617 10
"830" 157.121122647081 100.04331771306 10
"831" 159.522072568964 106.697806321211 10
"832" 165.974585236199 108.00343428077 10
"833" 123.563453267482 55.1824809466795 10
"834" 122.277504639555 52.2978183153126 10
"835" 123.032614610011 49.5157727851499 10
"836" 123.494528036621 52.9260642160327 10
"837" 125.051171274329 54.3877842365753 10
"838" 125.071715424782 56.388078523611 10
"839" 124.590182981199 56.4867581627661 10
"840" 124.474862403517 50.9316186245867 10
"841" 124.928275736418 44.472809405989 10
"842" 124.747854894413 57.4994931281065 10
"843" 122.777228448339 50.3564123989041 10
"844" 123.78081829429 52.1691895275281 10
"845" 124.603340073695 56.6528929731145 10
"846" 122.462291310069 47.7843186224589 10
"847" 103.754892449437 151.886595189235 10
"848" 105.684646023405 150.237564789457 10
"849" 102.351198441716 153.057321305343 10
"850" 104.842594350692 153.840522706647 10
"851" 104.391901812578 151.719663389365 10
"852" 103.260204495198 152.248726412982 10
"853" 106.139936828489 151.839157658816 10
"854" 104.634162659918 150.837404750225 10
"855" 104.486802661023 152.482780807004 10
"856" 106.266775183474 153.067251602444 10
"857" 104.424275954002 152.309502015523 10
"858" 104.864472330156 153.653604579775 10
"859" 103.220950877673 151.129751602133 10
"860" 103.843524135452 152.582377557714 10
"861" 102.939267453083 152.969985198074 10
"862" 106.755817966525 153.609945516534 10
"863" 104.859746128858 152.231805291403 10
"864" 105.770179053914 153.190148724914 10
"865" 103.160694251018 152.838725451881 10
"866" 105.437145018577 151.710182614779 10
"867" 102.51197935494 152.43719741223 10
"868" 104.741361344694 151.540427419161 10
"869" 125.563556436255 44.453744639814 10
"870" 163.122587455412 100.771068866344 10
"871" 151.157761012727 101.399712079008 10
"872" 171.953654725302 40.6737381426371 10
"873" 82.3348962239792 18.1576568091496 10
"874" 91.5107045592303 20.5334745393049 11
"875" 85.4255827029697 17.4209133545262 11
"876" 82.9276078875626 21.6399290593312 11
"877" 83.2826384436672 20.4256825925602 11
"878" 84.6174999898592 18.2532938121198 11
"879" 86.762581258509 19.3311186044987 11
"880" 85.2536503328697 22.3737306747232 11
"881" 83.7983912825955 22.7401750610772 11
"882" 85.7592701254101 23.5145481400025 11
"883" 88.4249828660765 19.5851707285679 11
"884" 155.428575241811 11.1187351925856 11
"885" 155.029914201704 8.82290272845891 11
"886" 155.908270499071 13.4711100703188 11
"887" 152.804917620777 11.849858175868 11
"888" 153.830443231841 9.83331527179802 11
"889" 153.814054954452 12.1915043116492 11
"890" 155.68233282077 12.423024916779 11
"891" 155.396496911613 14.7115465039061 11
"892" 154.64277241453 11.485182468882 11
"893" 155.268813797378 14.2387675407008 11
"894" 155.455144481178 17.6692494432312 11
"895" 155.126670145846 15.4767579274503 11
"896" 154.684536082067 10.0101030039938 11
"897" 152.729215383897 16.4394061730666 11
"898" 155.40146353211 107.755960742315 11
"899" 159.435702593288 100.734964880378 11
"900" 164.247823533673 107.502038576778 11
"901" 159.448273766714 100.721851649883 11
"902" 164.999169255978 101.015873076445 11
"903" 161.681425428537 107.578846617731 11
"904" 162.114043486717 102.002465381525 11
"905" 163.720406681062 108.803628857136 11
"906" 157.155926505378 108.169253386901 11
"907" 164.044089712058 105.779108157095 11
"908" 159.438764604637 109.282329325473 11
"909" 159.020037582607 105.720439304965 11
"910" 161.905654442587 107.571409555899 11
"911" 159.123945030278 104.774786708093 11
"912" 162.879050836351 110.362485284559 11
"913" 160.83554799359 109.177973274495 11
"914" 165.94246763239 105.48610836643 11
"915" 156.038815090067 103.829323404646 11
"916" 158.177110800438 105.671259547319 11
"917" 159.561946293758 106.508802652538 11
"918" 157.601800840331 110.779441145316 11
"919" 160.270931938347 106.614010785266 11
"920" 158.862515968672 107.205084470041 11
"921" 159.200547809625 105.590388011256 11
"922" 164.081503722884 100.01761266706 11
"923" 163.118792490742 103.375528056805 11
"924" 157.128303488745 106.757581244466 11
"925" 165.206624860395 107.826962112068 11
"926" 166.931159721383 113.961579260864 11
"927" 162.164449420679 100.976233019106 11
"928" 123.793924861901 54.7424496327748 11
"929" 124.271627046331 48.15495810547 11
"930" 122.582994889531 50.4112307212787 11
"931" 123.896616486789 53.8603747772583 11
"932" 126.07391623314 53.2872733920553 11
"933" 123.890336210008 41.3931602114953 11
"934" 124.862380120371 44.5411597469379 11
"935" 123.718049966725 52.5996849640628 11
"936" 122.110681766329 55.5393727310417 11
"937" 122.750449847309 47.4042467786856 11
"938" 126.137977159024 52.1912016825628 11
"939" 122.962216359562 58.2766318890229 11
"940" 124.686796249587 44.3547631309111 11
"941" 124.59082147276 54.1624688781715 11
"942" 124.592544732874 53.7370413307466 11
"943" 106.45125803503 150.539169210354 11
"944" 106.326963271892 153.108400725536 11
"945" 104.744246111897 152.536692638562 11
"946" 103.56268908629 150.696533222887 11
"947" 105.551691291311 151.507802042697 11
"948" 104.459174726803 150.965349190126 11
"949" 105.230989618745 153.540542559387 11
"950" 106.425401748369 153.404483068381 11
"951" 103.321180256417 152.061866939638 11
"952" 106.184735707404 150.5908824638 11
"953" 105.864060391707 154.168205149311 11
"954" 103.228895408289 152.874394184726 11
"955" 106.831529266803 153.844605707066 11
"956" 104.799737215229 153.696950769093 11
"957" 103.092569344832 151.154698352268 11
"958" 103.274673471986 151.24446643196 11
"959" 102.746401836589 152.799103430979 11
"960" 106.874555534142 151.97775699247 11
"961" 103.266210129815 152.485417717632 11
"962" 104.560562437478 152.551139752945 11
"963" 102.592698248006 152.3107718165 11
"964" 160.661284047455 14.340041336502 11
"965" 155.624000344219 113.564542003361 11
"966" 96.7071032414074 5.93430211652808 11
"967" 112.098783613712 145.641877809804 11
"968" 105.069755194073 153.865071576381 11
"969" 167.132188437345 96.8681491153935 11
"970" 139.109646164535 16.3567910787234 11
"971" 114.79402367591 34.9046766419198 11
"972" 150.465905070666 114.522407298616 11
"973" 160.408681732839 115.687841301884 11
"974" 123.700694728513 57.0295307859059 11
"975" 157.961405326074 10.1122972367257 11
"976" 141.397358864601 47.187546255488 11
"977" 104.196316019748 150.473134193672 11
"978" 158.941997227619 106.15902824877 11
"979" 85.4495484689767 11.1550370614776 12
"980" 87.1611866123859 32.6210696299386 12
"981" 85.3242404171554 30.2269650437067 12
"982" 82.7571987952661 16.0742190064424 12
"983" 155.207557298719 8.59341566480166 12
"984" 152.499788918306 9.60542178965958 12
"985" 153.486652811865 11.679703563937 12
"986" 155.693059113866 17.3649463360568 12
"987" 156.711213207276 15.0491305236451 12
"988" 152.484132076669 16.5248815079554 12
"989" 154.192936025566 13.4354032623963 12
"990" 154.203754713532 10.1200143162266 12
"991" 154.583350134102 6.88159744038762 12
"992" 152.627770017086 17.8823471648703 12
"993" 159.338798453368 103.495582576138 12
"994" 155.162600941278 107.45458134265 12
"995" 163.305557132527 107.109178847818 12
"996" 164.044291776092 100.445194454615 12
"997" 164.720354552317 109.139591568749 12
"998" 166.339163024304 108.273891096153 12
"999" 156.881467481549 106.654183985198 12
"1000" 151.169849393946 100.995159208555 12
"1001" 161.799998139405 103.143261011772 12
"1002" 157.144404557882 106.738522350971 12
"1003" 154.264909560394 111.72782287067 12
"1004" 159.050708858655 105.704233678648 12
"1005" 157.972199289706 105.689058959275 12
"1006" 150.866043078844 101.333552560066 12
"1007" 158.930570384148 107.176753829796 12
"1008" 155.126764217664 103.999762228575 12
"1009" 157.437119008887 111.545730007684 12
"1010" 160.283215122537 107.036014071303 12
"1011" 167.060885540464 96.9080584276848 12
"1012" 161.525317577845 100.215619466496 12
"1013" 159.256132665784 106.356463456123 12
"1014" 156.625680827755 104.581695663214 12
"1015" 159.760172913251 108.545465607809 12
"1016" 158.249388371723 111.864246833472 12
"1017" 160.312873825152 104.644147001494 12
"1018" 160.585298205986 115.681846689484 12
"1019" 158.727608128337 110.952412495802 12
"1020" 156.346678932292 105.373756881367 12
"1021" 163.139333418943 101.552423398148 12
"1022" 158.200112998609 113.236312149773 12
"1023" 165.934466466583 105.391333452577 12
"1024" 157.706627000772 101.88592825825 12
"1025" 161.55184907652 107.824862056542 12
"1026" 125.556245445321 51.4899939050249 12
"1027" 124.754020493419 52.2540881212221 12
"1028" 124.007615750953 44.7065835762995 12
"1029" 124.480617236213 54.2412063040679 12
"1030" 122.594430620288 46.5336507640773 12
"1031" 106.32224419074 153.250801221378 12
"1032" 105.299287923291 151.954722585495 12
"1033" 106.819305293844 153.382753196905 12
"1034" 103.038288290016 151.286464814129 12
"1035" 102.209042543444 153.776895748369 12
"1036" 105.002834153089 151.903487642582 12
"1037" 107.069009314924 152.546100846171 12
"1038" 101.166457688287 151.870165404413 12
"1039" 103.503450670684 150.285492978919 12
"1040" 106.473577015117 153.080233332169 12
"1041" 103.389479747735 152.460428084479 12
"1042" 107.207712662453 152.364885202055 12
"1043" 104.105591920873 149.987089503189 12
"1044" 105.805904949409 151.451352399187 12
"1045" 103.541817768332 151.272286522583 12
"1046" 102.295458614328 151.859999158658 12
"1047" 104.976913607616 152.754139033656 12
"1048" 129.994954499811 76.328684168449 12
"1049" 124.869160873811 29.5098948396173 12
"1050" 93.5337721822961 150.225329438922 12
"1051" 104.30866899344 151.375311868079 12
"1052" 140.263353555067 47.8907334999917 12
"1053" 106.399672340948 135.955298576373 12
"1054" 150.185788020554 19.4246064847859 12
"1055" 167.883992114376 105.958465569648 12
"1056" 112.205210113906 145.232249964074 12
"1057" 165.40436312156 105.857712966951 12
"1058" 141.266571488739 47.3667771780302 12
"1059" 157.492166146136 44.9375534517739 12
"1060" 113.157680751972 63.1632683128749 12
"1061" 161.384000536007 102.898178385897 12
"1062" 82.7835729011967 12.4401703294357 13
"1063" 83.7525970722846 22.5031308735097 13
"1064" 155.376295273838 7.87488396787918 13
"1065" 152.652557515045 9.16250288991753 13
"1066" 152.874287937423 14.8475208175343 13
"1067" 152.86241549655 17.6971196770414 13
"1068" 152.527281886831 6.57205436084021 13
"1069" 153.447052583613 11.719546296433 13
"1070" 154.946810124534 8.53238993919287 13
"1071" 152.594141127604 17.8627643670259 13
"1072" 152.384296051894 11.5900216286491 13
"1073" 155.430081395199 7.88835337499732 13
"1074" 153.597141967993 12.1457871598407 13
"1075" 157.847826518916 10.2165753603136 13
"1076" 158.705821992917 16.04819829721 13
"1077" 156.225949059914 7.43625954966969 13
"1078" 155.341147191532 115.473598924451 13
"1079" 160.361499247424 107.497964569416 13
"1080" 160.080786643334 110.040916097897 13
"1081" 167.332484767584 108.251200108016 13
"1082" 164.742489299198 105.522462887948 13
"1083" 155.598644614068 107.459270267049 13
"1084" 159.855842201121 107.813698557846 13
"1085" 163.128033349796 97.7308699430398 13
"1086" 161.822562708139 106.624625939225 13
"1087" 156.314196084817 104.286766985459 13
"1088" 162.532445359172 101.346708459646 13
"1089" 163.096681444901 107.235799817539 13
"1090" 156.250765581522 109.642845153288 13
"1091" 157.760625365442 102.35808080879 13
"1092" 154.764360450665 106.734551382761 13
"1093" 158.696713786751 99.6558525994781 13
"1094" 162.919015306502 108.447051599433 13
"1095" 160.273062509022 101.78195734924 13
"1096" 158.782672776548 111.221126334446 13
"1097" 150.909448861092 99.8480725052148 13
"1098" 157.527979832306 103.657154814429 13
"1099" 153.294498073545 99.4454900569971 13
"1100" 158.447530519399 101.063120687048 13
"1101" 156.717467053525 106.229091397267 13
"1102" 153.349489370585 111.096281340446 13
"1103" 160.122860504204 108.223334461428 13
"1104" 163.055765790339 95.2643958387357 13
"1105" 125.410741388371 56.6776076024399 13
"1106" 123.228910932595 53.2740009704093 13
"1107" 125.681232558455 51.3888721166794 13
"1108" 123.32561495096 51.4394415280505 13
"1109" 125.510992412769 52.8674382678716 13
"1110" 122.816878832056 51.5382962719613 13
"1111" 122.781315448225 51.7409789958801 13
"1112" 124.128196147084 48.9382925516743 13
"1113" 124.959616529244 43.216729633567 13
"1114" 106.635291041993 149.505343165234 13
"1115" 105.122909290635 152.212592513668 13
"1116" 105.016307356614 151.223245704612 13
"1117" 105.092451023695 152.846382397127 13
"1118" 103.564668091622 151.397547877719 13
"1119" 102.109018097872 151.647904777257 13
"1120" 105.783140165346 152.383315464804 13
"1121" 105.175211530297 150.706391909745 13
"1122" 106.0041967355 152.347767923453 13
"1123" 103.444530899871 151.293354497448 13
"1124" 107.908212116023 151.530939349647 13
"1125" 156.545629028988 14.6689701501836 13
"1126" 94.9522892618453 9.16964942762892 13
"1127" 129.324327851147 120.996196698585 13
"1128" 164.859744476797 95.7326390122743 13
"1129" 146.928258153471 31.6175207166791 13
"1130" 151.797921727596 16.9882878318245 13
"1131" 91.6665741689821 8.0460011528379 13
"1132" 135.919228067201 9.95221751062055 13
"1133" 155.658672131337 17.4768500410278 13
"1134" 83.56643007648 27.4778477043057 13
"1135" 149.379630589474 18.9334072024089 13
"1136" 82.9881363027118 14.0734195257149 14
"1137" 85.1049462797228 11.783446947843 14
"1138" 80.7224784625421 20.105447715733 14
"1139" 85.9516837501795 9.55347935236624 14
"1140" 89.8255026797799 20.8643354105129 14
"1141" 85.8311549874622 16.8382262095663 14
"1142" 84.9876411257848 11.1238273260633 14
"1143" 84.7573570297404 21.3746837448195 14
"1144" 155.609868817972 16.5782550539332 14
"1145" 154.306924432277 18.579317424484 14
"1146" 155.398625018486 9.33162732695771 14
"1147" 154.281883789006 8.46242866387843 14
"1148" 155.730018848975 13.7489404178307 14
"1149" 155.560367186311 5.73865659672193 14
"1150" 154.923754766893 6.39228078874107 14
"1151" 152.823159160137 13.6592270971852 14
"1152" 162.856209271365 106.979680325581 14
"1153" 154.256596956175 101.917670843099 14
"1154" 161.789692061 108.121520545185 14
"1155" 157.141482641884 112.132467022385 14
"1156" 154.800411288436 106.962147086854 14
"1157" 154.704912134002 98.9238393442396 14
"1158" 163.932090353285 102.35995213935 14
"1159" 161.957585286519 103.117735898009 14
"1160" 153.25623190854 99.691420474791 14
"1161" 162.728963570964 107.36024490597 14
"1162" 162.408338063184 107.887673494839 14
"1163" 160.592195674799 106.813508782966 14
"1164" 158.193015523041 101.619583636786 14
"1165" 160.81643817422 104.390974030466 14
"1166" 161.051586846101 109.30789656135 14
"1167" 165.757848412561 108.860089004268 14
"1168" 161.76316909708 106.500867563685 14
"1169" 162.722715048647 111.965226800345 14
"1170" 158.860224427165 105.359002210361 14
"1171" 164.936964059594 108.792660470653 14
"1172" 162.415983637363 109.709737562786 14
"1173" 164.020749058997 113.646785379939 14
"1174" 162.891767713837 108.45979042939 14
"1175" 124.538237332508 51.4499795808093 14
"1176" 125.134088905567 53.6779792913015 14
"1177" 124.249705224099 45.0508582528228 14
"1178" 126.244126835857 51.1457144494144 14
"1179" 125.671059404901 51.2184921931407 14
"1180" 123.381931861835 55.9652962570739 14
"1181" 104.858010186862 148.891333732779 14
"1182" 101.245130196371 153.923136866739 14
"1183" 159.024222479431 97.1797987140933 14
"1184" 165.107916770145 110.451144079955 14
"1185" 114.398969733651 142.642789225407 14
"1186" 129.630084958686 43.2255676633255 14
"1187" 106.349504904516 148.835234263067 14
"1188" 165.770872505284 52.9727736542322 14
"1189" 120.188787260936 8.18757323480668 14
"1190" 106.442822903019 102.482936653955 14
"1191" 84.9313421742166 11.5943421124591 15
"1192" 84.6401360243234 10.266060793769 15
"1193" 86.7039989474486 9.93002656668039 15
"1194" 153.476028899542 15.8478876635697 15
"1195" 157.055513397735 14.5279192964293 15
"1196" 158.757611752311 12.4517425266102 15
"1197" 153.957609832536 3.23225791709619 15
"1198" 155.985371855261 15.4050533933331 15
"1199" 157.298024580084 14.4650945568148 15
"1200" 156.219499445849 8.57789088818975 15
"1201" 153.280465760907 15.7695882826395 15
"1202" 154.455644814141 8.58372323573267 15
"1203" 155.157426765547 8.37624997434938 15
"1204" 156.428647170975 17.0511423502669 15
"1205" 154.143245151348 9.03436511659417 15
"1206" 154.315423445901 8.16073282077369 15
"1207" 152.754958255749 13.8166043875254 15
"1208" 155.614567227041 119.271440432178 15
"1209" 160.101972582078 104.321591963555 15
"1210" 163.723230540555 95.9407255512178 15
"1211" 154.273999427697 99.1886847333782 15
"1212" 158.800382301518 108.027215077584 15
"1213" 157.39197753657 103.304310017866 15
"1214" 160.038963057659 97.6994381460693 15
"1215" 151.874779220001 110.070135881683 15
"1216" 164.026386603215 112.085267068712 15
"1217" 158.185757293839 106.533994392484 15
"1218" 163.019353432521 108.008367591328 15
"1219" 153.858165235456 107.712305123357 15
"1220" 164.440734492195 108.393592780948 15
"1221" 156.369191553296 102.723253227597 15
"1222" 162.248224699038 111.731852687019 15
"1223" 158.604770211853 112.753041145635 15
"1224" 160.279985542725 100.031245549749 15
"1225" 155.233285395225 96.8497612399049 15
"1226" 160.279604344398 107.734093363278 15
"1227" 156.726681590948 107.611538334808 15
"1228" 155.934168807437 109.669251325098 15
"1229" 162.676376111752 108.600510077934 15
"1230" 164.724326928376 100.132425964277 15
"1231" 162.267253494933 107.085567820405 15
"1232" 163.828852003604 101.339249068769 15
"1233" 161.327411786495 109.272709244427 15
"1234" 161.557678877358 111.030765902977 15
"1235" 122.989977846861 39.6190959740848 15
"1236" 124.821958890202 54.7963987179973 15
"1237" 122.97049591846 52.2830144175059 15
"1238" 125.709591155806 57.3417133690685 15
"1239" 125.357219612824 51.3268638873144 15
"1240" 108.36690264774 153.215446860262 15
"1241" 102.967234412508 152.087013624739 15
"1242" 103.230327623776 150.126616904822 15
"1243" 101.935832059487 151.20551773073 15
"1244" 106.810596633843 153.056096492883 15
"1245" 107.054437708217 154.003968934326 15
"1246" 105.111820825611 153.164901668848 15
"1247" 86.966060506854 43.9156597396629 15
"1248" 114.129352654358 141.722227612759 15
"1249" 114.047189501244 37.9573747975408 15
"1250" 95.804963929783 15.6233264731796 15
"1251" 134.633112094243 94.1662194608103 15
"1252" 87.7482904231079 21.5376476271302 16
"1253" 81.6859902999404 18.2626301530898 16
"1254" 157.724250319491 4.48613490075301 16
"1255" 152.001278633195 2.63721335318452 16
"1256" 163.588048145717 101.704561331467 16
"1257" 163.420549388691 106.587610583308 16
"1258" 162.05188514494 112.042396476989 16
"1259" 162.532930872625 110.20054713476 16
"1260" 159.429876271162 105.97952971405 16
"1261" 160.964732429194 104.486677162208 16
"1262" 159.140993411966 100.223327844514 16
"1263" 156.946704982969 103.06870670434 16
"1264" 166.261701256783 108.460832992736 16
"1265" 159.753824829688 103.528124221923 16
"1266" 160.611442707298 105.553873410632 16
"1267" 158.859660528919 106.601363965056 16
"1268" 160.797031083836 103.960607269646 16
"1269" 154.906806521611 109.292295321945 16
"1270" 160.590355408097 109.946304517362 16
"1271" 163.166901882241 108.020547462086 16
"1272" 161.265682359026 107.29513584979 16
"1273" 157.336501852783 110.586976575943 16
"1274" 158.147489463085 101.150111350972 16
"1275" 160.963648398853 108.189375386633 16
"1276" 153.016378626831 104.441422666452 16
"1277" 164.046365049612 98.2565888987734 16
"1278" 158.776407461761 105.746616415487 16
"1279" 165.126435406583 108.189248882894 16
"1280" 164.09693014116 114.659102089327 16
"1281" 126.591936354922 51.5119160625505 16
"1282" 103.668857102347 149.918683763891 16
"1283" 102.224403801462 153.426420475185 16
"1284" 105.529236040033 152.553293230416 16
"1285" 101.81484538883 151.721819188315 16
"1286" 155.080620138988 121.563931800492 16
"1287" 150.157142613221 33.7267461044751 16
"1288" 112.755897337293 143.467948497301 16
"1289" 85.749759492726 123.015781421748 16
"1290" 158.844539121851 12.0802798962414 17
"1291" 154.637054381122 18.6107191846425 17
"1292" 156.780893644101 16.0793773354111 17
"1293" 157.561837408287 14.7718368839453 17
"1294" 162.913228753575 108.214408852994 17
"1295" 165.171784002068 110.646389603086 17
"1296" 160.280222602723 113.852590859374 17
"1297" 154.13957228192 98.870516567493 17
"1298" 159.799642002717 109.207731402019 17
"1299" 165.110250448706 102.870776709042 17
"1300" 167.475454031122 107.792582966362 17
"1301" 158.426518939719 117.946729073752 17
"1302" 163.275909326509 106.440895528315 17
"1303" 163.036392647542 116.34878253503 17
"1304" 155.260699454617 94.2397321602828 17
"1305" 154.635961415609 109.245788435174 17
"1306" 163.569038899884 100.707493148821 17
"1307" 160.99258020893 108.198526511063 17
"1308" 160.392625286006 112.168924480387 17
"1309" 161.132621857582 98.4781678466957 17
"1310" 161.068230787177 106.583726366221 17
"1311" 154.89647230824 109.188534292427 17
"1312" 154.871545558763 109.980438113776 17
"1313" 158.176775602994 112.662535498162 17
"1314" 165.65624791861 103.545377909544 17
"1315" 161.193022432681 108.366437220673 17
"1316" 160.088356591024 112.688015451692 17
"1317" 122.357896825891 58.7849771886129 17
"1318" 123.956555223545 42.4013151935774 17
"1319" 123.754637467084 59.0272665778985 17
"1320" 123.250398144175 39.954308392934 17
"1321" 101.023100295003 152.38576353501 17
"1322" 106.730781628658 151.709953396633 17
"1323" 102.767819232791 153.429016186642 17
"1324" 102.664832205515 151.438307913681 17
"1325" 106.184808179149 151.252035801678 17
"1326" 117.840764537087 24.2666345613413 17
"1327" 143.264837039649 1.29877214675547 17
"1328" 127.636057370775 5.50391760581157 17
"1329" 93.6799291036325 3.27577987144767 17
"1330" 124.368943911723 98.2918186707804 17
"1331" 162.575852506742 52.085705719809 17
"1332" 88.6389250740349 23.9537309258049 18
"1333" 86.0080198333199 7.06572029471007 18
"1334" 85.3085386927929 10.9308878092258 18
"1335" 86.3939326865774 9.31132613331118 18
"1336" 82.9878456660499 15.3883750619679 18
"1337" 82.5187265925388 15.5036819534244 18
"1338" 158.207860861484 16.5832909062719 18
"1339" 156.775911587908 16.0520315670508 18
"1340" 154.563630757316 5.16653631611123 18
"1341" 151.05547281176 16.0769340521022 18
"1342" 161.103769752902 106.246551218068 18
"1343" 156.874066329161 98.8148408910534 18
"1344" 163.581415931376 100.70375919028 18
"1345" 164.263939231382 111.65096473921 18
"1346" 165.694885937126 115.840693868103 18
"1347" 157.204360681826 107.490088868073 18
"1348" 160.858959610673 105.90687898097 18
"1349" 161.925962064522 100.022140179344 18
"1350" 161.573207401722 99.0244084905595 18
"1351" 159.230792591566 96.7842277316856 18
"1352" 160.029418569115 108.749955760231 18
"1353" 166.291557244972 105.13585337812 18
"1354" 161.265924281104 98.7344365696069 18
"1355" 165.379744783531 106.483212758148 18
"1356" 123.682646952341 46.4871474629777 18
"1357" 107.586636442621 151.524673195785 18
"1358" 102.905078731107 151.657822490528 18
"1359" 101.710565089269 84.5813464053823 18
"1360" 164.867925096603 49.361989962093 18
"1361" 137.651678204377 95.4444422604764 18
"1362" 156.080661571119 123.385289524504 18
"1363" 85.6371974675037 8.57611988785708 19
"1364" 84.8954503993984 6.56874324591003 19
"1365" 151.748194753247 4.33630833760787 19
"1366" 152.133743808107 11.558139008084 19
"1367" 152.80311027213 14.2973475408662 19
"1368" 159.084803237984 98.4096443729996 19
"1369" 162.428490547581 110.792013125376 19
"1370" 163.911174963042 106.469413121734 19
"1371" 156.974835113474 113.03397794415 19
"1372" 157.035028321984 116.308455409214 19
"1373" 155.542512425432 112.352459583418 19
"1374" 164.700427211345 111.905633647079 19
"1375" 160.314975917296 105.21108458057 19
"1376" 160.867455439567 103.735519572514 19
"1377" 164.464857838868 99.6839196793209 19
"1378" 158.43729875398 109.251678596294 19
"1379" 160.921355519134 108.487317903251 19
"1380" 165.126734704783 107.04284719724 19
"1381" 159.409728985461 96.6137303553045 19
"1382" 153.908593905973 108.685702230776 19
"1383" 159.084458553639 101.854765902255 19
"1384" 123.221307231914 43.3550972219814 19
"1385" 124.01496304886 60.1553491914869 19
"1386" 103.039053842841 153.812237182253 19
"1387" 137.213858673416 8.84480139197644 19
"1388" 102.962846011682 82.4447636356435 19
"1389" 147.891424419307 22.3961601082576 19
"1390" 119.251447648511 6.21801541424576 19
"1391" 89.4709293750111 46.9292563969861 19
"1392" 89.3280180799134 47.0937562799047 19
"1393" 164.363183947717 50.4994635081486 19
"1394" 101.452452377424 84.9535192400149 19
"1395" 102.527391479309 100.904904130273 19
"1396" 163.733561632456 106.479212868234 19
"1397" 86.1216046595722 29.7996460608221 20
"1398" 85.5295343344172 8.84308902178997 20
"1399" 84.4545067850995 23.3617429215819 20
"1400" 83.1836081688001 11.9473365970426 20
"1401" 85.961019534333 7.48847360659047 20
"1402" 157.243396343438 12.3969562953421 20
"1403" 154.931908917753 12.3482834547643 20
"1404" 164.164409948974 106.360295279195 20
"1405" 161.922819183721 105.121809933988 20
"1406" 156.423712609637 104.846615137358 20
"1407" 157.053111256388 104.373863852393 20
"1408" 158.285450021261 97.4325463258214 20
"1409" 159.210214978188 111.325821828734 20
"1410" 159.03573028014 96.5654152430098 20
"1411" 155.783735890483 109.37661455802 20
"1412" 160.250208839703 111.952854566 20
"1413" 122.958995653801 52.6149280846724 20
"1414" 124.346935911244 58.9838990052728 20
"1415" 106.153463353274 149.999465617506 20
"1416" 118.041238454499 24.1036001924903 20
"1417" 132.571945789304 124.678063907197 20
"1418" 121.653866796505 25.3799419476014 20
"1419" 85.8061159211187 23.7569140719517 21
"1420" 88.4236225592363 25.9441947539707 21
"1421" 152.412010844628 19.7329431423454 21
"1422" 152.151599452084 12.1416540157111 21
"1423" 160.57904612318 103.754541988422 21
"1424" 161.148930131331 111.534159396648 21
"1425" 155.501803734324 100.411581343887 21
"1426" 122.905282908555 54.503464516966 21
"1427" 134.27450929492 11.3852958634711 21
"1428" 117.692451019448 -0.016688366261833 21
"1429" 131.961203598772 116.154777438465 21
"1430" 118.779941619771 59.0532034364763 21
"1431" 131.595121537199 26.6282644256217 21
"1432" 150.253168042111 112.88872546464 21
"1433" 84.7646891961607 17.978102613541 22
"1434" 157.460581915395 17.0102192201171 22
"1435" 165.729639446286 101.032069674734 22
"1436" 157.328875598491 109.248392554861 22
"1437" 155.690353731035 100.565376574373 22
"1438" 160.960254697271 102.062245153803 22
"1439" 166.66512003779 110.036372118952 22
"1440" 149.393168126976 35.6370241752801 22
"1441" 117.576368675161 7.05154364636228 22
"1442" 115.78555887171 143.116434186199 22
"1443" 148.858484909679 106.438628704584 22
"1444" 127.509757616525 8.46845407913973 22
"1445" 158.549309397827 118.815867718286 22
"1446" 118.652506352599 22.1420989982347 22
"1447" 151.276657413892 11.9585631148845 23
"1448" 165.639523351452 100.21943822002 23
"1449" 157.614024328585 96.9952124774573 23
"1450" 159.801446815571 94.3504517568932 23
"1451" 167.701747340727 101.041647307515 23
"1452" 124.749611868321 55.4820308911042 23
"1453" 127.185067205911 55.6484092335584 23
"1454" 110.03335342669 101.045052619525 23
"1455" 102.000474540629 81.6752261236648 23
"1456" 127.165358582263 109.817920499427 23
"1457" 101.540559868925 111.132905506623 23
"1458" 89.1703047842914 26.4741786889705 24
"1459" 81.9012291886707 7.3564617590143 24
"1460" 82.0195354913814 19.9877105422338 24
"1461" 88.9236621610548 11.8081071932435 24
"1462" 162.873573586973 107.228670463014 24
"1463" 164.631791542933 111.118345401822 24
"1464" 125.039476706716 46.4247266109662 24
"1465" 121.901756612177 39.3175915233981 24
"1466" 103.613031576714 153.378177367872 24
"1467" 114.348476038073 136.741615821822 24
"1468" 128.624818303511 107.225541442629 24
"1469" 149.247691506618 33.65906980801 24
"1470" 124.476491530109 132.402541109798 24
"1471" 162.363893029282 111.212618646734 24
"1472" 115.81609150966 23.9510893823765 24
"1473" 140.860945880478 135.971672925695 24
"1474" 152.725109177604 32.2753377586871 24
"1475" 130.615528377212 48.7219503889072 24
"1476" 170.780144833388 122.180979156115 24
"1477" 88.4205526232905 7.31228421458981 25
"1478" 167.006982798387 101.183548536831 25
"1479" 151.079516398371 102.814414274569 25
"1480" 153.575770414807 112.378647897731 25
"1481" 166.184813813083 106.922541212774 25
"1482" 103.091347538555 112.009535241544 25
"1483" 130.788690177818 49.5368567312789 25
"1484" 145.874537913087 8.18502339848189 25
"1485" 157.083373290089 95.1530421903622 25
"1486" 162.855245985999 11.2808063028102 25
"1487" 140.12340172667 153.433799423505 25
"1488" 143.598528707581 25.370144520086 25
"1489" 133.076049307307 102.934269960151 25
"1490" 82.4896164480571 9.59487077463306 26
"1491" 152.541186901799 111.034276475458 26
"1492" 157.685094547192 109.548964620065 26
"1493" 169.026530539526 110.30706383096 26
"1494" 156.427978171501 120.109802235246 26
"1495" 136.262034684361 104.067552959957 26
"1496" 150.001142159352 138.372665132229 26
"1497" 121.436504839456 39.5142748806213 26
"1498" 117.657100088071 56.1553412274135 26
"1499" 132.074151104838 11.5544549018386 26
"1500" 158.469276150785 30.6311506727129 26
"1501" 126.239515197409 30.4068345117527 26
"1502" 160.116044951234 94.6445092782967 26
"1503" 149.61650250499 120.661606336175 26
"1504" 130.731400905445 50.1436367502997 26
"1505" 151.527892449186 147.542822404366 26
"1506" 87.9837418498364 30.1912607438846 27
"1507" 157.425443548845 96.2375875007492 27
"1508" 160.25795753807 95.0480328778198 27
"1509" 156.640495794631 97.9748433109694 27
"1510" 167.856230412736 108.439021526443 27
"1511" 160.43356497343 110.606796779632 27
"1512" 108.460828413836 149.953582841242 27
"1513" 85.8046442452631 125.815209917881 27
"1514" 94.6310937626033 84.975130544478 27
"1515" 143.881891448193 24.7363275773319 27
"1516" 153.618914175681 55.4648055285902 27
"1517" 90.6006850686694 1.75158790165594 27
"1518" 161.340906406755 110.468330647359 28
"1519" 160.808943552917 112.906394323901 28
"1520" 163.011406866316 98.8424007671773 28
"1521" 159.198515569743 99.0092061504325 28
"1522" 161.845291806716 104.615571050717 28
"1523" 164.220380565058 99.003361760082 28
"1524" 109.215535984335 150.619416826301 28
"1525" 122.95911593728 96.8322249015678 28
"1526" 164.586934444841 63.6234172709565 28
"1527" 163.148023030547 93.4500750527912 28
"1528" 100.257618469642 147.696198469699 28
"1529" 124.466063811415 26.4879254668433 28
"1530" 127.145775921837 43.9602971670708 28
"1531" 82.8855653774305 25.6218654685424 29
"1532" 160.093497206234 7.08605991323298 29
"1533" 152.628492088368 107.111012086606 29
"1534" 118.17524506626 70.0219704854603 29
"1535" 170.751550428814 97.6268163960412 29
"1536" 138.345670243101 86.9854042505534 29
"1537" 82.5742047978381 19.7549917461925 30
"1538" 151.76846479767 10.135352805756 30
"1539" 166.260515886994 94.0726677790832 30
"1540" 125.408446980229 42.1457551362754 30
"1541" 152.726139707526 112.838293466752 30
"1542" 101.489618458659 95.5628548366694 30
"1543" 154.395190458908 94.7090506088274 30
"1544" 109.887686525984 32.7658426126375 31
"1545" 119.629549631673 39.8796476101016 31
"1546" 108.13131476664 84.0786333393736 31
"1547" 113.757957030648 31.1150837321881 31
"1548" 117.797105104143 78.2867290358614 31
"1549" 125.3263396684 81.0158387461602 31
"1550" 145.841656192152 24.7977158157286 31
"1551" 144.681157873124 84.172715536736 31
"1552" 143.637214868112 6.09938470982255 31
"1553" 87.2560166131434 27.8259445314753 32
"1554" 151.841631982077 10.4488346532857 32
"1555" 165.868370475948 100.383302262269 32
"1556" 122.582825175692 61.6682071460516 32
"1557" 99.7617784188272 152.345963908252 32
"1558" 105.435333697113 142.795493321469 32
"1559" 169.713868981787 110.122719875116 32
"1560" 168.39518465176 111.452011508889 32
"1561" 168.99609005729 124.291245789363 32
"1562" 153.334472730821 21.8430075415486 33
"1563" 162.49972455675 96.812564065066 33
"1564" 155.648177163392 98.7542753938968 33
"1565" 102.757698725612 150.573452703094 33
"1566" 151.100472361555 35.2806014915394 33
"1567" 103.97964676628 41.1566697115321 33
"1568" 125.397610701383 77.6238920837035 33
"1569" 116.223431247614 146.837975168282 33
"1570" 135.268647002369 97.8481832943427 33
"1571" 120.430423018382 27.6107454248651 33
"1572" 88.6797412002157 1.61816444909312 33
"1573" 119.768132311241 107.280853829481 33
"1574" 89.3079838048266 18.598634215474 34
"1575" 151.247301779754 10.812096060333 34
"1576" 159.686003997823 94.9566323560784 34
"1577" 161.576779323936 97.088990970485 34
"1578" 156.678009434024 113.539875942069 34
"1579" 143.251035855796 21.2427518995975 34
"1580" 154.886054144721 57.9934010166583 34
"1581" 113.443302351454 31.6295892992279 34
"1582" 121.009984465345 108.026292992427 34
"1583" 95.036144738349 114.697400301256 34
"1584" 131.531631006198 49.2092211966611 34
"1585" 125.65410034306 113.891709434291 34
"1586" 139.412849963845 34.298483521799 34
"1587" 143.97129789279 65.6977655398696 34
"1588" 162.233844346724 96.4581519502851 35
"1589" 91.2884058458179 28.2422330426505 35
"1590" 95.1129184785194 51.7800123830663 35
"1591" 88.3942125024421 112.608018624601 35
"1592" 94.695205923203 84.0714602028115 35
"1593" 160.08342893304 -0.0127914500020609 35
"1594" 165.064397407357 68.9083596839511 35
"1595" 99.476153335771 64.9382271906195 35
"1596" 142.03089978119 71.0063492472475 35
"1597" 145.411419321306 105.014813200793 35
"1598" 106.543370098165 141.473115749594 35
"1599" 157.051857590556 81.7682775468855 35
"1600" 111.075374606606 149.197911677222 35
"1601" 167.25039586804 4.31313591784336 35
"1602" 87.6446336339432 27.5889178704584 36
"1603" 95.3661076568876 24.7069122940104 36
"1604" 131.608252380712 63.1315264848983 36
"1605" 166.731134698429 5.19492493966752 36
"1606" 112.172450126983 151.665167997621 36
"1607" 133.645177294819 152.185280843114 36
"1608" 123.302009972441 131.308456919261 36
"1609" 88.013149210397 113.918900900124 36
"1610" 93.1985535590135 53.1821326313699 36
"1611" 143.753881291457 -0.648209961644439 36
"1612" 155.871297472204 79.313998249384 36
"1613" 151.371764930691 10.9820107620131 37
"1614" 150.576259326082 106.938770872579 37
"1615" 105.716679153111 151.939529811183 37
"1616" 129.424917373656 87.1548871051714 37
"1617" 154.005485979931 140.777898038978 37
"1618" 95.8638356371987 63.2912097455228 37
"1619" 130.865024921538 22.7572191633198 37
"1620" 154.2544219009 59.1792509340248 37
"1621" 121.244781311859 27.928503516712 37
"1622" 131.614414953501 62.9763634362646 37
"1623" 166.893245801237 17.4753642703906 37
"1624" 153.384320868948 119.416096343833 37
"1625" 157.389301592106 28.1348166423784 37
"1626" 157.092915192998 114.117599080985 38
"1627" 156.444921563937 88.1704778466235 38
"1628" 121.608369893301 105.777642538504 38
"1629" 89.3299931783659 142.995896981104 38
"1630" 160.572917429377 128.059415372709 38
"1631" 140.003633067456 65.0024817877821 38
"1632" 82.9948777549555 89.4137259275713 38
"1633" 109.466782217566 55.0459946685151 38
"1634" 170.057716646447 125.140628777152 38
"1635" 124.803562114517 139.898232960005 38
"1636" 169.786880127809 15.5803339081128 38
"1637" 87.2814998003809 27.3768524634775 39
"1638" 155.662205757033 21.3212848482879 39
"1639" 162.512825017691 91.1322402223804 39
"1640" 96.2197976674493 126.625058328413 39
"1641" 93.7638814446793 112.841365424284 39
"1642" 122.352935805398 63.3628064645343 39
"1643" 92.2092806922401 152.393117833323 39
"1644" 119.62900822271 126.734727107576 39
"1645" 94.8159385795501 115.195820599359 39
"1646" 144.723321153728 34.0891847366428 39
"1647" 145.163058097115 6.31168486143426 39
"1648" 102.210973488424 69.1812535903557 39
"1649" 149.362765234391 26.7856790226626 39
"1650" 113.696188726376 35.0584271829818 39
"1651" 125.845305960236 108.644673887497 39
"1652" 85.3475191738661 92.1328403025861 39
"1653" 158.337870572642 -0.593676929158062 39
"1654" 124.801330095823 121.804102789342 39
"1655" 169.298525341073 112.164875148371 40
"1656" 155.767135906676 95.2222520626335 40
"1657" 115.127917662641 25.2435943274171 40
"1658" 169.963257758418 4.34882564652962 40
"1659" 148.821892282819 144.227142629299 40
"1660" 92.7719039750567 129.599040393224 40
"1661" 170.758900117065 151.882620214543 40
"1662" 155.217054512077 78.6867716606003 40
"1663" 98.702610744745 153.047816049658 40
"1664" 164.76176697674 143.55528496811 40
"1665" 89.339291485017 12.2941917628216 41
"1666" 94.0414155402701 15.0411655884037 41
"1667" 130.284493415376 71.1358111863971 41
"1668" 118.642719413636 88.3048651652647 41
"1669" 136.277886110588 20.4996565770231 41
"1670" 114.464717474126 26.9049222987506 42
"1671" 84.6983902631934 124.376687566805 42
"1672" 145.416201863535 22.4271584009722 42
"1673" 121.055665265519 10.6036486058609 42
"1674" 135.778986159272 5.77450818498389 42
"1675" 167.015760169682 143.745334920886 42
"1676" 126.289895834372 8.92575852377558 42
"1677" 143.424789189874 81.1663913489929 42
"1678" 107.329202940399 36.1179945399328 42
"1679" 101.778147386783 121.324969814711 42
"1680" 117.682871754467 71.4494121318641 43
"1681" 156.17587973836 82.3016206765586 43
"1682" 117.715415756166 71.392151539638 43
"1683" 125.357767949931 68.9706920373681 43
"1684" 105.370081953653 56.375703024338 43
"1685" 122.81069651555 139.210790161334 43
"1686" 128.842776827904 130.760547546727 43
"1687" 141.722210304174 119.202395636387 43
"1688" 102.920820530637 49.4318495629071 43
"1689" 125.862162811289 4.20575046209928 44
"1690" 136.895025366646 4.84895970097601 44
"1691" 141.36198231403 119.17049128645 44
"1692" 150.673497162178 14.1395015551277 45
"1693" 127.852000675687 87.8020438475701 45
"1694" 102.317497624309 42.394982844377 45
"1695" 100.699852556104 63.9640287452327 45
"1696" 165.052469059391 44.4558096905702 45
"1697" 84.6922466263301 72.7236457955221 45
"1698" 166.419084694376 18.7558158704445 45
"1699" 108.440452622387 36.1275681702671 46
"1700" 167.996308394357 143.35958191587 46
"1701" 124.337123031044 112.107987730617 46
"1702" 86.7349156164149 137.464599909326 46
"1703" 136.749475080397 131.870469774948 46
"1704" 153.564669667357 32.7861053206311 47
"1705" 115.013549469468 70.0688338968345 47
"1706" 123.623386284069 139.066989495626 47
"1707" 149.034925538656 136.355110796172 47
"1708" 112.509087530927 62.4267525840967 47
"1709" 132.654899988574 -0.455072922098977 48
"1710" 109.950549429583 104.775914981683 48
"1711" 119.226008945949 122.418214025605 48
"1712" 120.031323771176 89.2474864711135 48
"1713" 137.774818336621 70.1095319450132 48
"1714" 112.83521547467 128.162363845327 49
"1715" 120.49332899907 89.0624993608608 49
"1716" 158.533965450126 125.992632120127 49
"1717" 136.142442767594 55.5318409447442 49
"1718" 141.341578511323 133.913691134567 49
"1719" 128.516086782773 91.7333999226333 49
"1720" 87.5004333591866 137.261287608495 49
"1721" 170.014925031556 4.9866897146873 49
"1722" 112.048879438056 15.2402927952875 49
"1723" 138.608760425822 99.5808032695519 49
"1724" 104.939964996056 27.1272283291728 50
"1725" 171.109191565864 147.59199752002 50
"1726" 96.2937714610991 122.423099289145 50
