"V1" "V2" "V3" "V4" "V5"
"1" 79.7111797937547 87.5236017196607 2 1 5
"2" 79.0967359719437 89.0299617560067 2 2 5
"3" 71.0671555604266 91.0671141384431 0 3 0
"4" 80.1160863561277 89.0633148730633 2 4 21
"5" 83.5801864467825 89.3893756413004 2 5 5
"6" 81.2931279799486 96.5811723826586 2 6 4
"7" 87.6527005430682 90.8842824121472 2 7 9
"8" 80.4379503866785 90.5154932073003 0 8 0
"9" 78.8419653435984 89.7347994061603 2 9 11
"10" 84.9728494974623 91.758262167033 2 10 5
"11" 78.3333216085707 92.6419735116053 2 11 2
"12" 77.4606929117232 92.8440931174431 2 12 11
"13" 83.4685578564775 93.7233383825931 2 13 6
"14" 82.5453924611728 93.8109581271197 2 14 7
"15" 88.170294517027 90.8572434297958 2 15 5
"16" 78.8058006012974 87.3572010025731 2 16 7
"17" 82.0167950021784 90.0640816984807 2 17 2
"18" 85.1817629228802 95.1842344522692 0 18 0
"19" 87.8507802575322 92.5575099138853 0 19 0
"20" 80.0603213267396 94.2018971714663 2 20 5
"21" 88.2047963325003 90.5438068994516 2 21 7
"22" 86.1243704054352 94.1837451323272 2 22 4
"23" 84.6029795593305 90.4956638024244 2 23 6
"24" 82.2739889031849 97.6885565224859 2 24 15
"25" 90.2632900910437 94.2206564191076 2 25 18
"26" 84.3151358380764 91.2269266624833 2 26 7
"27" 78.83856611598 90.8962832854358 2 27 4
"28" 77.5929501089298 93.1997955717215 2 28 9
"29" 83.2713788588309 93.3762902304972 2 29 8
"30" 74.6702913218526 93.425950253219 0 30 0
"31" 80.7179162565933 86.8576203118643 2 31 6
"32" 77.642936382933 92.2213973460577 2 32 9
"33" 84.4341587751414 90.9736352493482 2 33 6
"34" 80.8850696026757 92.373662934415 2 34 14
"35" 81.4812360608097 91.2316107405649 0 35 0
"36" 79.1162605052786 90.3375201740163 2 36 3
"37" 82.282871529262 92.3019257124266 2 37 18
"38" 78.0814284403266 89.5618331222063 2 38 5
"39" 83.8923549742095 89.9832181986023 2 39 4
"40" 74.9079319046658 86.5506765286319 2 40 5
"41" 82.4754700645115 87.9556695064594 2 41 15
"42" 77.4701169227406 84.1025079377648 0 42 0
"43" 81.9197185195254 96.5720355885399 2 43 8
"44" 84.0713753758343 92.1511253568232 2 44 8
"45" 87.0376235787719 91.5085602334326 2 45 7
"46" 84.7676078383464 92.6434574979638 0 46 0
"47" 79.8500008062715 96.269132142163 2 47 3
"48" 78.978067996075 87.7945337775479 2 48 16
"49" 80.3315428544487 93.6096696603959 2 49 3
"50" 79.1422849640603 93.6215232052571 2 50 6
"51" 80.5969209281695 91.0323577664651 2 51 5
"52" 84.3347548162127 88.7020305545666 2 52 8
"53" 77.0507173222985 88.6464741839569 2 53 7
"54" 76.9558990207736 89.2353068911665 2 54 8
"55" 90.3776226195705 91.8320221268952 0 55 0
"56" 87.0200106141559 88.3546171536529 2 56 7
"57" 75.3427600424747 94.1061275026946 0 57 0
"58" 77.113634252143 87.6799582844505 2 58 6
"59" 77.1080895381738 91.5951718401804 2 59 3
"60" 84.1290559141281 89.7756356475488 2 60 5
"61" 72.1547788783526 94.3315728988987 2 61 28
"62" 72.4752119469677 95.0101702925627 0 62 0
"63" 84.0581574380992 90.0583869382899 2 63 5
"64" 81.9505538708103 89.8288724169007 2 64 3
"65" 78.0863734099398 86.4074546837254 2 65 7
"66" 82.5007317394643 94.1075861084271 2 66 9
"67" 77.2053442940357 89.3222311333255 0 67 0
"68" 80.5955108810134 91.7532958009263 2 68 16
"69" 91.1074225805421 89.2301755566526 2 69 23
"70" 84.040299286352 89.8475071954374 2 70 4
"71" 79.9417701267137 90.8608435877587 2 71 6
"72" 75.9940161152386 88.0981492558405 0 72 0
"73" 91.5856821632184 89.9900635159822 0 73 0
"74" 87.6683276004696 89.398428106886 2 74 29
"75" 78.0609834561103 90.4306407739285 2 75 5
"76" 86.498483645596 91.411972171738 2 76 9
"77" 72.9535386784857 91.5914829000826 2 77 9
"78" 80.2437986410333 92.8466809746006 2 78 15
"79" 79.2754142797912 87.2995189626407 0 79 0
"80" 78.8307592737205 87.3278096205868 2 80 6
"81" 86.1943090579798 91.3512155616478 2 81 4
"82" 79.4992151766351 88.1928476140132 2 82 7
"83" 86.7941670312655 89.1917272768051 2 83 12
"84" 89.0423539948995 93.8359968502629 2 84 12
"85" 77.3540622951676 86.389730355597 2 85 16
"86" 80.0189680308567 90.3944205783049 2 86 5
"87" 76.3202629578786 94.9715500945243 0 87 0
"88" 81.1411677422398 91.3808517318177 2 88 6
"89" 78.296197552025 93.1310637289841 2 89 5
"90" 86.9557398992493 91.8915684477273 2 90 4
"91" 82.5459130529313 92.2967281357999 2 91 20
"92" 87.6316694938233 89.882950353763 2 92 13
"93" 85.3687078207087 97.3958047825549 0 93 0
"94" 77.1074952621971 91.7171362260373 2 94 3
"95" 81.3608768325772 89.9114461937104 2 95 6
"96" 84.2413211842414 96.0334202586981 2 96 8
"97" 82.6165606264522 97.1362851615909 0 97 0
"98" 80.9818302572344 91.6125069928569 2 98 17
"99" 80.8257094226807 92.3974399137749 2 99 15
"100" 73.7126577148849 88.0709386522533 2 100 24
"101" 80.8470811962643 91.9113768181869 2 101 16
"102" 90.1381550215445 89.9436241860236 0 102 0
"103" 80.6905020541854 88.5172946588055 2 103 18
"104" 82.5415946528889 93.2034402783885 2 104 4
"105" 87.2365576629704 86.3041805719254 2 105 21
"106" 80.0543706749104 89.1302049255195 2 106 20
"107" 85.6922742708289 91.8451538835603 0 107 0
"108" 76.3814109318799 89.455652809198 2 108 4
"109" 78.7700396263892 85.4834809607882 2 109 9
"110" 79.9950154156646 89.7849032843617 2 110 15
"111" 92.8614564016426 93.7293117752311 0 111 0
"112" 78.8088733937138 93.6890293563328 2 112 3
"113" 79.6474854056296 89.3720419517813 2 113 4
"114" 76.5097081213409 95.8338453555052 2 114 2
"115" 82.4625439510184 88.6927412491808 0 115 0
"116" 74.1464488814637 88.1936926110362 2 116 7
"117" 79.5943820692253 94.2337522853539 2 117 7
"118" 80.6025337481464 90.2385408680242 2 118 4
"119" 83.4796651132161 91.8782812906646 2 119 19
"120" 90.3185004872695 94.1056242567329 2 120 19
"121" 79.2760399165734 91.1872281609644 2 121 3
"122" 81.0575041124793 83.0707431968439 0 122 0
"123" 78.259908191734 89.1720863295175 2 123 14
"124" 85.5784598828123 84.9841599356802 0 124 0
"125" 82.6226142815255 93.5831517934931 2 125 5
"126" 84.7290591360839 94.0255361824726 2 126 6
"127" 83.1512163948465 95.3474481123714 2 127 3
"128" 87.9508071658198 86.3841388972614 0 128 0
"129" 81.973637011044 95.0595310608479 2 129 5
"130" 86.2274892922727 90.1735067777701 0 130 0
"131" 77.1469382605569 96.0140662025682 0 131 0
"132" 87.3403020904804 92.3644893824791 2 132 5
"133" 87.0658563157047 89.5608821182831 2 133 13
"134" 84.0301425269279 88.5811044434055 2 134 6
"135" 79.4548391399937 94.6191152520373 2 135 6
"136" 77.7810386762429 85.2224554119669 0 136 0
"137" 81.4021132811891 88.731939884841 2 137 2
"138" 86.1984115310822 83.9813276022739 0 138 0
"139" 86.0400368134136 92.6070402663715 2 139 19
"140" 75.0542295573173 91.4274382805143 0 140 0
"141" 88.7982725722619 88.8378441929087 2 141 14
"142" 82.0055903061639 92.9447815593403 2 142 6
"143" 84.3924618883538 89.5072490573589 2 143 6
"144" 79.9927616455285 89.6300149872868 2 144 5
"145" 86.6802335485461 95.5357434913089 0 145 0
"146" 85.6457728416874 94.7279274619797 2 146 10
"147" 83.753686096181 93.3456756865967 2 147 5
"148" 78.2922555153016 93.9012274899618 2 148 14
"149" 78.4048663317227 85.8396661743898 0 149 0
"150" 87.5160754750402 96.166981506719 2 150 5
"151" 87.3479559773778 90.9128277358382 2 151 11
"152" 83.2745836339088 88.2916384925564 2 152 16
"153" 82.867375792224 87.3977114390629 2 153 3
"154" 77.7861563079673 94.4121433315319 2 154 5
"155" 87.6831173256751 91.8158448020319 2 155 4
"156" 80.1515125659974 88.3565638247078 2 156 9
"157" 83.6040055296105 92.1230541358813 2 157 7
"158" 83.089900745811 93.276643722481 2 158 5
"159" 81.3836256622987 98.2727277837662 2 159 9
"160" 82.3534018386627 89.4670380001123 2 160 3
"161" 79.9378416684644 91.435429376241 2 161 18
"162" 82.2075171493245 92.5930976542517 2 162 4
"163" 79.7066052784866 93.4831360734896 2 163 8
"164" 85.9142670559346 93.8329683811921 2 164 9
"165" 82.1528362261817 89.4726642082223 2 165 2
"166" 78.1357362034126 93.4058666284802 2 166 9
"167" 80.9806022735242 89.1479458266083 2 167 3
"168" 83.9559754981468 90.1271412626595 2 168 5
"169" 87.1391183287108 90.9478379824773 2 169 10
"170" 78.2768006867218 90.834180391016 2 170 6
"171" 85.561788092509 91.1442913058748 2 171 5
"172" 70.5721377232992 89.7132245693736 2 172 11
"173" 81.5600303447915 86.7943670570941 2 173 17
"174" 77.8312901209866 86.262799563275 2 174 8
"175" 88.3910553981549 85.9859744452602 0 175 0
"176" 80.6312237050568 92.6662310093687 2 176 4
"177" 86.3174424330669 88.003341653706 2 177 6
"178" 83.1082567558385 95.0780590990357 2 178 4
"179" 84.5437378851486 90.7082814631626 2 179 6
"180" 79.5264980267724 88.9477559784567 2 180 6
"181" 79.976917982349 92.4350169664629 2 181 5
"182" 87.8795136255544 92.4343116899947 0 182 0
"183" 80.0408100425276 90.8942565391022 2 183 5
"184" 81.6384686466709 90.4382581712553 2 184 5
"185" 80.6163065085562 92.8205000889584 2 185 5
"186" 79.563637923831 89.1037812495458 2 186 7
"187" 78.6451380534338 93.8519585572524 2 187 8
"188" 83.7413682051425 93.0737827742458 2 188 4
"189" 82.3680190499662 91.6743569499771 2 189 5
"190" 77.5337108806777 85.8335628289612 2 190 11
"191" 76.0836893055494 91.0157585748037 2 191 16
"192" 86.3128502422828 93.2602694750519 2 192 5
"193" 75.4955732576136 88.6365884192718 2 193 3
"194" 83.3372219742897 97.0638084321034 2 194 6
"195" 75.7065704620047 91.463912914839 2 195 11
"196" 79.7602356546188 90.5840044264766 2 196 6
"197" 83.6596245559404 87.1807952969615 2 197 2
"198" 75.4563193301688 91.9081388774449 0 198 0
"199" 84.9123120750982 99.1728316214694 0 199 0
"200" 80.5327409228765 92.2171170692468 2 200 6
"201" 78.8055155987301 89.4697951070339 2 201 11
"202" 77.1527019478932 94.9692804075463 2 202 3
"203" 72.7066198526193 90.2562787988145 2 203 8
"204" 83.4554932819847 89.864474470779 0 204 0
"205" 87.1136451770438 94.4124156555896 2 205 7
"206" 82.3790832050318 97.7673250087282 2 206 16
"207" 83.3411388109778 94.4739152210856 2 207 5
"208" 83.807043280628 89.2254546745568 2 208 5
"209" 79.8602561282186 94.3409513912412 2 209 6
"210" 77.4290067588613 91.9217397673419 2 210 10
"211" 85.9076805074368 87.3934648367935 0 211 0
"212" 81.5477567323498 95.8738525678273 2 212 8
"213" 80.5671558972606 91.2066821001571 2 213 7
"214" 88.3410398547591 90.6855866378265 2 214 6
"215" 84.5873024777955 91.1800873670843 2 215 7
"216" 83.4418358825937 85.7301589084678 2 216 6
"217" 84.5193432366846 92.110109135174 2 217 5
"218" 82.794376842276 89.9944639350767 2 218 2
"219" 79.8913246439475 90.5453747244648 2 219 6
"220" 86.9691108203647 90.5114312910973 2 220 8
"221" 79.6990641172713 94.4126705403258 2 221 7
"222" 76.8675559887836 85.1176667474097 2 222 15
"223" 75.2773707756483 89.7448539208688 2 223 6
"224" 86.4277733528241 89.4937344299888 2 224 13
"225" 73.0955210129534 92.0297783771441 0 225 0
"226" 83.1862208122483 90.7288061010883 2 226 3
"227" 78.3898355357862 92.6142336408745 2 227 3
"228" 81.525657217172 96.9303227468109 2 228 5
"229" 84.0959471406071 87.4675084115603 2 229 15
"230" 83.0345856883669 94.9746718233415 2 230 5
"231" 89.009127567242 88.2093964043112 2 231 15
"232" 82.5531466273425 93.6989248993239 2 232 6
"233" 79.4344182748844 91.0385567712314 2 233 3
"234" 94.0142398296907 93.5786237611228 0 234 0
"235" 82.6249682443261 90.5110187348456 2 235 2
"236" 84.9475837170489 95.8178387348497 0 236 0
"237" 83.0438178220291 88.8949330942315 0 237 0
"238" 85.0078343230956 92.2030155384876 2 238 5
"239" 85.7794718323157 90.2967937016099 0 239 0
"240" 86.2237352584178 91.6816542402225 2 240 4
"241" 86.5011108363373 93.2594898093454 2 241 4
"242" 78.546484076168 90.3509816654527 2 242 16
"243" 79.2288932211523 91.2089720892384 2 243 3
"244" 79.8011559299891 92.4822493229052 2 244 8
"245" 81.2451325078788 93.0748898826512 2 245 4
"246" 77.6868084535054 87.8407638931621 2 246 7
"247" 75.5235403375512 89.5224836159625 2 247 5
"248" 83.5428329503001 92.0772063686585 2 248 8
"249" 78.2969962345912 87.2589181822209 2 249 9
"250" 80.7775472178452 96.2817367689639 0 250 0
"251" 85.4290732160745 86.6536846859592 2 251 11
"252" 77.7577136445064 93.3749737746515 2 252 7
"253" 74.1207079589107 94.2774791390286 0 253 0
"254" 85.0601328000983 89.4366666781516 0 254 0
"255" 85.0597604453146 91.9292912485978 2 255 4
"256" 85.7058924276928 93.7941504025466 2 256 10
"257" 80.7057365270952 93.6412779704484 2 257 6
"258" 89.0419810049503 86.5616542391499 0 258 0
"259" 87.2399141432313 97.0442468400942 2 259 7
"260" 77.2822300070517 90.4193614136549 2 260 5
"261" 74.7512614704557 87.5385428724568 2 261 9
"262" 83.7768286412135 92.1663453612581 2 262 6
"263" 75.9643970577548 94.5652686861142 2 263 4
"264" 71.5561796273176 89.2403981999877 2 264 12
"265" 81.1213913287447 89.9593527268391 2 265 6
"266" 86.179986606496 92.7624960647003 0 266 0
"267" 82.8649330324779 90.8165323420331 2 267 4
"268" 74.467699952722 91.1293733647029 2 268 11
"269" 83.1130670807698 89.9728856442212 2 269 5
"270" 94.8046416766458 89.7756616673004 0 270 0
"271" 75.8133671690935 92.13351212541 2 271 10
"272" 84.4021493143001 94.0139268855722 2 272 4
"273" 80.9400016112471 93.2363640564946 0 273 0
"274" 83.4067684285548 89.1956274548674 2 274 4
"275" 76.1634284295514 89.0510565001393 2 275 4
"276" 81.9597166378509 90.7007250754505 2 276 4
"277" 84.4779395444281 93.3155649306975 2 277 4
"278" 90.890640259259 92.7093577418857 0 278 0
"279" 76.5863322749194 92.1078666175193 2 279 13
"280" 82.1301712107013 89.6017475135323 2 280 3
"281" 80.3931116515846 90.112821567176 2 281 3
"282" 82.7762159365636 91.5197589717711 2 282 4
"283" 76.3908630052499 91.0402542758956 2 283 16
"284" 81.8993051985785 86.2965786558429 0 284 0
"285" 80.7227591404485 90.7416242042953 2 285 4
"286" 80.9601793210051 95.5822532307863 2 286 6
"287" 81.132042845734 95.4134124914518 2 287 6
"288" 77.924767521723 90.6191111124148 2 288 7
"289" 83.7047036315821 90.560692893254 2 289 7
"290" 78.5374178293414 90.8002104733046 2 290 6
"291" 84.0448459519502 91.165872765485 2 291 4
"292" 82.0960812434003 95.1215168918522 2 292 6
"293" 81.575977261871 94.8445758179146 0 293 0
"294" 79.0432972322215 88.9319389769189 2 294 4
"295" 84.5787539009999 86.3009831974747 2 295 21
"296" 80.2756907245344 92.4759643546357 2 296 7
"297" 82.2779621487014 89.5187232420665 2 297 2
"298" 77.6295829973542 90.6443519863914 2 298 7
"299" 87.6932358788366 90.993602055244 2 299 8
"300" 82.147880226013 95.664759694164 2 300 7
"301" 81.7585743895659 95.6467253404474 2 301 6
"302" 78.6343404407531 94.4783752160237 0 302 0
"303" 70.1313166915132 91.2873072897846 2 303 10
"304" 80.9939917786424 91.0810366856641 2 304 4
"305" 81.8397289615186 98.7517647843676 0 305 0
"306" 83.7973661832125 94.6630000210342 2 306 3
"307" 86.1864882147601 90.1334366087193 0 307 0
"308" 86.6684175077164 92.1457870573039 2 308 5
"309" 83.6795125665526 89.4818637629601 2 309 6
"310" 71.5397701751002 90.9688539699364 0 310 0
"311" 76.6135657833647 88.0040877407266 2 311 5
"312" 81.8200102343808 90.2166251821279 2 312 3
"313" 79.434482064424 97.4812115327225 2 313 16
"314" 88.1656657749336 92.0926351387154 2 314 7
"315" 85.3437479784215 91.8786417539479 2 315 5
"316" 81.6124640275968 86.760457373574 2 316 16
"317" 81.6408003100134 86.2265569339319 2 317 21
"318" 78.9541055786573 93.4546156077019 2 318 5
"319" 84.0229666686331 93.9520159272114 2 319 12
"320" 73.6331685603937 88.6355332232248 2 320 8
"321" 80.7318541471658 89.5194482544062 2 321 4
"322" 79.4815437765065 94.9405938102984 2 322 2
"323" 78.6120864500931 92.4903735691215 2 323 1
"324" 77.1316128288515 89.6768903595199 0 324 0
"325" 82.9381465668925 89.1493609823963 2 325 6
"326" 82.2569799571586 88.3224620841755 2 326 8
"327" 81.855876027058 90.3882152810579 2 327 4
"328" 78.0222630933812 90.1311058262221 2 328 4
"329" 84.7603908330623 94.6600222970812 2 329 5
"330" 85.5653713095909 91.0006600663103 2 330 6
"331" 77.3809902975634 91.9455762786013 2 331 10
"332" 74.7730994363907 93.5493611755624 0 332 0
"333" 87.4796500984688 86.8876630885126 0 333 0
"334" 77.1116296573975 90.0434907182659 2 334 7
"335" 81.5086320958711 88.0864544324116 2 335 3
"336" 81.794952911683 91.8218789729515 2 336 4
"337" 75.603278711265 87.3223479873031 2 337 4
"338" 77.600460178756 95.6961416098998 2 338 8
"339" 78.0108767219091 95.6803300829589 0 339 0
"340" 78.9869511894111 89.7627184479171 2 340 10
"341" 79.095087087842 91.0414207642483 2 341 4
"342" 83.1969638177577 87.116521760356 0 342 0
"343" 82.5359392343231 94.0776776139954 2 343 8
"344" 87.2904780271023 93.385929921501 0 344 0
"345" 81.8763102474255 84.6327029363642 0 345 0
"346" 81.2438123235206 95.5967155970968 2 346 16
"347" 77.5506598220183 90.2445891318863 2 347 7
"348" 80.2244959431852 93.8049078293322 2 348 4
"349" 84.7341999894112 90.7109224021483 2 349 5
"350" 82.3476421818167 94.0433730458202 2 350 7
"351" 81.3762875754778 89.1188002760611 2 351 6
"352" 76.4523827455863 90.0182988897138 2 352 13
"353" 79.4550565484873 90.8938565560067 2 353 4
"354" 82.6568549867562 98.0736837246923 2 354 17
"355" 79.6429107121142 89.8522595680385 2 355 17
"356" 86.2305442685746 94.5337652934156 2 356 5
"357" 85.4782619154052 94.7141080165051 0 357 0
"358" 79.7833733575816 90.7227918463215 2 358 7
"359" 82.205405310527 89.3266168850108 2 359 1
"360" 90.0241533318867 87.3935321613492 0 360 0
"361" 86.2691696502534 91.4492415224835 2 361 3
"362" 83.8378631391238 93.1323947567801 2 362 5
"363" 77.5088797305739 87.3292231591556 2 363 10
"364" 86.9840264117828 93.4219164815962 0 364 0
"365" 82.6589894642569 87.0353261474547 0 365 0
"366" 76.8474804441141 94.7189576020309 2 366 4
"367" 81.1478136027948 91.545303726106 2 367 7
"368" 78.1640087666114 90.3234847531447 2 368 6
"369" 86.0298880156191 91.5759705882031 2 369 5
"370" 87.3044820179862 88.4115011845972 2 370 7
"371" 81.0274485979189 95.3464918906246 2 371 5
"372" 73.776575558553 86.7118797269079 2 372 3
"373" 73.6249121532299 89.8554273135504 2 373 10
"374" 83.8364117419723 91.1334250521087 2 374 25
"375" 74.9742510790577 87.5468324389046 2 375 8
"376" 79.5536031055066 94.1214887159549 2 376 8
"377" 86.2904013928105 88.4733454844587 2 377 5
"378" 80.2112815973723 92.1571302822632 2 378 4
"379" 87.4671516019973 87.4015935180768 2 379 9
"380" 74.6148975303355 91.9438675084938 2 380 11
"381" 73.4869204091001 92.4930700956404 2 381 19
"382" 78.5422421940045 98.4405688984177 0 382 0
"383" 75.8481416877523 93.9254909892016 2 383 8
"384" 75.3705196540565 91.6161347667039 0 384 0
"385" 90.9085307411676 92.6461141776819 0 385 0
"386" 89.430088583834 88.4742658492374 0 386 0
"387" 75.3302635944501 94.6997982353422 0 387 0
"388" 82.7888162818703 92.5466914038787 2 388 21
"389" 82.8059460419665 92.4931714792175 2 389 22
"390" 76.2704851790587 91.2724482500911 2 390 14
"391" 78.5881896087762 97.9048518991089 2 391 16
"392" 77.3785137271812 90.5195493436896 2 392 6
"393" 83.3743057167313 93.6995794636172 2 393 5
"394" 80.5901910507887 91.0744043308334 2 394 6
"395" 78.8690146395061 91.398808049376 2 395 2
"396" 81.9726815995655 90.4877288650138 2 396 3
"397" 84.6511241627493 90.6445854137505 2 397 5
"398" 80.0247299042512 82.9770424831574 0 398 0
"399" 84.1507260711787 95.7703214495885 2 399 9
"400" 81.1817707227867 89.8479512067582 2 400 5
"401" 84.4826835326908 90.1130211168029 2 401 11
"402" 75.0991395315389 90.1361525112578 2 402 8
"403" 81.9249261480645 92.1210310753794 2 403 3
"404" 93.3625782158934 90.5126655273459 0 404 0
"405" 82.1873791003391 94.2095662159618 2 405 7
"406" 75.6460452081801 91.8221641367888 2 406 10
"407" 78.6051790903232 93.7089156408781 2 407 6
"408" 83.6147295216865 88.8572281549201 2 408 5
"409" 87.0464389731422 44.1423544711063 2 409 6
"410" 85.9720953661354 46.1646183653416 2 410 4
"411" 87.2438967996418 50.1129657234871 2 411 4
"412" 86.1999197322394 49.8098414219222 2 412 4
"413" 86.4805169940751 53.4378708689308 0 413 0
"414" 88.700832580398 51.319319148331 2 414 3
"415" 87.0450162878221 49.7504952386193 2 415 4
"416" 86.3974978748856 43.8848798577543 2 416 5
"417" 87.0109556500123 47.4924114899094 2 417 3
"418" 86.1271793214547 48.0123910575026 2 418 3
"419" 87.043645037429 54.5333592905508 2 419 6
"420" 87.5051476054098 51.3227086939322 2 420 7
"421" 87.6250976993993 47.7314137278726 2 421 6
"422" 87.6159204417805 44.182484795181 0 422 0
"423" 87.6831013501056 45.2419164077915 2 423 4
"424" 87.2962736811409 48.8616590526358 2 424 6
"425" 87.1175086560234 47.9466443800982 0 425 0
"426" 87.5184381349769 49.2560527568119 2 426 6
"427" 86.2267233796652 47.3166520800105 2 427 2
"428" 85.6320716521277 50.4722863213676 2 428 8
"429" 87.5815463309061 46.7946264188275 2 429 5
"430" 84.9616444916857 46.121581376411 2 430 5
"431" 85.4774376719554 45.9937057979346 2 431 8
"432" 85.9637870744441 45.9568754396238 2 432 4
"433" 88.2921534768788 50.6920482064623 0 433 0
"434" 86.9813797978248 46.9559583754368 2 434 8
"435" 86.3368942160271 44.4669346647257 2 435 2
"436" 86.0473992113366 49.2569766953792 2 436 2
"437" 87.4295729665958 52.4271302992182 2 437 4
"438" 87.545754997704 48.873865776127 0 438 0
"439" 86.7147358579992 48.435351249405 2 439 3
"440" 86.9584088764889 43.2811522586969 2 440 9
"441" 85.7533239211475 48.9681855519519 2 441 4
"442" 86.5564234012507 43.4813860256857 2 442 3
"443" 87.0038950211683 50.1019468218166 2 443 8
"444" 87.2385831737721 52.0658384409038 2 444 3
"445" 86.9921036801416 44.9998391269395 2 445 3
"446" 87.8533964553898 44.3383564113362 2 446 3
"447" 85.766290323665 51.185109144296 2 447 7
"448" 86.3636309139548 51.3086881593642 2 448 5
"449" 85.8668247101062 49.543185555677 2 449 7
"450" 88.3506811545468 51.5611815044591 2 450 6
"451" 85.8127178230372 54.514293003111 2 451 7
"452" 86.3444537525276 44.8983803874949 2 452 3
"453" 86.6601438315604 48.4969119013475 2 453 4
"454" 86.7400571307188 47.8809976724848 2 454 2
"455" 86.695175163115 49.721744863997 2 455 7
"456" 87.2349383943651 47.1081906597331 2 456 6
"457" 85.8163103190496 45.7678265707392 2 457 6
"458" 86.5901910098954 50.5723991494255 2 458 7
"459" 86.7630355191194 56.9058354860346 2 459 18
"460" 86.5296601316669 51.185203088049 2 460 4
"461" 85.448850778317 42.4944736462265 2 461 9
"462" 85.9726491700195 48.9894644593651 2 462 3
"463" 86.2311327426933 47.4622567427527 2 463 1
"464" 84.4704089099728 43.5373516281192 2 464 3
"465" 85.0009981270844 51.4100038699372 2 465 3
"466" 87.0796499174943 52.2279832588512 2 466 4
"467" 86.3990512972664 50.5849040727548 2 467 7
"468" 86.2141454792546 49.5527576863014 2 468 3
"469" 85.8853433036429 49.7050918093829 2 469 3
"470" 86.3390178109685 43.8858420495953 2 470 6
"471" 88.4220350664858 55.5662623865413 2 471 17
"472" 86.5151688205583 51.796508292203 0 472 0
"473" 86.0887415138309 50.6556886597692 2 473 6
"474" 86.7181017307184 57.6765983642475 2 474 16
"475" 86.9277568861606 51.0969148807439 2 475 5
"476" 87.931589453036 51.8984737760503 2 476 2
"477" 86.2554927786201 45.7618260001983 2 477 5
"478" 86.7628962149046 49.5697913239622 2 478 3
"479" 86.4704499981479 48.4091516018758 2 479 4
"480" 87.8708030094708 49.6970489259843 2 480 13
"481" 87.1260036374813 48.996740659578 2 481 6
"482" 85.1873064630467 45.3577176282288 2 482 4
"483" 85.8275755333024 47.138673833195 2 483 4
"484" 85.8635542539729 53.6231302733045 2 484 10
"485" 87.2633516796855 48.7179336190617 2 485 7
"486" 85.5648277757227 46.9689739482309 2 486 2
"487" 86.5710773325253 51.4778807626374 2 487 8
"488" 85.2920794131244 48.3731410812341 2 488 4
"489" 87.1223896556739 54.1755374711287 2 489 8
"490" 86.2882862946134 51.4450196047024 2 490 6
"491" 85.8936121933145 43.0015428529849 2 491 5
"492" 86.8061611074535 42.7954977992352 2 492 4
"493" 86.0830589317525 48.1506795336936 2 493 4
"494" 85.511005459057 48.5163433055589 2 494 5
"495" 86.8664851148342 47.1941498932623 2 495 5
"496" 86.2586952011903 40.0934204963544 0 496 0
"497" 87.3791579167607 51.7985478621513 2 497 4
"498" 85.0985140770898 46.1089940008202 2 498 6
"499" 86.0550666513535 46.9346124165394 2 499 2
"500" 86.2791997568104 45.2408222046171 2 500 4
"501" 86.5139798550951 51.1275984523434 2 501 5
"502" 86.1508329952592 52.377904817169 2 502 7
"503" 86.1859280148947 55.0892118917377 2 503 7
"504" 86.6536348741948 49.9167660859739 2 504 6
"505" 88.7250985948186 42.1440204173844 0 505 0
"506" 86.0867871283139 48.836659957801 2 506 4
"507" 86.633978949424 50.453786255524 2 507 8
"508" 87.5727414283824 48.4134393623093 2 508 5
"509" 86.4338540834414 48.6005349243058 2 509 3
"510" 86.8158040569507 45.5793404029931 0 510 0
"511" 87.3799398328021 47.6581728968563 0 511 0
"512" 87.0038568043771 44.4457936622758 2 512 3
"513" 85.8859416863021 48.0785782354421 0 513 0
"514" 88.2249288644745 49.7377210935702 0 514 0
"515" 87.6669971441299 51.8211394233892 2 515 4
"516" 86.1735624716679 43.4236798126192 2 516 5
"517" 86.9870522861737 43.3791445231598 2 517 8
"518" 86.6963821393312 51.0978379177092 2 518 6
"519" 87.1352895557077 52.8689109545654 0 519 0
"520" 85.1273810339263 43.0238096580012 2 520 6
"521" 88.1595644599041 43.743451081091 2 521 5
"522" 86.052647021068 48.4564490008176 2 522 2
"523" 87.7460238892639 50.4723160368749 2 523 13
"524" 87.6461160951167 44.7478890486324 2 524 6
"525" 85.857977607644 54.948654653345 2 525 6
"526" 86.141403065014 46.6757028188877 2 526 3
"527" 88.2890508230717 45.1268487129208 2 527 5
"528" 86.0728185823234 46.2027040941333 2 528 4
"529" 86.781242076447 44.3635220959819 2 529 5
"530" 85.7722400990651 51.6849598176684 2 530 4
"531" 85.8880227107594 47.9253894664297 2 531 4
"532" 87.0764058232185 43.7397769914053 2 532 6
"533" 86.1150247125244 44.9993044988525 2 533 5
"534" 87.1436153985744 45.8603778848102 0 534 0
"535" 85.8832438779609 51.5132154221705 2 535 5
"536" 87.2472929051364 50.4191833733123 2 536 4
"537" 86.4451650438578 48.9764642534814 2 537 2
"538" 86.3326630767382 49.4607531524927 2 538 3
"539" 86.8940586671685 53.6471305433075 2 539 9
"540" 86.2411639287713 47.3014990658195 2 540 2
"541" 87.3952197109494 48.3199531815805 2 541 3
"542" 87.7760933507019 45.7113929854043 2 542 4
"543" 86.0765331717786 54.7302198995318 2 543 5
"544" 87.6425763375173 48.3805159676337 2 544 4
"545" 85.0259514063866 47.5594689644772 2 545 4
"546" 87.5735491008112 51.2245868187821 2 546 6
"547" 86.7238852283136 44.956318102942 2 547 7
"548" 87.363678664892 48.5668520067642 2 548 5
"549" 85.7078870534825 47.3960807380015 2 549 3
"550" 85.3166522090191 52.1556557800589 0 550 0
"551" 85.2519649687011 50.1908394470068 2 551 7
"552" 86.4902570267955 48.7593632061352 2 552 3
"553" 87.2943146516085 53.5609631464893 2 553 4
"554" 86.6669099947427 43.5804341695541 2 554 4
"555" 87.1916296748002 48.896963633154 2 555 5
"556" 87.5673188771898 49.3809265315461 2 556 7
"557" 87.0543577358856 51.5265489676338 2 557 4
"558" 87.3932010781363 50.1675028457408 2 558 4
"559" 85.1204329930166 47.8904403794265 2 559 2
"560" 85.3381527788376 45.7113839817457 2 560 9
"561" 85.1079078842197 46.0335572448361 2 561 6
"562" 86.6940062327458 48.5629094241005 2 562 4
"563" 85.4430519703213 42.8368164568078 2 563 7
"564" 86.887013175831 49.9781284270585 2 564 5
"565" 86.1249231345061 46.88272947614 2 565 2
"566" 86.1641323521835 45.2356775069633 2 566 4
"567" 87.4154897882233 51.0793601783092 2 567 4
"568" 87.0937347700953 42.5177110414642 2 568 4
"569" 85.7141950768258 46.5188467194748 2 569 3
"570" 86.8060019468347 42.6732421777771 2 570 3
"571" 86.0463110629745 49.1085367710358 2 571 3
"572" 87.6192013785603 48.4224404039882 2 572 5
"573" 86.487622677187 46.6770676766334 2 573 3
"574" 87.6811539519833 45.2126399053525 2 574 3
"575" 86.0449368237803 47.6282608287669 2 575 6
"576" 86.7159213602384 46.1098380888155 2 576 5
"577" 87.2091549186541 54.9527025613902 2 577 10
"578" 87.3288408263798 45.2283176213916 2 578 2
"579" 86.7752995506139 51.5703547942897 2 579 4
"580" 86.8538504099101 46.4909336958382 2 580 7
"581" 87.5229573657614 47.9707875756028 2 581 4
"582" 87.1026461275907 50.3226190120309 2 582 5
"583" 86.1593606500386 51.6814231615028 2 583 6
"584" 85.2177445466864 51.0728923445746 0 584 0
"585" 86.5461721206819 46.1113040795677 2 585 4
"586" 87.1627679266022 42.3458070707331 2 586 5
"587" 86.0594973938832 46.0287291160819 2 587 3
"588" 87.3900418001588 49.5926134603023 2 588 5
"589" 87.4315373940972 46.480528852389 2 589 4
"590" 86.3415373303093 40.4300829019264 0 590 0
"591" 85.1699964079387 50.4096001221307 2 591 4
"592" 86.1202317715095 45.6311419185834 2 592 3
"593" 86.5408687612712 38.2484177291598 2 593 19
"594" 86.6430234707022 48.6225873725235 2 594 4
"595" 86.8011881474195 46.9916690605427 2 595 7
"596" 87.1331771842605 51.8985818955927 2 596 4
"597" 86.6736820214052 52.2704047882034 2 597 6
"598" 85.1554582589851 52.9324858237591 2 598 11
"599" 86.4021099629157 51.4845357270992 2 599 7
"600" 87.047562740573 48.5893571948223 2 600 15
"601" 85.142654070269 48.6399345986494 2 601 6
"602" 85.9946187839129 51.0493416144131 2 602 7
"603" 85.1171994710292 48.6312105733776 2 603 5
"604" 85.953637989319 44.2052071073674 2 604 4
"605" 86.1771126261026 46.9632008225652 2 605 3
"606" 87.0170463956238 60.6998573864445 0 606 0
"607" 86.285849788944 52.5776740314682 2 607 5
"608" 86.0175963759272 44.674752716067 2 608 4
"609" 85.3441361683158 50.9011783164018 2 609 3
"610" 87.1586503313181 43.1211216095126 2 610 6
"611" 86.9520536978315 49.4279433995721 2 611 5
"612" 85.2259586786196 48.3478250269929 2 612 5
"613" 87.0276613124597 49.0393547515906 2 613 6
"614" 86.8862136966037 42.6436394366986 2 614 4
"615" 86.4751379654399 44.0810887029488 2 615 5
"616" 86.0828873885112 49.6833221171097 2 616 3
"617" 87.2455797449924 50.5031220880893 2 617 3
"618" 85.8588851079445 39.8736004531692 0 618 0
"619" 86.3857280399088 47.6134409877652 2 619 12
"620" 87.1434244228319 43.7238932440139 2 620 7
"621" 86.9461290884699 47.3726433266698 2 621 4
"622" 84.2504859360508 50.7401401290611 2 622 9
"623" 86.3059426648493 42.8324356300857 2 623 5
"624" 86.1728521505493 55.3324128403698 2 624 6
"625" 85.3596680790315 52.349263869623 2 625 5
"626" 85.8770244353081 49.7773922124252 2 626 2
"627" 86.1848330893001 43.1279678141353 2 627 10
"628" 85.923992914735 49.2668024560814 2 628 2
"629" 88.2338280685066 52.6387600903176 2 629 7
"630" 87.8115839016158 45.7087091942951 2 630 4
"631" 86.6719150854181 55.9771432491348 0 631 0
"632" 86.7927681252977 51.3244695589692 2 632 5
"633" 85.937806988479 47.7592803973843 2 633 7
"634" 87.1173183644504 50.9820166584086 2 634 6
"635" 86.9409681845125 46.9428177601992 2 635 9
"636" 86.8430766955045 39.3844080251351 0 636 0
"637" 86.3248131452066 46.8264404343789 2 637 2
"638" 86.5242565957594 41.6694048059418 2 638 9
"639" 85.664844012939 50.064814240936 0 639 0
"640" 85.1828213481379 47.6939889211191 2 640 8
"641" 87.4696324620135 50.6508637843488 2 641 12
"642" 85.8901352862491 44.5053902240735 2 642 3
"643" 87.7119516653675 48.454706411368 2 643 5
"644" 86.149095566683 50.2447740118382 2 644 5
"645" 86.2124579838426 42.1283939646403 2 645 5
"646" 86.6608989879631 47.1872423263862 2 646 6
"647" 87.2592394543513 44.6648353139276 2 647 7
"648" 140.676096876996 45.7768337307866 2 648 5
"649" 137.748478086024 45.4228667493208 2 649 10
"650" 133.56434293735 51.1086753817473 2 650 5
"651" 132.636151309324 49.0923739823945 2 651 7
"652" 132.701420157701 51.912933958471 2 652 15
"653" 139.535091765089 46.1219485733337 2 653 14
"654" 134.857819982193 45.7668651886139 2 654 5
"655" 137.363363561694 48.2027771297538 2 655 6
"656" 133.12526423733 47.620698517538 0 656 0
"657" 141.526075295134 52.0434230493825 2 657 8
"658" 138.609172506933 47.8149390501461 2 658 6
"659" 136.568482122815 46.0079280939784 2 659 9
"660" 137.860980857443 45.2622255171101 0 660 0
"661" 135.686306923163 49.4763249855629 2 661 6
"662" 139.287137718423 49.229256960309 2 662 8
"663" 136.017358220694 48.1045618477808 2 663 5
"664" 137.491308533095 49.8172840155088 2 664 4
"665" 138.568428391644 46.3638972071269 2 665 5
"666" 144.231244636452 45.4585415166749 2 666 5
"667" 135.453003972855 48.8168050381751 2 667 6
"668" 143.248907724901 46.9426766097273 0 668 0
"669" 138.436341423911 46.6636893375007 2 669 6
"670" 140.512026402889 47.2191932678259 2 670 8
"671" 139.496880740806 45.1358930667633 2 671 5
"672" 137.052515683224 49.0531783590052 2 672 8
"673" 137.386544597547 49.0812447972129 2 673 9
"674" 137.412923761445 46.8991320445753 2 674 7
"675" 130.987318623463 51.0762518562241 2 675 16
"676" 141.33863998869 43.9778209953704 2 676 3
"677" 135.711844579407 40.2262455936743 2 677 25
"678" 136.80033403335 48.9758461474921 2 678 7
"679" 132.886616836281 49.0895811110693 2 679 13
"680" 136.339766866974 48.5300191462483 2 680 9
"681" 131.666794287525 49.0779812011606 2 681 15
"682" 136.609375687539 50.0894596729158 2 682 5
"683" 132.413995778979 54.3698163190897 2 683 7
"684" 135.33774702719 47.0690064774955 2 684 7
"685" 137.972451173181 45.510803285619 2 685 10
"686" 143.086595893368 58.8496993020664 0 686 0
"687" 137.256378351065 58.9084796715002 0 687 0
"688" 135.526724369886 46.2954616845145 2 688 10
"689" 142.596964644064 47.2601796764177 2 689 22
"690" 143.005833421258 56.6794894909666 2 690 5
"691" 137.183365774266 48.4423618939647 2 691 5
"692" 137.261323517616 49.2622468118833 2 692 6
"693" 141.151221432584 41.5349857233745 2 693 5
"694" 133.710700256256 47.8652355092775 2 694 17
"695" 137.344873965027 44.3940210834239 2 695 6
"696" 135.514272508665 55.1133398847172 2 696 12
"697" 138.395814089668 53.120974972597 2 697 7
"698" 139.613313743261 49.9591606790766 2 698 7
"699" 144.630549206675 45.434962301028 2 699 6
"700" 139.388725957064 51.199380608469 2 700 13
"701" 137.759377943665 47.3640531863506 2 701 7
"702" 143.009229235326 48.34293753777 0 702 0
"703" 138.371613830934 48.5872288617262 2 703 4
"704" 138.958011905755 49.4134145075826 2 704 6
"705" 134.832303286722 48.842851082294 2 705 6
"706" 135.237110437012 49.8041729624202 2 706 4
"707" 143.05570246886 45.0251563506737 2 707 7
"708" 140.892380074798 44.5564605697254 2 708 3
"709" 138.945933985575 47.8954263350529 2 709 5
"710" 140.0415145464 45.2167584614927 2 710 6
"711" 141.049204570021 52.3029562967336 2 711 6
"712" 139.559778378087 49.5231044719159 2 712 5
"713" 135.94454445149 50.5817625561188 2 713 4
"714" 139.05230899342 50.8277739903681 2 714 5
"715" 137.193636528158 52.3547561127286 0 715 0
"716" 142.971992983854 52.8380151216649 2 716 6
"717" 136.213261295197 50.9333709046587 2 717 7
"718" 141.519192525463 47.6570555752664 2 718 6
"719" 144.344012433834 45.4349835595144 2 719 6
"720" 139.94096292609 47.2326479908338 2 720 5
"721" 141.548442310054 46.4148662099696 0 721 0
"722" 136.632603615672 52.6303486245237 0 722 0
"723" 137.371843700428 47.6202130621752 2 723 5
"724" 130.014841375544 57.1114812039258 0 724 0
"725" 137.649595482743 45.5147429685031 2 725 10
"726" 140.215136684819 50.6996943176098 2 726 6
"727" 133.608648368251 46.6587487930991 2 727 10
"728" 135.429281120083 44.8143056917434 2 728 8
"729" 136.080400034983 53.5550357508343 2 729 6
"730" 135.932923706474 52.8266599544278 2 730 6
"731" 137.474487245098 48.1438588444132 2 731 5
"732" 140.421929771948 43.4143718137287 0 732 0
"733" 137.957329431203 47.8320912781127 2 733 8
"734" 136.169001175505 43.2835108762068 0 734 0
"735" 139.479312184628 54.7032480259329 2 735 1
"736" 138.247186318641 58.6228185245142 2 736 4
"737" 133.866844648594 51.2897888545571 2 737 8
"738" 141.477800317892 52.8481708138358 2 738 7
"739" 134.59430270835 58.1709824676033 2 739 12
"740" 140.377099125387 52.8833977079574 2 740 4
"741" 134.433679609546 50.3417519907789 2 741 11
"742" 136.034481148453 51.2241466455535 2 742 6
"743" 143.128028782113 49.0688848639639 0 743 0
"744" 138.606958259969 46.2681512647731 2 744 4
"745" 141.757201221231 53.6482204301728 2 745 4
"746" 128.09621475485 55.9695186109305 0 746 0
"747" 138.449345012326 55.8634387073536 2 747 23
"748" 135.978355120155 47.4910210031494 2 748 7
"749" 141.482495781776 56.176439099658 2 749 2
"750" 138.071552993694 44.133276647915 2 750 6
"751" 137.640125922247 51.3044130452746 2 751 7
"752" 139.853786590711 52.8568076911007 2 752 7
"753" 148.61784776642 44.9457870708243 0 753 0
"754" 139.491405050155 49.8095785637124 2 754 6
"755" 139.546769970716 44.9850349193532 2 755 6
"756" 134.094484727281 50.5521787583552 2 756 15
"757" 130.226707979451 52.0567800748012 0 757 0
"758" 136.076317984612 48.1161019599251 2 758 4
"759" 135.300978019619 49.2633279876519 2 759 6
"760" 137.702542881811 55.8004847258319 2 760 6
"761" 136.497615312069 48.7058323649944 2 761 10
"762" 139.03640112587 50.5332737182582 2 762 15
"763" 140.495271461486 44.8297930441961 2 763 3
"764" 136.301995653243 50.3394601413344 2 764 5
"765" 132.153989813201 48.5594838675054 0 765 0
"766" 135.918132182967 52.138395945674 2 766 13
"767" 135.372368258652 46.0552062360977 2 767 12
"768" 137.354964744691 49.6923378670529 2 768 5
"769" 132.296041143808 49.2242289833504 2 769 12
"770" 137.794920226699 48.4579745304455 2 770 9
"771" 132.039644092748 49.7607783327537 2 771 11
"772" 135.823664351593 55.7825991803606 0 772 0
"773" 136.519409157812 44.2127621363923 2 773 7
"774" 134.779722509232 54.7673971165855 2 774 6
"775" 131.755798105015 49.2098630647751 2 775 14
"776" 137.865640657778 43.3101964742048 0 776 0
"777" 135.997190262837 46.6113051046515 2 777 30
"778" 135.001540454764 46.270386114848 2 778 3
"779" 139.413226004827 46.8972606600255 2 779 7
"780" 140.019488182222 44.4711951136931 2 780 5
"781" 140.153433153098 55.0621295023573 2 781 13
"782" 137.973303061451 57.2461236416533 0 782 0
"783" 133.818118078781 45.6910473774545 2 783 6
"784" 133.973701575882 48.4328063842591 2 784 5
"785" 134.803843440841 49.1481524128288 2 785 3
"786" 134.087880399628 48.9531295588868 2 786 6
"787" 139.682017157353 49.0746180262041 2 787 30
"788" 139.305975247512 48.062416536521 2 788 9
"789" 133.592517024741 50.4891362193714 2 789 12
"790" 138.768509833693 48.73850104983 2 790 5
"791" 142.012367375761 49.3770859782072 2 791 14
"792" 141.057361638236 40.9673859802631 2 792 6
"793" 132.626435065343 54.7184291338448 2 793 6
"794" 135.558491531463 51.9427745321226 2 794 6
"795" 130.239591652402 51.0500718728619 2 795 9
"796" 137.158683240993 49.2025234348794 2 796 7
"797" 142.868378357696 53.4703029884804 2 797 5
"798" 140.09507343564 47.0356144358577 2 798 6
"799" 140.159536627008 51.9161374323588 2 799 4
"800" 136.851760203648 50.3287144715925 2 800 10
"801" 137.639000444045 51.8852447372369 2 801 9
"802" 141.49819552812 52.2819804844082 2 802 7
"803" 136.362972681998 50.8858643478057 2 803 5
"804" 138.673700456279 49.1112951995223 2 804 4
"805" 143.295282661836 53.349476238715 2 805 16
"806" 138.425110144597 51.7539268371346 2 806 12
"807" 140.725007492646 46.9482927687549 2 807 6
"808" 131.146987031767 54.000929826853 2 808 11
"809" 134.816978550986 42.1395596807782 2 809 12
"810" 139.270953713866 46.4394036041908 0 810 0
"811" 134.02599316689 58.64848371144 0 811 0
"812" 131.309832731012 54.3526431027033 2 812 7
"813" 145.5307412486 47.2010812510725 0 813 0
"814" 137.854239527238 49.9878618846864 2 814 6
"815" 138.616063299769 45.0421950398886 0 815 0
"816" 139.004961330452 44.2625570536089 2 816 2
"817" 139.981153842926 52.0642320423724 2 817 3
"818" 137.211862277844 58.3563988825379 0 818 0
"819" 142.093032382397 52.6939363332873 2 819 6
"820" 133.973925254771 49.1394923324843 2 820 7
"821" 140.877516005688 47.0108501065825 2 821 7
"822" 131.11066118063 43.5771118578516 0 822 0
"823" 133.955524370008 48.7292222606056 2 823 5
"824" 133.184564560158 49.0448756755308 2 824 11
"825" 143.599277635946 57.6964109822213 0 825 0
"826" 136.917704836506 49.3730414841946 2 826 6
"827" 138.142150213034 53.2125949908466 2 827 5
"828" 137.670665852619 47.4635221955957 2 828 8
"829" 134.282949219315 44.4707705027324 2 829 7
"830" 138.943854655598 45.6984810720762 2 830 11
"831" 136.053659813032 44.0347224335069 2 831 10
"832" 135.576692495801 43.9593919720847 0 832 0
"833" 138.673361725778 49.3023441494707 2 833 5
"834" 135.631279040521 45.1253349585028 2 834 13
"835" 139.184971665775 39.231770663257 2 835 25
"836" 142.31688840649 49.5467243254707 2 836 11
"837" 141.625143860474 48.7048312330269 0 837 0
"838" 137.739280960162 58.2336015374208 2 838 8
"839" 139.944348048194 54.9166502522206 2 839 12
"840" 138.422161087093 56.6044699901024 0 840 0
"841" 137.013323882283 48.0318946215124 0 841 0
"842" 136.82940755529 48.247017698831 0 842 0
"843" 143.088135889253 46.2327114362495 0 843 0
"844" 142.599588568486 45.4775935771516 2 844 20
"845" 139.352739603126 54.1416785996976 2 845 8
"846" 136.952560952005 46.8559678667982 2 846 12
"847" 141.133256069294 49.1264174830721 2 847 12
"848" 138.620441402473 51.8387905481438 2 848 11
"849" 137.930334524036 49.8632309115147 2 849 7
"850" 139.5486145679 54.1608411038608 2 850 6
"851" 137.928932331908 42.5718773841694 2 851 11
"852" 133.70153795502 52.8980539364984 2 852 3
"853" 134.72097752245 54.8884111857759 2 853 10
"854" 136.928466559174 44.5196347755264 2 854 5
"855" 133.266287430333 46.8721274122281 2 855 9
"856" 140.310177126491 52.9726047368454 2 856 3
"857" 135.79898138751 52.9260778786488 2 857 7
"858" 138.060297708253 46.2171673768581 2 858 11
"859" 141.822520592307 56.1689556709455 2 859 3
"860" 134.112258207756 47.376167761804 2 860 18
"861" 135.904487006212 53.0506265967385 2 861 7
"862" 137.601314908063 51.2220399060524 2 862 8
"863" 130.52631581797 45.4362356151485 2 863 19
"864" 138.53049084351 54.3961658129734 2 864 2
"865" 139.464652886944 41.978752860248 2 865 20
"866" 137.035634211798 46.4839333350263 2 866 8
"867" 135.095263098701 58.5065671750686 2 867 2
"868" 137.858850145687 49.3076059675383 2 868 4
"869" 134.716961157597 49.9654063639135 2 869 5
"870" 137.127979279963 50.2667553688757 2 870 11
"871" 129.27995044417 41.7209819389548 0 871 0
"872" 141.288963160982 49.449207600235 2 872 10
"873" 137.486643273303 49.1598319322165 2 873 8
"874" 141.752101241727 43.0940675677415 0 874 0
"875" 138.778993411104 49.2241908078025 2 875 5
"876" 131.285381945314 48.3111452988455 2 876 8
"877" 139.178550352114 51.931907036586 2 877 11
"878" 137.820247701235 53.581927817443 2 878 5
"879" 136.122667495373 49.0889805495758 2 879 5
"880" 137.446900035108 49.5386558796648 2 880 6
"881" 131.82677076881 52.9851500044369 2 881 8
"882" 135.502727016308 44.7848084263801 2 882 7
"883" 133.465829241485 50.3646808301369 2 883 14
"884" 133.431476388923 41.0462729767592 2 884 5
"885" 134.610416446484 54.7127252614282 2 885 8
"886" 136.208586279831 43.5427919668057 2 886 9
"887" 133.667212909098 53.9722022678206 2 887 5
"888" 138.085370108825 52.7306283432854 2 888 7
"889" 134.921024365242 49.704796742198 2 889 2
"890" 138.662512894805 51.3695027303689 2 890 12
"891" 141.319952139313 42.9888825712121 0 891 0
"892" 137.752799493012 57.4362548802407 2 892 7
"893" 143.813091617058 44.0023785257543 2 893 8
"894" 134.131857870454 48.1171612233328 2 894 4
"895" 133.725297846179 45.2249452158897 0 895 0
"896" 134.598433399669 57.2353410723086 2 896 13
"897" 138.244853471987 47.3673761596038 2 897 7
"898" 137.98689285461 46.8024843953169 2 898 5
"899" 134.982548559114 46.0874786124262 2 899 4
"900" 140.736349160076 52.7398165646199 2 900 5
"901" 139.903099360795 54.2649831483978 2 901 7
"902" 143.051449804697 48.9324080701248 2 902 17
"903" 135.095633398334 50.7749504863064 2 903 10
"904" 135.982549876387 52.1190114979497 2 904 12
"905" 142.240803974513 51.3932074824596 2 905 24
"906" 139.178432330011 48.5266266728818 2 906 6
"907" 137.574318266634 53.5000986578201 2 907 6
"908" 140.445971049048 47.1756661181084 2 908 8
"909" 138.210566722109 45.9179597704429 2 909 7
"910" 132.258769667907 47.9943223718748 2 910 12
"911" 138.626040967126 57.9190084956026 2 911 4
"912" 144.610534763214 52.4300612932167 2 912 3
"913" 134.602002552624 52.7893189764313 2 913 4
"914" 134.77810175674 53.1915780682942 2 914 4
"915" 136.237293425704 51.339167973173 2 915 7
"916" 131.164581997264 45.8714750402223 0 916 0
"917" 142.1055190983 53.7332163479538 2 917 10
"918" 139.907987186009 51.6724049758649 2 918 3
"919" 132.53175966894 51.8809599109318 2 919 14
"920" 137.390535361227 47.9364176612429 2 920 4
"921" 137.186011909725 51.5625089051382 0 921 0
"922" 130.972869253291 48.4957056965693 2 922 3
"923" 137.147359803467 52.0980218670696 0 923 0
"924" 133.890475465703 44.4415994170833 0 924 0
"925" 140.42549284147 48.4526299389654 0 925 0
"926" 131.184601346964 47.8459278876789 0 926 0
"927" 138.784037224215 45.5431350235509 2 927 4
"928" 134.136293668228 53.5344012734519 0 928 0
"929" 139.800558470004 48.7348973962105 2 929 25
"930" 138.008149267105 55.2987951379877 2 930 5
"931" 134.789892212648 48.2949001038518 2 931 4
"932" 137.296382292752 47.9343315661389 2 932 5
"933" 136.400772504005 50.9264161159167 2 933 6
"934" 138.882442240117 57.413839871853 2 934 3
"935" 141.941302280411 46.2007926340081 0 935 0
"936" 137.088594711772 49.7686057996231 2 936 4
"937" 143.929404250081 51.200172114436 2 937 25
"938" 140.524869270194 47.7827745964466 2 938 8
"939" 137.043931190383 47.3110657363312 2 939 3
"940" 133.49471335955 51.9704072642492 2 940 4
"941" 136.597107854786 50.8169743361119 2 941 7
"942" 134.310554697105 49.1314092467378 2 942 7
"943" 138.461195990563 48.9539649014962 2 943 5
"944" 145.504604922484 48.1470077564923 2 944 11
"945" 140.684674639526 46.5422776275515 2 945 10
"946" 136.373247875547 49.372455589288 2 946 3
"947" 139.046750559149 48.9001168836636 2 947 7
"948" 137.306820041699 46.7289027583494 2 948 6
"949" 138.4292649507 55.2524458492748 2 949 3
"950" 141.749267380531 50.0452536283203 0 950 0
"951" 135.030937260868 47.8050713511904 2 951 7
"952" 135.739007447319 54.9253251572315 0 952 0
"953" 144.245458933708 56.8556664409011 0 953 0
"954" 140.845472402606 51.0431247285603 2 954 11
"955" 138.067757405672 50.7718502082343 2 955 8
"956" 136.235687644535 45.9169827444577 2 956 8
"957" 139.648032609691 47.339755604751 0 957 0
"958" 132.607486774362 52.4118589426518 2 958 11
"959" 126.832752825729 50.3253977117822 0 959 0
"960" 133.718416450069 46.9248342867134 0 960 0
"961" 139.731835460222 43.836825374296 0 961 0
"962" 134.472678251816 52.865853395118 2 962 5
"963" 136.097686547246 49.8145922960486 2 963 4
"964" 136.39086269404 45.0077435009723 2 964 9
"965" 137.580635794333 50.7880139113144 2 965 7
"966" 141.239997710372 48.9531905497593 2 966 15
"967" 136.877733453142 46.6162324305501 2 967 8
"968" 133.015622830016 42.3990848589148 2 968 31
"969" 138.278537718589 51.0102214221398 2 969 14
"970" 132.210141315946 46.7032752516114 2 970 9
"971" 139.270424654412 48.7673527829502 2 971 6
"972" 135.948260163201 48.7582028458869 2 972 4
"973" 134.710089396719 53.0484699397956 2 973 3
"974" 136.10897926311 47.2693944443067 0 974 0
"975" 129.901357246174 46.3531615350983 2 975 18
"976" 136.678840814266 51.6690378884494 2 976 7
"977" 139.18540429679 55.7468134390096 2 977 5
"978" 134.305979307975 54.7556497405675 2 978 9
"979" 142.413983335688 48.7272730935073 2 979 11
"980" 142.238621458545 51.8760534792595 2 980 25
"981" 138.551965434881 49.9886302608368 0 981 0
"982" 136.947587580126 47.5602466486639 2 982 4
"983" 142.186410038378 51.3937951352555 2 983 23
"984" 136.250724487367 50.3940841841029 2 984 5
"985" 136.634632958046 54.4961093766478 0 985 0
"986" 143.379977830765 53.5356039281776 2 986 15
"987" 133.575661765813 48.7358370794814 2 987 9
"988" 133.896679850078 49.5922498014416 2 988 13
"989" 138.286594735434 40.7660041046372 2 989 21
"990" 137.703247459203 48.2205661174564 2 990 6
"991" 128.41524633714 52.7862950822766 0 991 0
"992" 133.641279392785 46.0683302023064 2 992 4
"993" 130.58356206974 50.350286276368 2 993 11
"994" 134.860520146741 48.6441797088995 0 994 0
"995" 136.686437815633 50.7774692913126 2 995 8
"996" 135.16175728586 55.8324598297482 2 996 8
"997" 137.720835914566 45.3994259355189 2 997 9
"998" 136.077056551546 48.7350764839144 2 998 5
"999" 136.820261722768 50.9245744366293 2 999 8
"1000" 133.991196592786 51.1834508944318 2 1000 10
"1001" 136.26839816725 52.083364123084 2 1001 11
"1002" 135.131282989453 51.9427275793199 2 1002 5
"1003" 133.995408540127 53.0384628329704 2 1003 4
"1004" 135.427099399032 46.5896902866262 2 1004 7
"1005" 136.002819547924 47.5247075641186 2 1005 8
"1006" 137.906684463194 49.4950841374292 2 1006 5
"1007" 139.675534941372 47.08361629529 2 1007 6
"1008" 138.580486019101 51.3662625982136 2 1008 11
"1009" 135.563529449894 54.9520620315917 2 1009 11
"1010" 133.437327343158 57.5364396277227 2 1010 2
"1011" 133.703004234585 52.770774344391 2 1011 2
"1012" 140.094524221487 54.1608331610723 2 1012 7
"1013" 138.536152106946 47.8789818188785 2 1013 7
"1014" 138.729785422913 45.7868971439949 2 1014 8
"1015" 138.754738100025 51.9347929152272 2 1015 9
"1016" 136.525420271962 49.1482330257083 2 1016 5
"1017" 139.202396244423 47.1031318324682 2 1017 5
"1018" 140.806757534423 55.5750544741756 2 1018 9
"1019" 139.239133979807 49.0859618051721 2 1019 7
"1020" 137.668898122306 47.0569847880128 2 1020 7
"1021" 132.499475017576 45.8495711107628 0 1021 0
"1022" 136.412543311058 56.4776754245374 0 1022 0
"1023" 139.841793608698 52.7777085714997 2 1023 6
"1024" 136.778404512627 52.1659495348012 2 1024 10
"1025" 136.145971958066 48.2627334516581 2 1025 5
"1026" 138.611295752814 43.1883812875461 2 1026 10
"1027" 132.055190693596 49.8624107321848 2 1027 10
"1028" 139.319331508441 46.9713168664952 2 1028 6
"1029" 134.675867052344 47.9676989457339 2 1029 6
"1030" 135.425968482108 52.7980840416301 2 1030 8
"1031" 140.504635610294 47.1885066345859 2 1031 7
"1032" 132.943495664956 50.5898683863616 2 1032 12
"1033" 135.740774389353 47.2476132263303 2 1033 6
"1034" 143.579821588137 47.0668580306119 2 1034 24
"1035" 133.239777227285 51.3771011519086 2 1035 6
"1036" 137.558104072721 55.9134031893424 2 1036 7
"1037" 133.603943379593 58.2445525068583 0 1037 0
"1038" 139.92903635266 50.5623964400732 2 1038 4
"1039" 130.2038951187 50.0695883198791 2 1039 8
"1040" 139.013220943986 52.2318809309987 2 1040 11
"1041" 136.746625154301 47.2962630861511 2 1041 4
"1042" 133.011528416896 50.6173121865818 2 1042 13
"1043" 138.278854830401 44.0416812103488 2 1043 5
"1044" 139.526564871899 43.0086605942369 2 1044 9
"1045" 135.066041224694 51.5397819919492 2 1045 7
"1046" 139.242364618321 41.2390281659902 0 1046 0
"1047" 136.646975987277 52.163146322324 0 1047 0
"1048" 132.85582023367 49.4836821783206 2 1048 10
"1049" 134.938346856858 47.3781432978278 2 1049 7
"1050" 138.474749644505 72.3011894102996 0 1050 0
"1051" 75.3730046039084 76.9411639019837 0 1051 0
"1052" 132.256595049126 38.5102616619273 2 1052 18
"1053" 80.3041002170765 92.1317159182476 2 1053 5
"1054" 82.2227724985735 48.6403525176043 2 1054 5
"1055" 140.665613534058 44.5494548838552 2 1055 2
"1056" 132.435177187699 38.8293725541805 2 1056 27
"1057" 89.1896117944225 90.4555247215114 2 1057 8
"1058" 124.894802418069 54.7273868189656 0 1058 0
"1059" 105.118429451746 39.8551270745364 0 1059 0
"1060" 101.926507317626 84.8747212726374 0 1060 0
"1061" 125.303257257178 54.0277848726356 0 1061 0
"1062" 146.719001004702 44.4556694107649 0 1062 0
"1063" 113.80870662637 69.5609168951858 2 1063 22
"1064" 130.040816548988 54.9252947806469 0 1064 0
"1065" 90.3187198981143 48.7105741487606 2 1065 13
"1066" 105.137426151101 44.2747589509574 0 1066 0
"1067" 81.0141190330782 78.2830685783077 0 1067 0
"1068" 89.5829220166674 88.9272423896925 2 1068 22
"1069" 120.723769946146 83.60446784143 0 1069 0
"1070" 96.4702482592678 41.2603694807833 0 1070 0
"1071" 117.778768812347 62.7743994616449 0 1071 0
"1072" 142.745418629886 97.3355755594398 0 1072 0
"1073" 123.534495610806 62.736192570024 0 1073 0
"1074" 124.37019889037 42.578442628708 0 1074 0
"1075" 79.1296965609508 43.6119748090344 0 1075 0
"1076" 134.873202271943 62.8549773999978 0 1076 0
"1077" 74.9511668778842 45.8449024897043 0 1077 0
"1078" 110.883711322595 60.1502492955121 0 1078 0
"1079" 92.28584044762 85.836952876975 0 1079 0
"1080" 85.9637254015434 71.6145721228792 2 1080 16
"1081" 89.1388373652787 48.6800370396491 2 1081 5
"1082" 101.735502557945 49.5361879631534 0 1082 0
"1083" 126.259750619708 38.3319285585044 0 1083 0
"1084" 111.447624109929 53.8423282537684 0 1084 0
"1085" 143.138718856215 80.4425674543064 0 1085 0
"1086" 75.0994267432107 70.8406974027384 0 1086 0
"1087" 137.527915461738 49.559695816614 2 1087 5
"1088" 124.160717840287 71.6027084391659 0 1088 0
"1089" 137.167678893199 81.9501152983535 0 1089 0
"1090" 131.831407064835 40.0772996631895 2 1090 30
"1091" 139.184279026102 73.8264500384004 0 1091 0
"1092" 87.8891040472758 42.6645316797265 2 1092 5
"1093" 98.197280519604 44.3140674267832 0 1093 0
"1094" 136.998958465902 88.5222546834456 0 1094 0
"1095" 70.5544711921669 66.6643994456988 0 1095 0
"1096" 71.5985262391377 77.4460152705499 0 1096 0
"1097" 137.85010538093 71.175455250488 0 1097 0
"1098" 139.249393318635 94.4925160801226 0 1098 0
"1099" 136.828042975646 97.3442721850176 2 1099 12
"1100" 119.470337846822 47.2278284891172 2 1100 19
"1101" 129.13510667954 49.2289574788116 0 1101 0
"1102" 104.136935334667 71.3507840978295 0 1102 0
"1103" 96.7900372032839 51.5368394408195 0 1103 0
"1104" 140.804258059114 83.6691421738059 0 1104 0
"1105" 147.666306950849 82.4531737165636 0 1105 0
"1106" 126.833105637052 83.9316547340565 0 1106 0
"1107" 75.6054642731006 45.7454369313886 0 1107 0
"1108" 103.106445714292 78.4121609330206 0 1108 0
"1109" 130.017222276476 39.1815605626392 0 1109 0
"1110" 141.438115615155 68.4298813489759 0 1110 0
"1111" 89.4116025781037 74.3625526350824 0 1111 0
"1112" 120.581453667117 54.2538080412314 0 1112 0
"1113" 114.976405014705 43.1704115226443 0 1113 0
"1114" 107.766223530588 70.596567317905 0 1114 0
"1115" 127.997041047259 66.5902700403955 0 1115 0
"1116" 105.612676661608 77.9763178756055 0 1116 0
"1117" 131.411059790198 92.8682709661871 2 1117 17
"1118" 101.359037117173 47.1098132417732 0 1118 0
"1119" 128.500125615429 51.2220479592741 0 1119 0
"1120" 119.826813502204 94.7834090655508 0 1120 0
"1121" 100.280207831585 57.2876541229162 0 1121 0
"1122" 110.890174367594 48.7573775761019 0 1122 0
"1123" 112.306135639451 82.0621319205288 2 1123 10
"1124" 70.5573621316954 78.4649042735237 2 1124 22
"1125" 100.420826723663 62.8114089063544 0 1125 0
"1126" 115.792621064065 91.841034545701 0 1126 0
"1127" 146.362218016018 54.4949088617041 2 1127 17
"1128" 90.0441546528907 54.6914391693383 0 1128 0
"1129" 142.281106502285 56.5245995901474 2 1129 22
"1130" 111.596415659309 74.4418356183493 0 1130 0
"1131" 98.0795701290302 50.9558407413758 0 1131 0
"1132" 91.0844663846329 75.8617534587991 0 1132 0
"1133" 144.921661619134 66.1084511977625 2 1133 3
"1134" 111.760387862018 79.308299839783 0 1134 0
"1135" 72.7384760193592 99.0801452076416 0 1135 0
"1136" 133.461925192334 98.5947376556525 0 1136 0
"1137" 107.470253447399 91.1531343746896 2 1137 4
"1138" 113.328435735558 68.2290464398475 2 1138 24
"1139" 145.741182113668 94.591403313114 0 1139 0
"1140" 108.924358495284 92.20682502963 0 1140 0
"1141" 145.805902490358 93.2161345566082 0 1141 0
"1142" 87.4352614630519 69.5746608525492 0 1142 0
"1143" 78.3148322627892 56.4970188341341 2 1143 6
"1144" 88.2846127497317 53.7073996220187 2 1144 5
"1145" 129.195067629638 83.5416070561325 0 1145 0
"1146" 144.952953806895 66.7521100772367 2 1146 34
"1147" 76.9156439735853 90.0999778018386 2 1147 6
"1148" 105.955492029699 94.73311181279 0 1148 0
"1149" 129.531720561174 41.9396958689274 0 1149 0
"1150" 117.856604269463 55.5452701813025 0 1150 0
"1151" 119.188335658336 94.6118995342566 0 1151 0
"1152" 94.6284459061481 66.8657013982734 0 1152 0
"1153" 147.594919407803 96.9160706818215 0 1153 0
"1154" 93.5471072436036 58.5943313398273 0 1154 0
"1155" 91.9579331933848 97.6983881289633 0 1155 0
"1156" 107.461871405808 81.8235082531027 0 1156 0
"1157" 97.4030098734607 74.2943448016447 0 1157 0
"1158" 121.724307324909 53.8759422323372 2 1158 15
"1159" 99.2812139355578 98.0116871708712 0 1159 0
"1160" 97.972532690502 83.4199438200228 0 1160 0
"1161" 75.461957602908 43.9472082821979 0 1161 0
"1162" 129.586282437425 63.5910910227284 0 1162 0
"1163" 97.533509371608 76.6583346610278 0 1163 0
"1164" 74.7947441684311 79.4616896031657 0 1164 0
"1165" 124.822627353996 43.1287449774387 0 1165 0
"1166" 109.925728623396 92.0870134842534 0 1166 0
"1167" 121.407659236596 90.527094473398 0 1167 0
"1168" 114.461429948058 99.0000004104164 0 1168 0
"1169" 79.0683654028437 90.380183641671 2 1169 4
"1170" 138.571209667823 39.3864659344881 2 1170 24
"1171" 146.54628190033 40.2057864714278 0 1171 0
"1172" 91.0634670482707 52.7107091479432 2 1172 7
"1173" 123.384861498901 40.1619978964156 0 1173 0
"1174" 126.339617733054 76.2149145489092 0 1174 0
"1175" 137.726014397959 82.0062039040327 0 1175 0
"1176" 117.640563504553 90.5131993173681 0 1176 0
"1177" 71.7240806461467 54.274636249764 0 1177 0
"1178" 144.213140216939 60.3808228503186 2 1178 9
"1179" 81.7257079754095 90.2478766520961 2 1179 4
"1180" 91.3301174102174 61.5400235207061 0 1180 0
"1181" 115.587993040358 58.6389773172409 0 1181 0
"1182" 102.130563984275 92.7776291174958 0 1182 0
"1183" 148.553244563064 95.1482272905626 0 1183 0
"1184" 145.067134835047 58.415758111531 0 1184 0
"1185" 108.523434893635 50.6123269744537 0 1185 0
"1186" 134.134780928524 62.1983355921926 2 1186 15
"1187" 146.118222876972 74.7155023250868 0 1187 0
"1188" 106.375288322866 44.1360188049493 0 1188 0
"1189" 83.8371255486157 90.6152591548576 2 1189 6
"1190" 105.605906831529 46.6698463999576 0 1190 0
"1191" 130.364313941308 51.2010001516651 2 1191 8
"1192" 70.6232849421616 82.2716185169317 2 1192 21
"1193" 125.824378386814 88.1921456946661 0 1193 0
"1194" 148.186203461988 93.6628656485876 0 1194 0
"1195" 110.645737745301 82.4551351288169 0 1195 0
"1196" 120.46480951368 75.5082001656748 0 1196 0
"1197" 128.929708970298 61.9962937463407 0 1197 0
"1198" 132.651452408921 77.6754508848158 0 1198 0
"1199" 85.6785285219455 65.0930800071625 0 1199 0
"1200" 138.01029991316 96.6038448397925 2 1200 13
"1201" 86.8081044235436 69.3100245744686 0 1201 0
"1202" 139.398479701853 52.9860608992054 2 1202 12
"1203" 126.14830989793 67.9538496179253 2 1203 27
"1204" 122.733285807055 66.4313453050586 0 1204 0
"1205" 85.9115499177614 95.6475775469379 0 1205 0
"1206" 139.421123704475 79.3087466553187 0 1206 0
"1207" 120.11283715553 39.2674008075212 2 1207 28
"1208" 83.8882463627478 77.5543966137827 2 1208 33
"1209" 87.2226441440567 52.3794147837473 2 1209 5
"1210" 129.040087840717 75.560393437514 0 1210 0
"1211" 70.4336201651783 50.3477598344067 0 1211 0
"1212" 129.791140257556 95.4598527778529 0 1212 0
"1213" 87.9559678078571 95.1782522618888 2 1213 19
"1214" 141.388614102874 75.1001549525919 2 1214 2
"1215" 85.6645884038275 95.4524157297952 2 1215 6
"1216" 109.733621370825 90.7596950889642 2 1216 27
"1217" 113.091541881664 58.8927145105873 0 1217 0
"1218" 134.251742118795 43.8776025100624 2 1218 6
"1219" 144.608266881697 52.1841132862153 2 1219 4
"1220" 73.9114401539303 59.4398727668116 0 1220 0
"1221" 124.376007577487 58.6738621362758 0 1221 0
"1222" 73.9720297320211 92.9467922962785 0 1222 0
"1223" 120.89731606181 76.1875710523851 2 1223 28
"1224" 104.652998311496 76.0604143498375 0 1224 0
"1225" 141.155863181562 94.0703526649612 0 1225 0
"1226" 92.1583655455459 51.0642324538951 0 1226 0
"1227" 89.4716351991027 46.8479254062126 2 1227 22
"1228" 103.036974207438 57.9673435637547 0 1228 0
"1229" 143.70187617524 60.9194415380657 0 1229 0
"1230" 125.542346758802 41.915322286429 0 1230 0
"1231" 147.540632519751 75.2448833686671 0 1231 0
"1232" 116.57992497703 38.6346008974019 0 1232 0
"1233" 90.4677937087725 73.4346246448861 2 1233 25
"1234" 89.152411015206 71.7469539103309 0 1234 0
"1235" 92.2550348983307 95.8884863582964 0 1235 0
"1236" 142.089054583596 92.5699595576987 0 1236 0
"1237" 138.786894508681 47.3758162230264 2 1237 9
"1238" 86.0438546381431 94.4386380190899 2 1238 20
"1239" 127.984828084551 53.280471413306 0 1239 0
"1240" 91.2816811299983 67.2609810550456 0 1240 0
"1241" 78.5293737133893 55.5228244917359 0 1241 0
"1242" 133.392939136137 73.9515561755266 0 1242 0
"1243" 145.674931795328 95.4881847893849 0 1243 0
"1244" 133.258932606481 53.1500961040767 2 1244 15
"1245" 122.241462305312 49.0560798258377 2 1245 27
"1246" 73.962472320551 49.6406680715567 0 1246 0
"1247" 103.56288571994 66.0115296183606 0 1247 0
"1248" 117.994998202203 90.4400148079811 0 1248 0
"1249" 148.012292065947 69.3003925853419 0 1249 0
"1250" 112.001008840315 43.2783279360063 0 1250 0
"1251" 77.7263051443804 53.7984086370748 0 1251 0
"1252" 142.990132963213 76.1110863437908 0 1252 0
"1253" 88.3200434842977 56.3570141883863 2 1253 5
"1254" 77.5968202408486 56.0882986386565 0 1254 0
"1255" 107.03786814772 89.9093369510704 0 1255 0
"1256" 89.8491796323114 44.6743236763817 2 1256 14
"1257" 109.460382950969 83.1089121197838 0 1257 0
"1258" 111.581382075691 47.9201028677637 0 1258 0
"1259" 113.276309938971 47.1441479070339 0 1259 0
"1260" 146.447405259232 45.0071848667248 0 1260 0
"1261" 72.5670899169898 41.5146609983147 0 1261 0
"1262" 73.5540171525087 65.4544522955528 0 1262 0
"1263" 74.4887702017047 90.5235303751392 2 1263 19
"1264" 126.678224656025 57.3116720856971 0 1264 0
"1265" 142.67750421995 45.9651241963945 2 1265 28
"1266" 86.4369007452608 46.9385250968743 2 1266 2
"1267" 116.809686169194 56.0187760052192 0 1267 0
"1268" 98.1265971495539 61.1215909776774 0 1268 0
"1269" 139.427824750956 88.7504756726797 0 1269 0
"1270" 99.1560393916325 88.7007569296491 0 1270 0
"1271" 131.109481157501 44.4938296051337 0 1271 0
"1272" 84.9379173419499 81.6858967705991 2 1272 16
"1273" 104.595003011689 50.8425647544564 0 1273 0
"1274" 124.500359989297 39.3876702469736 0 1274 0
"1275" 76.7180778361366 51.1614484444353 0 1275 0
"1276" 140.335435123637 96.715878597533 0 1276 0
"1277" 92.6506722685104 48.771836943311 0 1277 0
"1278" 100.476854801609 73.0191271064246 0 1278 0
"1279" 117.616472414912 43.8619500649437 0 1279 0
"1280" 92.0812820846659 38.2803350456311 0 1280 0
"1281" 111.784576626561 59.6484196164789 2 1281 24
"1282" 109.829585143511 66.8019975374958 0 1282 0
"1283" 132.038427328713 75.9260930518814 0 1283 0
"1284" 77.7410566311864 71.2486021978084 0 1284 0
"1285" 70.6778203758332 45.9446989715298 0 1285 0
"1286" 76.6668126751292 73.6154251987674 0 1286 0
"1287" 123.447524526019 51.7115545427157 0 1287 0
"1288" 91.3044354531778 87.9362306674458 2 1288 7
"1289" 114.781650434226 54.9377548756494 0 1289 0
"1290" 137.127048802091 59.7599934658636 2 1290 6
"1291" 146.07729963324 67.228322228199 2 1291 32
"1292" 74.6447400797144 41.2859729656344 0 1292 0
"1293" 85.2423630847881 69.9933652098988 0 1293 0
"1294" 144.85353289091 63.8638087908046 0 1294 0
"1295" 101.897621971017 71.9184886059402 2 1295 8
"1296" 101.348881065458 82.9317651577711 0 1296 0
"1297" 142.881226434578 66.8689350978701 0 1297 0
"1298" 93.0864768476164 92.8868479756611 0 1298 0
"1299" 117.535162490678 47.3034282195331 0 1299 0
"1300" 144.199340662964 90.9832841703873 0 1300 0
"1301" 85.6004815424745 88.2718874514832 2 1301 17
"1302" 119.156475165286 97.1890048715183 0 1302 0
"1303" 139.418540938855 61.3816758340371 0 1303 0
"1304" 145.700603043762 86.0961284561305 0 1304 0
"1305" 136.411817563587 91.3105826711485 0 1305 0
"1306" 76.0104138898332 61.1034538897948 2 1306 4
"1307" 143.870944102243 67.9772619633062 0 1307 0
"1308" 75.1840110334996 42.6374779558226 0 1308 0
"1309" 137.381704594734 65.7406383908874 0 1309 0
"1310" 71.5265886283241 50.8194111022061 2 1310 12
"1311" 76.9136758562949 69.5584226349441 0 1311 0
"1312" 78.9872701075574 98.9003865471886 2 1312 17
"1313" 75.2066344960671 85.0706493672886 2 1313 6
"1314" 145.575167144095 82.5763075756724 0 1314 0
"1315" 135.910006460503 64.8191702534271 0 1315 0
"1316" 134.043685002485 84.449367365604 0 1316 0
"1317" 83.1950007669624 96.4363935153178 2 1317 6
"1318" 90.5046133457205 49.4728265583478 0 1318 0
"1319" 136.175539618933 88.7439836198338 0 1319 0
"1320" 117.513924970094 59.0164108928518 0 1320 0
"1321" 91.8242154123013 47.0828128537344 2 1321 19
"1322" 73.0576810154829 49.2418145430121 0 1322 0
"1323" 136.777983026073 83.5131084267624 0 1323 0
"1324" 124.740264605793 48.8081248785945 2 1324 16
"1325" 85.3285444556593 88.0982332084546 0 1325 0
"1326" 76.8849391692415 66.3722259030311 0 1326 0
"1327" 116.732719991292 38.6985103140361 0 1327 0
"1328" 108.896530047761 47.6366455969965 0 1328 0
"1329" 120.327978872767 53.3956439441515 0 1329 0
"1330" 100.588094088319 96.9813196797736 0 1330 0
"1331" 110.422065308644 93.5884696348842 0 1331 0
"1332" 128.969802589546 98.8154698496917 0 1332 0
"1333" 83.5799104725322 95.0094841231345 2 1333 2
"1334" 92.7220142725752 71.5494790046669 0 1334 0
"1335" 99.5141114514563 49.1611649133129 0 1335 0
"1336" 142.685833120547 95.4968094115449 0 1336 0
"1337" 136.008847777824 82.5687373156177 2 1337 18
"1338" 139.683044463112 51.917431024491 0 1338 0
"1339" 146.192940741275 46.3655337562477 2 1339 28
"1340" 122.254668408878 43.1494026530538 2 1340 2
"1341" 116.79015475229 90.8150646108645 0 1341 0
"1342" 105.418007165198 56.7531275726772 0 1342 0
"1343" 109.701045941352 46.8701555394479 0 1343 0
"1344" 88.3807447717756 96.2025992402541 2 1344 20
"1345" 140.717922528192 80.8540293969508 0 1345 0
"1346" 124.735215900681 98.4285271418497 0 1346 0
"1347" 70.2177324090523 80.2152233861307 0 1347 0
"1348" 143.472741582647 88.3890602616752 0 1348 0
"1349" 100.968894503869 82.7770746234235 0 1349 0
"1350" 106.507986483965 43.2884620908138 0 1350 0
"1351" 99.580471615229 39.2202801310782 0 1351 0
"1352" 71.5558866034237 54.0336878478738 0 1352 0
"1353" 118.643844881051 61.9739421037915 0 1353 0
"1354" 104.139869638563 77.6080910348927 0 1354 0
"1355" 139.634666897478 61.4782720079218 0 1355 0
"1356" 125.672036222269 47.1863814578776 0 1356 0
"1357" 105.000381228449 97.2599153722534 0 1357 0
"1358" 117.760826746094 76.5887224063151 0 1358 0
"1359" 114.045860337533 55.9263688386892 0 1359 0
"1360" 107.527596545664 49.2883517875054 0 1360 0
"1361" 95.8968988886113 72.5915397174857 0 1361 0
"1362" 139.13211454331 97.2104359455472 2 1362 15
"1363" 93.0082312838316 73.928598433285 0 1363 0
"1364" 75.1887152906753 95.7775046079394 2 1364 2
"1365" 71.587906610827 56.2238006593259 0 1365 0
"1366" 140.466478988042 56.8548811544946 2 1366 7
"1367" 78.553718794323 75.1790540169257 0 1367 0
"1368" 94.7241056531386 39.137043626812 0 1368 0
"1369" 94.4742397134128 54.7804523733451 0 1369 0
"1370" 108.915727506043 63.1650761197799 0 1370 0
"1371" 110.418703958017 92.163397663253 0 1371 0
"1372" 99.7425552842208 85.7162734038747 0 1372 0
"1373" 120.2341682606 56.6974710584305 0 1373 0
"1374" 129.515237679375 89.6193638958343 0 1374 0
"1375" 90.5093868433457 98.0390361144624 2 1375 19
"1376" 101.11974775205 51.7842092964598 0 1376 0
"1377" 101.092509447329 57.6889064178078 2 1377 26
"1378" 110.801635988958 43.8408239983007 2 1378 29
"1379" 147.739135696664 92.1422380631033 0 1379 0
"1380" 108.525447526559 66.5236038829751 0 1380 0
"1381" 141.22110444233 49.2620002955167 2 1381 11
"1382" 120.273358830153 81.8495780295913 0 1382 0
"1383" 79.7850905648067 44.6700351040172 0 1383 0
"1384" 79.8827942482021 46.2255326567676 0 1384 0
"1385" 135.919948321848 71.2254823485812 0 1385 0
"1386" 85.8093262894559 54.6541432571301 2 1386 7
"1387" 114.737845662112 76.2257194022201 0 1387 0
"1388" 118.580177109041 65.9658338889896 0 1388 0
"1389" 118.435771025694 76.6306790362124 0 1389 0
"1390" 82.8421963173303 40.6433182898562 2 1390 20
"1391" 116.052623301236 87.20058682588 0 1391 0
"1392" 135.614639841912 71.3223632735711 0 1392 0
"1393" 146.290588268455 82.6543422018099 0 1393 0
"1394" 97.2820981582871 77.3033480445139 0 1394 0
"1395" 130.65073942315 69.8117801223233 0 1395 0
"1396" 143.489830651881 92.88797349008 0 1396 0
"1397" 90.591211803955 91.1487856718113 2 1397 15
"1398" 88.6876386917112 63.7483918937496 0 1398 0
"1399" 114.32804327484 47.5381525387442 0 1399 0
"1400" 146.549608987076 67.6027242414679 2 1400 31
"1401" 113.41968911098 71.0403676324682 0 1401 0
"1402" 117.009936091319 46.7986354494931 0 1402 0
"1403" 143.353004488115 57.4039092867124 0 1403 0
"1404" 93.6498705600052 82.7496637052593 2 1404 7
"1405" 71.7401756608198 89.0304561684821 0 1405 0
"1406" 71.4106128489799 46.2158761558391 0 1406 0
"1407" 88.3428456124432 71.1477981078701 0 1407 0
"1408" 139.529888864909 92.6531746283234 0 1408 0
"1409" 72.1118526009558 70.9177643942917 2 1409 4
"1410" 114.703554151316 62.0939169335146 0 1410 0
"1411" 99.8849050230703 73.1855170046289 0 1411 0
"1412" 99.8861857977827 78.6709539975651 0 1412 0
"1413" 72.8329235559462 98.0541331715158 0 1413 0
"1414" 78.8148444481935 59.9709289111824 0 1414 0
"1415" 104.127924007217 93.5271976484082 0 1415 0
"1416" 114.801603287722 78.9707977766644 0 1416 0
"1417" 100.462815162908 42.5337667207956 0 1417 0
"1418" 109.390606285428 97.8565455229115 0 1418 0
"1419" 122.009254142139 84.1462123087575 0 1419 0
"1420" 138.752622806976 74.5484515302628 0 1420 0
"1421" 86.2941423068459 67.7760704415055 0 1421 0
"1422" 70.847179445312 55.0270956696743 0 1422 0
"1423" 70.6733524571989 38.9306987540087 2 1423 18
"1424" 78.6253090150745 71.3046306304186 0 1424 0
"1425" 89.5409652646584 41.6543760984034 2 1425 17
"1426" 118.401947056967 52.8686313817926 0 1426 0
"1427" 144.612924046596 97.8750600187798 0 1427 0
"1428" 90.4132423766604 63.7322409285132 0 1428 0
"1429" 146.560604147516 48.3433886340732 2 1429 30
"1430" 80.6713402314002 53.0569733574802 0 1430 0
"1431" 129.374502344926 55.3678704697037 2 1431 9
"1432" 78.7996490842383 42.6458403953245 0 1432 0
"1433" 116.423764061897 94.0285138562595 0 1433 0
"1434" 131.495482811823 90.307257882155 2 1434 31
"1435" 122.337149646147 54.5122611321911 2 1435 15
"1436" 135.160944309126 50.6033550308425 2 1436 6
"1437" 96.7426688414152 78.7147900925635 0 1437 0
"1438" 98.3771756317995 56.7369017244537 2 1438 27
"1439" 76.4156167120736 73.6595485414434 0 1439 0
"1440" 115.20743629125 48.2995144237904 0 1440 0
"1441" 123.783427836948 63.0784235242805 0 1441 0
"1442" 147.809950603467 74.1331380289059 2 1442 13
"1443" 114.459101904694 93.3137510484289 0 1443 0
"1444" 141.917492355744 38.5642423093898 0 1444 0
"1445" 123.730864467766 78.2569064144549 0 1445 0
"1446" 84.5029621415966 50.5603258252094 2 1446 8
"1447" 85.9060472664872 72.9469689578136 0 1447 0
"1448" 100.443612569612 88.8833645622167 0 1448 0
"1449" 102.426832684034 52.1360389332975 0 1449 0
"1450" 94.9216911976491 39.8669652960481 0 1450 0
"1451" 140.367639516402 70.4471421540616 0 1451 0
"1452" 99.6202754625564 56.4901503095171 0 1452 0
"1453" 86.3138936339025 81.1888201824341 0 1453 0
"1454" 118.945200533551 52.5787168541573 0 1454 0
"1455" 121.573973334414 93.0810460307438 2 1455 16
"1456" 78.195066806902 52.220361418191 2 1456 11
"1457" 81.3188249621186 64.4111343031952 0 1457 0
"1458" 92.2277471439777 53.5311289285512 2 1458 6
"1459" 81.7324575395453 39.9087527122395 0 1459 0
"1460" 134.761230999104 50.0557379301426 2 1460 4
"1461" 140.662272394552 48.031736578146 2 1461 29
"1462" 116.661012688577 75.7183135152327 0 1462 0
"1463" 141.461097450501 67.2051657531197 0 1463 0
"1464" 128.398216502134 95.0822974801519 2 1464 11
"1465" 125.485849585491 73.8532556796063 0 1465 0
"1466" 111.943491096767 52.2026085613131 2 1466 11
"1467" 130.417885216796 82.771002377739 0 1467 0
"1468" 114.40756181031 92.8784287249518 0 1468 0
"1469" 110.101344825659 53.1011927898239 0 1469 0
"1470" 91.3184727527976 62.4518155818407 0 1470 0
"1471" 78.354401598982 56.3033493431483 2 1471 7
"1472" 144.258159538538 50.6388306864339 0 1472 0
"1473" 108.571521389889 41.4600199365249 0 1473 0
"1474" 102.407650466326 80.1017158988606 2 1474 5
"1475" 138.137721473225 96.3859734198465 0 1475 0
"1476" 77.4183600268681 95.4299223358365 2 1476 6
"1477" 99.0913436849365 90.3384479300616 0 1477 0
"1478" 99.8878704294322 65.2975115692865 2 1478 10
"1479" 117.669437411594 79.545023119129 0 1479 0
"1480" 76.3822622224674 44.1823460962141 2 1480 0
"1481" 73.5422035330419 73.513146272864 0 1481 0
"1482" 139.691718999459 97.9455819478787 2 1482 14
"1483" 84.0174787003644 59.7041895119941 0 1483 0
"1484" 121.709328581774 39.782959804925 0 1484 0
"1485" 121.49714823233 43.186860133215 0 1485 0
"1486" 72.9329975871767 86.7107884413532 2 1486 2
"1487" 97.08938915888 93.5086146528345 0 1487 0
"1488" 89.0278731033156 65.4844156469327 0 1488 0
"1489" 139.662423290344 80.1603903294116 2 1489 21
"1490" 99.7535034254798 56.5223490010468 0 1490 0
"1491" 81.9661134658782 89.2615916932267 2 1491 4
"1492" 136.726317114721 71.2993552452546 0 1492 0
"1493" 85.9309141269287 44.3572801730436 2 1493 3
"1494" 84.9523260803074 40.9378750236635 2 1494 22
"1495" 105.089789489343 83.7089479640184 2 1495 21
"1496" 110.59151399416 86.4282413698197 0 1496 0
"1497" 90.7768216380018 88.5650460054465 2 1497 5
"1498" 81.7353147999636 79.3322388200914 0 1498 0
"1499" 124.752308734374 58.2260730933683 0 1499 0
"1500" 148.59062693171 52.1558193332274 0 1500 0
