"V1" "V2" "V3"
"1" 78.6120864500931 92.4903735691215 1
"2" 82.205405310527 89.3266168850108 1
"3" 86.2311327426933 47.4622567427527 1
"4" 139.479312184628 54.7032480259329 1
"5" 78.3333216085707 92.6419735116053 2
"6" 82.0167950021784 90.0640816984807 2
"7" 76.5097081213409 95.8338453555052 2
"8" 81.4021132811891 88.731939884841 2
"9" 82.1528362261817 89.4726642082223 2
"10" 83.6596245559404 87.1807952969615 2
"11" 82.794376842276 89.9944639350767 2
"12" 82.6249682443261 90.5110187348456 2
"13" 82.2779621487014 89.5187232420665 2
"14" 79.4815437765065 94.9405938102984 2
"15" 78.8690146395061 91.398808049376 2
"16" 86.2267233796652 47.3166520800105 2
"17" 86.3368942160271 44.4669346647257 2
"18" 86.0473992113366 49.2569766953792 2
"19" 86.7400571307188 47.8809976724848 2
"20" 87.931589453036 51.8984737760503 2
"21" 85.5648277757227 46.9689739482309 2
"22" 86.0550666513535 46.9346124165394 2
"23" 86.052647021068 48.4564490008176 2
"24" 86.4451650438578 48.9764642534814 2
"25" 86.2411639287713 47.3014990658195 2
"26" 85.1204329930166 47.8904403794265 2
"27" 86.1249231345061 46.88272947614 2
"28" 87.3288408263798 45.2283176213916 2
"29" 85.8770244353081 49.7773922124252 2
"30" 85.923992914735 49.2668024560814 2
"31" 86.3248131452066 46.8264404343789 2
"32" 141.482495781776 56.176439099658 2
"33" 139.004961330452 44.2625570536089 2
"34" 138.53049084351 54.3961658129734 2
"35" 135.095263098701 58.5065671750686 2
"36" 134.921024365242 49.704796742198 2
"37" 133.437327343158 57.5364396277227 2
"38" 133.703004234585 52.770774344391 2
"39" 140.665613534058 44.5494548838552 2
"40" 141.388614102874 75.1001549525919 2
"41" 86.4369007452608 46.9385250968743 2
"42" 83.5799104725322 95.0094841231345 2
"43" 122.254668408878 43.1494026530538 2
"44" 75.1887152906753 95.7775046079394 2
"45" 72.9329975871767 86.7107884413532 2
"46" 79.1162605052786 90.3375201740163 3
"47" 79.8500008062715 96.269132142163 3
"48" 80.3315428544487 93.6096696603959 3
"49" 77.1080895381738 91.5951718401804 3
"50" 81.9505538708103 89.8288724169007 3
"51" 77.1074952621971 91.7171362260373 3
"52" 78.8088733937138 93.6890293563328 3
"53" 79.2760399165734 91.1872281609644 3
"54" 83.1512163948465 95.3474481123714 3
"55" 82.867375792224 87.3977114390629 3
"56" 82.3534018386627 89.4670380001123 3
"57" 80.9806022735242 89.1479458266083 3
"58" 75.4955732576136 88.6365884192718 3
"59" 77.1527019478932 94.9692804075463 3
"60" 83.1862208122483 90.7288061010883 3
"61" 78.3898355357862 92.6142336408745 3
"62" 79.4344182748844 91.0385567712314 3
"63" 79.2288932211523 91.2089720892384 3
"64" 82.1301712107013 89.6017475135323 3
"65" 80.3931116515846 90.112821567176 3
"66" 83.7973661832125 94.6630000210342 3
"67" 81.8200102343808 90.2166251821279 3
"68" 81.5086320958711 88.0864544324116 3
"69" 86.2691696502534 91.4492415224835 3
"70" 73.776575558553 86.7118797269079 3
"71" 81.9726815995655 90.4877288650138 3
"72" 81.9249261480645 92.1210310753794 3
"73" 88.700832580398 51.319319148331 3
"74" 87.0109556500123 47.4924114899094 3
"75" 86.1271793214547 48.0123910575026 3
"76" 86.7147358579992 48.435351249405 3
"77" 86.5564234012507 43.4813860256857 3
"78" 87.2385831737721 52.0658384409038 3
"79" 86.9921036801416 44.9998391269395 3
"80" 87.8533964553898 44.3383564113362 3
"81" 86.3444537525276 44.8983803874949 3
"82" 85.9726491700195 48.9894644593651 3
"83" 84.4704089099728 43.5373516281192 3
"84" 85.0009981270844 51.4100038699372 3
"85" 86.2141454792546 49.5527576863014 3
"86" 85.8853433036429 49.7050918093829 3
"87" 86.7628962149046 49.5697913239622 3
"88" 86.4338540834414 48.6005349243058 3
"89" 87.0038568043771 44.4457936622758 3
"90" 86.141403065014 46.6757028188877 3
"91" 86.3326630767382 49.4607531524927 3
"92" 87.3952197109494 48.3199531815805 3
"93" 85.7078870534825 47.3960807380015 3
"94" 86.4902570267955 48.7593632061352 3
"95" 85.7141950768258 46.5188467194748 3
"96" 86.8060019468347 42.6732421777771 3
"97" 86.0463110629745 49.1085367710358 3
"98" 86.487622677187 46.6770676766334 3
"99" 87.6811539519833 45.2126399053525 3
"100" 86.0594973938832 46.0287291160819 3
"101" 86.1202317715095 45.6311419185834 3
"102" 86.1771126261026 46.9632008225652 3
"103" 85.3441361683158 50.9011783164018 3
"104" 86.0828873885112 49.6833221171097 3
"105" 87.2455797449924 50.5031220880893 3
"106" 85.8901352862491 44.5053902240735 3
"107" 141.33863998869 43.9778209953704 3
"108" 140.892380074798 44.5564605697254 3
"109" 140.495271461486 44.8297930441961 3
"110" 135.001540454764 46.270386114848 3
"111" 134.803843440841 49.1481524128288 3
"112" 139.981153842926 52.0642320423724 3
"113" 133.70153795502 52.8980539364984 3
"114" 140.310177126491 52.9726047368454 3
"115" 141.822520592307 56.1689556709455 3
"116" 144.610534763214 52.4300612932167 3
"117" 139.907987186009 51.6724049758649 3
"118" 130.972869253291 48.4957056965693 3
"119" 138.882442240117 57.413839871853 3
"120" 137.043931190383 47.3110657363312 3
"121" 136.373247875547 49.372455589288 3
"122" 138.4292649507 55.2524458492748 3
"123" 134.710089396719 53.0484699397956 3
"124" 144.921661619134 66.1084511977625 3
"125" 85.9309141269287 44.3572801730436 3
"126" 81.2931279799486 96.5811723826586 4
"127" 86.1243704054352 94.1837451323272 4
"128" 78.83856611598 90.8962832854358 4
"129" 83.8923549742095 89.9832181986023 4
"130" 84.040299286352 89.8475071954374 4
"131" 86.1943090579798 91.3512155616478 4
"132" 86.9557398992493 91.8915684477273 4
"133" 82.5415946528889 93.2034402783885 4
"134" 76.3814109318799 89.455652809198 4
"135" 79.6474854056296 89.3720419517813 4
"136" 80.6025337481464 90.2385408680242 4
"137" 87.6831173256751 91.8158448020319 4
"138" 82.2075171493245 92.5930976542517 4
"139" 80.6312237050568 92.6662310093687 4
"140" 83.1082567558385 95.0780590990357 4
"141" 83.7413682051425 93.0737827742458 4
"142" 86.2237352584178 91.6816542402225 4
"143" 86.5011108363373 93.2594898093454 4
"144" 81.2451325078788 93.0748898826512 4
"145" 85.0597604453146 91.9292912485978 4
"146" 75.9643970577548 94.5652686861142 4
"147" 82.8649330324779 90.8165323420331 4
"148" 84.4021493143001 94.0139268855722 4
"149" 83.4067684285548 89.1956274548674 4
"150" 76.1634284295514 89.0510565001393 4
"151" 81.9597166378509 90.7007250754505 4
"152" 84.4779395444281 93.3155649306975 4
"153" 82.7762159365636 91.5197589717711 4
"154" 80.7227591404485 90.7416242042953 4
"155" 84.0448459519502 91.165872765485 4
"156" 79.0432972322215 88.9319389769189 4
"157" 80.9939917786424 91.0810366856641 4
"158" 80.7318541471658 89.5194482544062 4
"159" 81.855876027058 90.3882152810579 4
"160" 78.0222630933812 90.1311058262221 4
"161" 81.794952911683 91.8218789729515 4
"162" 75.603278711265 87.3223479873031 4
"163" 79.095087087842 91.0414207642483 4
"164" 80.2244959431852 93.8049078293322 4
"165" 79.4550565484873 90.8938565560067 4
"166" 76.8474804441141 94.7189576020309 4
"167" 80.2112815973723 92.1571302822632 4
"168" 85.9720953661354 46.1646183653416 4
"169" 87.2438967996418 50.1129657234871 4
"170" 86.1999197322394 49.8098414219222 4
"171" 87.0450162878221 49.7504952386193 4
"172" 87.6831013501056 45.2419164077915 4
"173" 85.9637870744441 45.9568754396238 4
"174" 87.4295729665958 52.4271302992182 4
"175" 85.7533239211475 48.9681855519519 4
"176" 86.6601438315604 48.4969119013475 4
"177" 86.5296601316669 51.185203088049 4
"178" 87.0796499174943 52.2279832588512 4
"179" 86.4704499981479 48.4091516018758 4
"180" 85.1873064630467 45.3577176282288 4
"181" 85.8275755333024 47.138673833195 4
"182" 85.2920794131244 48.3731410812341 4
"183" 86.8061611074535 42.7954977992352 4
"184" 86.0830589317525 48.1506795336936 4
"185" 87.3791579167607 51.7985478621513 4
"186" 86.2791997568104 45.2408222046171 4
"187" 86.0867871283139 48.836659957801 4
"188" 87.6669971441299 51.8211394233892 4
"189" 86.0728185823234 46.2027040941333 4
"190" 85.7722400990651 51.6849598176684 4
"191" 85.8880227107594 47.9253894664297 4
"192" 87.2472929051364 50.4191833733123 4
"193" 87.7760933507019 45.7113929854043 4
"194" 87.6425763375173 48.3805159676337 4
"195" 85.0259514063866 47.5594689644772 4
"196" 87.2943146516085 53.5609631464893 4
"197" 86.6669099947427 43.5804341695541 4
"198" 87.0543577358856 51.5265489676338 4
"199" 87.3932010781363 50.1675028457408 4
"200" 86.6940062327458 48.5629094241005 4
"201" 86.1641323521835 45.2356775069633 4
"202" 87.4154897882233 51.0793601783092 4
"203" 87.0937347700953 42.5177110414642 4
"204" 86.7752995506139 51.5703547942897 4
"205" 87.5229573657614 47.9707875756028 4
"206" 86.5461721206819 46.1113040795677 4
"207" 87.4315373940972 46.480528852389 4
"208" 85.1699964079387 50.4096001221307 4
"209" 86.6430234707022 48.6225873725235 4
"210" 87.1331771842605 51.8985818955927 4
"211" 85.953637989319 44.2052071073674 4
"212" 86.0175963759272 44.674752716067 4
"213" 86.8862136966037 42.6436394366986 4
"214" 86.9461290884699 47.3726433266698 4
"215" 87.8115839016158 45.7087091942951 4
"216" 137.491308533095 49.8172840155088 4
"217" 138.371613830934 48.5872288617262 4
"218" 135.237110437012 49.8041729624202 4
"219" 135.94454445149 50.5817625561188 4
"220" 138.247186318641 58.6228185245142 4
"221" 140.377099125387 52.8833977079574 4
"222" 138.606958259969 46.2681512647731 4
"223" 141.757201221231 53.6482204301728 4
"224" 136.076317984612 48.1161019599251 4
"225" 140.159536627008 51.9161374323588 4
"226" 138.673700456279 49.1112951995223 4
"227" 137.858850145687 49.3076059675383 4
"228" 134.131857870454 48.1171612233328 4
"229" 134.982548559114 46.0874786124262 4
"230" 138.626040967126 57.9190084956026 4
"231" 134.602002552624 52.7893189764313 4
"232" 134.77810175674 53.1915780682942 4
"233" 137.390535361227 47.9364176612429 4
"234" 138.784037224215 45.5431350235509 4
"235" 134.789892212648 48.2949001038518 4
"236" 137.088594711772 49.7686057996231 4
"237" 133.49471335955 51.9704072642492 4
"238" 136.097686547246 49.8145922960486 4
"239" 135.948260163201 48.7582028458869 4
"240" 136.947587580126 47.5602466486639 4
"241" 133.641279392785 46.0683302023064 4
"242" 133.995408540127 53.0384628329704 4
"243" 139.92903635266 50.5623964400732 4
"244" 136.746625154301 47.2962630861511 4
"245" 107.470253447399 91.1531343746896 4
"246" 79.0683654028437 90.380183641671 4
"247" 81.7257079754095 90.2478766520961 4
"248" 144.608266881697 52.1841132862153 4
"249" 76.0104138898332 61.1034538897948 4
"250" 72.1118526009558 70.9177643942917 4
"251" 134.761230999104 50.0557379301426 4
"252" 81.9661134658782 89.2615916932267 4
"253" 79.7111797937547 87.5236017196607 5
"254" 79.0967359719437 89.0299617560067 5
"255" 83.5801864467825 89.3893756413004 5
"256" 84.9728494974623 91.758262167033 5
"257" 88.170294517027 90.8572434297958 5
"258" 80.0603213267396 94.2018971714663 5
"259" 78.0814284403266 89.5618331222063 5
"260" 74.9079319046658 86.5506765286319 5
"261" 80.5969209281695 91.0323577664651 5
"262" 84.1290559141281 89.7756356475488 5
"263" 84.0581574380992 90.0583869382899 5
"264" 78.0609834561103 90.4306407739285 5
"265" 80.0189680308567 90.3944205783049 5
"266" 78.296197552025 93.1310637289841 5
"267" 82.6226142815255 93.5831517934931 5
"268" 81.973637011044 95.0595310608479 5
"269" 87.3403020904804 92.3644893824791 5
"270" 79.9927616455285 89.6300149872868 5
"271" 83.753686096181 93.3456756865967 5
"272" 87.5160754750402 96.166981506719 5
"273" 77.7861563079673 94.4121433315319 5
"274" 83.089900745811 93.276643722481 5
"275" 83.9559754981468 90.1271412626595 5
"276" 85.561788092509 91.1442913058748 5
"277" 79.976917982349 92.4350169664629 5
"278" 80.0408100425276 90.8942565391022 5
"279" 81.6384686466709 90.4382581712553 5
"280" 80.6163065085562 92.8205000889584 5
"281" 82.3680190499662 91.6743569499771 5
"282" 86.3128502422828 93.2602694750519 5
"283" 83.3411388109778 94.4739152210856 5
"284" 83.807043280628 89.2254546745568 5
"285" 84.5193432366846 92.110109135174 5
"286" 81.525657217172 96.9303227468109 5
"287" 83.0345856883669 94.9746718233415 5
"288" 85.0078343230956 92.2030155384876 5
"289" 75.5235403375512 89.5224836159625 5
"290" 77.2822300070517 90.4193614136549 5
"291" 83.1130670807698 89.9728856442212 5
"292" 86.6684175077164 92.1457870573039 5
"293" 76.6135657833647 88.0040877407266 5
"294" 85.3437479784215 91.8786417539479 5
"295" 78.9541055786573 93.4546156077019 5
"296" 84.7603908330623 94.6600222970812 5
"297" 84.7341999894112 90.7109224021483 5
"298" 86.2305442685746 94.5337652934156 5
"299" 83.8378631391238 93.1323947567801 5
"300" 86.0298880156191 91.5759705882031 5
"301" 81.0274485979189 95.3464918906246 5
"302" 86.2904013928105 88.4733454844587 5
"303" 83.3743057167313 93.6995794636172 5
"304" 84.6511241627493 90.6445854137505 5
"305" 81.1817707227867 89.8479512067582 5
"306" 83.6147295216865 88.8572281549201 5
"307" 86.3974978748856 43.8848798577543 5
"308" 87.5815463309061 46.7946264188275 5
"309" 84.9616444916857 46.121581376411 5
"310" 86.3636309139548 51.3086881593642 5
"311" 86.9277568861606 51.0969148807439 5
"312" 86.2554927786201 45.7618260001983 5
"313" 85.8936121933145 43.0015428529849 5
"314" 85.511005459057 48.5163433055589 5
"315" 86.8664851148342 47.1941498932623 5
"316" 86.5139798550951 51.1275984523434 5
"317" 87.5727414283824 48.4134393623093 5
"318" 86.1735624716679 43.4236798126192 5
"319" 88.1595644599041 43.743451081091 5
"320" 88.2890508230717 45.1268487129208 5
"321" 86.781242076447 44.3635220959819 5
"322" 86.1150247125244 44.9993044988525 5
"323" 85.8832438779609 51.5132154221705 5
"324" 86.0765331717786 54.7302198995318 5
"325" 87.363678664892 48.5668520067642 5
"326" 87.1916296748002 48.896963633154 5
"327" 86.887013175831 49.9781284270585 5
"328" 87.6192013785603 48.4224404039882 5
"329" 86.7159213602384 46.1098380888155 5
"330" 87.1026461275907 50.3226190120309 5
"331" 87.1627679266022 42.3458070707331 5
"332" 87.3900418001588 49.5926134603023 5
"333" 85.1171994710292 48.6312105733776 5
"334" 86.285849788944 52.5776740314682 5
"335" 86.9520536978315 49.4279433995721 5
"336" 85.2259586786196 48.3478250269929 5
"337" 86.4751379654399 44.0810887029488 5
"338" 86.3059426648493 42.8324356300857 5
"339" 85.3596680790315 52.349263869623 5
"340" 86.7927681252977 51.3244695589692 5
"341" 87.7119516653675 48.454706411368 5
"342" 86.149095566683 50.2447740118382 5
"343" 86.2124579838426 42.1283939646403 5
"344" 140.676096876996 45.7768337307866 5
"345" 133.56434293735 51.1086753817473 5
"346" 134.857819982193 45.7668651886139 5
"347" 136.017358220694 48.1045618477808 5
"348" 138.568428391644 46.3638972071269 5
"349" 144.231244636452 45.4585415166749 5
"350" 139.496880740806 45.1358930667633 5
"351" 136.609375687539 50.0894596729158 5
"352" 143.005833421258 56.6794894909666 5
"353" 137.183365774266 48.4423618939647 5
"354" 141.151221432584 41.5349857233745 5
"355" 138.945933985575 47.8954263350529 5
"356" 139.559778378087 49.5231044719159 5
"357" 139.05230899342 50.8277739903681 5
"358" 139.94096292609 47.2326479908338 5
"359" 137.371843700428 47.6202130621752 5
"360" 137.474487245098 48.1438588444132 5
"361" 136.301995653243 50.3394601413344 5
"362" 137.354964744691 49.6923378670529 5
"363" 140.019488182222 44.4711951136931 5
"364" 133.973701575882 48.4328063842591 5
"365" 138.768509833693 48.73850104983 5
"366" 142.868378357696 53.4703029884804 5
"367" 136.362972681998 50.8858643478057 5
"368" 133.955524370008 48.7292222606056 5
"369" 138.142150213034 53.2125949908466 5
"370" 138.673361725778 49.3023441494707 5
"371" 136.928466559174 44.5196347755264 5
"372" 134.716961157597 49.9654063639135 5
"373" 138.778993411104 49.2241908078025 5
"374" 137.820247701235 53.581927817443 5
"375" 136.122667495373 49.0889805495758 5
"376" 133.431476388923 41.0462729767592 5
"377" 133.667212909098 53.9722022678206 5
"378" 137.98689285461 46.8024843953169 5
"379" 140.736349160076 52.7398165646199 5
"380" 138.008149267105 55.2987951379877 5
"381" 137.296382292752 47.9343315661389 5
"382" 138.461195990563 48.9539649014962 5
"383" 134.472678251816 52.865853395118 5
"384" 139.18540429679 55.7468134390096 5
"385" 136.250724487367 50.3940841841029 5
"386" 136.077056551546 48.7350764839144 5
"387" 135.131282989453 51.9427275793199 5
"388" 137.906684463194 49.4950841374292 5
"389" 136.525420271962 49.1482330257083 5
"390" 139.202396244423 47.1031318324682 5
"391" 136.145971958066 48.2627334516581 5
"392" 138.278854830401 44.0416812103488 5
"393" 80.3041002170765 92.1317159182476 5
"394" 82.2227724985735 48.6403525176043 5
"395" 89.1388373652787 48.6800370396491 5
"396" 137.527915461738 49.559695816614 5
"397" 87.8891040472758 42.6645316797265 5
"398" 88.2846127497317 53.7073996220187 5
"399" 87.2226441440567 52.3794147837473 5
"400" 88.3200434842977 56.3570141883863 5
"401" 102.407650466326 80.1017158988606 5
"402" 90.7768216380018 88.5650460054465 5
"403" 83.4685578564775 93.7233383825931 6
"404" 84.6029795593305 90.4956638024244 6
"405" 80.7179162565933 86.8576203118643 6
"406" 84.4341587751414 90.9736352493482 6
"407" 79.1422849640603 93.6215232052571 6
"408" 77.113634252143 87.6799582844505 6
"409" 79.9417701267137 90.8608435877587 6
"410" 78.8307592737205 87.3278096205868 6
"411" 81.1411677422398 91.3808517318177 6
"412" 81.3608768325772 89.9114461937104 6
"413" 84.7290591360839 94.0255361824726 6
"414" 84.0301425269279 88.5811044434055 6
"415" 79.4548391399937 94.6191152520373 6
"416" 82.0055903061639 92.9447815593403 6
"417" 84.3924618883538 89.5072490573589 6
"418" 78.2768006867218 90.834180391016 6
"419" 86.3174424330669 88.003341653706 6
"420" 84.5437378851486 90.7082814631626 6
"421" 79.5264980267724 88.9477559784567 6
"422" 83.3372219742897 97.0638084321034 6
"423" 79.7602356546188 90.5840044264766 6
"424" 80.5327409228765 92.2171170692468 6
"425" 79.8602561282186 94.3409513912412 6
"426" 88.3410398547591 90.6855866378265 6
"427" 83.4418358825937 85.7301589084678 6
"428" 79.8913246439475 90.5453747244648 6
"429" 75.2773707756483 89.7448539208688 6
"430" 82.5531466273425 93.6989248993239 6
"431" 80.7057365270952 93.6412779704484 6
"432" 83.7768286412135 92.1663453612581 6
"433" 81.1213913287447 89.9593527268391 6
"434" 80.9601793210051 95.5822532307863 6
"435" 81.132042845734 95.4134124914518 6
"436" 78.5374178293414 90.8002104733046 6
"437" 82.0960812434003 95.1215168918522 6
"438" 81.7585743895659 95.6467253404474 6
"439" 83.6795125665526 89.4818637629601 6
"440" 82.9381465668925 89.1493609823963 6
"441" 85.5653713095909 91.0006600663103 6
"442" 81.3762875754778 89.1188002760611 6
"443" 78.1640087666114 90.3234847531447 6
"444" 77.3785137271812 90.5195493436896 6
"445" 80.5901910507887 91.0744043308334 6
"446" 78.6051790903232 93.7089156408781 6
"447" 87.0464389731422 44.1423544711063 6
"448" 87.043645037429 54.5333592905508 6
"449" 87.6250976993993 47.7314137278726 6
"450" 87.2962736811409 48.8616590526358 6
"451" 87.5184381349769 49.2560527568119 6
"452" 88.3506811545468 51.5611815044591 6
"453" 87.2349383943651 47.1081906597331 6
"454" 85.8163103190496 45.7678265707392 6
"455" 86.3390178109685 43.8858420495953 6
"456" 86.0887415138309 50.6556886597692 6
"457" 87.1260036374813 48.996740659578 6
"458" 86.2882862946134 51.4450196047024 6
"459" 85.0985140770898 46.1089940008202 6
"460" 86.6536348741948 49.9167660859739 6
"461" 86.6963821393312 51.0978379177092 6
"462" 85.1273810339263 43.0238096580012 6
"463" 87.6461160951167 44.7478890486324 6
"464" 85.857977607644 54.948654653345 6
"465" 87.0764058232185 43.7397769914053 6
"466" 87.5735491008112 51.2245868187821 6
"467" 85.1079078842197 46.0335572448361 6
"468" 86.0449368237803 47.6282608287669 6
"469" 86.1593606500386 51.6814231615028 6
"470" 86.6736820214052 52.2704047882034 6
"471" 85.142654070269 48.6399345986494 6
"472" 87.1586503313181 43.1211216095126 6
"473" 87.0276613124597 49.0393547515906 6
"474" 86.1728521505493 55.3324128403698 6
"475" 87.1173183644504 50.9820166584086 6
"476" 86.6608989879631 47.1872423263862 6
"477" 137.363363561694 48.2027771297538 6
"478" 138.609172506933 47.8149390501461 6
"479" 135.686306923163 49.4763249855629 6
"480" 135.453003972855 48.8168050381751 6
"481" 138.436341423911 46.6636893375007 6
"482" 137.261323517616 49.2622468118833 6
"483" 137.344873965027 44.3940210834239 6
"484" 144.630549206675 45.434962301028 6
"485" 138.958011905755 49.4134145075826 6
"486" 134.832303286722 48.842851082294 6
"487" 140.0415145464 45.2167584614927 6
"488" 141.049204570021 52.3029562967336 6
"489" 142.971992983854 52.8380151216649 6
"490" 141.519192525463 47.6570555752664 6
"491" 144.344012433834 45.4349835595144 6
"492" 140.215136684819 50.6996943176098 6
"493" 136.080400034983 53.5550357508343 6
"494" 135.932923706474 52.8266599544278 6
"495" 136.034481148453 51.2241466455535 6
"496" 138.071552993694 44.133276647915 6
"497" 139.491405050155 49.8095785637124 6
"498" 139.546769970716 44.9850349193532 6
"499" 135.300978019619 49.2633279876519 6
"500" 137.702542881811 55.8004847258319 6
"501" 134.779722509232 54.7673971165855 6
"502" 133.818118078781 45.6910473774545 6
"503" 134.087880399628 48.9531295588868 6
"504" 141.057361638236 40.9673859802631 6
"505" 132.626435065343 54.7184291338448 6
"506" 135.558491531463 51.9427745321226 6
"507" 140.09507343564 47.0356144358577 6
"508" 140.725007492646 46.9482927687549 6
"509" 137.854239527238 49.9878618846864 6
"510" 142.093032382397 52.6939363332873 6
"511" 136.917704836506 49.3730414841946 6
"512" 139.5486145679 54.1608411038608 6
"513" 137.446900035108 49.5386558796648 6
"514" 139.178432330011 48.5266266728818 6
"515" 137.574318266634 53.5000986578201 6
"516" 136.400772504005 50.9264161159167 6
"517" 137.306820041699 46.7289027583494 6
"518" 139.270424654412 48.7673527829502 6
"519" 137.703247459203 48.2205661174564 6
"520" 139.675534941372 47.08361629529 6
"521" 139.841793608698 52.7777085714997 6
"522" 139.319331508441 46.9713168664952 6
"523" 134.675867052344 47.9676989457339 6
"524" 135.740774389353 47.2476132263303 6
"525" 133.239777227285 51.3771011519086 6
"526" 78.3148322627892 56.4970188341341 6
"527" 76.9156439735853 90.0999778018386 6
"528" 83.8371255486157 90.6152591548576 6
"529" 85.6645884038275 95.4524157297952 6
"530" 134.251742118795 43.8776025100624 6
"531" 137.127048802091 59.7599934658636 6
"532" 75.2066344960671 85.0706493672886 6
"533" 83.1950007669624 96.4363935153178 6
"534" 135.160944309126 50.6033550308425 6
"535" 92.2277471439777 53.5311289285512 6
"536" 77.4183600268681 95.4299223358365 6
"537" 82.5453924611728 93.8109581271197 7
"538" 78.8058006012974 87.3572010025731 7
"539" 88.2047963325003 90.5438068994516 7
"540" 84.3151358380764 91.2269266624833 7
"541" 87.0376235787719 91.5085602334326 7
"542" 77.0507173222985 88.6464741839569 7
"543" 87.0200106141559 88.3546171536529 7
"544" 78.0863734099398 86.4074546837254 7
"545" 79.4992151766351 88.1928476140132 7
"546" 74.1464488814637 88.1936926110362 7
"547" 79.5943820692253 94.2337522853539 7
"548" 83.6040055296105 92.1230541358813 7
"549" 79.563637923831 89.1037812495458 7
"550" 87.1136451770438 94.4124156555896 7
"551" 80.5671558972606 91.2066821001571 7
"552" 84.5873024777955 91.1800873670843 7
"553" 79.6990641172713 94.4126705403258 7
"554" 77.6868084535054 87.8407638931621 7
"555" 77.7577136445064 93.3749737746515 7
"556" 87.2399141432313 97.0442468400942 7
"557" 77.924767521723 90.6191111124148 7
"558" 83.7047036315821 90.560692893254 7
"559" 80.2756907245344 92.4759643546357 7
"560" 77.6295829973542 90.6443519863914 7
"561" 82.147880226013 95.664759694164 7
"562" 88.1656657749336 92.0926351387154 7
"563" 77.1116296573975 90.0434907182659 7
"564" 77.5506598220183 90.2445891318863 7
"565" 82.3476421818167 94.0433730458202 7
"566" 79.7833733575816 90.7227918463215 7
"567" 81.1478136027948 91.545303726106 7
"568" 87.3044820179862 88.4115011845972 7
"569" 82.1873791003391 94.2095662159618 7
"570" 87.5051476054098 51.3227086939322 7
"571" 85.766290323665 51.185109144296 7
"572" 85.8668247101062 49.543185555677 7
"573" 85.8127178230372 54.514293003111 7
"574" 86.695175163115 49.721744863997 7
"575" 86.5901910098954 50.5723991494255 7
"576" 86.3990512972664 50.5849040727548 7
"577" 87.2633516796855 48.7179336190617 7
"578" 86.1508329952592 52.377904817169 7
"579" 86.1859280148947 55.0892118917377 7
"580" 86.7238852283136 44.956318102942 7
"581" 85.2519649687011 50.1908394470068 7
"582" 87.5673188771898 49.3809265315461 7
"583" 85.4430519703213 42.8368164568078 7
"584" 86.8538504099101 46.4909336958382 7
"585" 86.8011881474195 46.9916690605427 7
"586" 86.4021099629157 51.4845357270992 7
"587" 85.9946187839129 51.0493416144131 7
"588" 87.1434244228319 43.7238932440139 7
"589" 88.2338280685066 52.6387600903176 7
"590" 85.937806988479 47.7592803973843 7
"591" 87.2592394543513 44.6648353139276 7
"592" 132.636151309324 49.0923739823945 7
"593" 137.412923761445 46.8991320445753 7
"594" 136.80033403335 48.9758461474921 7
"595" 132.413995778979 54.3698163190897 7
"596" 135.33774702719 47.0690064774955 7
"597" 138.395814089668 53.120974972597 7
"598" 139.613313743261 49.9591606790766 7
"599" 137.759377943665 47.3640531863506 7
"600" 143.05570246886 45.0251563506737 7
"601" 136.213261295197 50.9333709046587 7
"602" 141.477800317892 52.8481708138358 7
"603" 135.978355120155 47.4910210031494 7
"604" 137.640125922247 51.3044130452746 7
"605" 139.853786590711 52.8568076911007 7
"606" 136.519409157812 44.2127621363923 7
"607" 139.413226004827 46.8972606600255 7
"608" 137.158683240993 49.2025234348794 7
"609" 141.49819552812 52.2819804844082 7
"610" 131.309832731012 54.3526431027033 7
"611" 133.973925254771 49.1394923324843 7
"612" 140.877516005688 47.0108501065825 7
"613" 134.282949219315 44.4707705027324 7
"614" 137.930334524036 49.8632309115147 7
"615" 135.79898138751 52.9260778786488 7
"616" 135.904487006212 53.0506265967385 7
"617" 135.502727016308 44.7848084263801 7
"618" 138.085370108825 52.7306283432854 7
"619" 137.752799493012 57.4362548802407 7
"620" 138.244853471987 47.3673761596038 7
"621" 139.903099360795 54.2649831483978 7
"622" 138.210566722109 45.9179597704429 7
"623" 136.237293425704 51.339167973173 7
"624" 136.597107854786 50.8169743361119 7
"625" 134.310554697105 49.1314092467378 7
"626" 139.046750559149 48.9001168836636 7
"627" 135.030937260868 47.8050713511904 7
"628" 137.580635794333 50.7880139113144 7
"629" 136.678840814266 51.6690378884494 7
"630" 135.427099399032 46.5896902866262 7
"631" 140.094524221487 54.1608331610723 7
"632" 138.536152106946 47.8789818188785 7
"633" 139.239133979807 49.0859618051721 7
"634" 137.668898122306 47.0569847880128 7
"635" 140.504635610294 47.1885066345859 7
"636" 137.558104072721 55.9134031893424 7
"637" 135.066041224694 51.5397819919492 7
"638" 134.938346856858 47.3781432978278 7
"639" 91.0634670482707 52.7107091479432 7
"640" 91.3044354531778 87.9362306674458 7
"641" 140.466478988042 56.8548811544946 7
"642" 85.8093262894559 54.6541432571301 7
"643" 93.6498705600052 82.7496637052593 7
"644" 78.354401598982 56.3033493431483 7
"645" 83.2713788588309 93.3762902304972 8
"646" 81.9197185195254 96.5720355885399 8
"647" 84.0713753758343 92.1511253568232 8
"648" 84.3347548162127 88.7020305545666 8
"649" 76.9558990207736 89.2353068911665 8
"650" 84.2413211842414 96.0334202586981 8
"651" 79.7066052784866 93.4831360734896 8
"652" 77.8312901209866 86.262799563275 8
"653" 78.6451380534338 93.8519585572524 8
"654" 72.7066198526193 90.2562787988145 8
"655" 81.5477567323498 95.8738525678273 8
"656" 86.9691108203647 90.5114312910973 8
"657" 79.8011559299891 92.4822493229052 8
"658" 83.5428329503001 92.0772063686585 8
"659" 87.6932358788366 90.993602055244 8
"660" 73.6331685603937 88.6355332232248 8
"661" 82.2569799571586 88.3224620841755 8
"662" 77.600460178756 95.6961416098998 8
"663" 82.5359392343231 94.0776776139954 8
"664" 74.9742510790577 87.5468324389046 8
"665" 79.5536031055066 94.1214887159549 8
"666" 75.8481416877523 93.9254909892016 8
"667" 75.0991395315389 90.1361525112578 8
"668" 85.6320716521277 50.4722863213676 8
"669" 85.4774376719554 45.9937057979346 8
"670" 86.9813797978248 46.9559583754368 8
"671" 87.0038950211683 50.1019468218166 8
"672" 86.5710773325253 51.4778807626374 8
"673" 87.1223896556739 54.1755374711287 8
"674" 86.633978949424 50.453786255524 8
"675" 86.9870522861737 43.3791445231598 8
"676" 85.1828213481379 47.6939889211191 8
"677" 141.526075295134 52.0434230493825 8
"678" 139.287137718423 49.229256960309 8
"679" 140.512026402889 47.2191932678259 8
"680" 137.052515683224 49.0531783590052 8
"681" 135.429281120083 44.8143056917434 8
"682" 137.957329431203 47.8320912781127 8
"683" 133.866844648594 51.2897888545571 8
"684" 137.670665852619 47.4635221955957 8
"685" 137.739280960162 58.2336015374208 8
"686" 139.352739603126 54.1416785996976 8
"687" 137.601314908063 51.2220399060524 8
"688" 137.035634211798 46.4839333350263 8
"689" 137.486643273303 49.1598319322165 8
"690" 131.285381945314 48.3111452988455 8
"691" 131.82677076881 52.9851500044369 8
"692" 134.610416446484 54.7127252614282 8
"693" 143.813091617058 44.0023785257543 8
"694" 140.445971049048 47.1756661181084 8
"695" 140.524869270194 47.7827745964466 8
"696" 138.067757405672 50.7718502082343 8
"697" 136.235687644535 45.9169827444577 8
"698" 136.877733453142 46.6162324305501 8
"699" 136.686437815633 50.7774692913126 8
"700" 135.16175728586 55.8324598297482 8
"701" 136.820261722768 50.9245744366293 8
"702" 136.002819547924 47.5247075641186 8
"703" 138.729785422913 45.7868971439949 8
"704" 135.425968482108 52.7980840416301 8
"705" 130.2038951187 50.0695883198791 8
"706" 89.1896117944225 90.4555247215114 8
"707" 130.364313941308 51.2010001516651 8
"708" 101.897621971017 71.9184886059402 8
"709" 84.5029621415966 50.5603258252094 8
"710" 87.6527005430682 90.8842824121472 9
"711" 77.5929501089298 93.1997955717215 9
"712" 77.642936382933 92.2213973460577 9
"713" 82.5007317394643 94.1075861084271 9
"714" 86.498483645596 91.411972171738 9
"715" 72.9535386784857 91.5914829000826 9
"716" 78.7700396263892 85.4834809607882 9
"717" 80.1515125659974 88.3565638247078 9
"718" 81.3836256622987 98.2727277837662 9
"719" 85.9142670559346 93.8329683811921 9
"720" 78.1357362034126 93.4058666284802 9
"721" 78.2969962345912 87.2589181822209 9
"722" 74.7512614704557 87.5385428724568 9
"723" 87.4671516019973 87.4015935180768 9
"724" 84.1507260711787 95.7703214495885 9
"725" 86.9584088764889 43.2811522586969 9
"726" 85.448850778317 42.4944736462265 9
"727" 86.8940586671685 53.6471305433075 9
"728" 85.3381527788376 45.7113839817457 9
"729" 84.2504859360508 50.7401401290611 9
"730" 86.9409681845125 46.9428177601992 9
"731" 86.5242565957594 41.6694048059418 9
"732" 136.568482122815 46.0079280939784 9
"733" 137.386544597547 49.0812447972129 9
"734" 136.339766866974 48.5300191462483 9
"735" 137.794920226699 48.4579745304455 9
"736" 139.305975247512 48.062416536521 9
"737" 130.239591652402 51.0500718728619 9
"738" 137.639000444045 51.8852447372369 9
"739" 133.266287430333 46.8721274122281 9
"740" 136.208586279831 43.5427919668057 9
"741" 136.39086269404 45.0077435009723 9
"742" 132.210141315946 46.7032752516114 9
"743" 134.305979307975 54.7556497405675 9
"744" 133.575661765813 48.7358370794814 9
"745" 137.720835914566 45.3994259355189 9
"746" 138.754738100025 51.9347929152272 9
"747" 140.806757534423 55.5750544741756 9
"748" 139.526564871899 43.0086605942369 9
"749" 144.213140216939 60.3808228503186 9
"750" 138.786894508681 47.3758162230264 9
"751" 129.374502344926 55.3678704697037 9
"752" 85.6457728416874 94.7279274619797 10
"753" 87.1391183287108 90.9478379824773 10
"754" 77.4290067588613 91.9217397673419 10
"755" 85.7058924276928 93.7941504025466 10
"756" 75.8133671690935 92.13351212541 10
"757" 70.1313166915132 91.2873072897846 10
"758" 77.3809902975634 91.9455762786013 10
"759" 78.9869511894111 89.7627184479171 10
"760" 77.5088797305739 87.3292231591556 10
"761" 73.6249121532299 89.8554273135504 10
"762" 75.6460452081801 91.8221641367888 10
"763" 85.8635542539729 53.6231302733045 10
"764" 87.2091549186541 54.9527025613902 10
"765" 86.1848330893001 43.1279678141353 10
"766" 137.748478086024 45.4228667493208 10
"767" 137.972451173181 45.510803285619 10
"768" 135.526724369886 46.2954616845145 10
"769" 137.649595482743 45.5147429685031 10
"770" 133.608648368251 46.6587487930991 10
"771" 136.497615312069 48.7058323649944 10
"772" 136.851760203648 50.3287144715925 10
"773" 136.053659813032 44.0347224335069 10
"774" 134.72097752245 54.8884111857759 10
"775" 141.288963160982 49.449207600235 10
"776" 135.095633398334 50.7749504863064 10
"777" 142.1055190983 53.7332163479538 10
"778" 140.684674639526 46.5422776275515 10
"779" 133.991196592786 51.1834508944318 10
"780" 136.778404512627 52.1659495348012 10
"781" 138.611295752814 43.1883812875461 10
"782" 132.055190693596 49.8624107321848 10
"783" 132.85582023367 49.4836821783206 10
"784" 112.306135639451 82.0621319205288 10
"785" 99.8878704294322 65.2975115692865 10
"786" 78.8419653435984 89.7347994061603 11
"787" 77.4606929117232 92.8440931174431 11
"788" 87.3479559773778 90.9128277358382 11
"789" 70.5721377232992 89.7132245693736 11
"790" 77.5337108806777 85.8335628289612 11
"791" 75.7065704620047 91.463912914839 11
"792" 78.8055155987301 89.4697951070339 11
"793" 85.4290732160745 86.6536846859592 11
"794" 74.467699952722 91.1293733647029 11
"795" 74.6148975303355 91.9438675084938 11
"796" 84.4826835326908 90.1130211168029 11
"797" 85.1554582589851 52.9324858237591 11
"798" 134.433679609546 50.3417519907789 11
"799" 132.039644092748 49.7607783327537 11
"800" 131.146987031767 54.000929826853 11
"801" 133.184564560158 49.0448756755308 11
"802" 138.943854655598 45.6984810720762 11
"803" 142.31688840649 49.5467243254707 11
"804" 138.620441402473 51.8387905481438 11
"805" 137.928932331908 42.5718773841694 11
"806" 138.060297708253 46.2171673768581 11
"807" 137.127979279963 50.2667553688757 11
"808" 139.178550352114 51.931907036586 11
"809" 145.504604922484 48.1470077564923 11
"810" 140.845472402606 51.0431247285603 11
"811" 132.607486774362 52.4118589426518 11
"812" 142.413983335688 48.7272730935073 11
"813" 130.58356206974 50.350286276368 11
"814" 136.26839816725 52.083364123084 11
"815" 138.580486019101 51.3662625982136 11
"816" 135.563529449894 54.9520620315917 11
"817" 139.013220943986 52.2318809309987 11
"818" 141.22110444233 49.2620002955167 11
"819" 78.195066806902 52.220361418191 11
"820" 128.398216502134 95.0822974801519 11
"821" 111.943491096767 52.2026085613131 11
"822" 86.7941670312655 89.1917272768051 12
"823" 89.0423539948995 93.8359968502629 12
"824" 71.5561796273176 89.2403981999877 12
"825" 84.0229666686331 93.9520159272114 12
"826" 86.3857280399088 47.6134409877652 12
"827" 87.4696324620135 50.6508637843488 12
"828" 135.514272508665 55.1133398847172 12
"829" 134.59430270835 58.1709824676033 12
"830" 135.372368258652 46.0552062360977 12
"831" 132.296041143808 49.2242289833504 12
"832" 133.592517024741 50.4891362193714 12
"833" 138.425110144597 51.7539268371346 12
"834" 134.816978550986 42.1395596807782 12
"835" 139.944348048194 54.9166502522206 12
"836" 136.952560952005 46.8559678667982 12
"837" 141.133256069294 49.1264174830721 12
"838" 138.662512894805 51.3695027303689 12
"839" 135.982549876387 52.1190114979497 12
"840" 132.258769667907 47.9943223718748 12
"841" 132.943495664956 50.5898683863616 12
"842" 136.828042975646 97.3442721850176 12
"843" 139.398479701853 52.9860608992054 12
"844" 71.5265886283241 50.8194111022061 12
"845" 87.6316694938233 89.882950353763 13
"846" 87.0658563157047 89.5608821182831 13
"847" 86.4277733528241 89.4937344299888 13
"848" 76.5863322749194 92.1078666175193 13
"849" 76.4523827455863 90.0182988897138 13
"850" 87.8708030094708 49.6970489259843 13
"851" 87.7460238892639 50.4723160368749 13
"852" 132.886616836281 49.0895811110693 13
"853" 139.388725957064 51.199380608469 13
"854" 135.918132182967 52.138395945674 13
"855" 140.153433153098 55.0621295023573 13
"856" 135.631279040521 45.1253349585028 13
"857" 134.598433399669 57.2353410723086 13
"858" 133.896679850078 49.5922498014416 13
"859" 133.011528416896 50.6173121865818 13
"860" 90.3187198981143 48.7105741487606 13
"861" 138.01029991316 96.6038448397925 13
"862" 147.809950603467 74.1331380289059 13
"863" 80.8850696026757 92.373662934415 14
"864" 78.259908191734 89.1720863295175 14
"865" 88.7982725722619 88.8378441929087 14
"866" 78.2922555153016 93.9012274899618 14
"867" 76.2704851790587 91.2724482500911 14
"868" 139.535091765089 46.1219485733337 14
"869" 131.755798105015 49.2098630647751 14
"870" 142.012367375761 49.3770859782072 14
"871" 133.465829241485 50.3646808301369 14
"872" 132.53175966894 51.8809599109318 14
"873" 138.278537718589 51.0102214221398 14
"874" 89.8491796323114 44.6743236763817 14
"875" 139.691718999459 97.9455819478787 14
"876" 82.2739889031849 97.6885565224859 15
"877" 82.4754700645115 87.9556695064594 15
"878" 80.2437986410333 92.8466809746006 15
"879" 80.8257094226807 92.3974399137749 15
"880" 79.9950154156646 89.7849032843617 15
"881" 76.8675559887836 85.1176667474097 15
"882" 84.0959471406071 87.4675084115603 15
"883" 89.009127567242 88.2093964043112 15
"884" 87.047562740573 48.5893571948223 15
"885" 132.701420157701 51.912933958471 15
"886" 131.666794287525 49.0779812011606 15
"887" 134.094484727281 50.5521787583552 15
"888" 139.03640112587 50.5332737182582 15
"889" 141.239997710372 48.9531905497593 15
"890" 143.379977830765 53.5356039281776 15
"891" 121.724307324909 53.8759422323372 15
"892" 134.134780928524 62.1983355921926 15
"893" 133.258932606481 53.1500961040767 15
"894" 139.13211454331 97.2104359455472 15
"895" 90.591211803955 91.1487856718113 15
"896" 122.337149646147 54.5122611321911 15
"897" 78.978067996075 87.7945337775479 16
"898" 80.5955108810134 91.7532958009263 16
"899" 77.3540622951676 86.389730355597 16
"900" 80.8470811962643 91.9113768181869 16
"901" 83.2745836339088 88.2916384925564 16
"902" 76.0836893055494 91.0157585748037 16
"903" 82.3790832050318 97.7673250087282 16
"904" 78.546484076168 90.3509816654527 16
"905" 76.3908630052499 91.0402542758956 16
"906" 79.434482064424 97.4812115327225 16
"907" 81.6124640275968 86.760457373574 16
"908" 81.2438123235206 95.5967155970968 16
"909" 78.5881896087762 97.9048518991089 16
"910" 86.7181017307184 57.6765983642475 16
"911" 130.987318623463 51.0762518562241 16
"912" 143.295282661836 53.349476238715 16
"913" 85.9637254015434 71.6145721228792 16
"914" 84.9379173419499 81.6858967705991 16
"915" 124.740264605793 48.8081248785945 16
"916" 121.573973334414 93.0810460307438 16
"917" 80.9818302572344 91.6125069928569 17
"918" 81.5600303447915 86.7943670570941 17
"919" 82.6568549867562 98.0736837246923 17
"920" 79.6429107121142 89.8522595680385 17
"921" 88.4220350664858 55.5662623865413 17
"922" 133.710700256256 47.8652355092775 17
"923" 143.051449804697 48.9324080701248 17
"924" 131.411059790198 92.8682709661871 17
"925" 146.362218016018 54.4949088617041 17
"926" 85.6004815424745 88.2718874514832 17
"927" 78.9872701075574 98.9003865471886 17
"928" 89.5409652646584 41.6543760984034 17
"929" 90.2632900910437 94.2206564191076 18
"930" 82.282871529262 92.3019257124266 18
"931" 80.6905020541854 88.5172946588055 18
"932" 79.9378416684644 91.435429376241 18
"933" 86.7630355191194 56.9058354860346 18
"934" 134.112258207756 47.376167761804 18
"935" 129.901357246174 46.3531615350983 18
"936" 132.256595049126 38.5102616619273 18
"937" 136.008847777824 82.5687373156177 18
"938" 70.6733524571989 38.9306987540087 18
"939" 83.4796651132161 91.8782812906646 19
"940" 90.3185004872695 94.1056242567329 19
"941" 86.0400368134136 92.6070402663715 19
"942" 73.4869204091001 92.4930700956404 19
"943" 86.5408687612712 38.2484177291598 19
"944" 130.52631581797 45.4362356151485 19
"945" 119.470337846822 47.2278284891172 19
"946" 87.9559678078571 95.1782522618888 19
"947" 74.4887702017047 90.5235303751392 19
"948" 91.8242154123013 47.0828128537344 19
"949" 90.5093868433457 98.0390361144624 19
"950" 82.5459130529313 92.2967281357999 20
"951" 80.0543706749104 89.1302049255195 20
"952" 142.599588568486 45.4775935771516 20
"953" 139.464652886944 41.978752860248 20
"954" 86.0438546381431 94.4386380190899 20
"955" 88.3807447717756 96.2025992402541 20
"956" 82.8421963173303 40.6433182898562 20
"957" 80.1160863561277 89.0633148730633 21
"958" 87.2365576629704 86.3041805719254 21
"959" 84.5787539009999 86.3009831974747 21
"960" 81.6408003100134 86.2265569339319 21
"961" 82.7888162818703 92.5466914038787 21
"962" 138.286594735434 40.7660041046372 21
"963" 70.6232849421616 82.2716185169317 21
"964" 139.662423290344 80.1603903294116 21
"965" 105.089789489343 83.7089479640184 21
"966" 82.8059460419665 92.4931714792175 22
"967" 142.596964644064 47.2601796764177 22
"968" 113.80870662637 69.5609168951858 22
"969" 89.5829220166674 88.9272423896925 22
"970" 70.5573621316954 78.4649042735237 22
"971" 142.281106502285 56.5245995901474 22
"972" 89.4716351991027 46.8479254062126 22
"973" 84.9523260803074 40.9378750236635 22
"974" 91.1074225805421 89.2301755566526 23
"975" 138.449345012326 55.8634387073536 23
"976" 142.186410038378 51.3937951352555 23
"977" 73.7126577148849 88.0709386522533 24
"978" 142.240803974513 51.3932074824596 24
"979" 143.579821588137 47.0668580306119 24
"980" 113.328435735558 68.2290464398475 24
"981" 138.571209667823 39.3864659344881 24
"982" 111.784576626561 59.6484196164789 24
"983" 83.8364117419723 91.1334250521087 25
"984" 135.711844579407 40.2262455936743 25
"985" 139.184971665775 39.231770663257 25
"986" 139.800558470004 48.7348973962105 25
"987" 143.929404250081 51.200172114436 25
"988" 142.238621458545 51.8760534792595 25
"989" 90.4677937087725 73.4346246448861 25
"990" 101.092509447329 57.6889064178078 26
"991" 132.435177187699 38.8293725541805 27
"992" 126.14830989793 67.9538496179253 27
"993" 109.733621370825 90.7596950889642 27
"994" 122.241462305312 49.0560798258377 27
"995" 98.3771756317995 56.7369017244537 27
"996" 72.1547788783526 94.3315728988987 28
"997" 120.11283715553 39.2674008075212 28
"998" 120.89731606181 76.1875710523851 28
"999" 142.67750421995 45.9651241963945 28
"1000" 146.192940741275 46.3655337562477 28
"1001" 87.6683276004696 89.398428106886 29
"1002" 110.801635988958 43.8408239983007 29
"1003" 140.662272394552 48.031736578146 29
"1004" 135.997190262837 46.6113051046515 30
"1005" 139.682017157353 49.0746180262041 30
"1006" 131.831407064835 40.0772996631895 30
"1007" 146.560604147516 48.3433886340732 30
"1008" 133.015622830016 42.3990848589148 31
"1009" 146.549608987076 67.6027242414679 31
"1010" 131.495482811823 90.307257882155 31
"1011" 146.07729963324 67.228322228199 32
"1012" 83.8882463627478 77.5543966137827 33
"1013" 144.952953806895 66.7521100772367 34
