"V1" "V2" "V3" "V4" "V5"
"1" 116.761341036843 120.388061481942 0 1 0
"2" 116.450538399263 117.692904975082 0 2 0
"3" 108.458510816696 111.610506358106 0 3 0
"4" 105.274838813779 120.111664642082 0 4 0
"5" 110.627364084554 113.813652564768 0 5 0
"6" 104.998419011229 111.905068104715 0 6 0
"7" 114.431595811317 117.384452795361 0 7 0
"8" 116.727571915892 113.348646362486 0 8 0
"9" 110.063883204478 117.31799208745 0 9 0
"10" 112.183955875493 112.486100135447 0 10 0
"11" 103.609032937103 115.128949722734 0 11 0
"12" 110.028751236967 114.861733835515 0 12 0
"13" 108.566578001508 117.257524959834 0 13 0
"14" 109.591375335457 116.483328213991 0 14 0
"15" 113.46990900956 115.397138662691 0 15 0
"16" 105.060071354791 120.174859817498 0 16 0
"17" 111.205578303108 119.254546799734 0 17 0
"18" 107.81512202375 111.744834089386 0 18 0
"19" 103.652991991431 118.46130377295 0 19 0
"20" 104.663704073704 113.917487858587 0 20 0
"21" 111.136563399331 110.448837229904 0 21 0
"22" 105.963238582943 116.476367344784 0 22 0
"23" 101.674515590265 118.80538191605 0 23 0
"24" 109.389549230815 118.270504037184 0 24 0
"25" 109.835765112091 111.113696984161 0 25 0
"26" 107.733874822144 116.93345029247 0 26 0
"27" 108.673094794001 112.311691488121 0 27 0
"28" 99.7175568753586 115.741123719987 0 28 0
"29" 103.628785301189 112.745466177849 0 29 0
"30" 113.367216698722 119.46459248456 0 30 0
"31" 106.581209926786 110.953502990241 0 31 0
"32" 105.998559831437 110.402396689445 0 32 0
"33" 108.13346059681 118.724322045764 0 33 0
"34" 112.656761828173 113.908124731943 0 34 0
"35" 112.214236396166 115.594933028186 0 35 0
"36" 121.205411108122 115.317062827271 0 36 0
"37" 109.04390207345 116.27877642114 0 37 0
"38" 106.938888844692 113.840526104914 0 38 0
"39" 113.053681539795 114.460792716274 0 39 0
"40" 104.125465336741 113.115096582615 0 40 0
"41" 109.693495594554 117.442425692559 0 41 0
"42" 110.061130431741 111.33255274985 0 42 0
"43" 105.395990905957 114.469678657727 0 43 0
"44" 103.217828359117 114.619769655759 0 44 0
"45" 110.846777762714 120.901385566792 0 45 0
"46" 108.934137033044 110.297115684124 0 46 0
"47" 112.131989969993 113.982105417334 0 47 0
"48" 104.830041447998 117.221047962674 0 48 0
"49" 107.712456421585 116.106909104856 0 49 0
"50" 113.214057077019 113.091902939184 0 50 0
"51" 111.033446825559 105.265676595251 0 51 0
"52" 109.382078407879 112.581758303715 0 52 0
"53" 109.095624549332 120.757819069421 0 53 0
"54" 108.423971461554 119.157544187175 0 54 0
"55" 112.657225161217 111.44250448925 0 55 0
"56" 107.509145462225 117.210866304045 0 56 0
"57" 111.807418534398 115.491481858598 0 57 0
"58" 111.811325268692 115.676600082903 0 58 0
"59" 106.70818776729 113.626290397566 0 59 0
"60" 106.464067622302 119.067961876511 0 60 0
"61" 110.968764404727 116.71604958385 0 61 0
"62" 110.054994849194 114.398235139638 0 62 0
"63" 103.77478402427 113.135166114779 0 63 0
"64" 107.124700407027 110.067504371485 0 64 0
"65" 105.178113396508 120.523505295358 0 65 0
"66" 109.140684231741 113.602415907003 0 66 0
"67" 106.635608535902 122.178234277655 0 67 0
"68" 116.040729253135 117.139532737991 0 68 0
"69" 107.017789863055 113.480031893374 0 69 0
"70" 108.335428368862 118.966131120077 0 70 0
"71" 111.46083400888 112.200969630756 0 71 0
"72" 104.107068506166 115.023435499852 0 72 0
"73" 103.770798222052 114.773786907467 0 73 0
"74" 107.711748898574 110.629565740821 0 74 0
"75" 104.391836059711 112.288068746233 0 75 0
"76" 105.818199617279 111.13811147521 0 76 0
"77" 105.247341206291 115.607952796096 0 77 0
"78" 103.644393240692 114.653314094797 0 78 0
"79" 105.791362662347 115.499063650056 0 79 0
"80" 111.012508006158 110.639637805679 0 80 0
"81" 108.299302961546 109.812785523848 0 81 0
"82" 109.707712086899 118.67323711776 0 82 0
"83" 109.133484218754 117.149690622073 0 83 0
"84" 108.990563458338 114.850201752051 0 84 0
"85" 109.96725206852 112.107217102157 0 85 0
"86" 107.757492168628 115.754564520559 0 86 0
"87" 110.265984821611 119.70932684963 0 87 0
"88" 107.668248101857 120.988478041491 0 88 0
"89" 109.374134256822 119.827390781717 0 89 0
"90" 106.492216178857 118.156018950202 0 90 0
"91" 109.140699164788 114.323300417258 0 91 0
"92" 105.553518049873 111.746369227149 0 92 0
"93" 110.586022195613 115.501295545959 0 93 0
"94" 109.507506128153 115.153027778484 0 94 0
"95" 115.712604998745 115.327993893304 0 95 0
"96" 106.085696720333 118.76406230226 0 96 0
"97" 108.021653791564 118.255173712573 0 97 0
"98" 104.510069616028 120.922110924784 0 98 0
"99" 102.570864968673 118.102948061499 0 99 0
"100" 108.499327228595 114.235482940848 0 100 0
"101" 101.272722882688 113.448635433393 0 101 0
"102" 104.221941113423 119.512452228572 0 102 0
"103" 110.759711441796 116.1615949282 0 103 0
"104" 113.079261299514 122.154874902607 0 104 0
"105" 109.070636647491 118.540174711546 0 105 0
"106" 108.576765163855 120.446937617152 0 106 0
"107" 114.447417354826 113.468272088074 0 107 0
"108" 105.583830389434 115.80244696846 0 108 0
"109" 108.422102670081 116.822602611108 0 109 0
"110" 109.609244629086 118.309618849991 0 110 0
"111" 111.397697102181 116.086169821799 0 111 0
"112" 110.589144350738 121.086357456244 0 112 0
"113" 110.60096760403 109.387991778165 0 113 0
"114" 109.018967012664 114.34304743564 0 114 0
"115" 115.002067272742 115.539790466619 0 115 0
"116" 105.047518084042 112.314873674082 0 116 0
"117" 103.716166809275 115.426631375366 0 117 0
"118" 109.763332477198 117.739324209069 0 118 0
"119" 105.532001518282 121.58607627793 0 119 0
"120" 108.80260555559 118.421003664799 0 120 0
"121" 110.333162220499 112.737948502039 0 121 0
"122" 104.000017129264 120.407378441249 0 122 0
"123" 104.735305084913 117.092673102566 0 123 0
"124" 103.660943691099 113.724864443366 0 124 0
"125" 104.451334084833 113.807091263996 0 125 0
"126" 108.891897514201 117.075340855764 0 126 0
"127" 110.836576102368 113.492505432019 0 127 0
"128" 105.844830458625 121.240566187057 0 128 0
"129" 113.078295733715 115.994076161901 0 129 0
"130" 112.787373598966 113.533442181336 0 130 0
"131" 109.44696606488 117.160516761511 0 131 0
"132" 107.845734460816 116.979809252639 0 132 0
"133" 113.315504777271 114.682260512082 0 133 0
"134" 109.324396645564 120.714825803007 0 134 0
"135" 110.554499016047 115.059997074499 0 135 0
"136" 109.261761399097 119.746848839648 0 136 0
"137" 112.276539119372 116.676046404936 0 137 0
"138" 114.409065390059 110.940558994086 0 138 0
"139" 108.311552325272 116.800030371205 0 139 0
"140" 108.892649684374 111.743100992707 0 140 0
"141" 111.230616909636 117.342168334494 0 141 0
"142" 111.477338808617 121.473822079333 1 142 0
"143" 104.773066147979 117.574479426411 0 143 0
"144" 110.625349195642 111.800479799864 0 144 0
"145" 101.468674837757 116.183955920775 0 145 0
"146" 110.710177750829 116.173789359639 0 146 0
"147" 110.803107363515 115.684265799221 0 147 0
"148" 115.114200028798 119.69472333743 0 148 0
"149" 106.051306498762 116.111789879635 0 149 0
"150" 110.144905862653 112.329707965626 0 150 0
"151" 109.26809498379 112.887722360837 0 151 0
"152" 111.188036067203 115.239292391689 0 152 0
"153" 111.069213952762 119.440179143728 0 153 0
"154" 110.186897296159 113.781305666245 0 154 0
"155" 107.714101206785 121.338634741566 0 155 0
"156" 120.582312184846 118.187810252363 0 156 0
"157" 110.992804401341 114.466655014369 0 157 0
"158" 109.403795899003 117.245164623646 0 158 0
"159" 110.033904602945 114.737107553207 0 159 0
"160" 111.831686993529 115.679816261829 0 160 0
"161" 108.512193943155 114.048161689295 0 161 0
"162" 111.140186751963 120.812743956803 0 162 0
"163" 115.101462951199 118.857036310095 0 163 0
"164" 113.729868050878 118.070957312711 0 164 0
"165" 113.519804613212 118.533258249192 0 165 0
"166" 110.266161443074 121.445267716736 0 166 0
"167" 107.088080004834 114.95162345198 0 167 0
"168" 107.956246286916 114.909191544197 0 168 0
"169" 109.832720644041 116.621688930867 0 169 0
"170" 106.06578242112 116.074522005219 0 170 0
"171" 108.507899045307 114.803816828159 0 171 0
"172" 107.037903666844 117.995827553697 0 172 0
"173" 104.926617839819 114.450717268087 0 173 0
"174" 110.750072899702 116.516116981679 0 174 0
"175" 103.457146489782 114.345838527974 0 175 0
"176" 109.558084861502 115.664958178288 0 176 0
"177" 109.344648434488 112.738711217374 0 177 0
"178" 105.279624582577 116.152862194404 0 178 0
"179" 110.077832261899 121.879269530894 0 179 0
"180" 112.219234327856 120.718774094487 0 180 0
"181" 111.574818862999 114.170553133044 0 181 0
"182" 108.608629948544 112.780919173554 0 182 0
"183" 106.381319485839 115.356678386234 0 183 0
"184" 110.498236176766 113.610156970546 0 184 0
"185" 106.086550801074 121.286529774044 0 185 0
"186" 108.372050753523 112.63802550251 0 186 0
"187" 108.663742651784 115.749998851442 0 187 0
"188" 105.733615500764 114.360105635089 0 188 0
"189" 113.341619556938 116.018767908087 0 189 0
"190" 110.15216730712 117.609571220736 0 190 0
"191" 105.625983445492 115.154834140349 0 191 0
"192" 109.464905830684 115.903544823747 0 192 0
"193" 110.611637086846 121.242305807282 0 193 0
"194" 111.016896292336 116.512528240778 0 194 0
"195" 111.08836435593 117.563369358188 0 195 0
"196" 117.898003558516 117.40873581403 0 196 0
"197" 105.335640737561 110.03548671983 0 197 0
"198" 107.438245833997 112.776389527544 0 198 0
"199" 107.224121158756 113.165289694333 0 199 0
"200" 103.264943409788 113.586527722228 0 200 0
"201" 116.547840233648 116.165431310675 0 201 0
"202" 111.235734301972 110.917766607279 0 202 0
"203" 106.935072474137 122.455828470042 0 203 0
"204" 103.282873724973 119.069897296936 0 204 0
"205" 110.188112163252 113.13767200841 0 205 0
"206" 114.75053518691 117.654254597847 0 206 0
"207" 103.993517583796 117.534611189983 0 207 0
"208" 106.414694148845 115.348189035527 0 208 0
"209" 107.10034278458 119.729448312568 0 209 0
"210" 117.639888828988 117.816455748773 0 210 0
"211" 109.140485780657 112.01753129095 0 211 0
"212" 114.699972585 112.864120275606 0 212 0
"213" 111.370877768691 123.045876236181 0 213 0
"214" 107.553382588779 110.652126338843 0 214 0
"215" 105.005849993432 125.900585459275 0 215 0
"216" 103.347946076001 112.894460943149 0 216 0
"217" 107.99870489736 113.530310958026 0 217 0
"218" 109.865832327883 111.681959115865 0 218 0
"219" 109.997718989482 116.775988893837 0 219 0
"220" 103.858737323461 114.249556741461 0 220 0
"221" 105.416675687417 115.535678253921 0 221 0
"222" 111.639959760375 120.747343969338 0 222 0
"223" 106.619084789632 121.619373380473 0 223 0
"224" 105.109409614137 113.821108596572 0 224 0
"225" 113.057559273049 112.48957927425 0 225 0
"226" 110.837275760982 116.662316618727 0 226 0
"227" 105.478943292734 115.167668737164 0 227 0
"228" 118.245441272712 113.943125985922 0 228 0
"229" 108.85390427915 116.546601268344 0 229 0
"230" 110.339216164026 118.323392662226 0 230 0
"231" 116.22225150854 115.476989911713 0 231 0
"232" 109.934803739 111.688217741354 0 232 0
"233" 104.56605923703 115.791968815909 0 233 0
"234" 108.897978153397 113.559388759492 0 234 0
"235" 109.70822608095 116.530006321845 0 235 0
"236" 106.630278056431 114.829506791445 0 236 0
"237" 109.023765388546 119.120719093961 0 237 0
"238" 110.211761642863 115.248031075316 0 238 0
"239" 114.953347238939 115.781443990877 0 239 0
"240" 110.248583006152 115.461370010642 0 240 0
"241" 99.6768570278017 115.79154567128 0 241 0
"242" 111.494939257235 116.367946695604 0 242 0
"243" 107.495581165875 113.623215096577 0 243 0
"244" 105.141892765963 121.057971516149 0 244 0
"245" 119.647847667106 120.352580009965 0 245 0
"246" 109.392683869466 117.070382350029 0 246 0
"247" 109.343858092908 111.769567971963 0 247 0
"248" 109.476352204885 116.545096337014 0 248 0
"249" 109.747255798239 112.063913609186 0 249 0
"250" 103.166279003447 113.131337396628 0 250 0
"251" 108.633676010589 111.923024128002 0 251 0
"252" 104.646176591555 115.485060773643 0 252 0
"253" 107.923530850019 114.462056633186 0 253 0
"254" 112.188892394268 114.992161381328 0 254 0
"255" 114.038317867821 121.402056742709 0 255 0
"256" 110.956356825011 116.250401215851 0 256 0
"257" 105.95120972272 120.678457581819 0 257 0
"258" 108.450246332555 111.741587326233 0 258 0
"259" 113.593990760867 117.962361811151 0 259 0
"260" 112.400618037583 123.365448429513 0 260 0
"261" 109.823636704815 112.182143100936 0 261 0
"262" 103.496821815696 114.816135530869 0 262 0
"263" 108.511359581784 118.18846112383 0 263 0
"264" 112.617366822115 117.53204124989 0 264 0
"265" 110.137287753241 118.490864367299 0 265 0
"266" 107.942153327867 112.332408889319 0 266 0
"267" 107.097211888638 113.783245196436 0 267 0
"268" 107.165145630437 117.03576810398 0 268 0
"269" 107.962421430353 116.367717953254 0 269 0
"270" 110.921269737304 114.411716800906 0 270 0
"271" 111.018484398732 117.949628671431 0 271 0
"272" 106.345232481507 110.876579315325 0 272 0
"273" 110.1557434233 116.239044471871 0 273 0
"274" 108.878598249624 118.011791601773 0 274 0
"275" 112.717788339474 116.614860050951 0 275 0
"276" 113.786288549795 113.961191171561 0 276 0
"277" 106.440008172353 114.312197959575 0 277 0
"278" 110.826906281914 120.448477114159 0 278 0
"279" 109.524542853297 111.962194726515 0 279 0
"280" 107.007016130177 120.539522015209 0 280 0
"281" 111.006801070155 120.346182600492 0 281 0
"282" 114.472481735279 119.907140729695 0 282 0
"283" 113.206663844022 112.784302207302 0 283 0
"284" 107.904276364952 117.229789083797 0 284 0
"285" 112.740999680016 122.600804601178 0 285 0
"286" 108.104093784601 120.484086933656 0 286 0
"287" 111.168768299603 110.951615745423 0 287 0
"288" 112.130969728705 112.534104998992 0 288 0
"289" 105.81903381387 118.203081044142 0 289 0
"290" 112.6003539478 115.327309165567 0 290 0
"291" 104.388990010139 113.967222664173 0 291 0
"292" 107.686075632408 115.424853984065 0 292 0
"293" 105.367822924335 117.999274544743 0 293 0
"294" 113.172561802511 115.347504421957 0 294 0
"295" 110.926795101682 110.154432243657 0 295 0
"296" 108.363837024009 113.730151137275 0 296 0
"297" 105.673019164663 122.208059193855 0 297 0
"298" 114.304951846832 118.907981055173 0 298 0
"299" 109.416108119706 115.8967869297 0 299 0
"300" 107.081547079676 117.260846572192 0 300 0
"301" 114.780702315684 115.793558717296 0 301 0
"302" 101.195413138947 119.602691252096 0 302 0
"303" 110.603990315069 110.398080292542 0 303 0
"304" 101.50121107837 116.838199350333 0 304 0
"305" 113.084230704279 114.48922839797 0 305 0
"306" 108.015465340871 112.899672513847 0 306 0
"307" 102.343516873383 116.42884370432 0 307 0
"308" 107.644089571054 115.551201791987 0 308 0
"309" 99.3857082793947 115.439665689309 0 309 0
"310" 115.048235602069 117.900004908636 0 310 0
"311" 113.374461106391 125.346679713879 0 311 0
"312" 105.777473004332 117.315624279119 0 312 0
"313" 108.308892102403 118.301001498595 0 313 0
"314" 108.756087732254 112.731393728956 0 314 0
"315" 107.978328659258 115.28536663455 0 315 0
"316" 100.50839557881 117.833870073947 0 316 0
"317" 108.632096156426 117.545412902414 0 317 0
"318" 110.432062622205 113.252324635566 0 318 0
"319" 111.120528596917 117.853830298354 0 319 0
"320" 109.518349248974 115.675162320156 0 320 0
"321" 108.74473002197 116.955155332428 0 321 0
"322" 112.178168036939 112.839880913916 0 322 0
"323" 109.874462447555 114.19947782695 0 323 0
"324" 109.390994214353 117.723627668718 0 324 0
"325" 103.637210919476 118.178297969343 0 325 0
"326" 115.679438981808 117.533840773949 0 326 0
"327" 112.071362152467 119.698351935704 0 327 0
"328" 112.850463669433 117.603976758978 0 328 0
"329" 110.914349779006 117.300897369592 0 329 0
"330" 107.1828805798 122.662621436105 0 330 0
"331" 109.698455574867 111.917967747198 0 331 0
"332" 108.930383821824 120.771504692033 0 332 0
"333" 110.229056071286 122.393630210004 0 333 0
"334" 108.574450630314 116.46482036272 0 334 0
"335" 104.577213613416 113.444705561224 0 335 0
"336" 108.18419097581 112.827513029092 0 336 0
"337" 104.719294079038 118.236201461403 0 337 0
"338" 112.447123681752 118.007829435206 0 338 0
"339" 111.912512048263 120.23951930655 0 339 0
"340" 112.783147518791 112.697373329429 0 340 0
"341" 109.910095859882 112.333247589325 0 341 0
"342" 115.580678263028 116.46124836335 0 342 0
"343" 103.066929516931 118.828390289606 0 343 0
"344" 108.425435194551 120.071991076274 0 344 0
"345" 107.988395420157 115.747755937476 0 345 0
"346" 112.193828554521 117.643357085316 0 346 0
"347" 113.978148310489 120.438112129971 0 347 0
"348" 109.058310947704 115.072532857075 0 348 0
"349" 104.226156877412 113.244145371065 0 349 0
"350" 111.140790854807 117.946847003804 0 350 0
"351" 109.510425521332 118.563227710836 0 351 0
"352" 106.890188506815 117.035469641382 0 352 0
"353" 103.322748955641 112.428832702603 0 353 0
"354" 110.226201852754 118.74872762709 0 354 0
"355" 112.50460458341 121.252059226797 0 355 0
"356" 107.035099133163 120.992762611291 0 356 0
"357" 109.860897909238 115.191855553106 0 357 0
"358" 108.744840318178 116.317012859557 0 358 0
"359" 100.890467448442 117.205615957547 0 359 0
"360" 105.202516297923 116.741390321349 0 360 0
"361" 102.873330110622 120.953763330878 0 361 0
"362" 105.896621390781 114.551066727926 0 362 0
"363" 110.733076654794 119.58453572566 0 363 0
"364" 103.542595768739 116.093876277694 0 364 0
"365" 114.557457060862 114.50616132666 0 365 0
"366" 113.56021384195 115.540096714337 0 366 0
"367" 106.178616138013 114.729252891631 0 367 0
"368" 108.425967341175 118.87501723319 0 368 0
"369" 110.866763457211 113.424678162432 0 369 0
"370" 106.998975982211 118.35754430201 0 370 0
"371" 104.499511910209 116.792405774993 0 371 0
"372" 103.493645196497 117.607770603808 0 372 0
"373" 107.583774228961 119.569577532033 0 373 0
"374" 103.526570320674 113.335224004911 0 374 0
"375" 110.922682496208 114.316675326474 0 375 0
"376" 109.894190869947 112.605801821005 0 376 0
"377" 114.12144339857 116.355738254976 0 377 0
"378" 112.319408011346 121.901954748117 0 378 0
"379" 109.127908119889 120.295341093727 0 379 0
"380" 107.556713787392 118.238207023868 0 380 0
"381" 119.537043190532 113.300189255783 0 381 0
"382" 109.239492811548 111.608959793133 0 382 0
"383" 109.945418919936 116.433179438172 0 383 0
"384" 104.815229907794 117.374002438132 0 384 0
"385" 105.339955312668 113.377145041266 0 385 0
"386" 105.230125292751 118.78684155938 0 386 0
"387" 109.237032542085 117.625833764117 0 387 0
"388" 108.743314912837 109.745503294099 0 388 0
"389" 107.829027112117 115.42865627607 0 389 0
"390" 110.230964443431 113.449440800249 0 390 0
"391" 110.315401027402 115.101371849357 0 391 0
"392" 109.142707336628 118.166678893428 0 392 0
"393" 109.806590814935 118.221938125195 0 393 0
"394" 110.278860312722 116.32262825862 0 394 0
"395" 109.067991882959 115.256996957573 0 395 0
"396" 117.966039228597 115.497880304393 0 396 0
"397" 109.989811254557 116.802064725454 0 397 0
"398" 112.762722267247 121.191058185985 0 398 0
"399" 106.489009731913 115.031518387376 0 399 0
"400" 113.630718592619 115.524962623011 0 400 0
"401" 108.364850923283 120.806841477808 0 401 0
"402" 110.789308030613 115.459104344079 0 402 0
"403" 106.932243050822 114.503632652631 0 403 0
"404" 109.865156568392 121.665306406672 0 404 0
"405" 108.692706028394 119.940399963651 0 405 0
"406" 110.586018304646 114.999855809679 0 406 0
"407" 108.801443264753 115.485577975941 0 407 0
"408" 110.448740242577 117.406734158843 0 408 0
"409" 109.432384788863 118.056028606326 0 409 0
"410" 107.814614350672 118.838633895756 0 410 0
"411" 104.293099528425 113.269969157173 0 411 0
"412" 107.357762501833 117.013823392272 0 412 0
"413" 118.032252994357 118.156574149569 0 413 0
"414" 102.320698273642 113.696375280706 0 414 0
"415" 110.603386805089 112.984224647369 0 415 0
"416" 116.791872913173 115.130643287395 0 416 0
"417" 107.914949311797 118.039628481177 0 417 0
"418" 113.687672884661 114.653474995679 0 418 0
"419" 109.123936887119 121.209552027362 0 419 0
"420" 111.017035458803 118.073202372252 0 420 0
"421" 108.163234471811 117.162582976845 0 421 0
"422" 109.272994735626 117.712997114149 0 422 0
"423" 107.897046320558 119.749198742288 0 423 0
"424" 106.74360299119 115.284254115077 0 424 0
"425" 109.077588815792 113.138833573407 0 425 0
"426" 114.653111455113 116.000499588113 0 426 0
"427" 109.760750233798 114.410496433005 0 427 0
"428" 111.010498357652 114.728213215799 0 428 0
"429" 109.85909549792 116.239175178629 0 429 0
"430" 111.19861157332 116.355331029267 0 430 0
"431" 106.52977493229 121.067903840479 0 431 0
"432" 115.009543364455 114.596240356084 0 432 0
"433" 102.366915997559 119.782690080047 0 433 0
"434" 109.011641221634 111.128290298906 0 434 0
"435" 112.529952479498 116.503817965798 0 435 0
"436" 108.41305597023 120.981451123312 0 436 0
"437" 103.610945517299 115.7978205437 0 437 0
"438" 101.701758046966 110.99778358345 0 438 0
"439" 105.578056162737 109.82021727418 0 439 0
"440" 111.214020699397 114.961010229504 0 440 0
"441" 110.944295093368 120.523687655031 0 441 0
"442" 109.577747031662 111.32302452078 0 442 0
"443" 107.296798898868 111.178322256007 0 443 0
"444" 108.746800603627 110.167391509409 0 444 0
"445" 109.036309536799 113.322603079416 0 445 0
"446" 113.151020312115 115.654696782775 0 446 0
"447" 111.781181672309 116.103834884167 0 447 0
"448" 111.854438036153 111.143841935322 0 448 0
"449" 105.801510425512 114.126344639107 0 449 0
"450" 110.247916540457 113.692455095676 0 450 0
"451" 110.352127882478 118.162694457496 0 451 0
"452" 101.014175473774 116.808207575075 0 452 0
"453" 108.541120884909 113.511059185318 0 453 0
"454" 114.632954282821 117.731004955307 0 454 0
"455" 106.528177696097 120.848609317862 0 455 0
"456" 110.094780982115 123.262239895938 0 456 0
"457" 106.19408227307 118.654557311393 0 457 0
"458" 109.95958258366 116.225076545791 0 458 0
"459" 101.204309258594 115.867608796223 0 459 0
"460" 106.418692297201 121.657308766372 0 460 0
"461" 109.668804585305 112.96813973784 0 461 0
"462" 108.071770124201 111.980822076996 0 462 0
"463" 115.294207079032 108.236451587646 0 463 0
"464" 110.092147893371 117.185338802905 0 464 0
"465" 107.097147990478 118.48388529841 0 465 0
"466" 114.121080529843 113.241984437998 0 466 0
"467" 109.7495790489 117.240858266784 0 467 0
"468" 108.489993212061 118.533142016278 0 468 0
"469" 106.804381698399 113.96573941204 0 469 0
"470" 105.217490115843 115.690621361512 0 470 0
"471" 110.634430975762 114.388123777745 0 471 0
"472" 105.450471943898 115.390123038925 0 472 0
"473" 114.380043026533 115.602588934367 0 473 0
"474" 106.941088343646 119.112297086682 0 474 0
"475" 113.595766694274 115.847094997446 0 475 0
"476" 104.2131100993 120.885699394156 0 476 0
"477" 108.126794709455 114.921305470359 0 477 0
"478" 104.877398081953 111.830598475279 0 478 0
"479" 107.176828340418 109.762141164788 0 479 0
"480" 107.661844592782 115.615778012178 0 480 0
"481" 110.065922907412 121.22216655756 0 481 0
"482" 106.036712239523 115.855438575346 0 482 0
"483" 109.733613712752 114.415127934337 0 483 0
"484" 113.868408575592 117.598400847645 0 484 0
"485" 104.965278280659 114.125716830591 0 485 0
"486" 102.150517132022 114.870634597641 0 486 0
"487" 112.232585522137 114.083820149405 0 487 0
"488" 107.701546360639 123.114499369608 0 488 0
"489" 116.545019358346 115.476027984182 0 489 0
"490" 114.688086168768 116.033424148132 0 490 0
"491" 106.625981505289 118.343476733148 0 491 0
"492" 104.523491689557 113.75865926742 0 492 0
"493" 108.588848364343 113.973250742554 0 493 0
"494" 107.407807482162 117.368540427134 0 494 0
"495" 107.15871096253 111.679927398296 0 495 0
"496" 107.774782896802 122.42397778114 0 496 0
"497" 113.823535484732 114.576487868012 0 497 0
"498" 103.79248141125 114.002636263788 0 498 0
"499" 56.18429519033 130.293491318406 0 499 0
"500" 56.1517750486536 132.121668724549 0 500 0
"501" 55.3993209863818 126.507613631543 0 501 0
"502" 56.3711799989546 129.449281937373 0 502 0
"503" 56.6482491990137 127.478667952227 0 503 0
"504" 56.039247483217 127.05677921542 0 504 0
"505" 56.4250743257167 130.469796603847 0 505 0
"506" 56.4606037340529 126.708550102438 0 506 0
"507" 56.0462232182273 126.0049083763 0 507 0
"508" 56.6977877278421 127.300404944672 0 508 0
"509" 54.8185992467877 129.461754557097 0 509 0
"510" 55.7247583982967 131.576984189683 0 510 0
"511" 55.5343577365417 127.202301082581 0 511 0
"512" 56.3200946030785 130.371217689766 0 512 0
"513" 56.05128612632 124.201361113212 0 513 0
"514" 55.9210669435278 126.039446685288 0 514 0
"515" 55.6650707821822 130.361632178931 0 515 0
"516" 56.6881183515743 126.401667712518 0 516 0
"517" 56.0427223655039 128.560066011636 0 517 0
"518" 57.0800546411977 126.317107317497 0 518 0
"519" 56.253145155932 125.721209875674 0 519 0
"520" 56.3645710544585 123.601952693801 0 520 0
"521" 56.3422147413932 127.626665541218 0 521 0
"522" 55.9786121891051 121.562942894721 0 522 0
"523" 56.4906899582609 127.858469135455 0 523 0
"524" 56.0843752652522 126.58987958578 0 524 0
"525" 55.7663814231917 132.137980852397 0 525 0
"526" 55.5864025755817 132.772668506088 0 526 0
"527" 56.8163507569932 129.311937001033 0 527 0
"528" 56.0689534275132 128.172990520825 0 528 0
"529" 56.2641479360801 130.623656392553 0 529 0
"530" 55.3733221744347 128.05327760444 0 530 0
"531" 56.1552515581072 131.134769986814 0 531 0
"532" 56.9840072133711 121.142044875113 0 532 0
"533" 55.9604404185433 131.055610317163 0 533 0
"534" 56.8758398587513 125.987073172037 0 534 0
"535" 56.1712816612099 124.217745686983 0 535 0
"536" 55.7736740308988 126.878166714514 0 536 0
"537" 56.5904932792125 124.182600799464 0 537 0
"538" 55.9576649159101 128.284910042201 0 538 0
"539" 56.2393750691839 125.786845182578 0 539 0
"540" 56.1696566047364 127.383255217982 0 540 0
"541" 55.7417749021602 126.067077489463 0 541 0
"542" 56.7634072819681 127.994842656498 0 542 0
"543" 55.8088843202938 126.331179909932 0 543 0
"544" 56.4296368076675 126.84298164969 0 544 0
"545" 54.9978108122734 128.157814220359 0 545 0
"546" 56.0640657425425 124.692269628827 0 546 0
"547" 56.4661727576564 129.401086946792 0 547 0
"548" 55.6634728557047 128.191687600187 0 548 0
"549" 55.7804133543999 127.874100774326 0 549 0
"550" 56.2483111223977 129.57452805297 0 550 0
"551" 57.2975895123852 132.494796006983 0 551 0
"552" 56.0243995170476 128.867977013339 0 552 0
"553" 56.6477755893607 127.196038174811 0 553 0
"554" 56.3953979888784 126.87251719586 0 554 0
"555" 56.9848698036037 130.473963359059 0 555 0
"556" 55.4951101707641 125.497827963061 0 556 0
"557" 56.8933563605769 131.169898593674 0 557 0
"558" 56.0477468760802 127.797780139432 0 558 0
"559" 56.3086229905073 126.081753940708 0 559 0
"560" 56.2799698799776 126.070620583266 0 560 0
"561" 56.2949900467162 126.71067984669 0 561 0
"562" 56.4008112418653 126.413236291158 0 562 0
"563" 56.9825317734244 126.455752124446 0 563 0
"564" 56.5080137685483 125.091641760163 0 564 0
"565" 55.5947314314872 129.732377149613 0 565 0
"566" 55.9877973790047 131.58541430493 0 566 0
"567" 56.4295004445338 128.013960010731 0 567 0
"568" 56.1507529888098 123.340416428167 0 568 0
"569" 55.4803901441749 126.680925997176 0 569 0
"570" 56.8181669013844 123.961649596674 0 570 0
"571" 56.4592022839551 130.25101082114 0 571 0
"572" 55.3696298456533 123.635886287135 0 572 0
"573" 55.2562695527394 126.781561360641 0 573 0
"574" 55.9547013318783 130.461306918372 0 574 0
"575" 56.2139542354881 130.410419171028 0 575 0
"576" 55.8733454891334 124.859535163346 0 576 0
"577" 55.4886617627893 131.939267307051 0 577 0
"578" 55.8633127010902 133.27844080942 0 578 0
"579" 55.3261866780309 128.799679888243 0 579 0
"580" 56.4546120901843 131.7155864405 0 580 0
"581" 54.8779228291671 130.322921923975 0 581 0
"582" 55.9029774022051 129.310266975129 0 582 0
"583" 56.0591042047418 130.662683654684 0 583 0
"584" 56.2851742082874 122.229883126435 0 584 0
"585" 56.9916095213386 127.482764126269 0 585 0
"586" 56.531630367247 125.290462838799 0 586 0
"587" 57.5385973308079 127.544746874505 0 587 0
"588" 56.0454122130875 128.942264866531 0 588 0
"589" 56.1908337198187 130.986601616169 0 589 0
"590" 56.2508740195385 127.24472991967 0 590 0
"591" 55.7946622115983 127.589348597776 0 591 0
"592" 56.0299660599372 128.497456246591 0 592 0
"593" 56.0775504408067 126.712077929973 0 593 0
"594" 55.7787806926798 126.12492421836 0 594 0
"595" 56.0106488156808 133.336924091673 0 595 0
"596" 56.1413783746773 129.781911547748 0 596 0
"597" 56.3280730022262 125.661326919367 0 597 0
"598" 56.0641497926291 125.080584509422 0 598 0
"599" 55.6874767719877 127.502307049097 0 599 0
"600" 56.743607294292 122.113371083512 0 600 0
"601" 56.2811780531069 124.075640710103 0 601 0
"602" 55.4084710711009 126.609147882584 0 602 0
"603" 56.4816317594504 129.523812171808 0 603 0
"604" 55.8636670489219 128.011142089789 0 604 0
"605" 55.9508949122972 132.38403091256 0 605 0
"606" 55.8710224808537 123.457824733746 0 606 0
"607" 55.5028281544758 128.329236751725 0 607 0
"608" 56.7993932907154 129.431183834416 0 608 0
"609" 55.2872356021013 127.126597114369 0 609 0
"610" 56.943513574275 125.42251512439 0 610 0
"611" 56.3710300770654 126.956744411049 0 611 0
"612" 55.8181297890128 128.97206231446 0 612 0
"613" 56.7415700944781 124.034108810693 0 613 0
"614" 55.7267958871699 127.492002772556 0 614 0
"615" 56.2673509363589 126.296666817621 0 615 0
"616" 56.1429713340707 140.069245222343 0 616 0
"617" 56.5769976421893 125.135909305864 0 617 0
"618" 56.4080320242258 131.77962762369 0 618 0
"619" 56.4014429106051 131.274568086667 0 619 0
"620" 56.4206346313882 123.363480972329 0 620 0
"621" 55.4856932233841 128.493439633956 0 621 0
"622" 56.1168655751315 125.227863817793 0 622 0
"623" 56.1381876689945 124.855428103614 0 623 0
"624" 55.6970348016581 124.916988829727 0 624 0
"625" 55.7697162068353 128.114351944884 0 625 0
"626" 56.7076951574123 128.175886457722 0 626 0
"627" 56.2940912276463 125.110500637787 0 627 0
"628" 56.3264107477197 124.757305680767 0 628 0
"629" 56.097190471084 134.915221293583 0 629 0
"630" 55.4277063210658 127.408305277585 0 630 0
"631" 56.5185034624047 122.41678853415 0 631 0
"632" 56.4813967941109 134.392901550252 0 632 0
"633" 56.1122660305674 126.972008418707 0 633 0
"634" 56.4996884957565 118.321417954167 0 634 0
"635" 56.3004044148465 128.352794390793 0 635 0
"636" 55.888369880976 127.06575347293 0 636 0
"637" 56.1297699967499 123.21238544253 0 637 0
"638" 54.7255438238003 127.353214051386 0 638 0
"639" 56.6160372992151 128.024130507378 0 639 0
"640" 56.1381315696297 128.068957240509 0 640 0
"641" 56.9013539688681 131.31903535178 0 641 0
"642" 55.2386133025565 135.03152226258 0 642 0
"643" 55.3155677700005 127.264095773985 0 643 0
"644" 55.8035012108416 127.58187025655 0 644 0
"645" 55.9859309394864 122.163844547294 0 645 0
"646" 55.6250784650054 125.851331972152 0 646 0
"647" 55.6713230881099 127.247204542306 0 647 0
"648" 56.1418063262039 130.79547315959 0 648 0
"649" 56.7440869433335 128.5458302179 0 649 0
"650" 56.2490876478036 123.063629744579 0 650 0
"651" 55.6671602881229 132.935416961402 0 651 0
"652" 56.2376863887542 122.752292469603 0 652 0
"653" 56.1243310812496 124.892513465387 0 653 0
"654" 57.0929902758066 127.726876695056 0 654 0
"655" 55.783712484404 124.995664523349 0 655 0
"656" 55.9669490614088 125.924496828251 0 656 0
"657" 55.5606515780652 130.972169227797 0 657 0
"658" 57.0760126374356 126.898049576124 0 658 0
"659" 57.1762204085222 125.984771961462 0 659 0
"660" 57.0271754885436 129.246384332187 0 660 0
"661" 56.8785812156705 128.345234938311 0 661 0
"662" 57.3258262718207 128.770891795938 0 662 0
"663" 55.8344187096555 129.741448827774 0 663 0
"664" 55.3787633332816 130.85026495291 0 664 0
"665" 55.0434893049181 128.784079900007 0 665 0
"666" 55.8499319543435 127.575552494629 0 666 0
"667" 55.9763019166972 129.492241640085 0 667 0
"668" 57.1447033844918 127.823927636579 0 668 0
"669" 56.2413539626464 124.404649706795 0 669 0
"670" 56.337875893015 121.589085859094 0 670 0
"671" 56.2281904526751 127.107923939727 0 671 0
"672" 55.4766379682217 126.546193692541 0 672 0
"673" 55.2282641283574 127.154543848793 0 673 0
"674" 56.2102218066794 121.588921489076 0 674 0
"675" 56.3724661616042 128.356111756272 0 675 0
"676" 56.0818317884427 122.180581954368 0 676 0
"677" 55.9231299546539 128.328203429098 0 677 0
"678" 54.6550561013448 123.813645387202 0 678 0
"679" 56.8775789361529 126.802919073992 0 679 0
"680" 56.1692027066134 135.689804590304 0 680 0
"681" 56.2612476638844 124.505536964665 0 681 0
"682" 56.9888267679074 128.459861733608 0 682 0
"683" 56.7729915174211 123.626295365569 0 683 0
"684" 56.2251853857857 124.87770553909 0 684 0
"685" 56.9778371392103 129.670473820519 0 685 0
"686" 55.9148039634228 131.236212935077 0 686 0
"687" 55.9233499579356 127.968556520191 0 687 0
"688" 56.2222821303579 124.339583680781 0 688 0
"689" 55.9245578179545 134.626832015687 0 689 0
"690" 56.2486270865315 134.667298556002 0 690 0
"691" 56.5261098082481 123.648940517906 0 691 0
"692" 56.2723901509709 129.005635076977 0 692 0
"693" 56.1980165508936 126.732343201349 0 693 0
"694" 56.6019104472754 127.333547775276 0 694 0
"695" 55.4095278139709 125.992979887711 0 695 0
"696" 56.3690924360278 127.436748337222 0 696 0
"697" 54.5651070196211 123.0320923593 0 697 0
"698" 56.30216186035 125.056743975157 0 698 0
"699" 56.916185294052 125.565712416202 0 699 0
"700" 56.4337408317745 127.05352892304 0 700 0
"701" 55.5928184079803 129.67877803515 0 701 0
"702" 56.8279604258065 122.373236606551 0 702 0
"703" 56.3089085933824 130.554778344372 0 703 0
"704" 55.7236035219879 128.369476863255 0 704 0
"705" 56.6040968733815 123.801604135472 0 705 0
"706" 56.5382293398858 128.970167816719 0 706 0
"707" 56.4644029592397 126.16676240325 0 707 0
"708" 56.3204784456668 127.582423715494 0 708 0
"709" 56.8570724823081 124.373089303982 0 709 0
"710" 55.4663783039949 127.366916950508 0 710 0
"711" 55.6525859841083 129.116534958061 0 711 0
"712" 56.1672290952924 125.834669927809 0 712 0
"713" 56.60757125586 127.394381192583 0 713 0
"714" 56.1215914578441 128.193279029048 0 714 0
"715" 56.272622822828 128.591708754708 0 715 0
"716" 56.9370711328982 125.346148647844 0 716 0
"717" 56.3448048811432 125.732410652117 0 717 0
"718" 55.9293153883963 122.976191724055 0 718 0
"719" 56.0773524185737 128.664126151618 0 719 0
"720" 56.2741087132606 133.40339226454 0 720 0
"721" 56.2081339911518 129.489390501725 0 721 0
"722" 55.7102145763413 128.77566726661 0 722 0
"723" 56.7955877693373 127.840004455285 0 723 0
"724" 57.2778275444151 126.15779455389 0 724 0
"725" 56.1670118696379 126.543382228678 0 725 0
"726" 56.1722226337883 128.459179540051 0 726 0
"727" 55.6834443675743 130.87856447993 0 727 0
"728" 56.9905097685472 131.351106724399 0 728 0
"729" 56.6421636555982 126.714172299676 0 729 0
"730" 56.1972944508817 126.810812713912 0 730 0
"731" 56.0357655355705 132.837407847512 0 731 0
"732" 55.6932637192558 126.55430229861 0 732 0
"733" 55.8468602774186 127.490835428437 0 733 0
"734" 56.3735915756725 129.659423998253 0 734 0
"735" 55.6410186109741 128.848455477759 0 735 0
"736" 55.9569773673818 126.1391743007 0 736 0
"737" 56.776659227506 126.680690537219 0 737 0
"738" 56.5200479163318 131.567551963094 0 738 0
"739" 56.2593486329119 123.171376131622 0 739 0
"740" 56.3404079861277 122.990554572445 0 740 0
"741" 55.9533857771763 126.129645000125 0 741 0
"742" 55.2772390290743 132.618999492399 0 742 0
"743" 55.8164727763972 128.574603924025 0 743 0
"744" 56.2301014868617 124.945733994339 0 744 0
"745" 56.2667543250048 125.904250005199 0 745 0
"746" 55.647769408723 122.987665512591 0 746 0
"747" 56.9318148810735 129.574589635044 0 747 0
"748" 56.4230828981582 132.912027824845 0 748 0
"749" 56.8521319998797 127.493693327136 0 749 0
"750" 56.8172884128709 124.071646073384 0 750 0
"751" 56.0547488790018 126.015479042259 0 751 0
"752" 56.8127390497537 129.186240561431 0 752 0
"753" 56.5600367550068 127.500467501119 0 753 0
"754" 56.4975248826004 124.276453403056 0 754 0
"755" 55.9088419461421 128.366669721653 0 755 0
"756" 56.968741783801 129.360033261929 0 756 0
"757" 56.3839934148187 123.242423355004 0 757 0
"758" 88.6796149497514 17.3128122130189 0 758 0
"759" 90.1040107052678 16.8424271114472 0 759 0
"760" 86.6316277834096 16.9431384682954 0 760 0
"761" 94.4272251596076 16.7422498958836 0 761 0
"762" 79.7707906542323 17.0593165845204 0 762 0
"763" 83.4574399222552 16.9585853497269 0 763 0
"764" 84.7430889945558 16.9611645527832 0 764 0
"765" 86.1072151064734 17.0198503511168 0 765 0
"766" 86.4888645128243 17.0391026139548 0 766 0
"767" 80.679129047988 17.0567447336619 0 767 0
"768" 91.4173298187824 17.0559131693426 0 768 0
"769" 88.6627834277317 17.2438092425315 0 769 0
"770" 95.6858962108457 17.0104723239238 0 770 0
"771" 82.7664986344868 17.0418015590881 0 771 0
"772" 91.6262033772331 17.159769440261 0 772 0
"773" 96.0249466970025 16.7525099501626 0 773 0
"774" 91.0579257250584 16.787231038625 0 774 0
"775" 81.0423314781289 16.9704659700862 0 775 0
"776" 82.6266588045906 16.7319062113892 0 776 0
"777" 90.0479520406917 16.9102135861337 0 777 0
"778" 85.8038455201451 17.1197267901763 0 778 0
"779" 82.7807535072782 17.0321849549414 0 779 0
"780" 81.4975581850396 16.9458982645675 0 780 0
"781" 84.1820146334111 16.978867967557 0 781 0
"782" 84.4043808918932 16.985021173636 0 782 0
"783" 82.4172131548623 17.0466318493076 0 783 0
"784" 83.4932336300634 16.9748713348464 0 784 0
"785" 88.2310543897532 17.0730748679993 0 785 0
"786" 77.6805559151778 17.1612394102022 0 786 0
"787" 89.5132885619256 16.8028582893798 0 787 0
"788" 89.1897689536172 16.7050833718222 0 788 0
"789" 87.3655216949734 16.8020082715536 0 789 0
"790" 80.6544968680413 16.8093025181958 0 790 0
"791" 92.5126402855789 17.1463589979576 0 791 0
"792" 79.40384077314 17.1539439226753 0 792 0
"793" 94.7657573368387 16.8941749110807 0 793 0
"794" 81.2839573732636 17.1404705331081 0 794 0
"795" 91.1029264347459 17.206246278835 0 795 0
"796" 81.580718624508 16.8707208355108 0 796 0
"797" 87.6652151476708 16.8760579217964 0 797 0
"798" 85.9651754005658 17.0053492264927 0 798 0
"799" 88.441200131285 17.0575051113911 0 799 0
"800" 85.0474967062597 17.0794477525114 0 800 0
"801" 79.8517404717424 16.8984851621825 0 801 0
"802" 84.6023169092907 17.0931661073364 0 802 0
"803" 81.6255350897191 17.0254228510133 0 803 0
"804" 83.2391550593207 17.1075497730523 0 804 0
"805" 93.6323283362294 16.8384507574418 0 805 0
"806" 85.9902451059377 16.96861103097 0 806 0
"807" 80.1581029255042 16.6585613530409 0 807 0
"808" 87.9205954159792 16.7414363001315 0 808 0
"809" 79.8668484672817 16.9687763351316 0 809 0
"810" 92.1590319440899 16.9539363151876 0 810 0
"811" 85.3878274088822 17.1635396326057 0 811 0
"812" 85.4508465256725 16.7588955821663 0 812 0
"813" 86.8510471538192 17.024303473796 0 813 0
"814" 89.0270333256177 17.0648892896723 0 814 0
"815" 87.4316113896835 16.7648334256351 0 815 0
"816" 82.9716336862244 16.7484246690707 0 816 0
"817" 87.4031904820626 16.79221021229 0 817 0
"818" 83.6449134252122 16.8347817477464 0 818 0
"819" 88.1766842229683 16.9141617375044 0 819 0
"820" 89.8295204255744 16.8727510601825 0 820 0
"821" 86.0255975968913 17.0013264150428 0 821 0
"822" 82.317931121044 16.7792388576852 0 822 0
"823" 89.8363206559736 16.7902857732033 0 823 0
"824" 82.8431850763223 16.9914314050704 0 824 0
"825" 81.2796191318213 17.1290005185864 0 825 0
"826" 86.9743581251521 17.0008849049937 0 826 0
"827" 83.845432279491 16.9996295774937 0 827 0
"828" 96.9629192658338 16.902629357232 0 828 0
"829" 88.2451962109678 16.8734611902814 0 829 0
"830" 93.8669828520368 17.2964004099842 0 830 0
"831" 76.5640824361872 16.8970424253299 0 831 0
"832" 86.6982515862881 17.1170773344668 0 832 0
"833" 83.1834456451811 16.8065027083626 0 833 0
"834" 82.4176938036453 16.937401321248 0 834 0
"835" 90.8256338201467 17.0830293170313 0 835 0
"836" 83.6887479321383 17.1981643902509 0 836 0
"837" 86.757430781035 16.8600863702291 0 837 0
"838" 80.1554112840295 16.9440418808054 0 838 0
"839" 92.0711053550377 16.7177454721771 0 839 0
"840" 78.8587089488258 16.8795490815929 0 840 0
"841" 84.6858180068292 16.7407030906069 0 841 0
"842" 81.3711556452057 17.0159946909373 0 842 0
"843" 85.0572209562995 16.7876280869502 0 843 0
"844" 83.6609514465792 17.0702237077093 0 844 0
"845" 89.7055039905916 16.8356775126431 0 845 0
"846" 85.106520942025 16.7688764529967 0 846 0
"847" 85.7916310264048 16.8764500876602 0 847 0
"848" 85.1508042783294 16.8959910337137 0 848 0
"849" 84.456407601542 17.0407809643404 0 849 0
"850" 85.2042901284 17.0099174485039 0 850 0
"851" 83.3552598955384 17.0296319021779 0 851 0
"852" 85.3587375709072 16.8596535369034 0 852 0
"853" 89.0305392187208 17.0218052753434 0 853 0
"854" 82.1813618695414 16.9371719025302 0 854 0
"855" 86.4374303038251 17.3401437005232 0 855 0
"856" 88.944575791364 17.0426222810399 0 856 0
"857" 86.4190584151636 17.0013972367726 0 857 0
"858" 90.1072399386185 16.8994432406639 0 858 0
"859" 85.369304731391 16.9055011985888 0 859 0
"860" 89.9059725559487 16.9019274242584 0 860 0
"861" 87.062982414969 17.0362284249052 0 861 0
"862" 90.6907949995245 17.0511689282979 0 862 0
"863" 93.6625411090505 16.9410343062235 0 863 0
"864" 87.3092620323081 16.9859220559473 0 864 0
"865" 84.3454235756816 17.1421296324056 0 865 0
"866" 79.3346841155919 17.0946840542783 0 866 0
"867" 90.806200834632 16.966906295401 0 867 0
"868" 81.8773900010326 16.8654800302282 0 868 0
"869" 99.3555736839265 16.8534679756839 0 869 0
"870" 81.0351032088923 17.0421335083165 0 870 0
"871" 82.950136699211 16.7649880451673 0 871 0
"872" 84.1437197181615 16.8320887255431 0 872 0
"873" 87.1146702721324 17.0527243750846 0 873 0
"874" 81.7311759712053 16.8816153939959 0 874 0
"875" 83.1863276456481 16.8632965927097 0 875 0
"876" 88.8947131346058 16.7613001011684 0 876 0
"877" 87.2416112945714 16.703675118636 0 877 0
"878" 84.4111685069169 16.9792024401596 0 878 0
"879" 93.3350610946047 17.0774221469404 0 879 0
"880" 85.5419361831498 16.8557236610861 0 880 0
"881" 87.3479850685647 16.9598993913422 0 881 0
"882" 87.4228985162842 17.0233532356614 0 882 0
"883" 92.8885560174932 16.8871801357062 0 883 0
"884" 79.6081433194212 17.0317832862179 0 884 0
"885" 88.0404310941759 17.0136630982799 0 885 0
"886" 89.8669338419758 16.976706440592 0 886 0
"887" 80.7846815882947 16.9546018862301 0 887 0
"888" 78.8530024858827 16.7652789161639 0 888 0
"889" 90.1691764597055 17.0941081250175 0 889 0
"890" 84.1653465192071 16.750958196346 0 890 0
"891" 90.6236868959597 16.7733615447414 0 891 0
"892" 88.2047061968819 17.0357146492035 0 892 0
"893" 85.959205382017 16.9608735957356 0 893 0
"894" 84.1734948525412 16.8419583102866 0 894 0
"895" 91.4278506985146 16.802277488302 0 895 0
"896" 83.249778372048 17.044341128517 0 896 0
"897" 88.9183177954744 16.8912154005084 0 897 0
"898" 90.4020417290038 17.0261710219877 0 898 0
"899" 82.1717930914174 16.9407923810013 0 899 0
"900" 82.6537858531873 17.1814362425489 0 900 0
"901" 88.7886839392939 17.1850442065746 0 901 0
"902" 81.3078064303681 16.830342404774 0 902 0
"903" 86.143336110254 17.0084780304971 0 903 0
"904" 89.017243438487 16.9763305832899 0 904 0
"905" 85.7288577847119 16.9005594831931 0 905 0
"906" 84.3844401107655 16.9696184237071 0 906 0
"907" 84.7953630662294 16.9862807474767 0 907 0
"908" 85.4495536361506 17.1361531916332 0 908 0
"909" 93.529821202467 17.0322614230977 0 909 0
"910" 88.2305599568972 16.9387555855287 0 910 0
"911" 91.2944904165521 16.8665106027496 0 911 0
"912" 88.3765852451222 16.9120039910677 0 912 0
"913" 80.1821560069258 16.8287502148302 0 913 0
"914" 81.3023340926907 16.918678195523 0 914 0
"915" 86.3273197974092 17.2625877124152 0 915 0
"916" 77.1489573200282 16.73691240371 0 916 0
"917" 88.4535869273278 16.6782451623551 0 917 0
"918" 87.1211286240265 16.946363828367 0 918 0
"919" 79.5949101880517 17.0118535628049 0 919 0
"920" 83.8304286494324 16.8662790025212 0 920 0
"921" 88.1506768102548 16.9102116310743 0 921 0
"922" 93.4690535752763 17.1619774989466 0 922 0
"923" 87.0918072775603 16.9961213775386 0 923 0
"924" 82.4527309227312 16.9140725467755 0 924 0
"925" 87.6252427876766 16.8500733347887 0 925 0
"926" 84.4463975709686 16.490979514272 0 926 0
"927" 89.9577199632859 16.8825729477943 0 927 0
"928" 88.7240783893213 17.0039303980107 0 928 0
"929" 82.9205783382819 16.8988236670405 0 929 0
"930" 85.6948267948999 17.0101620187103 0 930 0
"931" 94.2280839219441 16.9964526941836 0 931 0
"932" 88.7444603724114 16.9971438592462 0 932 0
"933" 87.4570424890243 16.8976715924207 0 933 0
"934" 85.4232061288552 16.9822796827981 0 934 0
"935" 87.5376900576009 16.8772813836308 0 935 0
"936" 85.1558404520479 16.9793467801345 0 936 0
"937" 85.5923140939706 17.0210805895218 0 937 0
"938" 82.7811705897921 16.8363086862426 0 938 0
"939" 89.5657939857673 16.7958778738645 0 939 0
"940" 89.9879892327285 16.9332484962179 0 940 0
"941" 88.2618421445716 16.9010594880821 0 941 0
"942" 85.6800053931727 16.9756291123169 0 942 0
"943" 89.8135954618945 16.9449268842643 0 943 0
"944" 83.670082232403 17.0357425884883 0 944 0
"945" 91.8952985611839 16.7132767839134 0 945 0
"946" 90.8492649000829 16.9950690238181 0 946 0
"947" 88.2359958856287 17.0059571290755 0 947 0
"948" 87.5672438937643 17.0037054735407 0 948 0
"949" 83.5525787958925 16.8928477775347 0 949 0
"950" 92.1533157239408 16.902596410269 0 950 0
"951" 86.432952521526 17.091122457759 0 951 0
"952" 88.2517655218762 16.8459127687223 0 952 0
"953" 88.8016656866924 16.8196214003361 0 953 0
"954" 83.8299762395906 17.2099647268868 0 954 0
"955" 79.2605005742671 16.7489705264872 0 955 0
"956" 89.5821947592004 17.0109580204483 0 956 0
"957" 90.0932149164612 16.9441714415701 0 957 0
"958" 82.5015059672007 16.9635194949623 0 958 0
"959" 84.444783259353 17.0797361371421 0 959 0
"960" 87.0943105717769 16.8340024987426 0 960 0
"961" 87.988943059218 16.6795119667938 0 961 0
"962" 82.613663077097 16.6778044941869 0 962 0
"963" 96.0465231628262 17.0735794162872 0 963 0
"964" 88.3749413646334 16.7860164577252 0 964 0
"965" 92.4243263341204 16.9894346871692 0 965 0
"966" 88.5321148321744 17.2673519358437 0 966 0
"967" 84.9433741608399 16.9404977997258 0 967 0
"968" 82.8663521305996 16.9713850983318 0 968 0
"969" 86.494804504657 17.0334461444 0 969 0
"970" 91.4149155671047 16.9947842132311 0 970 0
"971" 83.6392095868675 16.8400945183085 0 971 0
"972" 92.0423937389292 16.8813080516142 0 972 0
"973" 84.1071351607835 16.9726498412313 0 973 0
"974" 86.6416569693084 17.0192585359477 0 974 0
"975" 91.1369720729897 17.0762181643393 0 975 0
"976" 87.266557895986 17.0241864453065 0 976 0
"977" 90.0793451843981 16.8040743058259 0 977 0
"978" 88.9790369074525 16.8614542898326 0 978 0
"979" 90.6186639990333 17.1101432407613 0 979 0
"980" 80.3576852969247 17.0798132149536 0 980 0
"981" 86.815591343514 16.8903911133656 0 981 0
"982" 89.9247828150239 16.8482507515126 0 982 0
"983" 87.0067641064397 16.8931401675531 0 983 0
"984" 76.1502353319492 16.8797665189126 0 984 0
"985" 87.7144253075984 16.9182510975712 0 985 0
"986" 88.8869931807844 16.8411280063396 0 986 0
"987" 85.0327293100898 16.7830102320665 0 987 0
"988" 80.1360597483731 16.9919144449769 0 988 0
"989" 89.9811636231129 17.0140219701978 0 989 0
"990" 87.3418012959019 16.8709050000574 0 990 0
"991" 86.2575280907396 17.0608213508117 0 991 0
"992" 88.9367002212192 16.7636440985789 0 992 0
"993" 86.5890513863618 17.0580293475561 0 993 0
"994" 95.9544635652129 17.0697912682278 0 994 0
"995" 88.2855703253177 17.1925971319364 0 995 0
"996" 84.9030091095673 16.9446716171086 0 996 0
"997" 80.7957389685674 16.7681641024196 0 997 0
"998" 89.4196728532705 17.1083733010403 0 998 0
"999" 81.0781413864368 17.2311390237827 0 999 0
"1000" 81.7814213488351 17.1292837041832 0 1000 0
"1001" 88.4906886145804 16.8839454523716 0 1001 0
"1002" 91.5936466527047 17.0285926999804 0 1002 0
"1003" 92.0518601495773 17.0818972961428 0 1003 0
"1004" 85.5364506810096 17.0400626213025 0 1004 0
"1005" 88.2488292787298 16.7937065233208 0 1005 0
"1006" 89.0531987735454 17.0343188777656 0 1006 0
"1007" 88.6029334110219 16.8786247562382 0 1007 0
"1008" 85.5518932489074 17.0774362317663 0 1008 0
"1009" 81.6284265518541 16.9699528960775 0 1009 0
"1010" 82.0928779022397 16.8832940963088 0 1010 0
"1011" 87.6598170282991 16.8271323100879 0 1011 0
"1012" 93.5268681550751 16.8732027482509 0 1012 0
"1013" 81.8611379129547 16.9800303431638 0 1013 0
"1014" 86.9983059303873 16.8957073667254 0 1014 0
"1015" 85.9469167297567 16.8670686642407 0 1015 0
"1016" 90.4793206156457 16.9743128517423 0 1016 0
"1017" 84.0474322158372 16.742795577744 0 1017 0
"1018" 87.7165310942461 17.0604979902239 0 1018 0
"1019" 86.9659754864496 17.2068542908047 0 1019 0
"1020" 91.5222883085744 16.8180528566288 0 1020 0
"1021" 79.8594955794423 16.7564268868492 0 1021 0
"1022" 88.3247886719046 16.7198149014372 0 1022 0
"1023" 91.5919041275524 16.9689932777859 0 1023 0
"1024" 83.6560246113449 16.9134638628167 0 1024 0
"1025" 87.5309385715086 17.0059407321256 0 1025 0
"1026" 89.8261146877611 17.0139004644691 0 1026 0
"1027" 83.1836878242607 16.7687773527302 0 1027 0
"1028" 81.6446629090262 16.9757415305064 0 1028 0
"1029" 89.128084493901 16.9662491723019 0 1029 0
"1030" 88.6449450249292 16.9009158070379 0 1030 0
"1031" 87.3483177306026 16.9047147886123 0 1031 0
"1032" 90.7777649287019 16.9988755157003 0 1032 0
"1033" 87.6478630388409 17.0639152731736 0 1033 0
"1034" 84.9794573445343 16.9364836801161 0 1034 0
"1035" 84.134999321221 17.1308529124878 0 1035 0
"1036" 87.5107202062065 16.7967630298732 0 1036 0
"1037" 84.0173566315836 16.7941052166858 0 1037 0
"1038" 88.2024461193065 16.6967528820294 0 1038 0
"1039" 88.3266331175956 17.2233282761478 0 1039 0
"1040" 85.2352943567923 16.9571046910247 0 1040 0
"1041" 83.0253083366535 17.17832280353 0 1041 0
"1042" 80.4246638585827 17.056836247184 0 1042 0
"1043" 80.5608477966377 16.6938589675813 0 1043 0
"1044" 84.9138832042778 16.8330601461771 0 1044 0
"1045" 83.9562644125642 17.0070423130543 0 1045 0
"1046" 81.4174679147898 17.1252747427712 0 1046 0
"1047" 84.4501113669407 17.3566954805176 0 1047 0
"1048" 86.9050172908122 17.3025258341107 0 1048 0
"1049" 120.149114509287 63.857848842722 0 1049 0
"1050" 79.1730315146413 128.977195137022 0 1050 0
"1051" 119.889526034836 68.8070682907784 0 1051 0
"1052" 110.770258767255 138.495405817706 0 1052 0
"1053" 117.450376786238 100.076807061871 0 1053 0
"1054" 106.774603606081 31.5513341887528 0 1054 0
"1055" 90.3094068218863 87.254633753976 0 1055 0
"1056" 90.026441216231 118.644542010251 0 1056 0
"1057" 99.7643725925523 80.959687989392 0 1057 0
"1058" 55.5301822155996 56.2116930961603 0 1058 0
"1059" 69.3329878580481 95.0895523221368 0 1059 0
"1060" 79.3437753280636 136.996616683911 0 1060 0
"1061" 55.5107757751327 105.821378572517 0 1061 0
"1062" 57.7577473530969 16.695527644555 0 1062 0
"1063" 97.378453370977 103.733786511287 0 1063 0
"1064" 56.9552883361436 73.8506848164278 0 1064 0
"1065" 96.9140891800086 25.0888690552235 0 1065 0
"1066" 76.6128392319165 104.697727025245 0 1066 0
"1067" 87.7033777477251 32.8183222223382 0 1067 0
"1068" 80.0446251524453 117.620355985642 0 1068 0
"1069" 96.8830771529989 77.735878231415 0 1069 0
"1070" 67.4449757157618 78.0904315215235 0 1070 0
"1071" 64.2261056364509 34.8280870340187 0 1071 0
"1072" 54.8567095382198 110.486793639274 0 1072 0
"1073" 78.9735967294543 48.9050001943158 0 1073 0
"1074" 101.448706303115 39.7032687550908 0 1074 0
"1075" 88.2314309579194 76.660259116436 0 1075 0
"1076" 76.5551189640807 92.8525778309464 0 1076 0
"1077" 95.4288557317231 86.8662645317213 0 1077 0
"1078" 90.6240115298475 87.2642808446201 0 1078 0
"1079" 77.2359952261558 43.7339373966919 0 1079 0
"1080" 112.777866557996 112.253730575225 0 1080 0
"1081" 65.7010290762523 61.2202873609511 0 1081 0
"1082" 65.1810122048707 81.7276354493611 0 1082 0
"1083" 115.844146184356 17.7944407062893 0 1083 0
"1084" 57.0646565362438 85.531526089878 0 1084 0
"1085" 87.8275207355223 70.4861719457661 0 1085 0
"1086" 115.790708135596 130.776975081417 0 1086 0
"1087" 105.556187911266 81.6700671333234 0 1087 0
"1088" 111.765062716297 21.5773458999138 0 1088 0
"1089" 76.2138087926404 118.468235684959 0 1089 0
"1090" 116.561640245752 139.906209778891 0 1090 0
"1091" 118.036221559851 95.7810840689295 0 1091 0
"1092" 92.1170054596726 102.637887228465 0 1092 0
"1093" 82.3303307129671 134.148038340581 0 1093 0
"1094" 65.2963381555845 86.4792129313971 0 1094 0
"1095" 98.1757319376043 115.854600374835 0 1095 0
"1096" 89.9854699487992 80.0410940524988 0 1096 0
"1097" 89.3257760776652 23.265218441926 0 1097 0
"1098" 55.7863467798016 28.0756338976605 0 1098 0
"1099" 59.3564818799739 93.6282581267002 0 1099 0
"1100" 63.6884794077391 119.372208144444 0 1100 0
"1101" 95.0615893598511 71.2432914503131 0 1101 0
"1102" 69.4138060018318 52.6468419021748 0 1102 0
"1103" 90.872816605556 139.190295437412 0 1103 0
"1104" 79.3256368938923 92.9042301125612 0 1104 0
"1105" 110.867934631388 69.590717129153 0 1105 0
"1106" 101.709681015057 49.779861305806 0 1106 0
"1107" 99.6592770847623 99.0716659309485 0 1107 0
"1108" 112.611682186322 57.2348051757427 0 1108 0
"1109" 86.7388092236209 71.4378393900627 0 1109 0
"1110" 110.672536526082 56.9694462354662 0 1110 0
"1111" 82.923799040259 55.8648757492996 0 1111 0
"1112" 72.6808980550589 136.276052628024 0 1112 0
"1113" 73.5915872890999 99.3003111145798 0 1113 0
"1114" 85.5343925522901 42.5817000367468 0 1114 0
"1115" 108.356854795878 40.3405549847062 0 1115 0
"1116" 113.646282662605 133.243959421709 0 1116 0
"1117" 61.8369038234884 58.8889199642247 0 1117 0
"1118" 116.593484871734 110.070002810757 0 1118 0
"1119" 54.5836075794966 69.4978105405157 0 1119 0
"1120" 84.8544007898894 129.588419073015 0 1120 0
"1121" 106.764880765986 58.3781756484823 0 1121 0
"1122" 81.2886920515494 62.7749596450156 0 1122 0
"1123" 113.541674090458 16.496091837873 0 1123 0
"1124" 61.1954693640362 137.531018088007 0 1124 0
"1125" 110.877080326369 109.976906609321 0 1125 0
"1126" 96.4918372650862 72.9606394314222 0 1126 0
"1127" 86.3301548581434 122.094353191248 0 1127 0
"1128" 107.349427075582 41.6573093574891 0 1128 0
"1129" 82.5677409236372 53.077031191159 0 1129 0
"1130" 102.129256374322 65.7191342589943 0 1130 0
"1131" 112.649239861582 55.5519462090574 0 1131 0
"1132" 64.4278514536083 49.605532046411 0 1132 0
"1133" 105.3316092143 20.8488586473504 0 1133 0
"1134" 77.0364276713706 35.4309396080912 0 1134 0
"1135" 99.1171601963083 32.6799827669878 0 1135 0
"1136" 74.1527114558515 120.466211155412 0 1136 0
"1137" 114.675355333999 17.566715907213 0 1137 0
"1138" 92.0860184287857 38.9094908527796 0 1138 0
"1139" 90.0761568752795 79.8552150718144 0 1139 0
"1140" 66.5839116830438 91.6880091364058 0 1140 0
"1141" 88.1700237386991 126.284339398026 0 1141 0
"1142" 66.4160335486442 59.9620233575837 0 1142 0
"1143" 113.69623540468 125.833214208923 0 1143 0
"1144" 93.3530299532451 136.831573761704 0 1144 0
"1145" 107.592093640385 86.6434587605276 0 1145 0
"1146" 89.4618441710347 134.47046483496 0 1146 0
"1147" 81.9870084389801 28.0214886249434 0 1147 0
"1148" 101.533427209005 55.7749001314351 0 1148 0
"1149" 98.708641688094 122.402686419412 0 1149 0
"1150" 75.3972155310919 114.129586195762 0 1150 0
"1151" 91.4202831297631 130.309021885873 0 1151 0
"1152" 89.6955288732965 38.0663267575989 0 1152 0
"1153" 88.0520461663866 78.1107689472532 0 1153 0
"1154" 63.8505705130267 102.300580013686 0 1154 0
"1155" 71.4618158745493 63.9646419937267 0 1155 0
"1156" 82.6769061446696 60.1285614587139 0 1156 0
"1157" 85.0480696010474 43.8342065150858 0 1157 0
"1158" 75.5184563154263 28.6230210450785 0 1158 0
"1159" 67.1570408157302 60.7393467820352 0 1159 0
"1160" 109.610792975739 18.3858656133203 0 1160 0
"1161" 118.634087172169 35.3112710287078 0 1161 0
"1162" 78.8412294897202 47.6734737535813 0 1162 0
"1163" 73.2874378029766 112.334369503489 0 1163 0
"1164" 67.6149167207489 108.631355058824 0 1164 0
"1165" 76.7798639915469 113.635683754955 0 1165 0
"1166" 93.2415659267754 121.815758097909 0 1166 0
"1167" 83.8763981919142 24.1933350270723 0 1167 0
"1168" 114.370323070466 72.3353105186823 0 1168 0
"1169" 75.7313001473297 59.6919688390449 0 1169 0
"1170" 70.4768493350441 40.3744528042615 0 1170 0
"1171" 106.544957942117 91.8857222288055 0 1171 0
"1172" 82.0680554268451 114.958693048283 0 1172 0
"1173" 104.762042998855 46.1769654114352 0 1173 0
"1174" 119.05096838074 126.111157540634 0 1174 0
"1175" 87.2874914655241 127.903089356607 0 1175 0
"1176" 107.939393556234 96.0142771112311 0 1176 0
"1177" 110.619224761272 137.847898882764 0 1177 0
"1178" 96.9428945660561 115.007478810213 0 1178 0
"1179" 116.808776446246 47.6975470118181 0 1179 0
"1180" 82.2809209965313 127.704855562717 0 1180 0
"1181" 67.0599663015229 139.260084888193 0 1181 0
"1182" 61.7279009764007 48.1620861699307 0 1182 0
"1183" 57.8803764540536 84.7039695737514 0 1183 0
"1184" 107.031338783201 130.938241083549 0 1184 0
"1185" 102.278196369296 37.9555772592931 0 1185 0
"1186" 66.3017099719342 114.419320854024 0 1186 0
"1187" 92.4017263486167 135.164946686442 0 1187 0
"1188" 94.9413306547169 112.624917971828 0 1188 0
"1189" 83.7193745035855 114.167988916187 0 1189 0
"1190" 76.6596952010816 94.7951980745963 0 1190 0
"1191" 73.6111002772857 58.5059858676943 0 1191 0
"1192" 110.532641543382 132.607933009455 0 1192 0
"1193" 76.1385488804351 50.7788645927348 0 1193 0
"1194" 120.575737425293 88.4129086271359 0 1194 0
"1195" 55.9328131361222 18.6501946597377 0 1195 0
"1196" 117.568849579687 99.4311230856702 0 1196 0
"1197" 89.9435546937135 16.897966152618 0 1197 0
"1198" 79.7549593135796 45.8987002271036 0 1198 0
"1199" 65.782814341904 72.6406504829466 0 1199 0
"1200" 92.390859955299 51.7745463180338 0 1200 0
"1201" 55.5907762152126 102.527518768444 0 1201 0
"1202" 69.2633764799877 135.281419901728 0 1202 0
"1203" 117.37722861972 54.6345928405172 0 1203 0
"1204" 63.9294131873152 131.70265400557 0 1204 0
"1205" 72.288877546455 113.869097743643 0 1205 0
"1206" 89.1464540324518 115.352492792613 0 1206 0
"1207" 80.0101667636724 91.531262191365 0 1207 0
"1208" 97.8125121292446 32.1290829201822 0 1208 0
"1209" 76.6439860145601 92.2454038977413 0 1209 0
"1210" 90.35980389293 58.7002467986926 0 1210 0
"1211" 101.96889563378 45.0424460871756 0 1211 0
"1212" 115.485550534585 58.0554135193083 0 1212 0
"1213" 94.1531100251124 60.713992587197 0 1213 0
"1214" 118.994798555216 128.979441401303 0 1214 0
"1215" 110.334629737349 80.899699765182 0 1215 0
"1216" 58.1921104092913 26.5852069760329 0 1216 0
"1217" 119.785147687686 113.195747303503 0 1217 0
"1218" 74.6003826743486 20.8585561767254 0 1218 0
"1219" 82.8105630198708 106.486760556354 0 1219 0
"1220" 60.1660435816789 114.942696633514 0 1220 0
"1221" 99.3940025742243 130.463656158776 0 1221 0
"1222" 105.645737428822 107.053345812657 0 1222 0
"1223" 117.985163495742 17.3598413228353 0 1223 0
"1224" 119.220222605228 100.885097824242 0 1224 0
"1225" 91.395543872784 122.922118223908 0 1225 0
"1226" 83.3351460824195 39.665288563339 0 1226 0
"1227" 100.387171162407 55.5494347745856 0 1227 0
"1228" 118.480588433662 25.1135655036903 0 1228 0
"1229" 112.941397027233 64.7362841698615 0 1229 0
"1230" 86.3045171526914 122.513058619898 0 1230 0
"1231" 92.9507058752577 33.2092264439938 0 1231 0
"1232" 73.2546182506263 31.3835690137161 0 1232 0
"1233" 62.6618584820572 58.062081387182 0 1233 0
"1234" 104.134002939105 75.4338411437463 0 1234 0
"1235" 96.7913806065871 119.533377786445 0 1235 0
"1236" 92.8529576139123 26.9746263482029 0 1236 0
"1237" 55.8840978495259 127.071316876141 0 1237 0
"1238" 68.9933600451437 66.9613775921154 0 1238 0
"1239" 119.655513884917 18.122012612997 0 1239 0
"1240" 106.344758471074 36.6889953826533 0 1240 0
"1241" 96.0794647767711 126.063220346333 0 1241 0
"1242" 80.1523468512659 109.342873289417 0 1242 0
"1243" 91.8565810968773 137.351170146656 0 1243 0
"1244" 65.1556135219336 69.1892218385965 0 1244 0
"1245" 93.0893204079066 24.1991197999491 0 1245 0
"1246" 115.113118483528 132.19641226584 0 1246 0
"1247" 92.3154476769076 21.2536491436453 0 1247 0
"1248" 103.24424525037 20.3615980062535 0 1248 0
"1249" 107.736687102857 67.2670574207777 0 1249 0
"1250" 83.8588865692689 16.5118067970434 0 1250 0
"1251" 59.7126056133575 18.1744641456487 0 1251 0
"1252" 113.52273838703 137.639244124808 0 1252 0
"1253" 69.9218787451417 26.0306662469838 0 1253 0
"1254" 86.2355747894183 99.955979110996 0 1254 0
"1255" 101.309484912394 116.0843023549 0 1255 0
"1256" 60.7061214164594 16.7532739779505 0 1256 0
"1257" 54.8959904874565 99.8018645900811 0 1257 0
"1258" 98.1216711114538 133.814663476583 0 1258 0
"1259" 85.2411123919906 135.643230787165 0 1259 0
"1260" 62.5466601031135 33.8376412978457 0 1260 0
"1261" 85.6129478720199 126.774060373089 0 1261 0
"1262" 110.473252571007 134.206262734168 0 1262 0
"1263" 74.8223218210896 118.209681657437 0 1263 0
"1264" 79.4053437265039 53.8887010895477 0 1264 0
"1265" 68.539302495708 83.4841283454552 0 1265 0
"1266" 68.3278249633578 57.9416496954074 0 1266 0
"1267" 89.6384724844835 54.5407934316742 0 1267 0
"1268" 110.384820105507 38.2552733223444 0 1268 0
"1269" 78.3422687098139 64.1437068831315 0 1269 0
"1270" 89.0840328178148 72.0349219804814 0 1270 0
"1271" 60.4951305559821 77.1253541364098 0 1271 0
"1272" 114.564375015864 122.559072323269 0 1272 0
"1273" 90.1801840819858 121.117401354943 0 1273 0
"1274" 76.4573018431494 29.9816753866763 0 1274 0
"1275" 76.1512800838144 124.999532278656 0 1275 0
"1276" 83.4692601647902 55.0440989409482 0 1276 0
"1277" 118.354557486073 33.954172029973 0 1277 0
"1278" 71.3289977115872 114.542263577451 0 1278 0
"1279" 69.2119569728751 138.409728051591 0 1279 0
"1280" 83.1683809814575 54.6931325840698 0 1280 0
"1281" 71.0010589142461 55.0665293006697 0 1281 0
"1282" 116.993035621365 77.8751466168441 0 1282 0
"1283" 64.1784408231636 48.1145813158293 0 1283 0
"1284" 117.694875391511 128.253624063833 0 1284 0
"1285" 56.4569559969332 119.066872870148 0 1285 0
"1286" 75.9571593098627 41.5723456461287 0 1286 0
"1287" 68.5347352184275 31.1359966747246 0 1287 0
"1288" 60.1400053021103 75.7488617765207 0 1288 0
"1289" 106.366344182446 21.9265064754157 0 1289 0
"1290" 74.3776943731715 24.4069417577748 0 1290 0
"1291" 81.4642434836191 108.406124631944 0 1291 0
"1292" 72.0197448354901 119.380120752728 0 1292 0
"1293" 58.5568594807533 119.52787613799 0 1293 0
"1294" 55.4121989024023 18.4337507288409 0 1294 0
"1295" 107.864635800775 114.756736053148 0 1295 0
"1296" 74.0545166933109 91.671047106228 0 1296 0
"1297" 68.3440350188052 43.0159454571272 0 1297 0
"1298" 66.6367036495239 77.1585737521279 0 1298 0
"1299" 104.137430604202 97.8376854862653 0 1299 0
"1300" 83.8864633594191 66.8774831645869 0 1300 0
"1301" 80.4920980466461 137.556109385707 0 1301 0
"1302" 103.039444304992 70.3267721191337 0 1302 0
"1303" 84.702869126773 116.521389895624 0 1303 0
"1304" 90.006381726843 61.6404465644552 0 1304 0
"1305" 66.6520192130541 123.268165293948 0 1305 0
"1306" 56.4698109086222 132.856919157871 0 1306 0
"1307" 108.369543299486 121.180332922233 0 1307 0
"1308" 73.5407403188778 28.0356414508682 0 1308 0
"1309" 112.681462873937 123.649431315757 0 1309 0
"1310" 63.0714986660681 104.594804737531 0 1310 0
"1311" 121.065445434959 19.3997260269472 0 1311 0
"1312" 117.917804918461 18.9284496584957 0 1312 0
"1313" 68.9162681545316 131.690822569725 0 1313 0
"1314" 75.4329920735651 29.2955393180895 0 1314 0
"1315" 97.303643854459 53.7066440296093 0 1315 0
"1316" 60.6183499905723 20.5356059597111 0 1316 0
"1317" 95.3952130140704 136.156783587841 0 1317 0
"1318" 74.0438915102507 19.7753285244886 0 1318 0
"1319" 69.1945152338654 98.8919041353818 0 1319 0
"1320" 96.6690124210871 110.014554388831 0 1320 0
"1321" 81.6569605181391 25.7869463854595 0 1321 0
"1322" 69.9771393386382 43.4178882511533 0 1322 0
"1323" 70.0626858458271 57.4851428404563 0 1323 0
"1324" 114.299498721025 126.222414389848 0 1324 0
"1325" 56.2854992121652 114.828012741559 0 1325 0
"1326" 97.6003819824186 48.7238332211665 0 1326 0
"1327" 79.2058628901112 77.0098345382713 0 1327 0
"1328" 76.7950905248149 80.3828722450071 0 1328 0
"1329" 95.155245084058 60.9263878964003 0 1329 0
"1330" 101.268386740376 102.8830748772 0 1330 0
"1331" 76.4753453354986 81.7366226069005 0 1331 0
"1332" 57.1183424050367 111.770627748625 0 1332 0
"1333" 92.3138118350547 18.8282472066959 0 1333 0
"1334" 64.9075308357252 106.872530759712 0 1334 0
"1335" 95.442011170974 112.629408399975 0 1335 0
"1336" 94.2446361758567 129.699369808334 0 1336 0
"1337" 120.977760991234 51.1964653182275 0 1337 0
"1338" 110.081443668314 111.855377131345 0 1338 0
"1339" 76.6595181180591 16.9833938254937 0 1339 0
"1340" 79.32948550549 34.2637091699343 0 1340 0
"1341" 86.1642048852449 125.050574145167 0 1341 0
"1342" 81.8317876522524 118.381374090466 0 1342 0
"1343" 80.9983112553021 98.5211434395086 0 1343 0
"1344" 82.5083923391623 98.310599113762 0 1344 0
"1345" 66.5854692006089 97.8455232564777 0 1345 0
"1346" 71.6804779380494 104.39644978135 0 1346 0
"1347" 121.190608702114 95.8164145440983 0 1347 0
"1348" 120.530104605942 129.89400144818 0 1348 0
"1349" 70.8186567291726 33.4590642387288 0 1349 0
"1350" 100.594157879855 134.80145569925 0 1350 0
"1351" 78.5091815842542 48.2850226208858 0 1351 0
"1352" 84.5619634069961 120.348215887401 0 1352 0
"1353" 116.416307667634 87.1594971864665 0 1353 0
"1354" 95.9801758326174 96.4238252199605 0 1354 0
"1355" 91.685505118963 86.4674524205224 0 1355 0
"1356" 108.139771786018 61.8454217407419 0 1356 0
"1357" 92.6338593983255 30.4582834713834 0 1357 0
"1358" 90.9487781004329 17.3839111571081 0 1358 0
"1359" 115.364402566393 27.6827643206401 0 1359 0
"1360" 84.73505033928 80.1490208233323 0 1360 0
"1361" 102.564970586546 135.855129966855 0 1361 0
"1362" 114.310451537933 86.5448052064821 0 1362 0
"1363" 71.3286193872781 104.344283157034 0 1363 0
"1364" 109.797170537353 78.5182488666049 0 1364 0
"1365" 69.3618751835893 120.651113270521 0 1365 0
"1366" 61.9269740548129 53.7295854807042 0 1366 0
"1367" 82.2344300235128 56.0090360298542 0 1367 0
"1368" 80.6186806932652 107.628117249094 0 1368 0
"1369" 98.4937673828126 36.949522160152 0 1369 0
"1370" 110.829019981634 82.7970686122133 0 1370 0
"1371" 90.7249445392838 87.1489657923676 0 1371 0
"1372" 90.7948716970406 128.376077304265 0 1372 0
"1373" 76.7156378892732 59.8991108954378 0 1373 0
"1374" 93.8501340999718 73.2751046627002 0 1374 0
"1375" 78.9311586814691 76.5080224527794 0 1375 0
"1376" 78.7340669530802 108.674954551038 0 1376 0
"1377" 55.0970448848601 77.3882695748122 0 1377 0
"1378" 66.112881347308 37.0158921354414 0 1378 0
"1379" 94.5644924125044 59.2812963753307 0 1379 0
"1380" 82.9387272181917 122.951834088581 0 1380 0
"1381" 107.577486222754 63.473567459497 0 1381 0
"1382" 110.989274096878 83.8905979940024 0 1382 0
"1383" 90.3639845604083 140.027350346315 0 1383 0
"1384" 104.900622310399 135.396235601912 0 1384 0
"1385" 115.851945253951 97.9462265277586 0 1385 0
"1386" 100.100310645693 101.167262587127 0 1386 0
"1387" 115.390217866893 37.5746756163139 0 1387 0
"1388" 117.627823268867 53.7290492131246 0 1388 0
"1389" 94.3253955143609 88.8668858056555 0 1389 0
"1390" 115.409396006335 85.8931913849113 0 1390 0
"1391" 116.97498825004 123.731881146957 0 1391 0
"1392" 81.3845118255597 89.3092480924776 0 1392 0
"1393" 77.2449967318325 37.7434144631444 0 1393 0
"1394" 99.0413131777777 54.975185449507 0 1394 0
"1395" 105.397448582785 73.9939171451791 0 1395 0
"1396" 63.9191081439207 80.4726476616794 0 1396 0
"1397" 109.742025708023 91.7606784862278 0 1397 0
"1398" 96.458981467582 60.2109584342673 0 1398 0
"1399" 61.3397613214449 107.107420333042 0 1399 0
"1400" 83.1727140151218 103.470059449541 0 1400 0
"1401" 78.0819952547096 92.8136927056372 0 1401 0
"1402" 84.3355641047818 55.3751767278883 0 1402 0
"1403" 108.153811818039 139.639265025348 0 1403 0
"1404" 105.088661361657 131.584904975242 0 1404 0
"1405" 55.2260639940247 59.4996122362876 0 1405 0
"1406" 83.5366132339251 68.8594356054235 0 1406 0
"1407" 84.480986085544 126.809976950339 0 1407 0
"1408" 85.3587137346412 102.725528134439 0 1408 0
"1409" 98.8428374151563 106.11154752753 0 1409 0
"1410" 85.1752519839384 35.7412745892218 0 1410 0
"1411" 78.9138970665994 67.0241008730543 0 1411 0
"1412" 61.7876340605148 64.9141363429907 0 1412 0
"1413" 121.123050342041 124.473880944168 0 1413 0
"1414" 99.7788530900811 136.528750094516 0 1414 0
"1415" 97.9964819637691 89.6347144051584 0 1415 0
"1416" 113.500228067368 127.825509179153 0 1416 0
"1417" 71.6748021579755 29.189548496812 0 1417 0
"1418" 91.2653747092327 126.389735053787 0 1418 0
"1419" 115.430597171521 116.671475101399 0 1419 0
"1420" 105.998153636731 126.163674416331 0 1420 0
"1421" 93.1460908696242 21.0005565689659 0 1421 0
"1422" 68.048584028252 52.04862336133 0 1422 0
"1423" 113.302449573997 93.0704758819708 0 1423 0
"1424" 120.846876265181 132.628700559879 0 1424 0
"1425" 57.4250200837352 73.3510382587202 0 1425 0
"1426" 76.5831368714071 19.6142832097882 0 1426 0
"1427" 110.026934153226 70.4264120337809 0 1427 0
"1428" 113.762796635125 79.3789623600484 0 1428 0
"1429" 62.1730260504206 95.3674535592309 0 1429 0
"1430" 106.839606543165 94.4399340098328 0 1430 0
"1431" 90.8542190247271 98.242266861798 0 1431 0
"1432" 103.087781608629 111.299989992628 0 1432 0
"1433" 61.5845894845382 71.4295933912626 0 1433 0
"1434" 78.1448711008759 93.8266844969891 0 1434 0
"1435" 80.1148940014597 94.2572745336312 0 1435 0
"1436" 56.4915590870353 35.1050824455981 0 1436 0
"1437" 109.254298800126 23.8906108562513 0 1437 0
"1438" 103.969609739008 117.18188760913 0 1438 0
"1439" 118.304831338273 44.312101981503 0 1439 0
"1440" 101.398526159938 95.8594263229541 0 1440 0
"1441" 81.8681205950751 77.5535871334633 0 1441 0
"1442" 88.954025888565 62.8994506331953 0 1442 0
"1443" 103.354701286079 119.546813852971 0 1443 0
"1444" 75.3798655531437 138.007730157639 0 1444 0
"1445" 100.717703210512 61.9482751175825 0 1445 0
"1446" 75.9323112708745 68.739042843257 0 1446 0
"1447" 97.0640776622561 128.133657254303 0 1447 0
"1448" 103.830319178383 17.2043992821443 0 1448 0
"1449" 85.7238814407332 116.950661332061 0 1449 0
"1450" 94.2850417644279 89.6341080757934 0 1450 0
"1451" 91.9389647799489 44.6786064598791 0 1451 0
"1452" 58.2278704893895 96.7955649681425 0 1452 0
"1453" 79.2213582209155 109.298120381683 0 1453 0
"1454" 97.7802398228599 74.8257259944738 0 1454 0
"1455" 79.6111503662903 21.106240844756 0 1455 0
"1456" 93.1509633137222 91.1375140942239 0 1456 0
"1457" 118.706006541082 45.3528159984941 0 1457 0
"1458" 112.844687835006 40.7536074199364 0 1458 0
"1459" 107.518026637495 51.5573862319671 0 1459 0
"1460" 56.8882866712228 101.9419083566 0 1460 0
"1461" 66.8853817120349 78.384265988303 0 1461 0
"1462" 95.5804132908848 78.2985738645568 0 1462 0
"1463" 68.490021856085 109.240162712018 0 1463 0
"1464" 103.607478045542 38.477840998559 0 1464 0
"1465" 89.0149011294702 74.7191922590983 0 1465 0
"1466" 116.58844437487 26.9036248429199 0 1466 0
"1467" 75.256654373015 27.2768803425823 0 1467 0
"1468" 110.616654287856 59.9313929204622 0 1468 0
"1469" 74.4080139098299 94.6538319501165 0 1469 0
"1470" 61.8971784747469 123.324541523813 0 1470 0
"1471" 112.965692777586 133.31709379764 0 1471 0
"1472" 71.3934105943241 92.0254041657918 0 1472 0
"1473" 58.0542269860811 87.0447825076079 0 1473 0
"1474" 64.4741801457775 32.6682933537196 0 1474 0
"1475" 60.4636719346818 107.772183874162 0 1475 0
"1476" 78.7581262720749 90.9510934078993 0 1476 0
"1477" 67.2100884222593 135.16367907165 0 1477 0
"1478" 117.976560314376 79.0670248198782 0 1478 0
"1479" 84.0142705678002 38.2454327345723 0 1479 0
"1480" 116.893747375427 139.531104216501 0 1480 0
"1481" 83.0808472126856 53.7064849735314 0 1481 0
"1482" 120.977861208464 134.693175828527 0 1482 0
"1483" 70.977605894751 66.5828121572125 0 1483 0
"1484" 111.224131925677 115.762114272001 0 1484 0
"1485" 66.0877576527534 31.2643074544626 0 1485 0
"1486" 118.895550448924 91.4750771855764 0 1486 0
"1487" 55.6937927313899 55.711875512887 0 1487 0
"1488" 102.428003408552 46.578089762962 0 1488 0
"1489" 64.3946199074353 72.327827229454 0 1489 0
"1490" 88.6125648094337 37.864256742877 0 1490 0
"1491" 56.0761964200767 32.2852072216763 0 1491 0
"1492" 72.9025201653153 54.6752423143607 0 1492 0
"1493" 74.4656120985259 66.60034981617 0 1493 0
"1494" 84.1347322364863 34.132511211636 0 1494 0
"1495" 86.2288759526393 102.922630610325 0 1495 0
"1496" 110.740320347769 100.374225987419 0 1496 0
"1497" 78.681418896618 116.955667282593 0 1497 0
"1498" 106.200026979111 132.842124957302 0 1498 0
"1499" 55.7538003384092 66.3452491009614 0 1499 0
"1500" 108.782316749816 110.839850369365 0 1500 0
