"V1" "V2" "V3"
"1" 108.934137033044 110.297115684124 1
"2" 106.619084789632 121.619373380473 1
"3" 110.137287753241 118.490864367299 1
"4" 105.673019164663 122.208059193855 1
"5" 109.416108119706 115.8967869297 1
"6" 114.12144339857 116.355738254976 1
"7" 110.944295093368 120.523687655031 1
"8" 110.061130431741 111.33255274985 2
"9" 107.509145462225 117.210866304045 2
"10" 108.576765163855 120.446937617152 2
"11" 108.80260555559 118.421003664799 2
"12" 107.088080004834 114.95162345198 2
"13" 109.464905830684 115.903544823747 2
"14" 110.339216164026 118.323392662226 2
"15" 110.211761642863 115.248031075316 2
"16" 112.717788339474 116.614860050951 2
"17" 110.826906281914 120.448477114159 2
"18" 111.006801070155 120.346182600492 2
"19" 112.071362152467 119.698351935704 2
"20" 111.912512048263 120.23951930655 2
"21" 107.035099133163 120.992762611291 2
"22" 109.806590814935 118.221938125195 2
"23" 106.52977493229 121.067903840479 2
"24" 110.352127882478 118.162694457496 2
"25" 110.877080326369 109.976906609321 2
"26" 103.609032937103 115.128949722734 3
"27" 110.028751236967 114.861733835515 3
"28" 108.566578001508 117.257524959834 3
"29" 111.205578303108 119.254546799734 3
"30" 107.733874822144 116.93345029247 3
"31" 112.214236396166 115.594933028186 3
"32" 110.846777762714 120.901385566792 3
"33" 110.968764404727 116.71604958385 3
"34" 109.707712086899 118.67323711776 3
"35" 110.586022195613 115.501295545959 3
"36" 109.507506128153 115.153027778484 3
"37" 110.589144350738 121.086357456244 3
"38" 110.60096760403 109.387991778165 3
"39" 105.844830458625 121.240566187057 3
"40" 113.078295733715 115.994076161901 3
"41" 110.625349195642 111.800479799864 3
"42" 110.803107363515 115.684265799221 3
"43" 110.750072899702 116.516116981679 3
"44" 106.086550801074 121.286529774044 3
"45" 110.15216730712 117.609571220736 3
"46" 105.625983445492 115.154834140349 3
"47" 106.935072474137 122.455828470042 3
"48" 103.993517583796 117.534611189983 3
"49" 109.934803739 111.688217741354 3
"50" 109.023765388546 119.120719093961 3
"51" 110.248583006152 115.461370010642 3
"52" 107.923530850019 114.462056633186 3
"53" 107.165145630437 117.03576810398 3
"54" 108.878598249624 118.011791601773 3
"55" 109.524542853297 111.962194726515 3
"56" 107.904276364952 117.229789083797 3
"57" 110.926795101682 110.154432243657 3
"58" 107.644089571054 115.551201791987 3
"59" 109.518349248974 115.675162320156 3
"60" 109.510425521332 118.563227710836 3
"61" 105.896621390781 114.551066727926 3
"62" 110.789308030613 115.459104344079 3
"63" 110.603386805089 112.984224647369 3
"64" 107.897046320558 119.749198742288 3
"65" 111.214020699397 114.961010229504 3
"66" 109.036309536799 113.322603079416 3
"67" 109.7495790489 117.240858266784 3
"68" 105.450471943898 115.390123038925 3
"69" 107.407807482162 117.368540427134 3
"70" 108.369543299486 121.180332922233 3
"71" 110.081443668314 111.855377131345 3
"72" 105.274838813779 120.111664642082 4
"73" 109.389549230815 118.270504037184 4
"74" 109.96725206852 112.107217102157 4
"75" 107.757492168628 115.754564520559 4
"76" 109.070636647491 118.540174711546 4
"77" 109.609244629086 118.309618849991 4
"78" 109.018967012664 114.34304743564 4
"79" 110.333162220499 112.737948502039 4
"80" 104.735305084913 117.092673102566 4
"81" 107.845734460816 116.979809252639 4
"82" 113.315504777271 114.682260512082 4
"83" 108.892649684374 111.743100992707 4
"84" 110.710177750829 116.173789359639 4
"85" 111.069213952762 119.440179143728 4
"86" 110.992804401341 114.466655014369 4
"87" 110.033904602945 114.737107553207 4
"88" 108.507899045307 114.803816828159 4
"89" 109.558084861502 115.664958178288 4
"90" 110.077832261899 121.879269530894 4
"91" 108.663742651784 115.749998851442 4
"92" 105.733615500764 114.360105635089 4
"93" 111.016896292336 116.512528240778 4
"94" 110.188112163252 113.13767200841 4
"95" 109.140485780657 112.01753129095 4
"96" 107.99870489736 113.530310958026 4
"97" 109.865832327883 111.681959115865 4
"98" 109.997718989482 116.775988893837 4
"99" 103.858737323461 114.249556741461 4
"100" 105.416675687417 115.535678253921 4
"101" 110.837275760982 116.662316618727 4
"102" 105.478943292734 115.167668737164 4
"103" 108.85390427915 116.546601268344 4
"104" 108.897978153397 113.559388759492 4
"105" 109.392683869466 117.070382350029 4
"106" 103.166279003447 113.131337396628 4
"107" 103.496821815696 114.816135530869 4
"108" 110.1557434233 116.239044471871 4
"109" 107.007016130177 120.539522015209 4
"110" 107.686075632408 115.424853984065 4
"111" 108.363837024009 113.730151137275 4
"112" 107.081547079676 117.260846572192 4
"113" 105.777473004332 117.315624279119 4
"114" 108.756087732254 112.731393728956 4
"115" 107.978328659258 115.28536663455 4
"116" 109.698455574867 111.917967747198 4
"117" 113.978148310489 120.438112129971 4
"118" 106.890188506815 117.035469641382 4
"119" 109.237032542085 117.625833764117 4
"120" 107.829027112117 115.42865627607 4
"121" 109.142707336628 118.166678893428 4
"122" 118.032252994357 118.156574149569 4
"123" 109.123936887119 121.209552027362 4
"124" 109.272994735626 117.712997114149 4
"125" 109.077588815792 113.138833573407 4
"126" 111.19861157332 116.355331029267 4
"127" 103.610945517299 115.7978205437 4
"128" 113.151020312115 115.654696782775 4
"129" 105.801510425512 114.126344639107 4
"130" 105.217490115843 115.690621361512 4
"131" 113.595766694274 115.847094997446 4
"132" 107.661844592782 115.615778012178 4
"133" 109.733613712752 114.415127934337 4
"134" 103.79248141125 114.002636263788 4
"135" 55.4856932233841 128.493439633956 4
"136" 107.864635800775 114.756736053148 4
"137" 99.7788530900811 136.528750094516 4
"138" 103.354701286079 119.546813852971 4
"139" 111.224131925677 115.762114272001 4
"140" 103.652991991431 118.46130377295 5
"141" 113.053681539795 114.460792716274 5
"142" 104.125465336741 113.115096582615 5
"143" 105.395990905957 114.469678657727 5
"144" 103.217828359117 114.619769655759 5
"145" 111.033446825559 105.265676595251 5
"146" 108.423971461554 119.157544187175 5
"147" 109.140684231741 113.602415907003 5
"148" 105.247341206291 115.607952796096 5
"149" 103.644393240692 114.653314094797 5
"150" 105.791362662347 115.499063650056 5
"151" 110.265984821611 119.70932684963 5
"152" 107.668248101857 120.988478041491 5
"153" 109.140699164788 114.323300417258 5
"154" 110.759711441796 116.1615949282 5
"155" 105.047518084042 112.314873674082 5
"156" 109.763332477198 117.739324209069 5
"157" 103.660943691099 113.724864443366 5
"158" 109.44696606488 117.160516761511 5
"159" 109.26809498379 112.887722360837 5
"160" 109.403795899003 117.245164623646 5
"161" 108.512193943155 114.048161689295 5
"162" 109.832720644041 116.621688930867 5
"163" 109.344648434488 112.738711217374 5
"164" 105.279624582577 116.152862194404 5
"165" 108.608629948544 112.780919173554 5
"166" 107.438245833997 112.776389527544 5
"167" 103.264943409788 113.586527722228 5
"168" 109.70822608095 116.530006321845 5
"169" 111.494939257235 116.367946695604 5
"170" 110.956356825011 116.250401215851 5
"171" 109.823636704815 112.182143100936 5
"172" 107.942153327867 112.332408889319 5
"173" 110.921269737304 114.411716800906 5
"174" 113.084230704279 114.48922839797 5
"175" 108.632096156426 117.545412902414 5
"176" 109.390994214353 117.723627668718 5
"177" 110.914349779006 117.300897369592 5
"178" 109.910095859882 112.333247589325 5
"179" 102.873330110622 120.953763330878 5
"180" 103.542595768739 116.093876277694 5
"181" 107.583774228961 119.569577532033 5
"182" 110.922682496208 114.316675326474 5
"183" 104.815229907794 117.374002438132 5
"184" 105.339955312668 113.377145041266 5
"185" 110.278860312722 116.32262825862 5
"186" 109.989811254557 116.802064725454 5
"187" 112.762722267247 121.191058185985 5
"188" 108.364850923283 120.806841477808 5
"189" 108.801443264753 115.485577975941 5
"190" 110.448740242577 117.406734158843 5
"191" 109.432384788863 118.056028606326 5
"192" 107.357762501833 117.013823392272 5
"193" 116.791872913173 115.130643287395 5
"194" 108.163234471811 117.162582976845 5
"195" 109.760750233798 114.410496433005 5
"196" 109.95958258366 116.225076545791 5
"197" 106.418692297201 121.657308766372 5
"198" 110.634430975762 114.388123777745 5
"199" 108.126794709455 114.921305470359 5
"200" 114.688086168768 116.033424148132 5
"201" 108.588848364343 113.973250742554 5
"202" 113.823535484732 114.576487868012 5
"203" 56.0689534275132 128.172990520825 5
"204" 55.9029774022051 129.310266975129 5
"205" 55.5028281544758 128.329236751725 5
"206" 55.8181297890128 128.97206231446 5
"207" 55.6713230881099 127.247204542306 5
"208" 57.0760126374356 126.898049576124 5
"209" 56.2723901509709 129.005635076977 5
"210" 56.3735915756725 129.659423998253 5
"211" 89.5132885619256 16.8028582893798 5
"212" 84.8544007898894 129.588419073015 5
"213" 113.69623540468 125.833214208923 5
"214" 119.05096838074 126.111157540634 5
"215" 112.681462873937 123.649431315757 5
"216" 103.087781608629 111.299989992628 5
"217" 108.782316749816 110.839850369365 5
"218" 108.458510816696 111.610506358106 6
"219" 110.627364084554 113.813652564768 6
"220" 109.591375335457 116.483328213991 6
"221" 107.81512202375 111.744834089386 6
"222" 101.674515590265 118.80538191605 6
"223" 108.673094794001 112.311691488121 6
"224" 109.04390207345 116.27877642114 6
"225" 104.830041447998 117.221047962674 6
"226" 103.770798222052 114.773786907467 6
"227" 105.818199617279 111.13811147521 6
"228" 108.299302961546 109.812785523848 6
"229" 109.133484218754 117.149690622073 6
"230" 108.990563458338 114.850201752051 6
"231" 109.374134256822 119.827390781717 6
"232" 108.499327228595 114.235482940848 6
"233" 105.583830389434 115.80244696846 6
"234" 103.716166809275 115.426631375366 6
"235" 111.230616909636 117.342168334494 6
"236" 104.773066147979 117.574479426411 6
"237" 110.144905862653 112.329707965626 6
"238" 111.140186751963 120.812743956803 6
"239" 104.926617839819 114.450717268087 6
"240" 108.372050753523 112.63802550251 6
"241" 110.611637086846 121.242305807282 6
"242" 111.08836435593 117.563369358188 6
"243" 105.005849993432 125.900585459275 6
"244" 105.109409614137 113.821108596572 6
"245" 116.22225150854 115.476989911713 6
"246" 114.953347238939 115.781443990877 6
"247" 105.141892765963 121.057971516149 6
"248" 108.450246332555 111.741587326233 6
"249" 111.018484398732 117.949628671431 6
"250" 112.6003539478 115.327309165567 6
"251" 114.780702315684 115.793558717296 6
"252" 113.374461106391 125.346679713879 6
"253" 110.432062622205 113.252324635566 6
"254" 108.74473002197 116.955155332428 6
"255" 109.874462447555 114.19947782695 6
"256" 108.574450630314 116.46482036272 6
"257" 112.193828554521 117.643357085316 6
"258" 104.226156877412 113.244145371065 6
"259" 100.890467448442 117.205615957547 6
"260" 110.733076654794 119.58453572566 6
"261" 110.866763457211 113.424678162432 6
"262" 110.315401027402 115.101371849357 6
"263" 113.687672884661 114.653474995679 6
"264" 114.653111455113 116.000499588113 6
"265" 109.85909549792 116.239175178629 6
"266" 108.41305597023 120.981451123312 6
"267" 110.247916540457 113.692455095676 6
"268" 108.541120884909 113.511059185318 6
"269" 109.668804585305 112.96813973784 6
"270" 107.097147990478 118.48388529841 6
"271" 110.065922907412 121.22216655756 6
"272" 56.039247483217 127.05677921542 6
"273" 55.5343577365417 127.202301082581 6
"274" 56.8758398587513 125.987073172037 6
"275" 56.2393750691839 125.786845182578 6
"276" 55.7417749021602 126.067077489463 6
"277" 56.7634072819681 127.994842656498 6
"278" 56.4296368076675 126.84298164969 6
"279" 56.2483111223977 129.57452805297 6
"280" 56.0477468760802 127.797780139432 6
"281" 56.9825317734244 126.455752124446 6
"282" 55.5947314314872 129.732377149613 6
"283" 55.8733454891334 124.859535163346 6
"284" 55.3261866780309 128.799679888243 6
"285" 56.9916095213386 127.482764126269 6
"286" 56.2508740195385 127.24472991967 6
"287" 56.1413783746773 129.781911547748 6
"288" 55.6874767719877 127.502307049097 6
"289" 55.4084710711009 126.609147882584 6
"290" 56.7993932907154 129.431183834416 6
"291" 56.1122660305674 126.972008418707 6
"292" 55.888369880976 127.06575347293 6
"293" 56.6160372992151 128.024130507378 6
"294" 56.1381315696297 128.068957240509 6
"295" 56.9013539688681 131.31903535178 6
"296" 55.8035012108416 127.58187025655 6
"297" 56.7440869433335 128.5458302179 6
"298" 56.8785812156705 128.345234938311 6
"299" 55.8499319543435 127.575552494629 6
"300" 55.9763019166972 129.492241640085 6
"301" 56.2281904526751 127.107923939727 6
"302" 55.9231299546539 128.328203429098 6
"303" 56.8775789361529 126.802919073992 6
"304" 56.9888267679074 128.459861733608 6
"305" 56.60757125586 127.394381192583 6
"306" 56.1215914578441 128.193279029048 6
"307" 56.272622822828 128.591708754708 6
"308" 56.0773524185737 128.664126151618 6
"309" 56.2081339911518 129.489390501725 6
"310" 55.7102145763413 128.77566726661 6
"311" 55.8468602774186 127.490835428437 6
"312" 55.6410186109741 128.848455477759 6
"313" 56.9318148810735 129.574589635044 6
"314" 55.9088419461421 128.366669721653 6
"315" 89.7055039905916 16.8356775126431 6
"316" 82.1813618695414 16.9371719025302 6
"317" 81.8773900010326 16.8654800302282 6
"318" 89.8669338419758 16.976706440592 6
"319" 85.959205382017 16.9608735957356 6
"320" 89.5657939857673 16.7958778738645 6
"321" 89.5821947592004 17.0109580204483 6
"322" 90.0932149164612 16.9441714415701 6
"323" 88.3749413646334 16.7860164577252 6
"324" 86.6416569693084 17.0192585359477 6
"325" 101.309484912394 116.0843023549 6
"326" 61.8971784747469 123.324541523813 6
"327" 104.998419011229 111.905068104715 7
"328" 104.663704073704 113.917487858587 7
"329" 109.835765112091 111.113696984161 7
"330" 111.811325268692 115.676600082903 7
"331" 105.178113396508 120.523505295358 7
"332" 115.712604998745 115.327993893304 7
"333" 115.002067272742 115.539790466619 7
"334" 110.836576102368 113.492505432019 7
"335" 110.554499016047 115.059997074499 7
"336" 109.261761399097 119.746848839648 7
"337" 101.468674837757 116.183955920775 7
"338" 110.186897296159 113.781305666245 7
"339" 110.266161443074 121.445267716736 7
"340" 107.037903666844 117.995827553697 7
"341" 107.10034278458 119.729448312568 7
"342" 109.476352204885 116.545096337014 7
"343" 109.747255798239 112.063913609186 7
"344" 106.345232481507 110.876579315325 7
"345" 100.50839557881 117.833870073947 7
"346" 111.120528596917 117.853830298354 7
"347" 108.930383821824 120.771504692033 7
"348" 104.577213613416 113.444705561224 7
"349" 112.783147518791 112.697373329429 7
"350" 108.425435194551 120.071991076274 7
"351" 109.058310947704 115.072532857075 7
"352" 111.140790854807 117.946847003804 7
"353" 106.998975982211 118.35754430201 7
"354" 109.945418919936 116.433179438172 7
"355" 106.489009731913 115.031518387376 7
"356" 108.692706028394 119.940399963651 7
"357" 104.293099528425 113.269969157173 7
"358" 111.017035458803 118.073202372252 7
"359" 112.529952479498 116.503817965798 7
"360" 110.094780982115 123.262239895938 7
"361" 101.204309258594 115.867608796223 7
"362" 114.380043026533 115.602588934367 7
"363" 104.2131100993 120.885699394156 7
"364" 107.176828340418 109.762141164788 7
"365" 106.036712239523 115.855438575346 7
"366" 104.965278280659 114.125716830591 7
"367" 56.18429519033 130.293491318406 7
"368" 55.3993209863818 126.507613631543 7
"369" 56.6482491990137 127.478667952227 7
"370" 56.4606037340529 126.708550102438 7
"371" 56.6977877278421 127.300404944672 7
"372" 56.3200946030785 130.371217689766 7
"373" 56.05128612632 124.201361113212 7
"374" 56.0427223655039 128.560066011636 7
"375" 57.0800546411977 126.317107317497 7
"376" 56.253145155932 125.721209875674 7
"377" 56.3422147413932 127.626665541218 7
"378" 56.4906899582609 127.858469135455 7
"379" 56.0843752652522 126.58987958578 7
"380" 56.8163507569932 129.311937001033 7
"381" 55.7736740308988 126.878166714514 7
"382" 55.9576649159101 128.284910042201 7
"383" 56.0640657425425 124.692269628827 7
"384" 56.4661727576564 129.401086946792 7
"385" 55.6634728557047 128.191687600187 7
"386" 55.7804133543999 127.874100774326 7
"387" 56.0243995170476 128.867977013339 7
"388" 56.3953979888784 126.87251719586 7
"389" 56.8933563605769 131.169898593674 7
"390" 56.3086229905073 126.081753940708 7
"391" 56.2949900467162 126.71067984669 7
"392" 56.4008112418653 126.413236291158 7
"393" 56.4295004445338 128.013960010731 7
"394" 55.4803901441749 126.680925997176 7
"395" 56.8181669013844 123.961649596674 7
"396" 55.2562695527394 126.781561360641 7
"397" 56.0591042047418 130.662683654684 7
"398" 57.5385973308079 127.544746874505 7
"399" 56.1908337198187 130.986601616169 7
"400" 55.7946622115983 127.589348597776 7
"401" 56.0299660599372 128.497456246591 7
"402" 56.0775504408067 126.712077929973 7
"403" 55.7787806926798 126.12492421836 7
"404" 56.0641497926291 125.080584509422 7
"405" 56.4816317594504 129.523812171808 7
"406" 55.2872356021013 127.126597114369 7
"407" 56.3710300770654 126.956744411049 7
"408" 55.7267958871699 127.492002772556 7
"409" 56.1168655751315 125.227863817793 7
"410" 56.1381876689945 124.855428103614 7
"411" 55.7697162068353 128.114351944884 7
"412" 56.3004044148465 128.352794390793 7
"413" 55.3155677700005 127.264095773985 7
"414" 57.1762204085222 125.984771961462 7
"415" 57.0271754885436 129.246384332187 7
"416" 55.8344187096555 129.741448827774 7
"417" 56.2413539626464 124.404649706795 7
"418" 55.4766379682217 126.546193692541 7
"419" 55.2282641283574 127.154543848793 7
"420" 56.9778371392103 129.670473820519 7
"421" 55.9233499579356 127.968556520191 7
"422" 56.1980165508936 126.732343201349 7
"423" 56.6019104472754 127.333547775276 7
"424" 55.4095278139709 125.992979887711 7
"425" 56.3690924360278 127.436748337222 7
"426" 55.5928184079803 129.67877803515 7
"427" 55.7236035219879 128.369476863255 7
"428" 56.4644029592397 126.16676240325 7
"429" 55.4663783039949 127.366916950508 7
"430" 56.1672290952924 125.834669927809 7
"431" 56.3448048811432 125.732410652117 7
"432" 56.7955877693373 127.840004455285 7
"433" 56.9905097685472 131.351106724399 7
"434" 56.6421636555982 126.714172299676 7
"435" 56.1972944508817 126.810812713912 7
"436" 56.5200479163318 131.567551963094 7
"437" 55.9533857771763 126.129645000125 7
"438" 56.2667543250048 125.904250005199 7
"439" 56.8521319998797 127.493693327136 7
"440" 56.0547488790018 126.015479042259 7
"441" 56.8127390497537 129.186240561431 7
"442" 56.5600367550068 127.500467501119 7
"443" 56.968741783801 129.360033261929 7
"444" 90.1040107052678 16.8424271114472 7
"445" 86.6316277834096 16.9431384682954 7
"446" 86.4888645128243 17.0391026139548 7
"447" 88.6627834277317 17.2438092425315 7
"448" 82.6266588045906 16.7319062113892 7
"449" 90.0479520406917 16.9102135861337 7
"450" 85.8038455201451 17.1197267901763 7
"451" 82.7807535072782 17.0321849549414 7
"452" 83.4932336300634 16.9748713348464 7
"453" 88.2310543897532 17.0730748679993 7
"454" 81.580718624508 16.8707208355108 7
"455" 85.9651754005658 17.0053492264927 7
"456" 88.441200131285 17.0575051113911 7
"457" 85.9902451059377 16.96861103097 7
"458" 86.8510471538192 17.024303473796 7
"459" 88.1766842229683 16.9141617375044 7
"460" 89.8295204255744 16.8727510601825 7
"461" 86.0255975968913 17.0013264150428 7
"462" 89.8363206559736 16.7902857732033 7
"463" 82.8431850763223 16.9914314050704 7
"464" 86.9743581251521 17.0008849049937 7
"465" 88.2451962109678 16.8734611902814 7
"466" 86.6982515862881 17.1170773344668 7
"467" 86.757430781035 16.8600863702291 7
"468" 81.3711556452057 17.0159946909373 7
"469" 85.0572209562995 16.7876280869502 7
"470" 90.1072399386185 16.8994432406639 7
"471" 85.369304731391 16.9055011985888 7
"472" 89.9059725559487 16.9019274242584 7
"473" 81.7311759712053 16.8816153939959 7
"474" 88.8947131346058 16.7613001011684 7
"475" 87.3479850685647 16.9598993913422 7
"476" 90.1691764597055 17.0941081250175 7
"477" 88.2047061968819 17.0357146492035 7
"478" 82.1717930914174 16.9407923810013 7
"479" 82.6537858531873 17.1814362425489 7
"480" 86.143336110254 17.0084780304971 7
"481" 85.7288577847119 16.9005594831931 7
"482" 85.4495536361506 17.1361531916332 7
"483" 88.2305599568972 16.9387555855287 7
"484" 88.3765852451222 16.9120039910677 7
"485" 86.3273197974092 17.2625877124152 7
"486" 77.1489573200282 16.73691240371 7
"487" 88.1506768102548 16.9102116310743 7
"488" 82.4527309227312 16.9140725467755 7
"489" 89.9577199632859 16.8825729477943 7
"490" 82.9205783382819 16.8988236670405 7
"491" 85.6948267948999 17.0101620187103 7
"492" 85.4232061288552 16.9822796827981 7
"493" 89.9879892327285 16.9332484962179 7
"494" 89.8135954618945 16.9449268842643 7
"495" 86.432952521526 17.091122457759 7
"496" 88.8016656866924 16.8196214003361 7
"497" 82.613663077097 16.6778044941869 7
"498" 86.494804504657 17.0334461444 7
"499" 90.0793451843981 16.8040743058259 7
"500" 89.9247828150239 16.8482507515126 7
"501" 89.9811636231129 17.0140219701978 7
"502" 86.5890513863618 17.0580293475561 7
"503" 84.9030091095673 16.9446716171086 7
"504" 88.4906886145804 16.8839454523716 7
"505" 88.2488292787298 16.7937065233208 7
"506" 88.6029334110219 16.8786247562382 7
"507" 82.0928779022397 16.8832940963088 7
"508" 81.8611379129547 16.9800303431638 7
"509" 86.9983059303873 16.8957073667254 7
"510" 85.9469167297567 16.8670686642407 7
"511" 91.5222883085744 16.8180528566288 7
"512" 88.3247886719046 16.7198149014372 7
"513" 83.6560246113449 16.9134638628167 7
"514" 89.8261146877611 17.0139004644691 7
"515" 81.6446629090262 16.9757415305064 7
"516" 85.2352943567923 16.9571046910247 7
"517" 84.4501113669407 17.3566954805176 7
"518" 89.9435546937135 16.897966152618 7
"519" 74.6003826743486 20.8585561767254 7
"520" 55.8840978495259 127.071316876141 7
"521" 56.4698109086222 132.856919157871 7
"522" 71.3934105943241 92.0254041657918 7
"523" 114.431595811317 117.384452795361 8
"524" 105.963238582943 116.476367344784 8
"525" 106.581209926786 110.953502990241 8
"526" 105.998559831437 110.402396689445 8
"527" 113.214057077019 113.091902939184 8
"528" 109.095624549332 120.757819069421 8
"529" 111.397697102181 116.086169821799 8
"530" 108.891897514201 117.075340855764 8
"531" 106.051306498762 116.111789879635 8
"532" 111.188036067203 115.239292391689 8
"533" 111.831686993529 115.679816261829 8
"534" 106.06578242112 116.074522005219 8
"535" 106.630278056431 114.829506791445 8
"536" 108.511359581784 118.18846112383 8
"537" 108.104093784601 120.484086933656 8
"538" 104.388990010139 113.967222664173 8
"539" 108.015465340871 112.899672513847 8
"540" 104.719294079038 118.236201461403 8
"541" 113.56021384195 115.540096714337 8
"542" 106.178616138013 114.729252891631 8
"543" 109.239492811548 111.608959793133 8
"544" 109.067991882959 115.256996957573 8
"545" 110.586018304646 114.999855809679 8
"546" 106.74360299119 115.284254115077 8
"547" 104.877398081953 111.830598475279 8
"548" 106.625981505289 118.343476733148 8
"549" 104.523491689557 113.75865926742 8
"550" 56.3711799989546 129.449281937373 8
"551" 56.0462232182273 126.0049083763 8
"552" 55.9210669435278 126.039446685288 8
"553" 56.1712816612099 124.217745686983 8
"554" 56.1696566047364 127.383255217982 8
"555" 57.2975895123852 132.494796006983 8
"556" 56.6477755893607 127.196038174811 8
"557" 56.9848698036037 130.473963359059 8
"558" 56.2799698799776 126.070620583266 8
"559" 56.5080137685483 125.091641760163 8
"560" 56.4592022839551 130.25101082114 8
"561" 55.9547013318783 130.461306918372 8
"562" 56.2139542354881 130.410419171028 8
"563" 56.4546120901843 131.7155864405 8
"564" 56.0454122130875 128.942264866531 8
"565" 56.3280730022262 125.661326919367 8
"566" 56.743607294292 122.113371083512 8
"567" 55.8636670489219 128.011142089789 8
"568" 56.943513574275 125.42251512439 8
"569" 56.7415700944781 124.034108810693 8
"570" 56.2673509363589 126.296666817621 8
"571" 56.4014429106051 131.274568086667 8
"572" 56.7076951574123 128.175886457722 8
"573" 55.4277063210658 127.408305277585 8
"574" 55.6250784650054 125.851331972152 8
"575" 56.1418063262039 130.79547315959 8
"576" 56.1243310812496 124.892513465387 8
"577" 57.0929902758066 127.726876695056 8
"578" 55.9669490614088 125.924496828251 8
"579" 55.0434893049181 128.784079900007 8
"580" 56.3724661616042 128.356111756272 8
"581" 56.2612476638844 124.505536964665 8
"582" 56.2251853857857 124.87770553909 8
"583" 56.2222821303579 124.339583680781 8
"584" 56.4337408317745 127.05352892304 8
"585" 56.5382293398858 128.970167816719 8
"586" 56.3204784456668 127.582423715494 8
"587" 57.2778275444151 126.15779455389 8
"588" 56.1670118696379 126.543382228678 8
"589" 56.1722226337883 128.459179540051 8
"590" 55.6834443675743 130.87856447993 8
"591" 55.6932637192558 126.55430229861 8
"592" 55.9569773673818 126.1391743007 8
"593" 56.776659227506 126.680690537219 8
"594" 56.2301014868617 124.945733994339 8
"595" 56.4230828981582 132.912027824845 8
"596" 56.8172884128709 124.071646073384 8
"597" 88.6796149497514 17.3128122130189 8
"598" 83.4574399222552 16.9585853497269 8
"599" 84.7430889945558 16.9611645527832 8
"600" 86.1072151064734 17.0198503511168 8
"601" 80.679129047988 17.0567447336619 8
"602" 82.7664986344868 17.0418015590881 8
"603" 81.4975581850396 16.9458982645675 8
"604" 84.1820146334111 16.978867967557 8
"605" 82.4172131548623 17.0466318493076 8
"606" 89.1897689536172 16.7050833718222 8
"607" 81.2839573732636 17.1404705331081 8
"608" 91.1029264347459 17.206246278835 8
"609" 81.6255350897191 17.0254228510133 8
"610" 83.2391550593207 17.1075497730523 8
"611" 87.9205954159792 16.7414363001315 8
"612" 85.3878274088822 17.1635396326057 8
"613" 85.4508465256725 16.7588955821663 8
"614" 87.4316113896835 16.7648334256351 8
"615" 82.9716336862244 16.7484246690707 8
"616" 83.6449134252122 16.8347817477464 8
"617" 82.317931121044 16.7792388576852 8
"618" 81.2796191318213 17.1290005185864 8
"619" 83.845432279491 16.9996295774937 8
"620" 82.4176938036453 16.937401321248 8
"621" 83.6609514465792 17.0702237077093 8
"622" 85.106520942025 16.7688764529967 8
"623" 85.7916310264048 16.8764500876602 8
"624" 85.1508042783294 16.8959910337137 8
"625" 85.2042901284 17.0099174485039 8
"626" 83.3552598955384 17.0296319021779 8
"627" 85.3587375709072 16.8596535369034 8
"628" 86.4374303038251 17.3401437005232 8
"629" 88.944575791364 17.0426222810399 8
"630" 86.4190584151636 17.0013972367726 8
"631" 87.062982414969 17.0362284249052 8
"632" 87.3092620323081 16.9859220559473 8
"633" 82.950136699211 16.7649880451673 8
"634" 87.1146702721324 17.0527243750846 8
"635" 87.2416112945714 16.703675118636 8
"636" 85.5419361831498 16.8557236610861 8
"637" 87.4228985162842 17.0233532356614 8
"638" 88.0404310941759 17.0136630982799 8
"639" 90.6236868959597 16.7733615447414 8
"640" 91.4278506985146 16.802277488302 8
"641" 83.249778372048 17.044341128517 8
"642" 88.9183177954744 16.8912154005084 8
"643" 88.7886839392939 17.1850442065746 8
"644" 89.017243438487 16.9763305832899 8
"645" 84.7953630662294 16.9862807474767 8
"646" 81.3023340926907 16.918678195523 8
"647" 88.4535869273278 16.6782451623551 8
"648" 87.1211286240265 16.946363828367 8
"649" 87.0918072775603 16.9961213775386 8
"650" 84.4463975709686 16.490979514272 8
"651" 88.7240783893213 17.0039303980107 8
"652" 87.4570424890243 16.8976715924207 8
"653" 87.5376900576009 16.8772813836308 8
"654" 85.1558404520479 16.9793467801345 8
"655" 85.5923140939706 17.0210805895218 8
"656" 82.7811705897921 16.8363086862426 8
"657" 88.2618421445716 16.9010594880821 8
"658" 85.6800053931727 16.9756291123169 8
"659" 83.670082232403 17.0357425884883 8
"660" 88.2359958856287 17.0059571290755 8
"661" 83.5525787958925 16.8928477775347 8
"662" 88.2517655218762 16.8459127687223 8
"663" 82.5015059672007 16.9635194949623 8
"664" 87.0943105717769 16.8340024987426 8
"665" 87.988943059218 16.6795119667938 8
"666" 88.5321148321744 17.2673519358437 8
"667" 84.9433741608399 16.9404977997258 8
"668" 82.8663521305996 16.9713850983318 8
"669" 83.6392095868675 16.8400945183085 8
"670" 87.266557895986 17.0241864453065 8
"671" 88.9790369074525 16.8614542898326 8
"672" 86.815591343514 16.8903911133656 8
"673" 87.0067641064397 16.8931401675531 8
"674" 88.8869931807844 16.8411280063396 8
"675" 85.0327293100898 16.7830102320665 8
"676" 87.3418012959019 16.8709050000574 8
"677" 86.2575280907396 17.0608213508117 8
"678" 88.9367002212192 16.7636440985789 8
"679" 88.2855703253177 17.1925971319364 8
"680" 89.4196728532705 17.1083733010403 8
"681" 81.7814213488351 17.1292837041832 8
"682" 85.5364506810096 17.0400626213025 8
"683" 85.5518932489074 17.0774362317663 8
"684" 81.6284265518541 16.9699528960775 8
"685" 87.6598170282991 16.8271323100879 8
"686" 84.0474322158372 16.742795577744 8
"687" 86.9659754864496 17.2068542908047 8
"688" 91.5919041275524 16.9689932777859 8
"689" 87.5309385715086 17.0059407321256 8
"690" 83.1836878242607 16.7687773527302 8
"691" 88.6449450249292 16.9009158070379 8
"692" 87.3483177306026 16.9047147886123 8
"693" 84.9794573445343 16.9364836801161 8
"694" 84.134999321221 17.1308529124878 8
"695" 88.2024461193065 16.6967528820294 8
"696" 88.3266331175956 17.2233282761478 8
"697" 83.0253083366535 17.17832280353 8
"698" 84.9138832042778 16.8330601461771 8
"699" 83.9562644125642 17.0070423130543 8
"700" 81.4174679147898 17.1252747427712 8
"701" 86.9050172908122 17.3025258341107 8
"702" 76.5551189640807 92.8525778309464 8
"703" 71.4618158745493 63.9646419937267 8
"704" 83.8588865692689 16.5118067970434 8
"705" 76.6595181180591 16.9833938254937 8
"706" 90.9487781004329 17.3839111571081 8
"707" 120.977861208464 134.693175828527 8
"708" 99.7175568753586 115.741123719987 9
"709" 109.693495594554 117.442425692559 9
"710" 110.054994849194 114.398235139638 9
"711" 107.711748898574 110.629565740821 9
"712" 104.510069616028 120.922110924784 9
"713" 104.451334084833 113.807091263996 9
"714" 109.324396645564 120.714825803007 9
"715" 107.224121158756 113.165289694333 9
"716" 116.547840233648 116.165431310675 9
"717" 114.699972585 112.864120275606 9
"718" 111.370877768691 123.045876236181 9
"719" 109.343858092908 111.769567971963 9
"720" 108.308892102403 118.301001498595 9
"721" 108.744840318178 116.317012859557 9
"722" 103.493645196497 117.607770603808 9
"723" 109.127908119889 120.295341093727 9
"724" 113.630718592619 115.524962623011 9
"725" 109.577747031662 111.32302452078 9
"726" 111.781181672309 116.103834884167 9
"727" 108.489993212061 118.533142016278 9
"728" 56.1517750486536 132.121668724549 9
"729" 56.4250743257167 130.469796603847 9
"730" 55.5864025755817 132.772668506088 9
"731" 54.9978108122734 128.157814220359 9
"732" 55.4951101707641 125.497827963061 9
"733" 56.531630367247 125.290462838799 9
"734" 56.0106488156808 133.336924091673 9
"735" 56.2811780531069 124.075640710103 9
"736" 56.5769976421893 125.135909305864 9
"737" 56.4080320242258 131.77962762369 9
"738" 56.4206346313882 123.363480972329 9
"739" 55.6970348016581 124.916988829727 9
"740" 56.2940912276463 125.110500637787 9
"741" 56.3264107477197 124.757305680767 9
"742" 56.4813967941109 134.392901550252 9
"743" 55.5606515780652 130.972169227797 9
"744" 57.3258262718207 128.770891795938 9
"745" 55.3787633332816 130.85026495291 9
"746" 57.1447033844918 127.823927636579 9
"747" 56.7729915174211 123.626295365569 9
"748" 56.30216186035 125.056743975157 9
"749" 56.916185294052 125.565712416202 9
"750" 56.8279604258065 122.373236606551 9
"751" 56.3089085933824 130.554778344372 9
"752" 55.6525859841083 129.116534958061 9
"753" 56.9370711328982 125.346148647844 9
"754" 56.0357655355705 132.837407847512 9
"755" 55.2772390290743 132.618999492399 9
"756" 91.4173298187824 17.0559131693426 9
"757" 91.6262033772331 17.159769440261 9
"758" 81.0423314781289 16.9704659700862 9
"759" 84.4043808918932 16.985021173636 9
"760" 87.3655216949734 16.8020082715536 9
"761" 80.6544968680413 16.8093025181958 9
"762" 87.6652151476708 16.8760579217964 9
"763" 85.0474967062597 17.0794477525114 9
"764" 89.0270333256177 17.0648892896723 9
"765" 87.4031904820626 16.79221021229 9
"766" 93.8669828520368 17.2964004099842 9
"767" 83.1834456451811 16.8065027083626 9
"768" 90.8256338201467 17.0830293170313 9
"769" 83.6887479321383 17.1981643902509 9
"770" 89.0305392187208 17.0218052753434 9
"771" 84.3454235756816 17.1421296324056 9
"772" 84.1437197181615 16.8320887255431 9
"773" 83.1863276456481 16.8632965927097 9
"774" 84.1653465192071 16.750958196346 9
"775" 84.1734948525412 16.8419583102866 9
"776" 90.4020417290038 17.0261710219877 9
"777" 81.3078064303681 16.830342404774 9
"778" 91.2944904165521 16.8665106027496 9
"779" 80.1821560069258 16.8287502148302 9
"780" 83.8304286494324 16.8662790025212 9
"781" 87.6252427876766 16.8500733347887 9
"782" 88.7444603724114 16.9971438592462 9
"783" 91.8952985611839 16.7132767839134 9
"784" 90.8492649000829 16.9950690238181 9
"785" 87.5672438937643 17.0037054735407 9
"786" 92.1533157239408 16.902596410269 9
"787" 92.4243263341204 16.9894346871692 9
"788" 91.4149155671047 16.9947842132311 9
"789" 84.1071351607835 16.9726498412313 9
"790" 91.1369720729897 17.0762181643393 9
"791" 90.6186639990333 17.1101432407613 9
"792" 87.7144253075984 16.9182510975712 9
"793" 81.0781413864368 17.2311390237827 9
"794" 91.5936466527047 17.0285926999804 9
"795" 89.0531987735454 17.0343188777656 9
"796" 89.128084493901 16.9662491723019 9
"797" 87.6478630388409 17.0639152731736 9
"798" 87.5107202062065 16.7967630298732 9
"799" 84.0173566315836 16.7941052166858 9
"800" 80.4246638585827 17.056836247184 9
"801" 118.634087172169 35.3112710287078 9
"802" 96.6690124210871 110.014554388831 9
"803" 113.46990900956 115.397138662691 10
"804" 103.628785301189 112.745466177849 10
"805" 113.367216698722 119.46459248456 10
"806" 108.13346059681 118.724322045764 10
"807" 109.382078407879 112.581758303715 10
"808" 111.807418534398 115.491481858598 10
"809" 104.391836059711 112.288068746233 10
"810" 106.492216178857 118.156018950202 10
"811" 105.532001518282 121.58607627793 10
"812" 114.409065390059 110.940558994086 10
"813" 108.311552325272 116.800030371205 10
"814" 106.381319485839 115.356678386234 10
"815" 117.898003558516 117.40873581403 10
"816" 106.414694148845 115.348189035527 10
"817" 107.553382588779 110.652126338843 10
"818" 99.6768570278017 115.79154567128 10
"819" 113.206663844022 112.784302207302 10
"820" 113.172561802511 115.347504421957 10
"821" 108.425967341175 118.87501723319 10
"822" 110.230964443431 113.449440800249 10
"823" 107.814614350672 118.838633895756 10
"824" 108.071770124201 111.980822076996 10
"825" 55.7663814231917 132.137980852397 10
"826" 56.2641479360801 130.623656392553 10
"827" 56.5904932792125 124.182600799464 10
"828" 55.8088843202938 126.331179909932 10
"829" 55.8633127010902 133.27844080942 10
"830" 56.2851742082874 122.229883126435 10
"831" 55.9508949122972 132.38403091256 10
"832" 55.6671602881229 132.935416961402 10
"833" 55.783712484404 124.995664523349 10
"834" 56.337875893015 121.589085859094 10
"835" 56.0818317884427 122.180581954368 10
"836" 55.9148039634228 131.236212935077 10
"837" 56.6040968733815 123.801604135472 10
"838" 56.2741087132606 133.40339226454 10
"839" 56.3404079861277 122.990554572445 10
"840" 55.8164727763972 128.574603924025 10
"841" 56.4975248826004 124.276453403056 10
"842" 56.3839934148187 123.242423355004 10
"843" 79.7707906542323 17.0593165845204 10
"844" 91.0579257250584 16.787231038625 10
"845" 92.5126402855789 17.1463589979576 10
"846" 92.1590319440899 16.9539363151876 10
"847" 76.5640824361872 16.8970424253299 10
"848" 80.1554112840295 16.9440418808054 10
"849" 92.0711053550377 16.7177454721771 10
"850" 78.8587089488258 16.8795490815929 10
"851" 84.456407601542 17.0407809643404 10
"852" 90.6907949995245 17.0511689282979 10
"853" 79.3346841155919 17.0946840542783 10
"854" 90.806200834632 16.966906295401 10
"855" 81.0351032088923 17.0421335083165 10
"856" 84.4111685069169 16.9792024401596 10
"857" 92.8885560174932 16.8871801357062 10
"858" 80.7846815882947 16.9546018862301 10
"859" 84.3844401107655 16.9696184237071 10
"860" 93.4690535752763 17.1619774989466 10
"861" 83.8299762395906 17.2099647268868 10
"862" 84.444783259353 17.0797361371421 10
"863" 92.0423937389292 16.8813080516142 10
"864" 80.3576852969247 17.0798132149536 10
"865" 80.7957389685674 16.7681641024196 10
"866" 90.4793206156457 16.9743128517423 10
"867" 87.7165310942461 17.0604979902239 10
"868" 90.7777649287019 16.9988755157003 10
"869" 80.5608477966377 16.6938589675813 10
"870" 96.8830771529989 77.735878231415 10
"871" 107.712456421585 116.106909104856 11
"872" 108.422102670081 116.822602611108 11
"873" 120.582312184846 118.187810252363 11
"874" 113.729868050878 118.070957312711 11
"875" 117.639888828988 117.816455748773 11
"876" 103.347946076001 112.894460943149 11
"877" 108.633676010589 111.923024128002 11
"878" 107.962421430353 116.367717953254 11
"879" 112.130969728705 112.534104998992 11
"880" 99.3857082793947 115.439665689309 11
"881" 104.499511910209 116.792405774993 11
"882" 107.914949311797 118.039628481177 11
"883" 106.19408227307 118.654557311393 11
"884" 56.3645710544585 123.601952693801 11
"885" 56.1552515581072 131.134769986814 11
"886" 56.1297699967499 123.21238544253 11
"887" 55.9859309394864 122.163844547294 11
"888" 56.2490876478036 123.063629744579 11
"889" 56.2376863887542 122.752292469603 11
"890" 56.2102218066794 121.588921489076 11
"891" 56.5261098082481 123.648940517906 11
"892" 56.8570724823081 124.373089303982 11
"893" 56.2593486329119 123.171376131622 11
"894" 79.40384077314 17.1539439226753 11
"895" 79.8668484672817 16.9687763351316 11
"896" 93.3350610946047 17.0774221469404 11
"897" 79.6081433194212 17.0317832862179 11
"898" 78.8530024858827 16.7652789161639 11
"899" 93.529821202467 17.0322614230977 11
"900" 79.5949101880517 17.0118535628049 11
"901" 79.2605005742671 16.7489705264872 11
"902" 80.1360597483731 16.9919144449769 11
"903" 92.0518601495773 17.0818972961428 11
"904" 83.7193745035855 114.167988916187 11
"905" 114.564375015864 122.559072323269 11
"906" 114.299498721025 126.222414389848 11
"907" 112.183955875493 112.486100135447 12
"908" 105.553518049873 111.746369227149 12
"909" 108.021653791564 118.255173712573 12
"910" 105.81903381387 118.203081044142 12
"911" 112.178168036939 112.839880913916 12
"912" 108.18419097581 112.827513029092 12
"913" 117.966039228597 115.497880304393 12
"914" 114.121080529843 113.241984437998 12
"915" 55.6650707821822 130.361632178931 12
"916" 55.9877973790047 131.58541430493 12
"917" 77.6805559151778 17.1612394102022 12
"918" 79.8517404717424 16.8984851621825 12
"919" 93.6323283362294 16.8384507574418 12
"920" 80.1581029255042 16.6585613530409 12
"921" 93.6625411090505 16.9410343062235 12
"922" 93.5268681550751 16.8732027482509 12
"923" 79.8594955794423 16.7564268868492 12
"924" 80.1523468512659 109.342873289417 12
"925" 112.656761828173 113.908124731943 13
"926" 112.131989969993 113.982105417334 13
"927" 112.657225161217 111.44250448925 13
"928" 106.085696720333 118.76406230226 13
"929" 107.988395420157 115.747755937476 13
"930" 107.556713787392 118.238207023868 13
"931" 119.537043190532 113.300189255783 13
"932" 105.230125292751 118.78684155938 13
"933" 111.854438036153 111.143841935322 13
"934" 102.150517132022 114.870634597641 13
"935" 55.9604404185433 131.055610317163 13
"936" 55.4886617627893 131.939267307051 13
"937" 55.8710224808537 123.457824733746 13
"938" 76.1502353319492 16.8797665189126 13
"939" 64.2261056364509 34.8280870340187 13
"940" 112.777866557996 112.253730575225 13
"941" 96.7913806065871 119.533377786445 13
"942" 78.7340669530802 108.674954551038 13
"943" 85.3587137346412 102.725528134439 13
"944" 110.063883204478 117.31799208745 14
"945" 111.46083400888 112.200969630756 14
"946" 113.057559273049 112.48957927425 14
"947" 103.526570320674 113.335224004911 14
"948" 107.296798898868 111.178322256007 14
"949" 112.232585522137 114.083820149405 14
"950" 55.3733221744347 128.05327760444 14
"951" 79.2213582209155 109.298120381683 14
"952" 103.77478402427 113.135166114779 15
"953" 107.124700407027 110.067504371485 15
"954" 103.457146489782 114.345838527974 15
"955" 107.495581165875 113.623215096577 15
"956" 109.860897909238 115.191855553106 15
"957" 54.6550561013448 123.813645387202 15
"958" 93.2415659267754 121.815758097909 15
"959" 64.4741801457775 32.6682933537196 15
"960" 106.938888844692 113.840526104914 16
"961" 106.70818776729 113.626290397566 16
"962" 107.097211888638 113.783245196436 16
"963" 101.014175473774 116.808207575075 16
"964" 56.097190471084 134.915221293583 16
"965" 78.9735967294543 48.9050001943158 16
"966" 117.694875391511 128.253624063833 16
"967" 81.4642434836191 108.406124631944 16
"968" 61.3397613214449 107.107420333042 16
"969" 107.017789863055 113.480031893374 17
"970" 110.498236176766 113.610156970546 17
"971" 101.195413138947 119.602691252096 17
"972" 110.603990315069 110.398080292542 17
"973" 101.50121107837 116.838199350333 17
"974" 106.804381698399 113.96573941204 17
"975" 56.1692027066134 135.689804590304 17
"976" 116.561640245752 139.906209778891 17
"977" 56.4569559969332 119.066872870148 17
"978" 107.956246286916 114.909191544197 18
"979" 111.010498357652 114.728213215799 18
"980" 115.294207079032 108.236451587646 18
"981" 56.9840072133711 121.142044875113 18
"982" 55.7538003384092 66.3452491009614 18
"983" 111.012508006158 110.639637805679 19
"984" 104.56605923703 115.791968815909 19
"985" 102.320698273642 113.696375280706 19
"986" 111.136563399331 110.448837229904 20
"987" 104.646176591555 115.485060773643 20
"988" 113.786288549795 113.961191171561 20
"989" 104.221941113423 119.512452228572 21
"990" 55.9245578179545 134.626832015687 21
"991" 55.5907762152126 102.527518768444 21
"992" 103.969609739008 117.18188760913 21
"993" 105.060071354791 120.174859817498 22
"994" 107.714101206785 121.338634741566 22
"995" 111.168768299603 110.951615745423 22
"996" 105.202516297923 116.741390321349 22
"997" 81.3845118255597 89.3092480924776 22
"998" 111.235734301972 110.917766607279 23
"999" 107.15871096253 111.679927398296 23
"1000" 107.774782896802 122.42397778114 23
"1001" 57.8803764540536 84.7039695737514 23
"1002" 56.8882866712228 101.9419083566 23
"1003" 83.0808472126856 53.7064849735314 23
"1004" 55.5107757751327 105.821378572517 24
"1005" 83.3351460824195 39.665288563339 24
"1006" 91.685505118963 86.4674524205224 24
"1007" 61.5845894845382 71.4295933912626 24
"1008" 89.0149011294702 74.7191922590983 24
"1009" 105.95120972272 120.678457581819 25
"1010" 89.0840328178148 72.0349219804814 25
"1011" 105.998153636731 126.163674416331 25
"1012" 106.528177696097 120.848609317862 26
"1013" 92.3138118350547 18.8282472066959 26
"1014" 78.9138970665994 67.0241008730543 26
"1015" 107.1828805798 122.662621436105 27
"1016" 108.153811818039 139.639265025348 28
"1017" 88.0520461663866 78.1107689472532 29
"1018" 84.6023169092907 17.0931661073364 30
"1019" 73.2874378029766 112.334369503489 30
"1020" 84.6858180068292 16.7407030906069 31
"1021" 121.190608702114 95.8164145440983 31
"1022" 67.4449757157618 78.0904315215235 32
"1023" 80.0446251524453 117.620355985642 33
"1024" 68.539302495708 83.4841283454552 33
