"V1" "V2" "V3" "V4" "V5"
"1" 99.1508260047863 148.428522445235 2 1 3
"2" 100.308134363052 147.929467622777 2 2 3
"3" 98.6373845451303 147.500892571407 2 3 3
"4" 99.0470104845586 148.532130649656 2 4 4
"5" 99.2512844795773 148.450034369245 2 5 2
"6" 99.3122046341828 148.167141643319 2 6 3
"7" 98.9526518341019 148.115665997097 2 7 2
"8" 98.885991086533 147.429419340191 2 8 2
"9" 99.0475991680342 149.186229575078 2 9 2
"10" 98.7098806091438 148.857857848109 2 10 3
"11" 100.078779468215 149.570273501601 2 11 4
"12" 99.8238421578487 148.499830679746 2 12 3
"13" 98.9869726045371 148.519441060289 2 13 3
"14" 99.3055057259381 148.991898582489 2 14 1
"15" 99.3360465968423 148.474703547853 2 15 1
"16" 99.7427392788167 149.15437522113 2 16 3
"17" 99.0750689293536 148.753085121235 2 17 2
"18" 98.7670342962013 148.557927468149 2 18 3
"19" 98.9582155853145 147.631766588268 2 19 2
"20" 98.8884272079397 147.776898223865 2 20 4
"21" 99.1188078092071 147.858888015203 2 21 2
"22" 98.7292762745235 148.086117466723 2 22 3
"23" 99.0779090614858 148.817823124301 2 23 2
"24" 98.8783888084318 149.098154889427 2 24 2
"25" 99.577217781254 149.059162134513 2 25 1
"26" 100.133847247371 148.28680037324 2 26 4
"27" 98.9521130164626 148.352754617154 2 27 2
"28" 98.9547770254248 147.870543892993 2 28 3
"29" 99.0268197824997 147.465481366411 2 29 2
"30" 99.0966501569558 149.571198526657 2 30 3
"31" 99.6291580884416 147.677430007541 2 31 3
"32" 98.3787619469102 148.653171870754 2 32 4
"33" 98.4196081636843 147.924907297111 2 33 2
"34" 98.7945824145894 147.081083025726 2 34 5
"35" 98.8309611488501 148.935202939743 2 35 3
"36" 98.7713784994927 148.851097819481 2 36 2
"37" 98.9952969063083 149.9454583419 2 37 5
"38" 99.5573986733367 147.933678951027 2 38 6
"39" 99.3018849627404 149.182922528631 2 39 2
"40" 99.9048058776986 148.821717023147 2 40 1
"41" 100.205220200934 149.234816638356 2 41 3
"42" 98.6886273464546 147.646324069525 2 42 5
"43" 99.8181620662964 147.859484564235 2 43 5
"44" 98.8694007021621 147.512193769886 2 44 3
"45" 98.9538756904884 148.34352235717 2 45 1
"46" 99.8546333512934 148.384006786699 2 46 4
"47" 98.7381407885649 147.991970804046 2 47 2
"48" 98.9841985945476 148.056753061302 2 48 3
"49" 98.0831362526096 148.881391366095 2 49 3
"50" 98.354034094053 147.986276443501 2 50 1
"51" 99.8087881333518 148.290798955333 2 51 4
"52" 98.9419954684304 149.101851036115 2 52 1
"53" 99.7654255684806 147.687226029322 2 53 2
"54" 99.4567248219053 148.368232600201 2 54 2
"55" 99.7397887625825 147.636063503127 2 55 2
"56" 98.8284646331581 148.462452949401 2 56 2
"57" 99.3431844205836 148.397820368353 2 57 1
"58" 99.2360790476206 147.752371580349 2 58 1
"59" 100.509620862946 148.71480833941 2 59 3
"60" 99.7313905305815 149.231118671487 2 60 4
"61" 98.8860264194508 148.43439774639 2 61 2
"62" 99.4912707743882 149.687442287288 2 62 2
"63" 98.4900831760497 148.507785876957 2 63 6
"64" 99.7280952615348 149.272554108161 2 64 3
"65" 100.173773347589 148.693952490182 0 65 0
"66" 98.6837791102876 147.25677079663 2 66 3
"67" 99.1563411778865 147.340477923023 2 67 2
"68" 99.3567583212861 148.008318407469 2 68 2
"69" 99.7642946900273 148.027401396672 2 69 1
"70" 98.9439979590977 147.915377822201 2 70 3
"71" 99.3892245634996 148.19394167401 2 71 3
"72" 99.4483412363231 148.718314495162 2 72 1
"73" 98.9894009802444 148.259108039744 2 73 2
"74" 99.7332449183498 148.265384610241 2 74 5
"75" 98.9403685114686 147.357852054948 2 75 3
"76" 98.6842383318701 148.202931948973 2 76 4
"77" 99.1044143831934 148.074112315658 2 77 1
"78" 98.8411242273384 149.252026975749 2 78 3
"79" 99.420054330492 147.587704451773 2 79 4
"80" 98.8916145446549 148.651750436084 2 80 3
"81" 99.0916112499078 149.3326860535 2 81 2
"82" 100.179149473894 148.48117812466 2 82 5
"83" 98.5436628263518 148.971551927177 2 83 6
"84" 98.3670195489265 147.082869850331 2 84 2
"85" 98.7110479371367 148.214515550151 2 85 3
"86" 98.930174144457 148.956202668656 2 86 2
"87" 99.0319716164006 148.730387230016 2 87 1
"88" 98.6014567068454 147.941940169456 2 88 3
"89" 98.2321513685566 148.983689310745 0 89 0
"90" 98.2440043385487 147.798453100479 2 90 4
"91" 99.2583300573329 148.020613760312 2 91 2
"92" 99.5037703403848 148.699309457009 2 92 0
"93" 98.9196840744334 149.501914585783 2 93 2
"94" 50.6689056981534 109.826689263163 0 94 0
"95" 48.8670795368191 107.240818520693 0 95 0
"96" 59.4389712008886 119.228985285945 2 96 15
"97" 57.7140829855055 111.570281547896 2 97 17
"98" 54.1251844528261 114.440831324996 2 98 12
"99" 63.298134415006 108.894261652796 2 99 46
"100" 58.7609032126147 114.426056682291 2 100 15
"101" 56.0087345778574 112.756417102535 2 101 14
"102" 65.7047546872579 111.339327463711 0 102 0
"103" 56.7696811793291 115.153816590729 2 103 13
"104" 51.961006827308 112.486194380238 2 104 12
"105" 51.6038449625767 110.012043370872 0 105 0
"106" 50.6638684331972 117.852692133618 2 106 26
"107" 54.0365858720428 111.674509956257 2 107 13
"108" 57.8049144453888 111.223198162477 2 108 17
"109" 56.3083880188333 115.730982570685 2 109 13
"110" 49.9940360650418 113.76572878882 2 110 14
"111" 51.5927904468683 111.650312826926 2 111 12
"112" 50.4255107931916 116.604472996608 2 112 15
"113" 55.7163102060051 117.816656083037 2 113 12
"114" 56.1870831701359 115.980153637236 2 114 13
"115" 60.1359020505644 112.094014547799 2 115 17
"116" 58.072124667732 116.235201976673 2 116 11
"117" 57.1659991412259 114.963350797154 2 117 11
"118" 51.9396145475579 115.563082243285 2 118 14
"119" 53.7154820354946 118.596118765825 2 119 13
"120" 53.7512658910409 116.555842430178 2 120 13
"121" 58.2692997265916 109.644900174087 2 121 9
"122" 50.9755955441768 114.849807286831 2 122 12
"123" 55.3230724387564 115.062490988631 2 123 11
"124" 51.2173856163598 114.673489558342 2 124 11
"125" 61.6483562540587 111.75060633138 2 125 17
"126" 57.3080128212459 118.27775804818 2 126 11
"127" 59.3786645475608 112.255903897668 2 127 13
"128" 53.8512160452524 111.990324842572 2 128 10
"129" 50.166573688498 116.272584268212 2 129 14
"130" 45.670564648913 114.512069267741 0 130 0
"131" 58.6264992912323 122.278770173108 2 131 25
"132" 59.3660969715013 111.32322324403 2 132 13
"133" 55.9428338636054 114.67011950632 2 133 11
"134" 59.011641360167 112.466717786065 2 134 14
"135" 55.8230093323356 113.952626063639 2 135 10
"136" 52.7327361697927 116.028260432512 2 136 13
"137" 53.7935926518114 114.750334407281 2 137 12
"138" 60.0780787265271 110.822205547895 0 138 0
"139" 61.4165999462511 110.283559918757 2 139 19
"140" 55.1798302909194 110.723836213293 2 140 16
"141" 50.9250304601322 112.95040630835 2 141 11
"142" 49.5467882196504 114.704150473148 2 142 12
"143" 53.3553555006663 114.397544130393 2 143 12
"144" 60.4160941102709 115.954962633494 2 144 13
"145" 57.5711836780347 114.717522369592 2 145 11
"146" 48.4520244654371 112.919635478494 2 146 12
"147" 53.1468159695435 114.174476412411 2 147 14
"148" 49.6055177103646 113.816103401207 2 148 16
"149" 50.6399067601936 113.667261334287 2 149 11
"150" 50.9966524432454 112.937231300594 2 150 12
"151" 58.1174824399053 115.470460293592 2 151 12
"152" 59.6098700416748 112.163431473238 2 152 15
"153" 56.4142493702284 110.731470854335 2 153 9
"154" 57.2274952699056 116.65271801883 2 154 13
"155" 56.9407450705125 117.907074219601 2 155 19
"156" 55.7113750455646 111.73875352625 2 156 12
"157" 60.9359653491023 116.202143840992 2 157 15
"158" 62.0344928954231 113.086322757821 2 158 11
"159" 51.94698264604 116.489692400179 2 159 11
"160" 58.1321193258489 111.998971403909 2 160 14
"161" 46.3950301257168 115.038533664497 2 161 10
"162" 52.876029936405 113.136270332529 2 162 13
"163" 56.5210036293222 114.264241675122 2 163 10
"164" 55.7770181628561 114.285158696766 2 164 11
"165" 55.1541602133882 115.727804537962 2 165 12
"166" 58.4180669943117 113.133970693414 2 166 12
"167" 56.7233765267053 109.174094118272 2 167 25
"168" 51.6886426781219 112.805422526606 2 168 12
"169" 52.2140854270676 115.351102898739 2 169 11
"170" 50.8393693258242 114.428417377252 2 170 25
"171" 57.7968874701142 112.233256522537 2 171 19
"172" 57.4579440362553 115.308042255106 2 172 11
"173" 48.1319802903487 115.203891324317 2 173 16
"174" 49.4404056851722 114.512885128328 2 174 20
"175" 55.8982770616968 115.617907305431 2 175 12
"176" 50.6257409884322 108.429664329863 2 176 17
"177" 56.2800107794066 115.445058875764 2 177 14
"178" 60.6095524339784 110.617330462114 2 178 18
"179" 60.9511041326233 111.949867361341 2 179 20
"180" 63.0491524496151 110.203138092332 0 180 0
"181" 55.285005759163 117.321649347221 2 181 16
"182" 54.1473939209955 110.197279331335 2 182 12
"183" 50.9063323556279 113.286122896173 2 183 12
"184" 53.9702332999657 114.728149839935 2 184 13
"185" 53.1170445723989 116.865756847587 2 185 14
"186" 56.408262941638 112.768352373976 2 186 12
"187" 57.3685929272027 113.742221192793 2 187 11
"188" 53.1179111248309 112.694419586826 2 188 16
"189" 60.8205651078969 110.026097137766 2 189 19
"190" 57.3259518670799 115.743266576661 2 190 13
"191" 48.2592758999227 112.588567100214 2 191 12
"192" 59.0129515202956 110.28836939824 2 192 23
"193" 49.2446384959539 116.285931514845 2 193 11
"194" 53.6287558092418 111.778913170009 2 194 12
"195" 53.7645853816428 117.342036431594 2 195 23
"196" 54.9044498697439 115.814867546311 2 196 11
"197" 54.0103199754446 114.982286823983 2 197 14
"198" 51.4729195856602 113.261256902105 2 198 15
"199" 60.3667868255328 114.149049227344 2 199 13
"200" 52.1523347332634 113.540968573167 2 200 12
"201" 46.015392190634 115.614293716902 2 201 13
"202" 60.1121955173267 114.085998202514 2 202 10
"203" 55.5885688727245 113.8035828167 2 203 12
"204" 48.1953570115138 112.787371950227 2 204 17
"205" 55.5866214356075 114.155140957904 2 205 10
"206" 51.3728308186733 115.145236933674 2 206 24
"207" 57.9666207965086 114.734609369421 2 207 11
"208" 50.107976551193 113.89628312229 2 208 15
"209" 53.0006755721168 110.736191622286 2 209 14
"210" 51.8219594140198 114.158462777665 0 210 0
"211" 50.7418645974396 111.668699131401 2 211 13
"212" 60.4845213520413 114.357330299856 2 212 11
"213" 58.04089395981 112.141911737949 2 213 15
"214" 57.2683805426826 116.19131616109 2 214 13
"215" 57.7513852049511 114.587958333861 2 215 12
"216" 56.9711385023751 113.243567521775 2 216 11
"217" 53.4285041856383 114.262762625657 2 217 12
"218" 56.9101064019657 114.340153012692 2 218 12
"219" 54.0168952882867 113.640512586313 2 219 15
"220" 54.7268403438379 118.142346973436 2 220 16
"221" 51.6598791301773 112.177945337682 2 221 14
"222" 51.5646359344607 110.502770009097 0 222 0
"223" 58.8759494111944 115.281502343676 2 223 13
"224" 55.8653230156111 118.623688951796 2 224 15
"225" 52.6430631023209 119.169755456842 2 225 16
"226" 64.9880092836768 116.095975565739 0 226 0
"227" 59.239846617288 117.049032059837 2 227 14
"228" 55.9243643341665 115.204413281824 2 228 14
"229" 57.9515056642645 106.705617137301 0 229 0
"230" 51.1073139394472 116.205569752677 2 230 12
"231" 55.9356844081091 115.845500522106 2 231 13
"232" 54.8954263833329 114.336179309836 2 232 12
"233" 61.5653480630001 114.892175269546 2 233 22
"234" 59.7407195984065 114.555326322784 2 234 15
"235" 51.1756872406618 112.422472417309 2 235 12
"236" 50.2448955276193 117.286009966209 2 236 15
"237" 56.6659973659859 115.795762029011 2 237 12
"238" 60.3725642506574 112.07407877157 2 238 25
"239" 58.0720518654852 109.819394477827 2 239 10
"240" 47.7843000041407 117.731201438939 2 240 31
"241" 53.2452954381556 113.245547966891 2 241 14
"242" 55.5723127263852 116.120479885849 2 242 11
"243" 57.2314794115399 116.076580694408 2 243 12
"244" 55.1822274827191 114.90647877306 2 244 11
"245" 53.7457459620801 111.263293558763 2 245 13
"246" 60.5239776450453 109.77097314974 2 246 17
"247" 58.9999661472039 118.399620668668 2 247 13
"248" 52.7756666136711 115.286550946886 2 248 13
"249" 59.9916504599397 117.642622762962 2 249 14
"250" 48.4867000815727 115.369607686145 2 250 17
"251" 52.9961991970751 117.884367765122 2 251 24
"252" 55.1439774437715 116.251178243228 2 252 15
"253" 50.3818497783836 115.937607929734 2 253 14
"254" 47.9066955148034 114.570623444912 2 254 13
"255" 58.1855395025027 113.458038325611 2 255 11
"256" 56.4831202459487 111.173155246427 2 256 10
"257" 60.9960212875649 117.151304241972 0 257 0
"258" 54.003840101617 112.308796224863 2 258 11
"259" 57.4378548126087 116.796791156453 2 259 15
"260" 52.0381239404983 110.108277546384 2 260 15
"261" 61.5066942909382 114.605728263533 2 261 14
"262" 61.2460857402506 117.885547243285 2 262 18
"263" 55.6690486595136 118.036946832313 2 263 14
"264" 53.5538118361268 116.42964738846 2 264 12
"265" 54.5313283290073 113.274313428747 2 265 13
"266" 50.1246619881276 115.918396122703 2 266 13
"267" 57.6103548942227 116.57125937216 2 267 11
"268" 58.1949290259884 117.986357910037 2 268 13
"269" 58.7530610596428 119.501791330841 0 269 0
"270" 49.7074802140037 112.717040818861 2 270 17
"271" 53.3445737751157 114.1799601659 2 271 11
"272" 49.6751840422509 112.480136221241 2 272 16
"273" 56.1451365801591 115.852019544257 2 273 12
"274" 54.0557089324783 113.914509530419 2 274 19
"275" 54.5604278386407 115.404214117801 2 275 13
"276" 53.0935907263745 113.038639059817 2 276 12
"277" 55.0605266515308 116.835367234025 2 277 18
"278" 48.0781202488326 114.063486830881 2 278 14
"279" 55.4523787078769 113.550307002761 2 279 11
"280" 56.0544353395831 112.181909261501 2 280 12
"281" 54.4037001677547 116.570385928051 2 281 22
"282" 56.8885285790935 113.392519589476 2 282 13
"283" 52.4048070145344 112.221077392878 0 283 0
"284" 54.3322708162214 108.529417600807 2 284 15
"285" 51.5533223368342 115.122986644554 2 285 11
"286" 58.6540228745111 116.557306397217 2 286 12
"287" 60.0601257009641 114.018435660655 2 287 11
"288" 57.4467823921042 115.431670630542 2 288 12
"289" 51.6279809934767 117.681812864666 2 289 24
"290" 53.325779573217 114.805048818372 2 290 15
"291" 54.7534615646031 112.727925000244 2 291 13
"292" 56.0471315378336 114.169453129972 2 292 9
"293" 53.0582020643806 109.692698133106 2 293 23
"294" 60.5871733247069 116.708562386502 2 294 15
"295" 59.4111722636494 113.293320066222 2 295 12
"296" 53.2951172762715 114.225923250749 2 296 12
"297" 52.655207708807 113.986645995477 2 297 12
"298" 57.433089468995 117.892806452637 0 298 0
"299" 51.204993613343 109.808804798979 2 299 15
"300" 57.0162728838451 113.451405487677 2 300 12
"301" 54.9442237617004 112.271472780375 2 301 15
"302" 57.1338252939078 112.646529893607 2 302 13
"303" 53.2739258074872 118.55727587549 2 303 40
"304" 59.1519671772601 112.306667343212 2 304 15
"305" 56.530906730848 112.720817436173 2 305 11
"306" 59.2494984064155 112.008225322049 2 306 13
"307" 60.3303220463347 112.59204802398 2 307 18
"308" 55.9560996788565 121.62577618446 2 308 10
"309" 56.3419759758919 117.51906477417 2 309 12
"310" 55.4473303566546 115.962661253911 2 310 13
"311" 58.3554059497047 116.865605505396 2 311 11
"312" 64.9108327554445 113.478583892224 2 312 16
"313" 52.0698474131295 112.784961655635 2 313 11
"314" 53.5269391964963 109.714237329811 0 314 0
"315" 47.2510544247929 115.138510455965 2 315 13
"316" 52.1264281170425 115.705054108318 2 316 13
"317" 52.8399093576877 113.527117302102 2 317 11
"318" 57.2085825072169 115.987078923706 2 318 13
"319" 60.7484000651041 115.217074804773 2 319 12
"320" 54.0017707785901 108.692543425716 2 320 13
"321" 48.8644666864263 113.607520974324 0 321 0
"322" 51.8525927948304 114.880238438044 2 322 13
"323" 52.1631392476721 115.840599365239 2 323 12
"324" 55.5470256827201 115.32586345965 2 324 18
"325" 53.6136255878997 114.205836105573 2 325 13
"326" 64.919304142748 112.047794792364 0 326 0
"327" 47.5188923425807 116.778687102455 2 327 20
"328" 55.6290522489689 111.846631143214 2 328 13
"329" 64.4721144852013 116.140961490246 0 329 0
"330" 53.4351177319169 116.619458775748 2 330 17
"331" 52.2952703719391 109.991216977298 2 331 14
"332" 58.6386404931029 116.100892932774 2 332 48
"333" 56.7689161785292 112.550467980894 2 333 14
"334" 58.6867068086836 115.188707069252 2 334 12
"335" 54.1596782356725 118.609996983577 2 335 13
"336" 48.4870008016283 108.99787377801 2 336 14
"337" 56.8076184449778 116.452897981582 2 337 11
"338" 51.9267056898449 110.287810081284 2 338 16
"339" 64.0401324141905 116.456893450091 0 339 0
"340" 53.6322407296395 110.76782871349 2 340 19
"341" 56.0762623060064 113.073552012278 2 341 14
"342" 50.4065508824436 116.765936233478 2 342 14
"343" 50.5985122541153 113.065565491063 2 343 13
"344" 54.7089511229877 111.570233630265 2 344 18
"345" 50.3240799673069 114.491779761337 2 345 10
"346" 52.3846883681172 111.291543498779 2 346 17
"347" 55.6712335350511 111.827987804791 2 347 13
"348" 54.3001684551854 115.118478727701 2 348 14
"349" 61.7125128858429 111.495624535079 2 349 18
"350" 57.9275142619496 114.746397257411 2 350 10
"351" 52.7887694724927 112.462244961358 0 351 0
"352" 46.8270040007973 114.479008678776 2 352 21
"353" 61.6596934656997 114.452442269316 2 353 13
"354" 54.225946506402 111.527055031161 2 354 12
"355" 57.3388120094405 111.868999876583 2 355 17
"356" 58.2829675045738 108.115875368113 2 356 18
"357" 57.4202654882211 114.42385382351 2 357 12
"358" 56.4463101589691 113.396891481654 2 358 13
"359" 57.0918771393074 110.221379924753 0 359 0
"360" 53.9401021206844 112.690202918545 2 360 13
"361" 59.6048225299201 113.326714086849 2 361 13
"362" 57.8321824864563 115.459152910864 2 362 14
"363" 54.9007096221634 113.71619771688 2 363 11
"364" 52.3662266614522 114.596820965187 2 364 14
"365" 59.8199753733506 114.644783781949 2 365 16
"366" 61.5353683824146 114.004166732168 2 366 18
"367" 54.7481830216916 113.102380080314 2 367 13
"368" 57.4568878571329 115.875605600941 2 368 12
"369" 62.9834620955784 116.175912419183 2 369 19
"370" 53.584960079304 118.141659557529 2 370 11
"371" 62.0101363940836 113.376958140322 2 371 13
"372" 55.3036665814591 115.935343393936 2 372 12
"373" 56.1547228260236 115.763689741836 2 373 13
"374" 51.4702012648763 114.456224490826 2 374 11
"375" 46.4306979110953 114.837036447809 2 375 12
"376" 54.9227023711745 112.124802271204 2 376 16
"377" 49.8727489168287 115.236638799743 2 377 30
"378" 57.7012940938949 116.921060509809 2 378 10
"379" 50.8592052036303 117.744483269296 2 379 17
"380" 53.8285830450594 115.563252332208 2 380 15
"381" 64.2527891987328 110.369893831228 2 381 45
"382" 60.7039330648985 112.270990129821 2 382 21
"383" 49.4677263300335 116.560946415487 2 383 10
"384" 57.7380246411172 114.390967652152 2 384 13
"385" 48.0894029604014 111.944653048265 2 385 21
"386" 54.8195370789404 113.681997306874 2 386 12
"387" 54.633061090139 112.917928966335 2 387 13
"388" 56.0966139488359 119.407265685267 0 388 0
"389" 53.2984743926313 112.965416706042 2 389 15
"390" 46.2280153019629 112.960559028791 2 390 26
"391" 60.8243265663084 112.0095660847 0 391 0
"392" 60.5282018004243 113.04374052708 2 392 27
"393" 53.822448659286 114.996501841662 2 393 14
"394" 62.873504272634 115.115654887451 2 394 14
"395" 59.6561282248435 118.141250210815 2 395 45
"396" 52.274365293189 114.658022209428 2 396 15
"397" 57.1702990184917 113.658689186072 2 397 10
"398" 43.4599735596615 113.118097844322 0 398 0
"399" 57.1048211361896 118.072248696218 2 399 20
"400" 52.3478290496852 113.21924988423 2 400 10
"401" 59.1978838115462 114.978160936989 2 401 12
"402" 53.5628720740622 112.583951394833 2 402 15
"403" 44.6165489929434 116.038619322345 0 403 0
"404" 56.1118896100194 115.627536440662 2 404 12
"405" 55.8973010617663 116.080272504342 2 405 11
"406" 42.8801536698317 114.660681238308 2 406 19
"407" 61.6005334799676 114.202723229179 2 407 26
"408" 56.2311262829579 108.363790741217 2 408 13
"409" 54.8153065812072 110.178955669897 2 409 16
"410" 59.4409602575929 113.136009219646 2 410 12
"411" 47.500293989519 109.67673931931 2 411 19
"412" 51.0871238146625 113.510621405048 2 412 11
"413" 54.9315612228852 114.054062392254 2 413 14
"414" 58.6261378527589 111.848759043851 2 414 13
"415" 59.2430191835393 112.903140830979 0 415 0
"416" 52.1385824225832 114.838561590178 2 416 11
"417" 44.6556791842889 111.07528876095 0 417 0
"418" 55.8273862042274 116.177879761158 2 418 10
"419" 51.9661510205969 117.603026497509 2 419 25
"420" 51.790904594581 113.51183452661 2 420 16
"421" 56.1461676641178 111.105658706278 2 421 13
"422" 57.4230258164674 110.644351866703 2 422 17
"423" 58.592657362649 116.225939914756 2 423 49
"424" 57.3173503181242 110.609421034507 2 424 18
"425" 53.0351556432987 110.740768650903 2 425 13
"426" 46.5479814845698 115.662788634007 0 426 0
"427" 54.9296998971305 110.895196264244 2 427 10
"428" 48.8253023604741 112.156465954689 2 428 9
"429" 56.7437312962949 114.244942254474 2 429 11
"430" 55.8865487416769 112.704690489414 2 430 13
"431" 47.1812626024217 114.321149390366 2 431 28
"432" 55.7383490773162 113.812696550296 2 432 11
"433" 51.3124161795345 114.628325221826 2 433 12
"434" 64.3618555777253 113.527098907847 2 434 15
"435" 50.990679459705 115.46820933117 2 435 14
"436" 52.2374650274331 109.594367419774 2 436 15
"437" 57.5010353063684 113.998853122841 2 437 12
"438" 56.0331464917142 110.830150435177 0 438 0
"439" 57.6500010125195 113.03507756924 2 439 21
"440" 56.9865326389075 113.568566493366 2 440 11
"441" 62.3206306465692 115.998257885729 2 441 16
"442" 46.7590635883527 114.800234023016 2 442 23
"443" 59.2650897869475 111.933783760844 2 443 12
"444" 59.685875042669 116.822828995861 2 444 16
"445" 54.6772062591931 115.008763686469 2 445 13
"446" 57.0792653027647 112.925285530138 2 446 13
"447" 56.3872322434446 114.86259673536 2 447 16
"448" 57.6186317804421 113.297143867301 2 448 18
"449" 51.2080348347044 113.729540879311 2 449 14
"450" 52.9282101687122 120.005479851689 0 450 0
"451" 51.9770606584625 114.828266110942 2 451 12
"452" 62.7718638571737 114.616948030759 2 452 16
"453" 58.5280242325663 116.46517048386 2 453 13
"454" 54.5410427896348 116.11581016285 2 454 13
"455" 53.991681102611 108.374061040779 2 455 14
"456" 58.173427280382 115.2522696381 2 456 13
"457" 65.1436531798794 111.666233245161 2 457 11
"458" 60.096933206141 118.836803583922 2 458 13
"459" 58.5962987047895 115.764998169643 2 459 11
"460" 57.3370263320083 113.900176338054 2 460 11
"461" 61.2759359886703 116.72405146755 2 461 14
"462" 62.6030754009895 114.694031146916 2 462 16
"463" 50.4454160569005 113.230515786548 2 463 11
"464" 56.0224696433112 114.231098191395 2 464 10
"465" 61.2510499200076 110.337163122893 2 465 18
"466" 56.956575932619 114.837961103505 2 466 11
"467" 51.0529198624543 111.168171725037 2 467 15
"468" 59.422060556817 111.369831437131 2 468 12
"469" 52.3172303548354 110.010832863135 2 469 15
"470" 52.8695017206004 116.820553398097 2 470 14
"471" 53.4156354167094 112.423610173137 0 471 0
"472" 57.1668214882271 114.027043229401 2 472 12
"473" 49.424914788109 114.136693695068 2 473 11
"474" 55.4067989924025 112.763167187801 2 474 13
"475" 52.4345812493148 108.177686839125 2 475 18
"476" 61.3585171354434 113.673041443264 2 476 15
"477" 58.1711706091846 109.411924040644 2 477 17
"478" 52.5212208092179 117.018502057759 2 478 12
"479" 54.431887515295 109.173401352301 2 479 15
"480" 57.1834051569368 113.676747054977 2 480 11
"481" 52.94188615509 113.037638154667 2 481 12
"482" 56.5974406637673 113.645099963483 2 482 16
"483" 50.821836923874 112.141915885257 2 483 16
"484" 53.974842406643 113.592027622454 2 484 16
"485" 59.1774458105399 118.019073363482 2 485 12
"486" 50.4893211911504 113.887156386573 2 486 11
"487" 59.6297580663183 112.795052041476 2 487 13
"488" 56.2988522244873 113.259190205626 2 488 14
"489" 59.5710940054128 111.920541193914 2 489 11
"490" 53.1016427982135 113.539847097903 2 490 16
"491" 49.4805675867083 116.0982376669 2 491 11
"492" 62.104163108871 113.328176224982 2 492 12
"493" 43.8566763326494 112.417651394456 0 493 0
"494" 55.1720098800945 114.602606512185 2 494 12
"495" 56.8693170587317 112.964637758038 2 495 12
"496" 58.6996206023286 111.95735668755 2 496 14
"497" 51.0450986518484 118.409352803299 0 497 0
"498" 61.981783801974 119.255242522737 0 498 0
"499" 54.0376768063607 119.50525950875 2 499 47
"500" 51.2231928762993 114.230315466043 2 500 12
"501" 54.8458015695332 111.709895929423 0 501 0
"502" 59.6562734344333 115.066223908234 2 502 13
"503" 58.8853699123592 112.159474253772 2 503 12
"504" 53.0316516192236 116.996961249056 2 504 13
"505" 54.9595850621314 115.262166376387 2 505 12
"506" 49.7274663490363 113.09114674857 2 506 12
"507" 55.1142462292919 115.779619742143 2 507 11
"508" 60.1504638412054 112.349369132001 2 508 17
"509" 55.856807470331 111.701169404369 2 509 13
"510" 54.6165898386983 113.339889522759 2 510 12
"511" 59.3712570391283 114.486202428069 2 511 13
"512" 53.5863192869581 119.019731345429 2 512 12
"513" 60.8420068245647 115.820409752858 2 513 13
"514" 49.3441940210777 115.428989225501 2 514 9
"515" 56.9737601854065 112.952833704885 2 515 12
"516" 53.5803727832992 114.441857753906 2 516 12
"517" 61.6552433680725 111.145749512244 2 517 19
"518" 66.7295469929733 117.016483613727 0 518 0
"519" 56.8142331518243 112.709309440022 2 519 13
"520" 55.1591841519934 114.563607067356 2 520 12
"521" 52.1121710541562 115.630760169496 2 521 12
"522" 59.7427751068338 114.281162178695 2 522 15
"523" 46.2258871512218 114.904460463085 2 523 11
"524" 49.217112055991 116.463916089592 2 524 12
"525" 51.6588108880553 117.387856925863 2 525 25
"526" 55.5513483038132 112.144633444312 2 526 14
"527" 55.0803957067772 114.213202953584 2 527 11
"528" 56.6129595539376 112.1681808963 2 528 18
"529" 50.9339706732547 115.651039671271 2 529 15
"530" 52.660862494559 115.583595557413 2 530 12
"531" 55.764835961052 115.38443821391 2 531 15
"532" 48.0938910176363 115.066574471524 2 532 15
"533" 66.9462593826542 111.501119003285 2 533 22
"534" 56.0514189547184 111.02478143706 2 534 14
"535" 56.2636086581591 113.484424960556 2 535 10
"536" 56.9337726954013 116.518170294342 2 536 13
"537" 60.6211050062474 118.704497827806 2 537 15
"538" 57.0635118021137 117.429862950793 2 538 18
"539" 58.0697516518787 110.100800589489 2 539 18
"540" 55.7292020945899 111.513049752865 2 540 14
"541" 57.7140119320737 116.058751301262 2 541 11
"542" 56.8427272087462 109.210340698253 2 542 24
"543" 56.6096764512283 111.900136241003 2 543 16
"544" 60.3887692263765 110.835150070765 2 544 17
"545" 58.0970333313963 117.351996884475 2 545 11
"546" 60.1092098151386 117.646703702689 2 546 15
"547" 57.2715722079549 113.17804418318 0 547 0
"548" 56.6970829112194 112.464488901975 2 548 13
"549" 46.3054021553056 115.854239291101 0 549 0
"550" 54.0571582777638 117.601818304724 2 550 14
"551" 61.4825168078471 108.979594669084 0 551 0
"552" 54.1442670894675 115.827056529982 2 552 11
"553" 48.9493930065159 113.230957448172 2 553 10
"554" 54.017420042841 111.565323468785 2 554 13
"555" 51.8956822084903 113.822744363213 2 555 18
"556" 56.0866121774418 114.904984103789 0 556 0
"557" 42.2671904724752 109.476466299929 0 557 0
"558" 56.3157603214166 114.199813550352 2 558 13
"559" 49.3823097396338 116.442767565965 2 559 11
"560" 49.3246221687572 115.638560129465 2 560 10
"561" 51.0782916115866 109.243748693045 2 561 17
"562" 55.186936515719 112.4873971392 2 562 13
"563" 57.4065688564869 113.387544898865 2 563 20
"564" 51.1091622707233 116.266401657191 2 564 11
"565" 57.5600934493769 112.498020264521 2 565 12
"566" 61.4920359861893 112.833080301791 2 566 26
"567" 51.7362352324548 114.990749221582 2 567 12
"568" 57.7990656077645 114.265112104226 2 568 13
"569" 57.1497497387594 116.383033841718 2 569 12
"570" 52.175854838012 113.04410733476 2 570 11
"571" 56.1442638261017 117.495532127376 2 571 11
"572" 60.7450860323181 115.963697922006 2 572 14
"573" 51.3737969166937 115.900242488469 2 573 13
"574" 55.1172638582731 113.253757991931 2 574 11
"575" 58.2981863765674 112.838606716155 2 575 11
"576" 57.8278397089308 113.011332361916 2 576 11
"577" 45.4983521181399 111.288363973776 0 577 0
"578" 60.1226186471536 118.359092924425 2 578 19
"579" 54.4629017413575 112.420147236748 2 579 16
"580" 51.5897911417376 112.603980044306 2 580 13
"581" 55.33165703817 113.331084333402 2 581 10
"582" 55.6899125957464 110.086746089319 2 582 24
"583" 52.4769391152374 115.362398375461 2 583 12
"584" 49.30893282523 110.296542915794 2 584 12
"585" 56.0566917914184 116.247098255461 2 585 14
"586" 53.3045643111196 117.483112738444 0 586 0
"587" 55.6217150999051 116.028478516863 2 587 11
"588" 38.9460748010988 112.037484552018 0 588 0
"589" 57.6981716237078 111.120005066465 2 589 16
"590" 60.2553616411298 115.256846641297 2 590 22
"591" 59.2887503415007 113.688720704364 2 591 13
"592" 48.9328807293051 117.724961352389 2 592 29
"593" 50.4043305801218 114.566178329458 2 593 11
"594" 61.3579641330802 117.520066484583 2 594 17
"595" 59.566792818193 116.612417944252 2 595 37
"596" 50.0968740462145 115.012561202616 2 596 11
"597" 60.1438684086543 112.417131443471 2 597 16
"598" 65.9258891754694 112.715845593197 0 598 0
"599" 53.0635834117249 113.115183164345 2 599 13
"600" 56.2152809577894 111.945707190375 2 600 13
"601" 57.8359293117075 112.224276957669 2 601 20
"602" 52.6620670307966 114.204059503293 2 602 11
"603" 51.7649905927523 112.658833894665 2 603 15
"604" 54.1941437284055 113.098728039409 2 604 17
"605" 52.7929637663684 116.831919352495 2 605 13
"606" 57.5037072242071 115.280557974013 2 606 12
"607" 50.5664548465917 113.514158585185 2 607 10
"608" 55.3677740333635 114.735587376823 2 608 12
"609" 56.3063723937728 116.97710622368 2 609 17
"610" 53.4501001453973 114.097518556897 2 610 13
"611" 51.2722076856067 111.976843026433 0 611 0
"612" 64.4409294055372 114.450378149478 0 612 0
"613" 65.8877963645186 114.129142189475 2 613 19
"614" 55.8889754505341 114.809173537548 2 614 10
"615" 58.7206760370966 118.128485363086 2 615 14
"616" 56.3388015898778 114.99162205372 2 616 15
"617" 53.8589695641649 114.787130898537 2 617 12
"618" 56.6106052003649 112.501800197484 2 618 14
"619" 64.1551874052077 119.068139589816 2 619 21
"620" 55.2187909165337 116.252433884465 2 620 14
"621" 63.145268649769 111.037841697057 2 621 44
"622" 51.5057551621238 114.976254653044 2 622 10
"623" 53.6510106294797 117.887267667222 2 623 12
"624" 52.2578766770781 107.572602875645 0 624 0
"625" 57.1543371439972 114.898422928479 2 625 12
"626" 50.2779956455983 112.578847234398 2 626 12
"627" 55.9519899376208 117.11968859246 2 627 15
"628" 60.2267379078014 115.574272119681 2 628 16
"629" 49.3782787655289 119.797079479095 0 629 0
"630" 54.8809966320251 112.88911055102 2 630 12
"631" 54.9437607171548 108.493927637878 2 631 14
"632" 50.623288042672 110.989462442218 2 632 13
"633" 49.8383676031626 115.092590808191 0 633 0
"634" 55.7833497684701 113.906211176973 2 634 11
"635" 55.240715737888 114.678690589955 2 635 11
"636" 54.3139122970106 110.39386181403 2 636 24
"637" 49.8694377513444 111.82415022375 2 637 17
"638" 60.0395474943731 113.640265409497 2 638 14
"639" 61.8941163965431 117.2845693392 0 639 0
"640" 55.3533216064359 110.955089490465 2 640 18
"641" 58.0912729517883 119.742051534009 2 641 49
"642" 56.4607693549001 115.240803973208 2 642 16
"643" 54.3989296047554 109.064012255901 2 643 15
"644" 51.6260455872704 114.813092209113 2 644 11
"645" 57.7455862385303 116.879427127555 2 645 11
"646" 62.6015751927619 117.680075865133 2 646 16
"647" 56.6334084577417 115.740277559108 2 647 12
"648" 54.6853579937941 116.607798919793 2 648 20
"649" 56.5657510550178 115.725274258014 2 649 11
"650" 59.0005705462253 116.926665500372 2 650 12
"651" 53.7625629917157 114.470324928513 2 651 13
"652" 59.0991889730093 113.714755965939 2 652 11
"653" 51.8646985556272 115.627064421073 2 653 13
"654" 49.685527996842 115.614418289294 2 654 14
"655" 51.3313114373925 115.761140136225 2 655 14
"656" 51.5255053305247 113.292925315711 2 656 16
"657" 55.2184750342017 111.478997279276 2 657 14
"658" 61.2781194664822 116.735759665978 2 658 13
"659" 54.8080778879109 110.373976386621 2 659 15
"660" 46.0028181468095 115.092986228469 2 660 11
"661" 50.5013675827595 116.836705819317 2 661 15
"662" 57.2689961396761 113.748711018737 2 662 11
"663" 46.1875996150399 113.921647714621 2 663 10
"664" 56.0045090345614 115.240047625027 2 664 13
"665" 50.3570669498334 114.135611151258 2 665 14
"666" 58.8985093928511 116.996981410581 2 666 13
"667" 52.3465550061278 117.219126306397 2 667 14
"668" 57.1057253345669 110.655812972864 0 668 0
"669" 54.8875926231305 108.311476001272 2 669 16
"670" 47.8718747078925 110.599236750917 2 670 15
"671" 54.887246469553 115.879111750125 2 671 12
"672" 57.9088294611604 113.763198307886 2 672 13
"673" 53.4067159134649 114.780477597532 2 673 14
"674" 52.7398084491522 109.816801325911 2 674 13
"675" 54.6083730547404 112.242895099978 2 675 14
"676" 57.0704807185652 110.155005263575 0 676 0
"677" 55.7315585086871 114.195712133037 2 677 11
"678" 57.4274677000781 116.116418313933 2 678 13
"679" 52.4315934227412 116.721251887754 2 679 13
"680" 47.9619178018334 119.153820340285 0 680 0
"681" 53.9884713680818 108.597172849768 2 681 12
"682" 60.2295450906081 116.785261338772 2 682 46
"683" 58.6112659562254 115.774209128481 2 683 12
"684" 58.0700653206476 118.822160917671 2 684 12
"685" 56.0632821288135 117.121508258394 2 685 16
"686" 51.454420479283 112.704232364699 2 686 16
"687" 53.8944134327189 112.957501851901 2 687 14
"688" 11.8378870187035 114.101071709399 2 688 6
"689" 10.328364459263 119.996628100378 2 689 10
"690" 11.91253668104 119.162209484075 2 690 9
"691" 11.8792065183915 122.104443852531 2 691 5
"692" 13.4375600605589 118.903489844956 2 692 7
"693" 9.35343905422073 122.887385933991 2 693 6
"694" 12.9394574472023 124.284487998911 2 694 7
"695" 13.7324597791903 118.354816494028 2 695 10
"696" 12.7466030179351 120.957079040757 2 696 6
"697" 14.6305650901383 120.160855779618 2 697 8
"698" 9.34341047883498 120.98739901832 2 698 7
"699" 7.91096721586112 120.507565886652 2 699 11
"700" 13.6408209864544 117.027423030197 2 700 15
"701" 13.1414909290336 122.087229932082 2 701 8
"702" 14.3782220472488 120.717590677967 2 702 7
"703" 14.5338481167531 121.717624421209 2 703 7
"704" 10.2447481821571 121.994897305245 2 704 9
"705" 15.0355032030744 119.308141933048 2 705 9
"706" 13.3269770491712 118.966635695112 2 706 7
"707" 9.46130350862628 119.581183445943 2 707 6
"708" 16.9052250148645 120.116954186613 2 708 9
"709" 13.5121340068801 121.735283082299 2 709 9
"710" 8.33406070878666 120.662843237359 2 710 10
"711" 13.6802413146207 118.860566198381 2 711 7
"712" 13.4227181334545 123.21651118194 2 712 10
"713" 17.5434333933532 121.145681500248 2 713 17
"714" 11.7080844100239 120.588427583525 2 714 8
"715" 14.5021291355815 121.709239541455 2 715 8
"716" 13.9110714251057 119.319842635623 2 716 13
"717" 10.3758867842609 118.642577105248 2 717 11
"718" 11.0254771462348 117.642427103621 2 718 23
"719" 14.2869310684156 120.533140306338 2 719 6
"720" 13.5722694125978 122.546562206198 2 720 9
"721" 11.7151692118124 120.111276885614 2 721 8
"722" 10.7079442869177 119.567814383889 2 722 7
"723" 12.5135601777115 121.78990934185 2 723 9
"724" 15.1740639365193 117.455127185601 2 724 15
"725" 17.3381482915609 120.163921009651 2 725 6
"726" 11.3394031671833 117.550536235868 2 726 8
"727" 16.5959610565123 123.002815000604 2 727 5
"728" 15.0577000963396 118.489935234885 2 728 7
"729" 18.0312029096111 116.762602132925 2 729 16
"730" 9.28997146027828 117.956126975963 2 730 9
"731" 11.6127735600462 117.83213957511 2 731 7
"732" 17.3406327902352 120.099453825099 2 732 7
"733" 9.56579797233536 120.119819052523 2 733 13
"734" 12.9995773298224 120.242886530187 2 734 8
"735" 10.1210938809765 119.824401037197 0 735 0
"736" 18.1684052184587 119.805678436012 2 736 10
"737" 9.96144627287243 123.246080502137 2 737 6
"738" 11.932121429479 120.785733178057 2 738 7
"739" 13.4209728908488 116.894742588603 2 739 16
"740" 13.4458290538485 121.382647978543 2 740 7
"741" 13.1721327101929 117.63368393629 2 741 7
"742" 17.61580589479 121.833738739016 0 742 0
"743" 15.2668831921731 121.93769660097 2 743 7
"744" 16.7285421869439 118.530230234073 2 744 9
"745" 17.0469297356668 119.884966425403 2 745 8
"746" 16.6719706488836 120.83007091799 2 746 11
"747" 13.0551442440699 120.385482539989 2 747 9
"748" 11.4440276833998 118.327737458545 2 748 7
"749" 14.3879638456314 119.308688037303 2 749 8
"750" 16.3390026323015 122.944805724018 2 750 6
"751" 16.3655406892614 118.603021975164 2 751 9
"752" 15.1064798820234 121.022653600462 2 752 7
"753" 10.5519188439563 119.736083288329 2 753 7
"754" 10.8544849721864 121.162832071916 2 754 6
"755" 12.9880131202148 120.809445030736 2 755 7
"756" 15.1177758198561 117.950501821815 2 756 16
"757" 12.7167843405222 117.166644488095 2 757 24
"758" 15.5660384519796 122.162912019714 2 758 10
"759" 15.7979910505037 119.774489339653 2 759 8
"760" 11.3776468912896 121.177171172322 2 760 7
"761" 16.3755482947816 118.657429247799 2 761 8
"762" 15.850401207574 120.200849937069 2 762 7
"763" 13.5145931835364 122.17465049926 2 763 10
"764" 10.2421713927908 118.732162349955 2 764 13
"765" 11.8046700250696 118.568956408804 2 765 9
"766" 12.3172313148896 120.328361756811 2 766 7
"767" 14.5802563161166 121.451243279667 2 767 9
"768" 10.0165847005655 120.627095433565 2 768 12
"769" 12.6466939153557 122.725980026545 2 769 6
"770" 14.7816224880478 121.374190644427 0 770 0
"771" 13.7525439651263 122.948773377809 2 771 7
"772" 14.0628232204645 121.798612117374 2 772 8
"773" 14.1194112673903 119.898690279261 2 773 7
"774" 17.0992130186954 116.595964771599 0 774 0
"775" 11.5904237343071 121.016290571531 2 775 21
"776" 16.6131211566187 118.561721660043 2 776 10
"777" 12.5950955152978 120.418461223564 2 777 7
"778" 17.187596122179 122.314424233826 0 778 0
"779" 16.0822335396498 119.279651501841 2 779 9
"780" 12.4787973595697 122.189732821614 2 780 7
"781" 12.3803876259689 118.755756899558 2 781 7
"782" 10.7691418444567 120.572946240012 2 782 9
"783" 13.2370660621439 120.817647180143 2 783 7
"784" 10.8500309310609 118.899691010674 2 784 10
"785" 11.9252055389042 120.204026352452 2 785 7
"786" 12.8973403847389 120.97810520025 2 786 5
"787" 8.49332138992124 122.202460285872 2 787 6
"788" 14.5415035921034 120.765925442289 2 788 8
"789" 12.6756939699636 118.457457122351 2 789 11
"790" 14.2980227642011 121.406532604303 2 790 9
"791" 12.935352416102 120.564385624534 2 791 7
"792" 10.3187693439139 117.831895682103 2 792 10
"793" 11.5939107073877 118.615027292593 2 793 8
"794" 10.8846345492919 118.010226651874 2 794 9
"795" 12.5968686634489 119.629778437485 2 795 7
"796" 10.9503925605549 119.773672114558 2 796 7
"797" 12.9641683028783 120.807678422302 2 797 7
"798" 15.0936033664078 119.760837390402 2 798 8
"799" 14.8874670440983 121.172796357272 2 799 7
"800" 11.0721369567103 118.232065301336 2 800 8
"801" 16.0571632025051 119.948523781985 2 801 8
"802" 15.1393485216869 115.877141171808 2 802 16
"803" 15.4479684771421 121.963631979575 2 803 6
"804" 11.1669760137799 117.279110216444 0 804 0
"805" 13.161741979737 119.216959398123 2 805 6
"806" 11.5621684392519 118.5041063527 2 806 9
"807" 13.8816006749305 121.828951676565 2 807 7
"808" 11.2218820494536 116.431648149334 2 808 24
"809" 10.7616608021682 119.847112804179 2 809 8
"810" 10.066360809994 118.750722217859 2 810 9
"811" 15.0101681742271 120.629377060324 2 811 7
"812" 13.7642461959143 116.867902878873 0 812 0
"813" 12.4885594862827 118.797453549697 2 813 7
"814" 14.354647182782 121.287098595863 2 814 10
"815" 8.49053590538258 118.17477919353 2 815 43
"816" 14.1757241493271 119.175917659163 2 816 9
"817" 12.2802348558009 120.903115006388 2 817 14
"818" 13.2155923822652 117.439105144009 2 818 16
"819" 16.5154696393621 121.243251673287 2 819 11
"820" 16.135827463968 118.734947176962 2 820 9
"821" 14.4839070180771 118.006602447558 2 821 8
"822" 10.9665717675406 119.383208636149 2 822 6
"823" 11.5581624539389 115.934601092924 2 823 14
"824" 14.2473194039278 119.462741656879 2 824 8
"825" 13.6805153426617 117.772828884876 0 825 0
"826" 10.7510237710273 120.969273980871 2 826 7
"827" 11.79025136791 117.598142842519 2 827 9
"828" 13.2682504938434 120.445264249017 2 828 9
"829" 13.9407338604362 121.076933177438 2 829 6
"830" 15.5701727835829 115.533835737776 2 830 14
"831" 12.1643738198709 117.720759373902 2 831 11
"832" 14.6057223191404 118.554981145458 2 832 8
"833" 12.3656403550023 121.727184834588 2 833 7
"834" 6.99923424072815 119.525943815495 2 834 15
"835" 15.9031190402916 118.636535858272 2 835 22
"836" 13.2818878665091 118.368226193294 2 836 8
"837" 11.4702506893166 120.888337170816 2 837 7
"838" 10.3983289488232 116.006872999422 2 838 27
"839" 12.6891752860449 118.74494465421 2 839 7
"840" 14.9790990401848 119.902176225313 2 840 23
"841" 12.8643001792533 121.101371224677 2 841 8
"842" 14.9626004322139 120.509121615439 2 842 8
"843" 15.6591492435009 117.210716883156 2 843 5
"844" 12.7608634755179 120.100907607961 2 844 11
"845" 8.84453585525423 118.098908601812 2 845 9
"846" 13.0857674444545 120.976737241327 2 846 7
"847" 16.0508247585367 119.919339193579 2 847 9
"848" 11.6185176771848 122.527811368981 2 848 6
"849" 13.7472174367792 119.140007921394 2 849 7
"850" 12.8948534508797 119.193133899188 2 850 8
"851" 14.2642474816533 118.932207478167 2 851 9
"852" 11.5926652486326 122.166041610569 2 852 9
"853" 14.1437329657168 119.480509865799 2 853 7
"854" 11.978852279045 120.257191863775 2 854 8
"855" 15.9931641265202 118.012576682683 2 855 6
"856" 11.6178559503155 122.180204755753 2 856 8
"857" 14.1638569519456 120.803824977591 2 857 7
"858" 10.3476648384651 121.637565581475 2 858 5
"859" 15.1258122225945 121.852046442724 2 859 7
"860" 11.7348491816393 119.322487696572 2 860 8
"861" 13.7348707912457 118.690151799302 2 861 16
"862" 13.8079530704521 122.303382685647 2 862 9
"863" 14.3964489718214 122.147364090515 2 863 35
"864" 11.9042036146056 119.302215965065 2 864 8
"865" 14.4845708749684 120.22192307621 2 865 8
"866" 11.2731095432804 121.641403398778 2 866 7
"867" 14.4370482004709 123.471769042602 2 867 8
"868" 19.0229120243567 119.964448240987 2 868 15
"869" 14.3839365816138 119.024675858741 2 869 8
"870" 10.3914656461244 117.36979451194 2 870 22
"871" 16.3405269979454 120.857468742797 0 871 0
"872" 15.132798910569 122.9912283122 2 872 7
"873" 14.6787751789883 122.811363092242 2 873 20
"874" 15.521617601254 119.667816452291 2 874 7
"875" 12.9951146659974 124.024843566238 2 875 5
"876" 13.3191879509614 120.035741423793 2 876 5
"877" 9.48928400628275 119.560334947273 2 877 7
"878" 7.71399609856546 119.169498145069 0 878 0
"879" 11.624845020308 116.301102004676 2 879 12
"880" 14.8771638331244 119.029219014423 2 880 12
"881" 13.0806014907201 120.908489996605 2 881 6
"882" 13.3301892226554 116.396004876567 2 882 26
"883" 15.8113142594776 121.644448795978 2 883 8
"884" 12.3514727225917 124.2433332422 2 884 6
"885" 11.8305873856654 120.190442811217 2 885 7
"886" 16.6034894987976 118.776576987994 2 886 8
"887" 12.2221589079893 121.800523930735 2 887 7
"888" 10.7952398567758 121.714009869317 2 888 8
"889" 18.3887588011718 121.510874943165 0 889 0
"890" 14.6739857773086 121.850301538052 2 890 6
"891" 11.5455574189007 121.866540838403 2 891 8
"892" 10.6789753914118 118.398517899424 2 892 9
"893" 10.8599155948956 120.290393569497 2 893 10
"894" 12.8523883109609 120.247502152128 2 894 10
"895" 12.715584195295 119.598382243143 2 895 7
"896" 11.925721151174 119.821098861049 2 896 7
"897" 18.3146032035817 118.346563943085 0 897 0
"898" 9.81393534534259 121.035937216778 2 898 9
"899" 18.7886757253831 117.287350278867 2 899 11
"900" 12.2051751798915 121.84330004899 2 900 8
"901" 15.7469657339984 119.182842311963 2 901 8
"902" 13.7471081028081 124.307257264795 0 902 0
"903" 10.3394922540354 118.026662259754 2 903 9
"904" 15.7765667486583 119.485362223414 2 904 7
"905" 17.6476781919889 121.293599678129 2 905 18
"906" 11.8013821032742 119.80093576969 2 906 6
"907" 12.6809369143761 121.453917465534 2 907 12
"908" 14.9289032143072 122.022296046415 2 908 7
"909" 15.3808193046687 118.329898876763 2 909 12
"910" 15.4650914440361 118.118414691179 2 910 12
"911" 12.1365430587895 121.672022595887 2 911 6
"912" 15.296461896865 120.146410992828 2 912 7
"913" 7.55598504748348 118.34032464315 2 913 41
"914" 15.7800168906164 115.701422704998 2 914 13
"915" 12.6000059393296 121.910875249828 2 915 6
"916" 10.5495204552747 124.339049080918 2 916 28
"917" 15.071702212669 122.357035628056 0 917 0
"918" 11.317981156031 123.053165918366 0 918 0
"919" 16.0196243625236 122.215053929425 2 919 10
"920" 12.4629509203602 117.083186959961 2 920 8
"921" 13.985163124073 118.879814581387 2 921 10
"922" 14.2351573761247 119.689029828117 2 922 8
"923" 9.17433406929938 122.075955934488 2 923 5
"924" 12.9871128028593 123.536845808082 0 924 0
"925" 11.6906914976192 118.969752741948 0 925 0
"926" 9.80887667406948 121.462023241745 2 926 9
"927" 11.9616110830539 123.370871460933 2 927 8
"928" 11.5320833497314 119.421662039917 2 928 7
"929" 10.8956194495817 120.349821082052 2 929 11
"930" 10.895352531128 120.975667150885 2 930 7
"931" 15.9346053431802 120.758165754096 2 931 12
"932" 10.6633896423849 121.64366780808 2 932 6
"933" 14.3461058295734 118.291994242994 2 933 12
"934" 13.9526611439291 120.499842726487 2 934 7
"935" 16.5910997493072 122.889706584966 2 935 6
"936" 10.7941337466855 122.226183117884 2 936 21
"937" 15.3899991359934 121.512240171656 2 937 11
"938" 14.4974360460676 120.242180881732 2 938 7
"939" 12.6995435790981 121.878574064938 2 939 7
"940" 14.3687937060591 117.329185513449 0 940 0
"941" 12.7858921608948 124.46110322933 2 941 6
"942" 15.547435579563 120.363069259557 2 942 7
"943" 16.2171065021497 123.80204659496 0 943 0
"944" 8.88877740830967 120.323289743322 2 944 8
"945" 12.4911144432617 117.42512609047 0 945 0
"946" 13.6986585721055 118.113645435541 2 946 9
"947" 15.2653702035364 117.631317712704 2 947 15
"948" 12.5366144939411 118.777643036474 2 948 8
"949" 11.6250622109858 119.510053155584 2 949 9
"950" 21.2479519140247 121.245678345197 2 950 9
"951" 14.1327869388782 119.913599261404 2 951 8
"952" 12.6620640299962 119.530888145207 2 952 6
"953" 15.6507852933159 120.957244776567 2 953 10
"954" 14.2045578874818 123.019126012756 2 954 15
"955" 15.4332472158149 118.996950843302 2 955 8
"956" 13.9701539061483 122.597426319394 2 956 7
"957" 15.0127985249814 122.208461756423 2 957 8
"958" 10.6653654347114 121.701806018963 2 958 7
"959" 16.1662773379999 118.575323239907 2 959 7
"960" 10.8579674165434 118.005142098188 2 960 8
"961" 15.8991100331841 119.593620287429 2 961 8
"962" 10.1011823833535 121.469528083025 2 962 8
"963" 14.1848699062973 120.639217665126 2 963 7
"964" 12.6163731969695 121.414528471703 2 964 12
"965" 13.9120483064041 117.336697944175 0 965 0
"966" 20.2075916816594 116.972502166013 2 966 22
"967" 15.1030597182364 117.306287461232 2 967 14
"968" 13.572217537538 121.267260129209 2 968 8
"969" 17.2326620737367 119.545129820988 2 969 7
"970" 12.2395088078548 121.452651878606 2 970 7
"971" 14.3631142703845 120.917190978649 2 971 8
"972" 7.51936768235726 120.139985184586 2 972 14
"973" 7.19988338365361 122.863272434954 2 973 23
"974" 12.7100321485349 122.898103308797 2 974 7
"975" 11.6962051577364 122.692554023407 2 975 6
"976" 10.6201319978426 120.483612164339 2 976 8
"977" 12.4149557579904 120.282287893714 2 977 8
"978" 14.26130913128 120.059945772921 2 978 10
"979" 5.91214316757208 120.00179210495 0 979 0
"980" 15.3767246920932 120.23742531752 2 980 6
"981" 14.7087628610804 119.354833373584 2 981 10
"982" 9.35733772161063 121.040470907198 2 982 8
"983" 14.81322505124 118.938728290247 2 983 11
"984" 9.11600556578335 117.621055491534 2 984 11
"985" 15.2846149672999 119.398078270875 2 985 8
"986" 12.0202645560831 117.778611572931 2 986 10
"987" 14.8827340375924 120.869548088245 2 987 5
"988" 13.461460350981 118.786214311749 2 988 8
"989" 10.009323066832 121.667720925957 2 989 11
"990" 9.53800252746159 120.341009127968 2 990 7
"991" 11.7161086720788 122.404342086943 2 991 4
"992" 13.9864215469007 119.972706709731 2 992 8
"993" 19.4701759258592 124.073054660623 1 993 49
"994" 14.2440228862921 120.173752273159 2 994 9
"995" 10.8929616036835 120.68523737258 2 995 9
"996" 14.043898908162 121.187852997547 2 996 7
"997" 10.3488350196674 118.088205829512 2 997 8
"998" 13.9685772272151 122.125746000969 2 998 10
"999" 15.9322501017236 121.842837726832 2 999 9
"1000" 13.1663464056624 118.817989308301 2 1000 10
"1001" 16.9450437259298 119.11346264328 2 1001 25
"1002" 15.563259757504 118.34440477319 2 1002 11
"1003" 16.2806263838069 121.291334985921 2 1003 10
"1004" 11.9743581033597 120.138653730324 2 1004 7
"1005" 14.9571504184777 118.863571126684 2 1005 7
"1006" 11.9067163333324 122.98199211223 2 1006 8
"1007" 13.3221780444508 119.863856611876 2 1007 6
"1008" 15.151515017412 118.741345770052 2 1008 22
"1009" 12.0825319926311 119.544367157451 2 1009 8
"1010" 17.2447989884939 120.457993707529 2 1010 19
"1011" 18.6148910442226 120.33671347802 0 1011 0
"1012" 13.8068189998181 121.672169267887 2 1012 8
"1013" 13.7462563767911 119.939891369185 2 1013 7
"1014" 13.5241842563457 120.220572661942 2 1014 8
"1015" 11.263415866155 123.662148996884 2 1015 11
"1016" 17.9652835978755 120.094316812674 2 1016 9
"1017" 15.9322018506182 120.024118791785 2 1017 9
"1018" 10.273093290784 119.841296045755 2 1018 6
"1019" 11.2570471540549 120.489206459034 0 1019 0
"1020" 15.3363216355153 118.643555726765 2 1020 21
"1021" 11.921120828745 122.841743723091 2 1021 7
"1022" 15.1888821980125 120.065829579713 2 1022 8
"1023" 9.76147097276519 117.38345094275 2 1023 10
"1024" 13.2429981673414 122.281467338225 2 1024 7
"1025" 16.0378741060464 120.019828764012 2 1025 8
"1026" 13.0512207222037 121.440862468788 2 1026 8
"1027" 12.9913733195939 121.628280430278 2 1027 9
"1028" 15.6559801925226 120.716893024758 2 1028 9
"1029" 11.6057595033036 121.349321015534 2 1029 12
"1030" 18.3422808548502 118.967231826609 2 1030 13
"1031" 12.0145916989143 120.335993230076 2 1031 8
"1032" 13.0446267626847 119.213082398401 2 1032 7
"1033" 12.0268757120709 119.777015044071 2 1033 7
"1034" 16.8171730185504 118.638985422818 2 1034 7
"1035" 11.0926283872851 121.147618975752 2 1035 5
"1036" 12.3802578503213 118.881387695635 2 1036 6
"1037" 15.2483846402956 121.030846913913 2 1037 6
"1038" 13.4104173452567 119.004713746503 2 1038 8
"1039" 8.94981270139456 120.858625227945 2 1039 10
"1040" 11.3103319275191 120.040388025451 0 1040 0
"1041" 17.6220565166626 124.004254838217 0 1041 0
"1042" 16.1888883931842 118.661864499321 2 1042 8
"1043" 14.500905486459 119.338482981421 2 1043 9
"1044" 12.8863405108295 120.621771679763 2 1044 6
"1045" 13.9155702159148 117.52536693299 2 1045 10
"1046" 11.6256306475167 120.467021803698 2 1046 9
"1047" 12.6584953289875 122.552590128401 2 1047 5
"1048" 8.06592098611074 120.775653666457 2 1048 8
"1049" 89.8651083153837 134.273067782702 2 1049 10
"1050" 11.4238988709667 128.607651451226 0 1050 0
"1051" 26.3429801060337 133.697049343852 0 1051 0
"1052" 43.2447239170513 118.790990311569 2 1052 13
"1053" 73.2583551860692 109.935531955247 0 1053 0
"1054" 43.5094593198574 110.873543469663 0 1054 0
"1055" 24.0356737602473 145.721635667712 0 1055 0
"1056" 51.5744292415945 144.306998103833 2 1056 4
"1057" 21.6228109347663 113.31488675539 0 1057 0
"1058" 50.4545083544733 123.108750922116 0 1058 0
"1059" 9.90376439397489 146.649358478044 0 1059 0
"1060" 54.8608157920089 116.225284922983 2 1060 14
"1061" 94.5529704950793 115.829832160548 0 1061 0
"1062" 66.0225776306562 149.590947456835 0 1062 0
"1063" 72.2142558889481 110.0028440041 2 1063 29
"1064" 95.9485664774324 123.017647175062 0 1064 0
"1065" 18.3652063981813 144.038042582462 0 1065 0
"1066" 21.6474542829392 121.368873159046 0 1066 0
"1067" 70.298439108808 117.450861893878 0 1067 0
"1068" 81.1183780347354 136.304650027881 0 1068 0
"1069" 7.6395152054121 117.395289002621 2 1069 28
"1070" 28.945401597881 130.362152576837 2 1070 19
"1071" 6.00855284948929 121.58694743323 2 1071 6
"1072" 51.6455196882836 143.280122944949 2 1072 13
"1073" 60.1392099428758 121.076833598336 2 1073 46
"1074" 41.5677554950492 148.441007430409 0 1074 0
"1075" 25.1332093218406 147.331860865384 0 1075 0
"1076" 97.9034069855051 109.8338223659 0 1076 0
"1077" 53.5255655529406 109.961135461895 0 1077 0
"1078" 61.6475738931637 137.466372482277 0 1078 0
"1079" 70.8823566506336 110.89889837805 2 1079 36
"1080" 18.7341823635836 127.948992277794 0 1080 0
"1081" 50.4950298835368 122.78032679665 0 1081 0
"1082" 16.879363690879 112.629349280584 0 1082 0
"1083" 74.8220957321102 122.381816878657 0 1083 0
"1084" 44.3605104114032 121.250648744177 2 1084 10
"1085" 88.3151340647349 139.556162419991 0 1085 0
"1086" 7.16788035047431 115.332351492652 0 1086 0
"1087" 48.202344696905 137.817666842308 2 1087 16
"1088" 26.5899356288544 120.362740979421 2 1088 48
"1089" 45.7186531280617 117.371561565655 0 1089 0
"1090" 37.1713059386025 146.985607503823 0 1090 0
"1091" 50.6987560561858 142.888456732798 0 1091 0
"1092" 32.1536354340393 121.646851851931 0 1092 0
"1093" 79.8438065598493 117.921461360944 2 1093 35
"1094" 99.5840542972885 110.133431775356 0 1094 0
"1095" 58.2319235194501 141.716103055791 0 1095 0
"1096" 77.1973900120437 111.42136109218 0 1096 0
"1097" 24.4520847641359 148.254511457742 0 1097 0
"1098" 94.7231622342526 138.155544165048 0 1098 0
"1099" 34.9003477885715 145.952373825019 2 1099 47
"1100" 19.6908612523945 143.795057842396 0 1100 0
"1101" 31.2532855763428 146.162789786807 0 1101 0
"1102" 94.5583690457468 149.517067100246 0 1102 0
"1103" 45.2464314118932 122.608149189791 2 1103 7
"1104" 48.7659218421185 125.125988807048 0 1104 0
"1105" 43.1340286077486 107.177972286166 2 1105 27
"1106" 76.4326034247268 126.974154937465 0 1106 0
"1107" 42.3839762348949 113.632820443004 2 1107 19
"1108" 43.2529364502505 113.175887658515 2 1108 36
"1109" 83.3586619867249 141.558278910253 0 1109 0
"1110" 89.6764641349735 119.808653512053 0 1110 0
"1111" 82.3392676642628 140.312450810746 2 1111 16
"1112" 36.1094824411803 115.0504065234 2 1112 39
"1113" 84.4372437916949 107.489634749673 0 1113 0
"1114" 81.8457698993171 138.620608427188 2 1114 23
"1115" 40.0298392879558 107.093005904939 0 1115 0
"1116" 75.7439887380827 106.86391549512 2 1116 44
"1117" 82.3209431012886 123.222911143529 2 1117 9
"1118" 81.4287405822242 141.809483279526 2 1118 15
"1119" 62.0705191547006 143.231091863612 0 1119 0
"1120" 72.8981695186927 115.216365921924 0 1120 0
"1121" 70.0608863825669 138.274784688686 0 1121 0
"1122" 16.3672712900593 136.467002521663 0 1122 0
"1123" 92.4313198195529 131.638684549864 2 1123 13
"1124" 96.9394585720741 108.740758093812 2 1124 48
"1125" 64.3539079044031 113.291574705951 2 1125 14
"1126" 89.6561182320635 137.457455533589 0 1126 0
"1127" 37.313679398231 142.086223984686 2 1127 46
"1128" 100.312354590899 126.553721568457 0 1128 0
"1129" 41.1292548978805 114.723976852054 2 1129 34
"1130" 50.2364007228301 129.982427034564 2 1130 27
"1131" 96.3511982351161 127.616145493329 2 1131 15
"1132" 86.149011069373 136.725004879988 1 1132 49
"1133" 72.0571945558596 123.214886291406 0 1133 0
"1134" 70.5037960266445 145.018718423031 2 1134 34
"1135" 93.8745640662724 107.400055039928 2 1135 29
"1136" 19.0232304944113 144.405547576686 0 1136 0
"1137" 98.2039819783418 137.008191803584 0 1137 0
"1138" 52.5252904183161 137.63278171952 0 1138 0
"1139" 86.6547704787455 140.829802345445 2 1139 11
"1140" 36.969990621403 130.494453132018 0 1140 0
"1141" 76.8482964514189 120.678679729672 0 1141 0
"1142" 73.7223586645137 119.161911822908 0 1142 0
"1143" 13.1717788951019 137.228558702815 2 1143 11
"1144" 17.8472048146516 125.908190422869 0 1144 0
"1145" 40.204275700033 137.555640007052 0 1145 0
"1146" 97.1868620652672 120.318412515792 0 1146 0
"1147" 89.1053903633891 110.543735346648 0 1147 0
"1148" 52.0881739282392 133.656906105886 0 1148 0
"1149" 42.9600148370735 139.757706374679 0 1149 0
"1150" 19.9952279920945 125.321264437086 0 1150 0
"1151" 10.1165767070236 116.390047016793 0 1151 0
"1152" 19.9169807677412 140.684625260137 0 1152 0
"1153" 72.4880934664934 121.690783271126 2 1153 27
"1154" 78.6408953233594 107.484060814844 2 1154 16
"1155" 16.5390268178377 113.120453578777 0 1155 0
"1156" 46.4693142331615 143.939789146212 0 1156 0
"1157" 30.5248439030277 131.789297443077 0 1157 0
"1158" 10.0802759094805 123.362566313091 2 1158 7
"1159" 98.8826551322192 136.692043476936 2 1159 8
"1160" 92.3605459629682 107.156119247667 2 1160 28
"1161" 82.9475679521941 135.469621749837 0 1161 0
"1162" 92.8372689895732 114.672534116907 0 1162 0
"1163" 22.7177122614166 112.504304546815 2 1163 16
"1164" 63.1074625331399 117.757275403394 0 1164 0
"1165" 54.4993123794431 140.306359957046 0 1165 0
"1166" 42.4053892583388 128.232824743408 2 1166 20
"1167" 75.4246923984447 142.986270709984 0 1167 0
"1168" 8.22899712557299 142.922496361466 0 1168 0
"1169" 9.80795701294771 134.228332559444 0 1169 0
"1170" 31.343551264982 149.753053436342 0 1170 0
"1171" 97.3169681539191 113.899565802713 0 1171 0
"1172" 80.4833037036191 131.809594419358 2 1172 7
"1173" 28.2942194732514 111.056223021595 2 1173 34
"1174" 69.5953821516158 108.362626548324 0 1174 0
"1175" 97.7619935158785 131.549405155435 2 1175 25
"1176" 23.0240330761172 140.185464256061 2 1176 30
"1177" 23.2676092958128 125.463338116465 2 1177 17
"1178" 90.0480031939498 119.085900335003 0 1178 0
"1179" 18.9804901034936 146.848961246072 0 1179 0
"1180" 52.9141275562112 139.386560860128 2 1180 12
"1181" 82.8484034694351 118.711452701023 2 1181 10
"1182" 35.6007245882963 142.439302880143 2 1182 3
"1183" 51.606784578462 131.833414256391 0 1183 0
"1184" 49.0299151721686 110.53560533886 2 1184 13
"1185" 46.8340561638275 119.907671378138 0 1185 0
"1186" 12.9359279452913 130.057389583387 2 1186 10
"1187" 22.4444896712717 108.819065327708 2 1187 49
"1188" 44.8715615052135 129.136531449624 2 1188 34
"1189" 36.2773510952928 121.175624058374 0 1189 0
"1190" 51.4168732006771 118.832658462723 2 1190 11
"1191" 73.9881727070291 113.723488053289 2 1191 16
"1192" 12.9439658187211 139.836429056508 0 1192 0
"1193" 74.2756776868563 135.305859233863 0 1193 0
"1194" 86.5035169684353 121.345741711567 0 1194 0
"1195" 38.220429754587 126.053336459821 0 1195 0
"1196" 47.8177603371842 148.263982202773 0 1196 0
"1197" 43.6272428203775 148.59345044496 0 1197 0
"1198" 28.6877980181969 128.499690430595 2 1198 16
"1199" 52.5894659019198 145.193020345468 0 1199 0
"1200" 56.9149019456718 124.837139364161 0 1200 0
"1201" 97.0450556441969 118.655256486854 0 1201 0
"1202" 42.1018248302939 148.195924792044 0 1202 0
"1203" 29.0039864931714 141.393643838849 2 1203 10
"1204" 99.1235612379347 142.492316537227 0 1204 0
"1205" 13.0520554817795 118.382814509028 2 1205 12
"1206" 49.142479759484 124.373634848966 0 1206 0
"1207" 62.0267015777363 126.459812656873 0 1207 0
"1208" 94.3838642234245 145.432527347587 0 1208 0
"1209" 34.7290298132499 119.980269661156 2 1209 14
"1210" 92.8623883902378 148.307463773182 0 1210 0
"1211" 81.8623614981895 138.416266012966 2 1211 24
"1212" 10.7709527046899 148.157433771561 0 1212 0
"1213" 94.8481321142944 148.079812359992 0 1213 0
"1214" 43.9657176837193 135.388707984372 2 1214 43
"1215" 15.3187769540512 116.163910630446 0 1215 0
"1216" 8.53394314983781 135.2023295404 2 1216 41
"1217" 11.591723937225 106.857960905845 2 1217 8
"1218" 20.6372734285096 149.226038453445 0 1218 0
"1219" 92.1558792045111 109.04944403285 2 1219 31
"1220" 87.6054300588881 111.087483067403 0 1220 0
"1221" 65.6597060131869 128.832814727353 0 1221 0
"1222" 85.0752774275572 147.972892858652 0 1222 0
"1223" 72.9198036530354 126.391798677598 0 1223 0
"1224" 62.3813850438934 125.550073146508 0 1224 0
"1225" 56.1926752528273 130.284246374129 0 1225 0
"1226" 69.3065556602914 144.002802266379 0 1226 0
"1227" 23.9884182050475 143.294689063343 0 1227 0
"1228" 34.3044321337369 149.808130691549 0 1228 0
"1229" 39.0652345017894 134.868676324239 0 1229 0
"1230" 38.1887192933051 138.623585928211 2 1230 46
"1231" 71.7094480339292 144.899491138234 0 1231 0
"1232" 20.8908193732171 134.949558890336 0 1232 0
"1233" 33.3265128549341 143.291791106112 0 1233 0
"1234" 22.1733028916133 139.369351000464 2 1234 32
"1235" 78.452857782802 111.511623402632 0 1235 0
"1236" 51.4031468369573 122.996137410158 2 1236 25
"1237" 44.5514770601689 125.978594893942 0 1237 0
"1238" 87.3936779064129 113.551390060694 2 1238 14
"1239" 71.2544845531078 143.332715536401 0 1239 0
"1240" 42.2338951035094 127.071293622991 2 1240 33
"1241" 55.930982586193 118.204747258723 2 1241 13
"1242" 96.9279000158143 141.332986648547 2 1242 4
"1243" 24.6707541703165 124.201423958752 0 1243 0
"1244" 29.6361898625852 130.276902844133 0 1244 0
"1245" 90.4858854779141 140.459311343109 2 1245 2
"1246" 69.9623519964897 147.165979208558 0 1246 0
"1247" 16.6093109222615 147.390083719664 0 1247 0
"1248" 35.3380803673085 114.390379651798 0 1248 0
"1249" 100.463630478803 122.369031369341 0 1249 0
"1250" 38.8237667096372 139.624687680303 2 1250 47
"1251" 50.5952539762395 115.357668647689 2 1251 15
"1252" 31.4969765252615 144.331892219997 0 1252 0
"1253" 63.4482744675393 127.300929422742 0 1253 0
"1254" 97.2802975093584 119.134416500914 0 1254 0
"1255" 66.0729948140123 115.935685275724 2 1255 24
"1256" 34.1892600720865 119.440887496199 0 1256 0
"1257" 10.3302200305521 140.735119772073 0 1257 0
"1258" 52.1386648078864 114.63934443193 2 1258 12
"1259" 66.4118628931 125.741204556056 0 1259 0
"1260" 31.9666897483061 147.838476927886 0 1260 0
"1261" 75.2210941260835 109.599617766448 0 1261 0
"1262" 36.9648987715288 109.014320983707 0 1262 0
"1263" 46.1530246405323 145.277920673433 0 1263 0
"1264" 33.195920670303 112.388590286764 2 1264 49
"1265" 79.3559219810634 146.494249070212 0 1265 0
"1266" 94.9297488625877 142.360914330565 0 1266 0
"1267" 13.4453065121256 129.199186778774 0 1267 0
"1268" 74.6023342068031 147.46419911351 0 1268 0
"1269" 15.3743442879637 137.777599453339 0 1269 0
"1270" 17.7949096973825 144.794059702811 0 1270 0
"1271" 95.4563275402884 149.620386160218 0 1271 0
"1272" 65.7000855017897 111.547503220197 0 1272 0
"1273" 16.0284524813252 106.913565087078 0 1273 0
"1274" 97.4277492733683 137.281136243264 0 1274 0
"1275" 10.9834693956167 120.098354398696 2 1275 10
"1276" 56.2309231874355 112.28298143073 2 1276 11
"1277" 68.2057674844753 133.563339149047 0 1277 0
"1278" 58.7077755378274 124.265644753221 0 1278 0
"1279" 99.4950352124697 137.523533188836 2 1279 7
"1280" 11.9340105683292 127.235644255621 0 1280 0
"1281" 43.3867957857309 133.120746315215 1 1281 50
"1282" 75.544414534306 148.867045319494 0 1282 0
"1283" 37.3773224448524 122.642396240398 2 1283 35
"1284" 35.0214034396594 139.293687487704 0 1284 0
"1285" 94.1428895973378 141.366131190585 2 1285 6
"1286" 6.82955371667216 136.807916099707 2 1286 13
"1287" 20.1452525407627 139.786799992305 2 1287 13
"1288" 56.3924580571939 109.763638293851 2 1288 22
"1289" 63.420813612804 136.632436272742 0 1289 0
"1290" 56.0309862728032 148.723701496602 0 1290 0
"1291" 10.4054646266074 123.844649976795 2 1291 29
"1292" 99.2907052852681 120.663726433054 0 1292 0
"1293" 99.5229978451205 137.636438941928 2 1293 8
"1294" 88.3173694454828 121.529930853861 0 1294 0
"1295" 51.9669878880169 116.446637446412 2 1295 12
"1296" 64.6806097962447 137.020487214008 0 1296 0
"1297" 25.2035626734669 136.627853307984 0 1297 0
"1298" 79.1843109825924 124.869806693784 0 1298 0
"1299" 47.8424996711421 128.052056537888 0 1299 0
"1300" 57.6144626459715 143.418731138602 2 1300 15
"1301" 70.9838344172433 136.81277400953 2 1301 30
"1302" 61.2900691541365 107.253140686389 0 1302 0
"1303" 71.8992771696485 143.919420649984 0 1303 0
"1304" 91.4794273352589 145.852019419864 0 1304 0
"1305" 78.405448866193 127.823826733305 0 1305 0
"1306" 60.163187117103 121.138477520267 2 1306 47
"1307" 22.5899164832144 111.180922317243 1 1307 50
"1308" 75.3304222656667 132.81484435856 0 1308 0
"1309" 98.7376099507716 122.380486480798 2 1309 12
"1310" 58.741329749925 120.567516510145 2 1310 14
"1311" 16.0808933833376 122.89216723074 2 1311 6
"1312" 14.6383197596526 135.778923320172 2 1312 18
"1313" 68.35389509149 117.676783025723 2 1313 25
"1314" 66.9074916393854 140.036985172135 0 1314 0
"1315" 82.5708618713646 133.682923721482 2 1315 15
"1316" 33.9570816908274 120.148382681925 0 1316 0
"1317" 50.1270600729381 111.305836263339 2 1317 24
"1318" 68.9649545853015 122.174540827771 0 1318 0
"1319" 34.8864836132278 139.000682911093 0 1319 0
"1320" 41.0947344626517 128.484828899787 2 1320 11
"1321" 60.4052659321212 117.154298897893 2 1321 15
"1322" 59.4563836087407 110.173947815071 2 1322 13
"1323" 65.592683839642 113.746057026187 2 1323 21
"1324" 27.6093556987654 109.21860096899 0 1324 0
"1325" 43.4733076989372 111.106006572507 0 1325 0
"1326" 99.6742355853935 140.440946945724 0 1326 0
"1327" 51.2532345066404 145.476372205901 0 1327 0
"1328" 75.1236524978633 149.465581557834 0 1328 0
"1329" 18.8344933676925 146.97945641591 0 1329 0
"1330" 18.7006088794433 112.242698898003 2 1330 23
"1331" 25.3350249853181 146.50636361692 2 1331 32
"1332" 83.4981749245918 115.82391900935 0 1332 0
"1333" 91.7204288541046 146.208321142647 0 1333 0
"1334" 13.365097305728 120.801361264797 2 1334 7
"1335" 96.5825956911811 138.46806950906 0 1335 0
"1336" 92.9153090009237 109.529542484454 0 1336 0
"1337" 49.5789825836721 146.565704977122 0 1337 0
"1338" 9.14431611842646 129.264793040656 2 1338 17
"1339" 46.4865821155426 140.346299548407 0 1339 0
"1340" 62.410681676325 126.50831386239 0 1340 0
"1341" 75.6438545962626 123.502016718548 0 1341 0
"1342" 68.5441990903407 123.844532246747 0 1342 0
"1343" 96.2904061733482 140.197580333039 0 1343 0
"1344" 64.0084872206825 127.408674846574 0 1344 0
"1345" 8.89875919527366 111.649558670503 2 1345 13
"1346" 56.2167322683741 107.344305452925 0 1346 0
"1347" 49.7963910476324 134.099682169311 2 1347 15
"1348" 25.977466258477 125.855558275974 2 1348 25
"1349" 12.6794983964213 137.625791953517 0 1349 0
"1350" 77.1904831322036 123.412212995523 0 1350 0
"1351" 77.0066125596739 139.716057694186 2 1351 24
"1352" 71.7198637470462 147.438514945571 0 1352 0
"1353" 98.5964027030142 129.497993562072 0 1353 0
"1354" 88.9019845031018 137.050651758268 0 1354 0
"1355" 66.3582055838048 133.4772118372 0 1355 0
"1356" 81.6457373072523 120.020907145848 2 1356 34
"1357" 17.5575925085406 143.216111344311 0 1357 0
"1358" 31.3279288406165 139.948644285723 0 1358 0
"1359" 95.0744079864765 127.038320028124 0 1359 0
"1360" 64.2136958869542 149.7346966601 0 1360 0
"1361" 11.7114544206339 107.872382291584 0 1361 0
"1362" 79.8335699555905 112.783717554915 0 1362 0
"1363" 42.2115930111805 131.245286667045 0 1363 0
"1364" 76.086980659873 117.769551413631 0 1364 0
"1365" 22.3266772296498 109.301868076957 0 1365 0
"1366" 78.3273037946784 145.21068475547 0 1366 0
"1367" 31.9620284028272 145.485370752162 0 1367 0
"1368" 96.6586242739321 123.76916779086 0 1368 0
"1369" 19.1187420550898 120.039839514701 2 1369 16
"1370" 48.1330563734194 117.777762787439 2 1370 19
"1371" 80.7425108714295 118.409174391463 0 1371 0
"1372" 50.680756607065 111.10030764892 2 1372 12
"1373" 82.6453132741941 134.197951995548 2 1373 14
"1374" 55.9267041706957 124.024041715301 0 1374 0
"1375" 16.0780333020799 115.492334706984 2 1375 16
"1376" 13.1132879152285 119.034186732152 2 1376 6
"1377" 45.3043785457351 116.74867987304 2 1377 10
"1378" 53.1418458802176 121.562381438983 0 1378 0
"1379" 38.1625983190768 119.546856035951 2 1379 8
"1380" 6.29830499354188 107.07818605383 0 1380 0
"1381" 48.1097924629977 148.633614855005 0 1381 0
"1382" 10.1095558247917 137.773012501827 0 1382 0
"1383" 18.0216644192555 141.138149571492 0 1383 0
"1384" 64.8032382001905 147.012632298262 0 1384 0
"1385" 95.6911036827731 143.16716936088 0 1385 0
"1386" 81.3228498261963 110.808436236598 0 1386 0
"1387" 12.6423755306263 140.869265036486 0 1387 0
"1388" 29.5533297701998 133.392922368509 0 1388 0
"1389" 64.3795693230083 122.3933856428 2 1389 47
"1390" 94.1315375272494 112.700165837025 2 1390 30
"1391" 73.2943565951825 128.717767040453 2 1391 19
"1392" 23.3683489762261 115.957356836386 2 1392 17
"1393" 26.8748868537888 143.276455675117 2 1393 13
"1394" 33.1705851144079 116.176578993633 0 1394 0
"1395" 49.3061230347606 107.700313333832 0 1395 0
"1396" 82.3945452788048 128.749275946278 2 1396 8
"1397" 90.06208477996 135.768735281622 2 1397 12
"1398" 33.5761660892999 127.496360093206 0 1398 0
"1399" 27.8026159849109 114.362994468911 2 1399 48
"1400" 62.8907388323871 126.154481772495 0 1400 0
"1401" 52.7636333864073 136.468576554476 0 1401 0
"1402" 48.8315243599124 116.33400038643 2 1402 12
"1403" 44.2463812866263 133.188295304093 2 1403 21
"1404" 82.5475396602606 109.600982353742 0 1404 0
"1405" 27.8740576232803 115.731651492623 0 1405 0
"1406" 37.9237920731051 141.914129082832 2 1406 44
"1407" 91.3887187860918 118.812981396452 0 1407 0
"1408" 28.7816043004394 138.709759641442 0 1408 0
"1409" 56.4814118813699 126.180579103032 2 1409 48
"1410" 25.0090150148713 147.332624016639 0 1410 0
"1411" 45.4528521244598 149.153730085954 0 1411 0
"1412" 87.9060376930588 149.840919717838 0 1412 0
"1413" 78.8521426143923 126.707874507747 0 1413 0
"1414" 47.5411297891399 108.68164144155 0 1414 0
"1415" 39.6804760068345 121.233517612832 0 1415 0
"1416" 98.3107110572131 136.626380192394 0 1416 0
"1417" 81.4099525431426 116.708112156538 0 1417 0
"1418" 49.4469309878191 131.151175045139 0 1418 0
"1419" 83.090014557484 106.971667261515 0 1419 0
"1420" 96.307799533246 141.948652175869 2 1420 2
"1421" 84.9251194502782 110.564602307909 0 1421 0
"1422" 73.1516225170917 144.313333397892 0 1422 0
"1423" 6.59535879696913 111.403127331454 0 1423 0
"1424" 71.6633619943792 120.6354521336 2 1424 29
"1425" 40.8795058539311 113.904690734431 2 1425 34
"1426" 13.9624238282622 138.412825373978 0 1426 0
"1427" 27.947886748371 132.839766663891 2 1427 49
"1428" 7.60175543715095 140.27421145913 2 1428 42
"1429" 45.6425601877008 122.940957959149 2 1429 9
"1430" 89.0163833263501 128.942248450805 2 1430 12
"1431" 10.3459874247289 127.772466411204 0 1431 0
"1432" 28.8941479638228 117.970615991379 0 1432 0
"1433" 73.490055268267 109.57770279232 0 1433 0
"1434" 84.2904441936088 127.995759557509 0 1434 0
"1435" 51.5569104041801 129.177221195021 2 1435 32
"1436" 73.8834513565251 142.644241334191 0 1436 0
"1437" 11.6208174092891 122.548942593947 2 1437 5
"1438" 32.8794527617224 108.069192590276 0 1438 0
"1439" 19.9415080431543 119.792824891425 2 1439 23
"1440" 34.6029131255308 124.954331723246 0 1440 0
"1441" 16.7213513320416 146.294195819142 0 1441 0
"1442" 99.6833205584581 114.841873608113 0 1442 0
"1443" 36.3217949365556 139.014728345347 0 1443 0
"1444" 50.2991491281932 110.779545530645 2 1444 15
"1445" 31.2599361049776 111.144674127655 0 1445 0
"1446" 98.3555500964891 126.877640460797 0 1446 0
"1447" 28.9076720041323 130.727777544829 2 1447 17
"1448" 41.0280392971267 144.043689497034 0 1448 0
"1449" 66.3969150783286 113.121875490757 2 1449 38
"1450" 80.2533943135504 114.272676746608 0 1450 0
"1451" 47.5363363145365 109.634156957513 2 1451 18
"1452" 73.8836464556725 125.050764944636 0 1452 0
"1453" 39.7369059573768 110.15633456841 2 1453 18
"1454" 64.982993013263 128.874274016906 0 1454 0
"1455" 70.5467584755441 147.565742396833 0 1455 0
"1456" 14.7466324498014 143.836114721506 0 1456 0
"1457" 56.2670268374884 111.116330492916 2 1457 14
"1458" 62.0149961134484 141.350256752491 0 1458 0
"1459" 20.9171221654022 107.582243133849 0 1459 0
"1460" 93.1862580406637 110.539600267502 0 1460 0
"1461" 11.0071027786279 145.467040131442 0 1461 0
"1462" 85.258284458399 120.053612118078 0 1462 0
"1463" 25.5859965815787 139.356062143347 0 1463 0
"1464" 7.50766822358929 123.284806301422 2 1464 11
"1465" 33.0339154085272 135.242056655907 0 1465 0
"1466" 42.2148136007747 139.781041720451 0 1466 0
"1467" 93.5892326865306 114.094153536508 0 1467 0
"1468" 60.7622004169122 138.739019353675 2 1468 23
"1469" 75.1687858818001 119.444288620013 0 1469 0
"1470" 21.3163577266389 136.047775135608 0 1470 0
"1471" 38.3041793563612 111.722341169735 0 1471 0
"1472" 81.6672699274868 129.590366315004 0 1472 0
"1473" 42.0918205697816 139.339122799021 0 1473 0
"1474" 36.4562568592534 144.060414986249 2 1474 28
"1475" 17.0534943492461 130.805861389634 0 1475 0
"1476" 75.2483456313724 145.617960447669 0 1476 0
"1477" 58.3327313017559 127.153224443576 2 1477 19
"1478" 12.9598046185691 107.282936304911 0 1478 0
"1479" 37.6881557808121 115.11099543551 2 1479 41
"1480" 80.666677630103 131.7404751428 2 1480 8
"1481" 30.7714215396358 107.215837154751 0 1481 0
"1482" 92.5120647887367 146.34343947701 0 1482 0
"1483" 86.2055619161921 107.821145991756 0 1483 0
"1484" 95.6384717782989 145.963480820384 0 1484 0
"1485" 46.2440803067194 118.128008560752 2 1485 9
"1486" 85.2075184620833 133.593348894503 1 1486 50
"1487" 50.5281444287594 134.628367672516 2 1487 14
"1488" 50.6655895975866 115.65857546361 2 1488 16
"1489" 20.2382845053687 106.963977216169 0 1489 0
"1490" 91.956027945849 108.89042257253 0 1490 0
"1491" 99.6438543444258 140.99162102699 2 1491 7
"1492" 10.5172202286346 132.293240699262 2 1492 27
"1493" 14.201889860874 107.959046748031 0 1493 0
"1494" 93.9610083621404 147.534009447526 0 1494 0
"1495" 87.333412621153 115.950745580438 0 1495 0
"1496" 76.3530099105357 120.838123151637 0 1496 0
"1497" 6.4006408395919 113.308112888212 0 1497 0
"1498" 46.076904300833 147.704429902724 2 1498 36
"1499" 10.1284956174435 114.025281418548 2 1499 12
"1500" 28.1926261184361 116.9557295045 0 1500 0
