"V1" "V2" "V3"
"1" 99.3055057259381 148.991898582489 2
"2" 98.9419954684304 149.101851036115 2
"3" 99.3431844205836 148.397820368353 2
"4" 99.1044143831934 148.074112315658 2
"5" 99.0319716164006 148.730387230016 2
"6" 99.2512844795773 148.450034369245 3
"7" 98.9526518341019 148.115665997097 3
"8" 99.0475991680342 149.186229575078 3
"9" 99.3360465968423 148.474703547853 3
"10" 99.0750689293536 148.753085121235 3
"11" 99.577217781254 149.059162134513 3
"12" 98.9521130164626 148.352754617154 3
"13" 99.0268197824997 147.465481366411 3
"14" 98.7713784994927 148.851097819481 3
"15" 99.3018849627404 149.182922528631 3
"16" 99.9048058776986 148.821717023147 3
"17" 98.9538756904884 148.34352235717 3
"18" 98.7381407885649 147.991970804046 3
"19" 99.4567248219053 148.368232600201 3
"20" 99.7397887625825 147.636063503127 3
"21" 99.2360790476206 147.752371580349 3
"22" 98.8860264194508 148.43439774639 3
"23" 99.4912707743882 149.687442287288 3
"24" 99.3567583212861 148.008318407469 3
"25" 99.7642946900273 148.027401396672 3
"26" 99.4483412363231 148.718314495162 3
"27" 99.0916112499078 149.3326860535 3
"28" 98.930174144457 148.956202668656 3
"29" 99.5037703403848 148.699309457009 3
"30" 90.4858854779141 140.459311343109 3
"31" 96.307799533246 141.948652175869 3
"32" 99.1508260047863 148.428522445235 4
"33" 98.6373845451303 147.500892571407 4
"34" 98.885991086533 147.429419340191 4
"35" 98.7098806091438 148.857857848109 4
"36" 98.9869726045371 148.519441060289 4
"37" 98.7670342962013 148.557927468149 4
"38" 98.9582155853145 147.631766588268 4
"39" 98.7292762745235 148.086117466723 4
"40" 99.0779090614858 148.817823124301 4
"41" 98.8783888084318 149.098154889427 4
"42" 98.9547770254248 147.870543892993 4
"43" 99.0966501569558 149.571198526657 4
"44" 99.6291580884416 147.677430007541 4
"45" 98.4196081636843 147.924907297111 4
"46" 98.9841985945476 148.056753061302 4
"47" 98.354034094053 147.986276443501 4
"48" 99.7654255684806 147.687226029322 4
"49" 98.8284646331581 148.462452949401 4
"50" 99.1563411778865 147.340477923023 4
"51" 99.3892245634996 148.19394167401 4
"52" 98.9894009802444 148.259108039744 4
"53" 98.9403685114686 147.357852054948 4
"54" 98.3670195489265 147.082869850331 4
"55" 98.7110479371367 148.214515550151 4
"56" 98.6014567068454 147.941940169456 4
"57" 99.2583300573329 148.020613760312 4
"58" 98.9196840744334 149.501914585783 4
"59" 35.6007245882963 142.439302880143 4
"60" 100.308134363052 147.929467622777 5
"61" 99.0470104845586 148.532130649656 5
"62" 99.3122046341828 148.167141643319 5
"63" 99.8238421578487 148.499830679746 5
"64" 99.7427392788167 149.15437522113 5
"65" 99.1188078092071 147.858888015203 5
"66" 100.133847247371 148.28680037324 5
"67" 98.8309611488501 148.935202939743 5
"68" 100.205220200934 149.234816638356 5
"69" 98.8694007021621 147.512193769886 5
"70" 99.8546333512934 148.384006786699 5
"71" 98.0831362526096 148.881391366095 5
"72" 99.8087881333518 148.290798955333 5
"73" 99.7313905305815 149.231118671487 5
"74" 98.6837791102876 147.25677079663 5
"75" 98.9439979590977 147.915377822201 5
"76" 98.8411242273384 149.252026975749 5
"77" 99.420054330492 147.587704451773 5
"78" 98.8916145446549 148.651750436084 5
"79" 98.2440043385487 147.798453100479 5
"80" 11.7161086720788 122.404342086943 5
"81" 51.5744292415945 144.306998103833 5
"82" 98.8884272079397 147.776898223865 6
"83" 98.3787619469102 148.653171870754 6
"84" 98.7945824145894 147.081083025726 6
"85" 98.9952969063083 149.9454583419 6
"86" 98.6886273464546 147.646324069525 6
"87" 99.8181620662964 147.859484564235 6
"88" 100.509620862946 148.71480833941 6
"89" 99.7280952615348 149.272554108161 6
"90" 98.6842383318701 148.202931948973 6
"91" 100.179149473894 148.48117812466 6
"92" 11.8792065183915 122.104443852531 6
"93" 12.8973403847389 120.97810520025 6
"94" 12.9951146659974 124.024843566238 6
"95" 13.3191879509614 120.035741423793 6
"96" 9.17433406929938 122.075955934488 6
"97" 14.8827340375924 120.869548088245 6
"98" 11.0926283872851 121.147618975752 6
"99" 12.6584953289875 122.552590128401 6
"100" 96.9279000158143 141.332986648547 6
"101" 100.078779468215 149.570273501601 7
"102" 99.5573986733367 147.933678951027 7
"103" 98.4900831760497 148.507785876957 7
"104" 99.7332449183498 148.265384610241 7
"105" 98.5436628263518 148.971551927177 7
"106" 11.8378870187035 114.101071709399 7
"107" 9.35343905422073 122.887385933991 7
"108" 9.46130350862628 119.581183445943 7
"109" 14.2869310684156 120.533140306338 7
"110" 9.96144627287243 123.246080502137 7
"111" 16.3390026323015 122.944805724018 7
"112" 10.8544849721864 121.162832071916 7
"113" 12.6466939153557 122.725980026545 7
"114" 8.49332138992124 122.202460285872 7
"115" 15.4479684771421 121.963631979575 7
"116" 10.9665717675406 119.383208636149 7
"117" 15.6591492435009 117.210716883156 7
"118" 11.6185176771848 122.527811368981 7
"119" 15.9931641265202 118.012576682683 7
"120" 10.3476648384651 121.637565581475 7
"121" 13.0806014907201 120.908489996605 7
"122" 12.3514727225917 124.2433332422 7
"123" 12.1365430587895 121.672022595887 7
"124" 12.6000059393296 121.910875249828 7
"125" 12.6620640299962 119.530888145207 7
"126" 11.6962051577364 122.692554023407 7
"127" 13.3221780444508 119.863856611876 7
"128" 10.273093290784 119.841296045755 7
"129" 15.2483846402956 121.030846913913 7
"130" 12.8863405108295 120.621771679763 7
"131" 6.00855284948929 121.58694743323 7
"132" 16.0808933833376 122.89216723074 7
"133" 11.6208174092891 122.548942593947 7
"134" 12.7466030179351 120.957079040757 8
"135" 9.34341047883498 120.98739901832 8
"136" 14.3782220472488 120.717590677967 8
"137" 14.5338481167531 121.717624421209 8
"138" 13.3269770491712 118.966635695112 8
"139" 13.6802413146207 118.860566198381 8
"140" 10.7079442869177 119.567814383889 8
"141" 17.3381482915609 120.163921009651 8
"142" 16.5959610565123 123.002815000604 8
"143" 15.0577000963396 118.489935234885 8
"144" 17.3406327902352 120.099453825099 8
"145" 13.4458290538485 121.382647978543 8
"146" 13.1721327101929 117.63368393629 8
"147" 15.2668831921731 121.93769660097 8
"148" 10.5519188439563 119.736083288329 8
"149" 12.9880131202148 120.809445030736 8
"150" 11.3776468912896 121.177171172322 8
"151" 12.3172313148896 120.328361756811 8
"152" 13.7525439651263 122.948773377809 8
"153" 14.1194112673903 119.898690279261 8
"154" 12.5950955152978 120.418461223564 8
"155" 12.4787973595697 122.189732821614 8
"156" 12.3803876259689 118.755756899558 8
"157" 13.2370660621439 120.817647180143 8
"158" 12.935352416102 120.564385624534 8
"159" 12.5968686634489 119.629778437485 8
"160" 10.9503925605549 119.773672114558 8
"161" 12.9641683028783 120.807678422302 8
"162" 14.8874670440983 121.172796357272 8
"163" 13.161741979737 119.216959398123 8
"164" 13.8816006749305 121.828951676565 8
"165" 13.9407338604362 121.076933177438 8
"166" 11.4702506893166 120.888337170816 8
"167" 12.6891752860449 118.74494465421 8
"168" 13.7472174367792 119.140007921394 8
"169" 14.1437329657168 119.480509865799 8
"170" 15.1258122225945 121.852046442724 8
"171" 15.521617601254 119.667816452291 8
"172" 11.925721151174 119.821098861049 8
"173" 11.8013821032742 119.80093576969 8
"174" 14.9289032143072 122.022296046415 8
"175" 15.296461896865 120.146410992828 8
"176" 11.5320833497314 119.421662039917 8
"177" 10.895352531128 120.975667150885 8
"178" 10.6633896423849 121.64366780808 8
"179" 13.9526611439291 120.499842726487 8
"180" 12.6995435790981 121.878574064938 8
"181" 15.547435579563 120.363069259557 8
"182" 13.9701539061483 122.597426319394 8
"183" 16.1662773379999 118.575323239907 8
"184" 14.1848699062973 120.639217665126 8
"185" 17.2326620737367 119.545129820988 8
"186" 12.7100321485349 122.898103308797 8
"187" 15.3767246920932 120.23742531752 8
"188" 9.53800252746159 120.341009127968 8
"189" 14.043898908162 121.187852997547 8
"190" 11.9743581033597 120.138653730324 8
"191" 14.9571504184777 118.863571126684 8
"192" 13.7462563767911 119.939891369185 8
"193" 11.921120828745 122.841743723091 8
"194" 13.2429981673414 122.281467338225 8
"195" 13.0446267626847 119.213082398401 8
"196" 12.0268757120709 119.777015044071 8
"197" 12.3802578503213 118.881387695635 8
"198" 10.0802759094805 123.362566313091 8
"199" 80.4833037036191 131.809594419358 8
"200" 99.4950352124697 137.523533188836 8
"201" 94.1428895973378 141.366131190585 8
"202" 13.365097305728 120.801361264797 8
"203" 13.1132879152285 119.034186732152 8
"204" 99.6438543444258 140.99162102699 8
"205" 13.4375600605589 118.903489844956 9
"206" 12.9394574472023 124.284487998911 9
"207" 14.6305650901383 120.160855779618 9
"208" 13.1414909290336 122.087229932082 9
"209" 11.7080844100239 120.588427583525 9
"210" 11.7151692118124 120.111276885614 9
"211" 11.3394031671833 117.550536235868 9
"212" 11.6127735600462 117.83213957511 9
"213" 12.9995773298224 120.242886530187 9
"214" 11.932121429479 120.785733178057 9
"215" 11.4440276833998 118.327737458545 9
"216" 14.3879638456314 119.308688037303 9
"217" 15.7979910505037 119.774489339653 9
"218" 16.3755482947816 118.657429247799 9
"219" 15.850401207574 120.200849937069 9
"220" 14.5415035921034 120.765925442289 9
"221" 15.0936033664078 119.760837390402 9
"222" 11.0721369567103 118.232065301336 9
"223" 16.0571632025051 119.948523781985 9
"224" 15.0101681742271 120.629377060324 9
"225" 12.4885594862827 118.797453549697 9
"226" 14.4839070180771 118.006602447558 9
"227" 14.2473194039278 119.462741656879 9
"228" 10.7510237710273 120.969273980871 9
"229" 12.3656403550023 121.727184834588 9
"230" 13.2818878665091 118.368226193294 9
"231" 12.8643001792533 121.101371224677 9
"232" 13.0857674444545 120.976737241327 9
"233" 12.8948534508797 119.193133899188 9
"234" 14.1638569519456 120.803824977591 9
"235" 11.9042036146056 119.302215965065 9
"236" 14.4845708749684 120.22192307621 9
"237" 11.2731095432804 121.641403398778 9
"238" 14.4370482004709 123.471769042602 9
"239" 14.3839365816138 119.024675858741 9
"240" 15.132798910569 122.9912283122 9
"241" 9.48928400628275 119.560334947273 9
"242" 11.8305873856654 120.190442811217 9
"243" 12.2221589079893 121.800523930735 9
"244" 14.6739857773086 121.850301538052 9
"245" 11.5455574189007 121.866540838403 9
"246" 12.715584195295 119.598382243143 9
"247" 15.7469657339984 119.182842311963 9
"248" 15.7765667486583 119.485362223414 9
"249" 12.4629509203602 117.083186959961 9
"250" 11.9616110830539 123.370871460933 9
"251" 16.5910997493072 122.889706584966 9
"252" 14.4974360460676 120.242180881732 9
"253" 12.7858921608948 124.46110322933 9
"254" 15.0127985249814 122.208461756423 9
"255" 10.8579674165434 118.005142098188 9
"256" 10.1011823833535 121.469528083025 9
"257" 13.572217537538 121.267260129209 9
"258" 12.2395088078548 121.452651878606 9
"259" 10.6201319978426 120.483612164339 9
"260" 12.4149557579904 120.282287893714 9
"261" 15.2846149672999 119.398078270875 9
"262" 10.3488350196674 118.088205829512 9
"263" 12.0825319926311 119.544367157451 9
"264" 13.8068189998181 121.672169267887 9
"265" 16.0378741060464 120.019828764012 9
"266" 12.0145916989143 120.335993230076 9
"267" 16.8171730185504 118.638985422818 9
"268" 13.4104173452567 119.004713746503 9
"269" 16.1888883931842 118.661864499321 9
"270" 8.06592098611074 120.775653666457 9
"271" 45.2464314118932 122.608149189791 9
"272" 98.8826551322192 136.692043476936 9
"273" 11.591723937225 106.857960905845 9
"274" 99.5229978451205 137.636438941928 9
"275" 82.3945452788048 128.749275946278 9
"276" 58.2692997265916 109.644900174087 10
"277" 56.0471315378336 114.169453129972 10
"278" 48.8253023604741 112.156465954689 10
"279" 11.91253668104 119.162209484075 10
"280" 10.2447481821571 121.994897305245 10
"281" 15.0355032030744 119.308141933048 10
"282" 16.9052250148645 120.116954186613 10
"283" 13.5722694125978 122.546562206198 10
"284" 12.5135601777115 121.78990934185 10
"285" 16.7285421869439 118.530230234073 10
"286" 17.0469297356668 119.884966425403 10
"287" 16.3655406892614 118.603021975164 10
"288" 15.1064798820234 121.022653600462 10
"289" 11.8046700250696 118.568956408804 10
"290" 14.5802563161166 121.451243279667 10
"291" 14.0628232204645 121.798612117374 10
"292" 16.0822335396498 119.279651501841 10
"293" 11.9252055389042 120.204026352452 10
"294" 11.5939107073877 118.615027292593 10
"295" 11.5621684392519 118.5041063527 10
"296" 10.7616608021682 119.847112804179 10
"297" 14.1757241493271 119.175917659163 10
"298" 13.2682504938434 120.445264249017 10
"299" 8.84453585525423 118.098908601812 10
"300" 11.978852279045 120.257191863775 10
"301" 11.6178559503155 122.180204755753 10
"302" 11.7348491816393 119.322487696572 10
"303" 15.8113142594776 121.644448795978 10
"304" 16.6034894987976 118.776576987994 10
"305" 10.6789753914118 118.398517899424 10
"306" 9.81393534534259 121.035937216778 10
"307" 12.2051751798915 121.84330004899 10
"308" 10.3394922540354 118.026662259754 10
"309" 14.2351573761247 119.689029828117 10
"310" 8.88877740830967 120.323289743322 10
"311" 12.5366144939411 118.777643036474 10
"312" 11.6250622109858 119.510053155584 10
"313" 14.1327869388782 119.913599261404 10
"314" 15.4332472158149 118.996950843302 10
"315" 10.6653654347114 121.701806018963 10
"316" 15.8991100331841 119.593620287429 10
"317" 9.35733772161063 121.040470907198 10
"318" 13.461460350981 118.786214311749 10
"319" 13.9864215469007 119.972706709731 10
"320" 14.2440228862921 120.173752273159 10
"321" 10.8929616036835 120.68523737258 10
"322" 15.9322501017236 121.842837726832 10
"323" 11.9067163333324 122.98199211223 10
"324" 13.5241842563457 120.220572661942 10
"325" 17.9652835978755 120.094316812674 10
"326" 15.1888821980125 120.065829579713 10
"327" 13.0512207222037 121.440862468788 10
"328" 15.6559801925226 120.716893024758 10
"329" 38.1625983190768 119.546856035951 10
"330" 45.6425601877008 122.940957959149 10
"331" 80.666677630103 131.7404751428 10
"332" 46.2440803067194 118.128008560752 10
"333" 53.8512160452524 111.990324842572 11
"334" 55.8230093323356 113.952626063639 11
"335" 56.4142493702284 110.731470854335 11
"336" 46.3950301257168 115.038533664497 11
"337" 60.1121955173267 114.085998202514 11
"338" 55.5866214356075 114.155140957904 11
"339" 58.0720518654852 109.819394477827 11
"340" 56.4831202459487 111.173155246427 11
"341" 55.9560996788565 121.62577618446 11
"342" 50.3240799673069 114.491779761337 11
"343" 57.9275142619496 114.746397257411 11
"344" 57.7012940938949 116.921060509809 11
"345" 49.4677263300335 116.560946415487 11
"346" 55.8273862042274 116.177879761158 11
"347" 54.9296998971305 110.895196264244 11
"348" 49.3441940210777 115.428989225501 11
"349" 49.3246221687572 115.638560129465 11
"350" 50.5664548465917 113.514158585185 11
"351" 55.8889754505341 114.809173537548 11
"352" 51.5057551621238 114.976254653044 11
"353" 46.1875996150399 113.921647714621 11
"354" 13.5121340068801 121.735283082299 11
"355" 8.33406070878666 120.662843237359 11
"356" 13.4227181334545 123.21651118194 11
"357" 14.5021291355815 121.709239541455 11
"358" 9.28997146027828 117.956126975963 11
"359" 18.1684052184587 119.805678436012 11
"360" 13.0551442440699 120.385482539989 11
"361" 15.5660384519796 122.162912019714 11
"362" 13.5145931835364 122.17465049926 11
"363" 16.6131211566187 118.561721660043 11
"364" 10.7691418444567 120.572946240012 11
"365" 14.2980227642011 121.406532604303 11
"366" 10.3187693439139 117.831895682103 11
"367" 10.8846345492919 118.010226651874 11
"368" 10.066360809994 118.750722217859 11
"369" 16.135827463968 118.734947176962 11
"370" 11.79025136791 117.598142842519 11
"371" 14.6057223191404 118.554981145458 11
"372" 14.9626004322139 120.509121615439 11
"373" 16.0508247585367 119.919339193579 11
"374" 14.2642474816533 118.932207478167 11
"375" 11.5926652486326 122.166041610569 11
"376" 13.8079530704521 122.303382685647 11
"377" 10.7952398567758 121.714009869317 11
"378" 10.8599155948956 120.290393569497 11
"379" 12.8523883109609 120.247502152128 11
"380" 21.2479519140247 121.245678345197 11
"381" 15.6507852933159 120.957244776567 11
"382" 14.3631142703845 120.917190978649 11
"383" 14.26130913128 120.059945772921 11
"384" 12.0202645560831 117.778611572931 11
"385" 13.9685772272151 122.125746000969 11
"386" 13.1663464056624 118.817989308301 11
"387" 9.76147097276519 117.38345094275 11
"388" 12.9913733195939 121.628280430278 11
"389" 8.94981270139456 120.858625227945 11
"390" 14.500905486459 119.338482981421 11
"391" 13.9155702159148 117.52536693299 11
"392" 11.6256306475167 120.467021803698 11
"393" 82.8484034694351 118.711452701023 11
"394" 12.9359279452913 130.057389583387 11
"395" 29.0039864931714 141.393643838849 11
"396" 10.9834693956167 120.098354398696 11
"397" 58.072124667732 116.235201976673 12
"398" 55.3230724387564 115.062490988631 12
"399" 51.2173856163598 114.673489558342 12
"400" 57.3080128212459 118.27775804818 12
"401" 55.9428338636054 114.67011950632 12
"402" 50.9250304601322 112.95040630835 12
"403" 57.5711836780347 114.717522369592 12
"404" 56.5210036293222 114.264241675122 12
"405" 52.2140854270676 115.351102898739 12
"406" 57.4579440362553 115.308042255106 12
"407" 57.3685929272027 113.742221192793 12
"408" 49.2446384959539 116.285931514845 12
"409" 54.9044498697439 115.814867546311 12
"410" 57.9666207965086 114.734609369421 12
"411" 60.4845213520413 114.357330299856 12
"412" 55.5723127263852 116.120479885849 12
"413" 55.1822274827191 114.90647877306 12
"414" 58.1855395025027 113.458038325611 12
"415" 54.003840101617 112.308796224863 12
"416" 57.6103548942227 116.57125937216 12
"417" 55.4523787078769 113.550307002761 12
"418" 51.5533223368342 115.122986644554 12
"419" 60.0601257009641 114.018435660655 12
"420" 56.530906730848 112.720817436173 12
"421" 58.3554059497047 116.865605505396 12
"422" 52.0698474131295 112.784961655635 12
"423" 52.8399093576877 113.527117302102 12
"424" 54.9007096221634 113.71619771688 12
"425" 53.584960079304 118.141659557529 12
"426" 57.1702990184917 113.658689186072 12
"427" 51.0871238146625 113.510621405048 12
"428" 55.7383490773162 113.812696550296 12
"429" 56.9865326389075 113.568566493366 12
"430" 65.1436531798794 111.666233245161 12
"431" 58.5962987047895 115.764998169643 12
"432" 56.0224696433112 114.231098191395 12
"433" 49.424914788109 114.136693695068 12
"434" 57.1834051569368 113.676747054977 12
"435" 50.4893211911504 113.887156386573 12
"436" 59.5710940054128 111.920541193914 12
"437" 49.4805675867083 116.0982376669 12
"438" 46.2258871512218 114.904460463085 12
"439" 55.0803957067772 114.213202953584 12
"440" 56.2636086581591 113.484424960556 12
"441" 57.7140119320737 116.058751301262 12
"442" 54.1442670894675 115.827056529982 12
"443" 48.9493930065159 113.230957448172 12
"444" 49.3823097396338 116.442767565965 12
"445" 51.1091622707233 116.266401657191 12
"446" 56.1442638261017 117.495532127376 12
"447" 55.1172638582731 113.253757991931 12
"448" 57.8278397089308 113.011332361916 12
"449" 55.33165703817 113.331084333402 12
"450" 55.6217150999051 116.028478516863 12
"451" 50.0968740462145 115.012561202616 12
"452" 55.7833497684701 113.906211176973 12
"453" 55.240715737888 114.678690589955 12
"454" 51.6260455872704 114.813092209113 12
"455" 56.5657510550178 115.725274258014 12
"456" 57.2689961396761 113.748711018737 12
"457" 10.328364459263 119.996628100378 12
"458" 13.7324597791903 118.354816494028 12
"459" 16.6719706488836 120.83007091799 12
"460" 14.354647182782 121.287098595863 12
"461" 16.5154696393621 121.243251673287 12
"462" 12.1643738198709 117.720759373902 12
"463" 12.7608634755179 120.100907607961 12
"464" 16.0196243625236 122.215053929425 12
"465" 13.985163124073 118.879814581387 12
"466" 9.80887667406948 121.462023241745 12
"467" 10.8956194495817 120.349821082052 12
"468" 15.3899991359934 121.512240171656 12
"469" 13.6986585721055 118.113645435541 12
"470" 14.81322505124 118.938728290247 12
"471" 9.11600556578335 117.621055491534 12
"472" 10.009323066832 121.667720925957 12
"473" 16.2806263838069 121.291334985921 12
"474" 15.9322018506182 120.024118791785 12
"475" 82.3209431012886 123.222911143529 12
"476" 51.4168732006771 118.832658462723 12
"477" 56.2309231874355 112.28298143073 12
"478" 41.0947344626517 128.484828899787 12
"479" 45.3043785457351 116.74867987304 12
"480" 7.50766822358929 123.284806301422 12
"481" 51.961006827308 112.486194380238 13
"482" 57.1659991412259 114.963350797154 13
"483" 50.9755955441768 114.849807286831 13
"484" 49.5467882196504 114.704150473148 13
"485" 53.3553555006663 114.397544130393 13
"486" 48.4520244654371 112.919635478494 13
"487" 50.6399067601936 113.667261334287 13
"488" 62.0344928954231 113.086322757821 13
"489" 51.94698264604 116.489692400179 13
"490" 55.7770181628561 114.285158696766 13
"491" 55.8982770616968 115.617907305431 13
"492" 54.1473939209955 110.197279331335 13
"493" 56.408262941638 112.768352373976 13
"494" 48.2592758999227 112.588567100214 13
"495" 52.1523347332634 113.540968573167 13
"496" 53.4285041856383 114.262762625657 13
"497" 56.9101064019657 114.340153012692 13
"498" 51.1756872406618 112.422472417309 13
"499" 57.2314794115399 116.076580694408 13
"500" 53.3445737751157 114.1799601659 13
"501" 56.0544353395831 112.181909261501 13
"502" 58.6540228745111 116.557306397217 13
"503" 57.4467823921042 115.431670630542 13
"504" 56.3419759758919 117.51906477417 13
"505" 60.7484000651041 115.217074804773 13
"506" 52.1631392476721 115.840599365239 13
"507" 58.6867068086836 115.188707069252 13
"508" 56.8076184449778 116.452897981582 13
"509" 54.225946506402 111.527055031161 13
"510" 57.4202654882211 114.42385382351 13
"511" 57.4568878571329 115.875605600941 13
"512" 55.3036665814591 115.935343393936 13
"513" 52.3478290496852 113.21924988423 13
"514" 59.1978838115462 114.978160936989 13
"515" 56.1118896100194 115.627536440662 13
"516" 55.8973010617663 116.080272504342 13
"517" 59.4409602575929 113.136009219646 13
"518" 52.1385824225832 114.838561590178 13
"519" 56.7437312962949 114.244942254474 13
"520" 51.3124161795345 114.628325221826 13
"521" 57.5010353063684 113.998853122841 13
"522" 59.2650897869475 111.933783760844 13
"523" 51.9770606584625 114.828266110942 13
"524" 57.3370263320083 113.900176338054 13
"525" 50.4454160569005 113.230515786548 13
"526" 56.956575932619 114.837961103505 13
"527" 59.422060556817 111.369831437131 13
"528" 57.1668214882271 114.027043229401 13
"529" 59.1774458105399 118.019073363482 13
"530" 55.1720098800945 114.602606512185 13
"531" 51.2231928762993 114.230315466043 13
"532" 58.8853699123592 112.159474253772 13
"533" 54.9595850621314 115.262166376387 13
"534" 55.1142462292919 115.779619742143 13
"535" 54.6165898386983 113.339889522759 13
"536" 53.5863192869581 119.019731345429 13
"537" 53.5803727832992 114.441857753906 13
"538" 55.1591841519934 114.563607067356 13
"539" 49.217112055991 116.463916089592 13
"540" 52.660862494559 115.583595557413 13
"541" 58.0970333313963 117.351996884475 13
"542" 57.5600934493769 112.498020264521 13
"543" 52.175854838012 113.04410733476 13
"544" 58.2981863765674 112.838606716155 13
"545" 52.4769391152374 115.362398375461 13
"546" 57.5037072242071 115.280557974013 13
"547" 53.8589695641649 114.787130898537 13
"548" 57.1543371439972 114.898422928479 13
"549" 50.2779956455983 112.578847234398 13
"550" 57.7455862385303 116.879427127555 13
"551" 59.0005705462253 116.926665500372 13
"552" 59.0991889730093 113.714755965939 13
"553" 46.0028181468095 115.092986228469 13
"554" 54.887246469553 115.879111750125 13
"555" 55.7315585086871 114.195712133037 13
"556" 53.9884713680818 108.597172849768 13
"557" 58.6112659562254 115.774209128481 13
"558" 58.0700653206476 118.822160917671 13
"559" 7.91096721586112 120.507565886652 13
"560" 10.3758867842609 118.642577105248 13
"561" 10.0165847005655 120.627095433565 13
"562" 10.8500309310609 118.899691010674 13
"563" 12.6756939699636 118.457457122351 13
"564" 14.8771638331244 119.029219014423 13
"565" 18.7886757253831 117.287350278867 13
"566" 12.6809369143761 121.453917465534 13
"567" 15.3808193046687 118.329898876763 13
"568" 15.4650914440361 118.118414691179 13
"569" 12.6163731969695 121.414528471703 13
"570" 14.7087628610804 119.354833373584 13
"571" 15.563259757504 118.34440477319 13
"572" 11.263415866155 123.662148996884 13
"573" 11.6057595033036 121.349321015534 13
"574" 89.8651083153837 134.273067782702 13
"575" 44.3605104114032 121.250648744177 13
"576" 86.6547704787455 140.829802345445 13
"577" 13.1717788951019 137.228558702815 13
"578" 52.9141275562112 139.386560860128 13
"579" 52.1386648078864 114.63934443193 13
"580" 50.680756607065 111.10030764892 13
"581" 48.8315243599124 116.33400038643 13
"582" 89.0163833263501 128.942248450805 13
"583" 54.1251844528261 114.440831324996 14
"584" 56.7696811793291 115.153816590729 14
"585" 54.0365858720428 111.674509956257 14
"586" 51.5927904468683 111.650312826926 14
"587" 56.1870831701359 115.980153637236 14
"588" 53.7154820354946 118.596118765825 14
"589" 53.7512658910409 116.555842430178 14
"590" 59.3786645475608 112.255903897668 14
"591" 59.3660969715013 111.32322324403 14
"592" 53.7935926518114 114.750334407281 14
"593" 50.9966524432454 112.937231300594 14
"594" 58.1174824399053 115.470460293592 14
"595" 55.7113750455646 111.73875352625 14
"596" 52.876029936405 113.136270332529 14
"597" 55.1541602133882 115.727804537962 14
"598" 58.4180669943117 113.133970693414 14
"599" 51.6886426781219 112.805422526606 14
"600" 50.9063323556279 113.286122896173 14
"601" 53.9702332999657 114.728149839935 14
"602" 57.3259518670799 115.743266576661 14
"603" 53.6287558092418 111.778913170009 14
"604" 60.3667868255328 114.149049227344 14
"605" 46.015392190634 115.614293716902 14
"606" 55.5885688727245 113.8035828167 14
"607" 50.7418645974396 111.668699131401 14
"608" 57.2683805426826 116.19131616109 14
"609" 57.7513852049511 114.587958333861 14
"610" 56.9711385023751 113.243567521775 14
"611" 58.8759494111944 115.281502343676 14
"612" 51.1073139394472 116.205569752677 14
"613" 53.5538118361268 116.42964738846 14
"614" 50.1246619881276 115.918396122703 14
"615" 56.1451365801591 115.852019544257 14
"616" 54.5604278386407 115.404214117801 14
"617" 53.0935907263745 113.038639059817 14
"618" 54.7534615646031 112.727925000244 14
"619" 59.4111722636494 113.293320066222 14
"620" 53.2951172762715 114.225923250749 14
"621" 57.0162728838451 113.451405487677 14
"622" 59.2494984064155 112.008225322049 14
"623" 55.4473303566546 115.962661253911 14
"624" 47.2510544247929 115.138510455965 14
"625" 52.1264281170425 115.705054108318 14
"626" 57.2085825072169 115.987078923706 14
"627" 53.6136255878997 114.205836105573 14
"628" 55.6290522489689 111.846631143214 14
"629" 54.1596782356725 118.609996983577 14
"630" 55.6712335350511 111.827987804791 14
"631" 61.6596934656997 114.452442269316 14
"632" 56.4463101589691 113.396891481654 14
"633" 53.9401021206844 112.690202918545 14
"634" 54.7481830216916 113.102380080314 14
"635" 56.1547228260236 115.763689741836 14
"636" 51.4702012648763 114.456224490826 14
"637" 46.4306979110953 114.837036447809 14
"638" 54.633061090139 112.917928966335 14
"639" 56.1461676641178 111.105658706278 14
"640" 55.8865487416769 112.704690489414 14
"641" 54.6772062591931 115.008763686469 14
"642" 57.0792653027647 112.925285530138 14
"643" 58.5280242325663 116.46517048386 14
"644" 54.5410427896348 116.11581016285 14
"645" 60.096933206141 118.836803583922 14
"646" 52.5212208092179 117.018502057759 14
"647" 52.94188615509 113.037638154667 14
"648" 59.6297580663183 112.795052041476 14
"649" 62.104163108871 113.328176224982 14
"650" 56.8693170587317 112.964637758038 14
"651" 59.6562734344333 115.066223908234 14
"652" 53.0316516192236 116.996961249056 14
"653" 49.7274663490363 113.09114674857 14
"654" 56.9737601854065 112.952833704885 14
"655" 56.8142331518243 112.709309440022 14
"656" 56.9337726954013 116.518170294342 14
"657" 56.6970829112194 112.464488901975 14
"658" 54.017420042841 111.565323468785 14
"659" 56.3157603214166 114.199813550352 14
"660" 55.186936515719 112.4873971392 14
"661" 51.7362352324548 114.990749221582 14
"662" 57.1497497387594 116.383033841718 14
"663" 51.3737969166937 115.900242488469 14
"664" 51.5897911417376 112.603980044306 14
"665" 49.30893282523 110.296542915794 14
"666" 50.4043305801218 114.566178329458 14
"667" 53.0635834117249 113.115183164345 14
"668" 55.3677740333635 114.735587376823 14
"669" 53.4501001453973 114.097518556897 14
"670" 53.6510106294797 117.887267667222 14
"671" 53.7625629917157 114.470324928513 14
"672" 61.2781194664822 116.735759665978 14
"673" 56.0045090345614 115.240047625027 14
"674" 57.9088294611604 113.763198307886 14
"675" 57.4274677000781 116.116418313933 14
"676" 52.4315934227412 116.721251887754 14
"677" 13.9110714251057 119.319842635623 14
"678" 9.56579797233536 120.119819052523 14
"679" 10.2421713927908 118.732162349955 14
"680" 11.624845020308 116.301102004676 14
"681" 15.7800168906164 115.701422704998 14
"682" 15.9346053431802 120.758165754096 14
"683" 14.3461058295734 118.291994242994 14
"684" 18.3422808548502 118.967231826609 14
"685" 92.4313198195529 131.638684549864 14
"686" 13.0520554817795 118.382814509028 14
"687" 55.930982586193 118.204747258723 14
"688" 6.82955371667216 136.807916099707 14
"689" 20.1452525407627 139.786799992305 14
"690" 98.7376099507716 122.380486480798 14
"691" 8.89875919527366 111.649558670503 14
"692" 26.8748868537888 143.276455675117 14
"693" 90.06208477996 135.768735281622 14
"694" 10.1284956174435 114.025281418548 14
"695" 56.0087345778574 112.756417102535 15
"696" 56.3083880188333 115.730982570685 15
"697" 49.9940360650418 113.76572878882 15
"698" 55.7163102060051 117.816656083037 15
"699" 51.9396145475579 115.563082243285 15
"700" 59.011641360167 112.466717786065 15
"701" 52.7327361697927 116.028260432512 15
"702" 60.4160941102709 115.954962633494 15
"703" 53.1468159695435 114.174476412411 15
"704" 57.2274952699056 116.65271801883 15
"705" 51.6598791301773 112.177945337682 15
"706" 59.239846617288 117.049032059837 15
"707" 55.9243643341665 115.204413281824 15
"708" 55.9356844081091 115.845500522106 15
"709" 54.8954263833329 114.336179309836 15
"710" 56.6659973659859 115.795762029011 15
"711" 53.7457459620801 111.263293558763 15
"712" 58.9999661472039 118.399620668668 15
"713" 52.7756666136711 115.286550946886 15
"714" 59.9916504599397 117.642622762962 15
"715" 50.3818497783836 115.937607929734 15
"716" 61.5066942909382 114.605728263533 15
"717" 54.5313283290073 113.274313428747 15
"718" 58.1949290259884 117.986357910037 15
"719" 48.0781202488326 114.063486830881 15
"720" 56.8885285790935 113.392519589476 15
"721" 52.655207708807 113.986645995477 15
"722" 57.1338252939078 112.646529893607 15
"723" 54.0017707785901 108.692543425716 15
"724" 51.8525927948304 114.880238438044 15
"725" 48.4870008016283 108.99787377801 15
"726" 56.0762623060064 113.073552012278 15
"727" 50.4065508824436 116.765936233478 15
"728" 59.6048225299201 113.326714086849 15
"729" 57.8321824864563 115.459152910864 15
"730" 52.3662266614522 114.596820965187 15
"731" 62.0101363940836 113.376958140322 15
"732" 57.7380246411172 114.390967652152 15
"733" 54.8195370789404 113.681997306874 15
"734" 53.822448659286 114.996501841662 15
"735" 56.2311262829579 108.363790741217 15
"736" 54.9315612228852 114.054062392254 15
"737" 50.990679459705 115.46820933117 15
"738" 51.2080348347044 113.729540879311 15
"739" 53.991681102611 108.374061040779 15
"740" 58.173427280382 115.2522696381 15
"741" 52.8695017206004 116.820553398097 15
"742" 55.4067989924025 112.763167187801 15
"743" 56.2988522244873 113.259190205626 15
"744" 55.856807470331 111.701169404369 15
"745" 59.3712570391283 114.486202428069 15
"746" 60.8420068245647 115.820409752858 15
"747" 52.1121710541562 115.630760169496 15
"748" 56.0514189547184 111.02478143706 15
"749" 55.7292020945899 111.513049752865 15
"750" 54.0571582777638 117.601818304724 15
"751" 56.0566917914184 116.247098255461 15
"752" 59.2887503415007 113.688720704364 15
"753" 56.2152809577894 111.945707190375 15
"754" 52.6620670307966 114.204059503293 15
"755" 52.7929637663684 116.831919352495 15
"756" 58.7206760370966 118.128485363086 15
"757" 56.6106052003649 112.501800197484 15
"758" 55.2187909165337 116.252433884465 15
"759" 54.8809966320251 112.88911055102 15
"760" 50.623288042672 110.989462442218 15
"761" 56.6334084577417 115.740277559108 15
"762" 51.8646985556272 115.627064421073 15
"763" 49.685527996842 115.614418289294 15
"764" 51.3313114373925 115.761140136225 15
"765" 55.2184750342017 111.478997279276 15
"766" 58.8985093928511 116.996981410581 15
"767" 52.3465550061278 117.219126306397 15
"768" 53.4067159134649 114.780477597532 15
"769" 52.7398084491522 109.816801325911 15
"770" 54.6083730547404 112.242895099978 15
"771" 53.8944134327189 112.957501851901 15
"772" 12.2802348558009 120.903115006388 15
"773" 11.5581624539389 115.934601092924 15
"774" 15.1030597182364 117.306287461232 15
"775" 7.51936768235726 120.139985184586 15
"776" 43.2447239170513 118.790990311569 15
"777" 54.8608157920089 116.225284922983 15
"778" 51.6455196882836 143.280122944949 15
"779" 49.0299151721686 110.53560533886 15
"780" 34.7290298132499 119.980269661156 15
"781" 87.3936779064129 113.551390060694 15
"782" 51.9669878880169 116.446637446412 15
"783" 59.4563836087407 110.173947815071 15
"784" 82.6453132741941 134.197951995548 15
"785" 56.2670268374884 111.116330492916 15
"786" 59.4389712008886 119.228985285945 16
"787" 58.7609032126147 114.426056682291 16
"788" 50.4255107931916 116.604472996608 16
"789" 50.166573688498 116.272584268212 16
"790" 59.6098700416748 112.163431473238 16
"791" 60.9359653491023 116.202143840992 16
"792" 58.1321193258489 111.998971403909 16
"793" 56.2800107794066 115.445058875764 16
"794" 53.1170445723989 116.865756847587 16
"795" 54.0103199754446 114.982286823983 16
"796" 53.0006755721168 110.736191622286 16
"797" 54.0168952882867 113.640512586313 16
"798" 55.8653230156111 118.623688951796 16
"799" 50.2448955276193 117.286009966209 16
"800" 53.2452954381556 113.245547966891 16
"801" 47.9066955148034 114.570623444912 16
"802" 55.6690486595136 118.036946832313 16
"803" 53.325779573217 114.805048818372 16
"804" 60.5871733247069 116.708562386502 16
"805" 54.9442237617004 112.271472780375 16
"806" 59.1519671772601 112.306667343212 16
"807" 52.2952703719391 109.991216977298 16
"808" 56.7689161785292 112.550467980894 16
"809" 50.5985122541153 113.065565491063 16
"810" 54.3001684551854 115.118478727701 16
"811" 53.8285830450594 115.563252332208 16
"812" 53.2984743926313 112.965416706042 16
"813" 62.873504272634 115.115654887451 16
"814" 52.274365293189 114.658022209428 16
"815" 53.5628720740622 112.583951394833 16
"816" 58.6261378527589 111.848759043851 16
"817" 53.0351556432987 110.740768650903 16
"818" 52.3172303548354 110.010832863135 16
"819" 61.3585171354434 113.673041443264 16
"820" 54.431887515295 109.173401352301 16
"821" 58.6996206023286 111.95735668755 16
"822" 59.7427751068338 114.281162178695 16
"823" 48.0938910176363 115.066574471524 16
"824" 60.6211050062474 118.704497827806 16
"825" 60.1092098151386 117.646703702689 16
"826" 57.7990656077645 114.265112104226 16
"827" 60.7450860323181 115.963697922006 16
"828" 51.7649905927523 112.658833894665 16
"829" 56.3388015898778 114.99162205372 16
"830" 55.9519899376208 117.11968859246 16
"831" 54.9437607171548 108.493927637878 16
"832" 60.0395474943731 113.640265409497 16
"833" 50.3570669498334 114.135611151258 16
"834" 47.8718747078925 110.599236750917 16
"835" 13.6408209864544 117.027423030197 16
"836" 15.1740639365193 117.455127185601 16
"837" 15.5701727835829 115.533835737776 16
"838" 6.99923424072815 119.525943815495 16
"839" 15.2653702035364 117.631317712704 16
"840" 14.2045578874818 123.019126012756 16
"841" 64.3539079044031 113.291574705951 16
"842" 96.3511982351161 127.616145493329 16
"843" 50.5952539762395 115.357668647689 16
"844" 57.6144626459715 143.418731138602 16
"845" 58.741329749925 120.567516510145 16
"846" 82.5708618713646 133.682923721482 16
"847" 50.2991491281932 110.779545530645 16
"848" 49.6055177103646 113.816103401207 17
"849" 48.1319802903487 115.203891324317 17
"850" 53.1179111248309 112.694419586826 17
"851" 51.4729195856602 113.261256902105 17
"852" 50.107976551193 113.89628312229 17
"853" 58.04089395981 112.141911737949 17
"854" 52.6430631023209 119.169755456842 17
"855" 59.7407195984065 114.555326322784 17
"856" 55.1439774437715 116.251178243228 17
"857" 52.0381239404983 110.108277546384 17
"858" 49.6751840422509 112.480136221241 17
"859" 54.3322708162214 108.529417600807 17
"860" 51.204993613343 109.808804798979 17
"861" 51.9267056898449 110.287810081284 17
"862" 54.8153065812072 110.178955669897 17
"863" 64.3618555777253 113.527098907847 17
"864" 52.2374650274331 109.594367419774 17
"865" 62.3206306465692 115.998257885729 17
"866" 59.685875042669 116.822828995861 17
"867" 56.3872322434446 114.86259673536 17
"868" 62.7718638571737 114.616948030759 17
"869" 61.2759359886703 116.72405146755 17
"870" 62.6030754009895 114.694031146916 17
"871" 51.0529198624543 111.168171725037 17
"872" 56.5974406637673 113.645099963483 17
"873" 50.821836923874 112.141915885257 17
"874" 53.974842406643 113.592027622454 17
"875" 53.1016427982135 113.539847097903 17
"876" 55.5513483038132 112.144633444312 17
"877" 50.9339706732547 115.651039671271 17
"878" 55.764835961052 115.38443821391 17
"879" 57.6981716237078 111.120005066465 17
"880" 56.4607693549001 115.240803973208 17
"881" 54.3989296047554 109.064012255901 17
"882" 62.6015751927619 117.680075865133 17
"883" 54.8080778879109 110.373976386621 17
"884" 50.5013675827595 116.836705819317 17
"885" 54.8875926231305 108.311476001272 17
"886" 15.1177758198561 117.950501821815 17
"887" 15.1393485216869 115.877141171808 17
"888" 13.2155923822652 117.439105144009 17
"889" 13.7348707912457 118.690151799302 17
"890" 19.0229120243567 119.964448240987 17
"891" 48.202344696905 137.817666842308 17
"892" 82.3392676642628 140.312450810746 17
"893" 81.4287405822242 141.809483279526 17
"894" 78.6408953233594 107.484060814844 17
"895" 22.7177122614166 112.504304546815 17
"896" 73.9881727070291 113.723488053289 17
"897" 28.6877980181969 128.499690430595 17
"898" 60.4052659321212 117.154298897893 17
"899" 49.7963910476324 134.099682169311 17
"900" 19.1187420550898 120.039839514701 17
"901" 50.5281444287594 134.628367672516 17
"902" 50.6655895975866 115.65857546361 17
"903" 57.7140829855055 111.570281547896 18
"904" 60.1359020505644 112.094014547799 18
"905" 61.6483562540587 111.75060633138 18
"906" 50.6257409884322 108.429664329863 18
"907" 55.285005759163 117.321649347221 18
"908" 48.1953570115138 112.787371950227 18
"909" 54.7268403438379 118.142346973436 18
"910" 60.5239776450453 109.77097314974 18
"911" 48.4867000815727 115.369607686145 18
"912" 57.4378548126087 116.796791156453 18
"913" 53.4351177319169 116.619458775748 18
"914" 52.3846883681172 111.291543498779 18
"915" 57.3388120094405 111.868999876583 18
"916" 59.8199753733506 114.644783781949 18
"917" 54.9227023711745 112.124802271204 18
"918" 50.8592052036303 117.744483269296 18
"919" 51.790904594581 113.51183452661 18
"920" 60.1504638412054 112.349369132001 18
"921" 56.6096764512283 111.900136241003 18
"922" 60.3887692263765 110.835150070765 18
"923" 51.0782916115866 109.243748693045 18
"924" 54.4629017413575 112.420147236748 18
"925" 61.3579641330802 117.520066484583 18
"926" 60.1438684086543 112.417131443471 18
"927" 56.3063723937728 116.97710622368 18
"928" 60.2267379078014 115.574272119681 18
"929" 49.8694377513444 111.82415022375 18
"930" 51.5255053305247 113.292925315711 18
"931" 56.0632821288135 117.121508258394 18
"932" 51.454420479283 112.704232364699 18
"933" 18.0312029096111 116.762602132925 18
"934" 13.4209728908488 116.894742588603 18
"935" 9.14431611842646 129.264793040656 18
"936" 16.0780333020799 115.492334706984 18
"937" 23.3683489762261 115.957356836386 18
"938" 57.8049144453888 111.223198162477 19
"939" 55.1798302909194 110.723836213293 19
"940" 61.2460857402506 117.885547243285 19
"941" 60.3303220463347 112.59204802398 19
"942" 64.9108327554445 113.478583892224 19
"943" 55.5470256827201 115.32586345965 19
"944" 61.7125128858429 111.495624535079 19
"945" 58.2829675045738 108.115875368113 19
"946" 61.5353683824146 114.004166732168 19
"947" 57.4230258164674 110.644351866703 19
"948" 57.3173503181242 110.609421034507 19
"949" 52.4345812493148 108.177686839125 19
"950" 58.1711706091846 109.411924040644 19
"951" 56.6129595539376 112.1681808963 19
"952" 55.3533216064359 110.955089490465 19
"953" 17.5434333933532 121.145681500248 19
"954" 17.6476781919889 121.293599678129 19
"955" 23.2676092958128 125.463338116465 19
"956" 28.9076720041323 130.727777544829 19
"957" 47.5363363145365 109.634156957513 19
"958" 39.7369059573768 110.15633456841 19
"959" 56.9407450705125 117.907074219601 20
"960" 57.7968874701142 112.233256522537 20
"961" 60.6095524339784 110.617330462114 20
"962" 49.7074802140037 112.717040818861 20
"963" 54.0557089324783 113.914509530419 20
"964" 55.0605266515308 116.835367234025 20
"965" 53.6322407296395 110.76782871349 20
"966" 42.8801536698317 114.660681238308 20
"967" 57.6186317804421 113.297143867301 20
"968" 61.2510499200076 110.337163122893 20
"969" 57.0635118021137 117.429862950793 20
"970" 58.0697516518787 110.100800589489 20
"971" 51.8956822084903 113.822744363213 20
"972" 60.1226186471536 118.359092924425 20
"973" 54.1941437284055 113.098728039409 20
"974" 28.945401597881 130.362152576837 20
"975" 42.3839762348949 113.632820443004 20
"976" 48.1330563734194 117.777762787439 20
"977" 49.4404056851722 114.512885128328 21
"978" 60.9511041326233 111.949867361341 21
"979" 60.8205651078969 110.026097137766 21
"980" 47.5188923425807 116.778687102455 21
"981" 54.7089511229877 111.570233630265 21
"982" 62.9834620955784 116.175912419183 21
"983" 57.1048211361896 118.072248696218 21
"984" 47.500293989519 109.67673931931 21
"985" 61.6552433680725 111.145749512244 21
"986" 65.8877963645186 114.129142189475 21
"987" 14.6787751789883 122.811363092242 21
"988" 17.2447989884939 120.457993707529 21
"989" 14.6383197596526 135.778923320172 21
"990" 73.2943565951825 128.717767040453 21
"991" 58.3327313017559 127.153224443576 21
"992" 61.4165999462511 110.283559918757 22
"993" 48.0894029604014 111.944653048265 22
"994" 57.6500010125195 113.03507756924 22
"995" 57.4065688564869 113.387544898865 22
"996" 64.1551874052077 119.068139589816 22
"997" 54.6853579937941 116.607798919793 22
"998" 11.5904237343071 121.016290571531 22
"999" 15.3363216355153 118.643555726765 22
"1000" 42.4053892583388 128.232824743408 22
"1001" 44.2463812866263 133.188295304093 22
"1002" 61.5653480630001 114.892175269546 23
"1003" 46.8270040007973 114.479008678776 23
"1004" 60.7039330648985 112.270990129821 23
"1005" 60.2553616411298 115.256846641297 23
"1006" 57.8359293117075 112.224276957669 23
"1007" 15.9031190402916 118.636535858272 23
"1008" 10.3914656461244 117.36979451194 23
"1009" 10.7941337466855 122.226183117884 23
"1010" 20.2075916816594 116.972502166013 23
"1011" 15.151515017412 118.741345770052 23
"1012" 65.592683839642 113.746057026187 23
"1013" 53.7645853816428 117.342036431594 24
"1014" 54.4037001677547 116.570385928051 24
"1015" 53.0582020643806 109.692698133106 24
"1016" 66.9462593826542 111.501119003285 24
"1017" 7.19988338365361 122.863272434954 24
"1018" 81.8457698993171 138.620608427188 24
"1019" 56.3924580571939 109.763638293851 24
"1020" 18.7006088794433 112.242698898003 24
"1021" 60.7622004169122 138.739019353675 24
"1022" 59.0129515202956 110.28836939824 25
"1023" 51.3728308186733 115.145236933674 25
"1024" 52.9961991970751 117.884367765122 25
"1025" 51.6279809934767 117.681812864666 25
"1026" 56.8427272087462 109.210340698253 25
"1027" 55.6899125957464 110.086746089319 25
"1028" 11.0254771462348 117.642427103621 25
"1029" 12.7167843405222 117.166644488095 25
"1030" 14.9790990401848 119.902176225313 25
"1031" 81.8623614981895 138.416266012966 25
"1032" 66.0729948140123 115.935685275724 25
"1033" 50.1270600729381 111.305836263339 25
"1034" 19.9415080431543 119.792824891425 25
"1035" 58.6264992912323 122.278770173108 26
"1036" 56.7233765267053 109.174094118272 26
"1037" 50.8393693258242 114.428417377252 26
"1038" 60.3725642506574 112.07407877157 26
"1039" 51.9661510205969 117.603026497509 26
"1040" 46.7590635883527 114.800234023016 26
"1041" 51.6588108880553 117.387856925863 26
"1042" 54.3139122970106 110.39386181403 26
"1043" 11.2218820494536 116.431648149334 26
"1044" 16.9450437259298 119.11346264328 26
"1045" 25.977466258477 125.855558275974 26
"1046" 77.0066125596739 139.716057694186 26
"1047" 61.6005334799676 114.202723229179 27
"1048" 97.7619935158785 131.549405155435 27
"1049" 51.4031468369573 122.996137410158 27
"1050" 68.35389509149 117.676783025723 27
"1051" 50.6638684331972 117.852692133618 28
"1052" 60.5282018004243 113.04374052708 28
"1053" 61.4920359861893 112.833080301791 28
"1054" 10.3983289488232 116.006872999422 28
"1055" 13.3301892226554 116.396004876567 28
"1056" 43.1340286077486 107.177972286166 28
"1057" 10.5172202286346 132.293240699262 28
"1058" 46.2280153019629 112.960559028791 29
"1059" 47.1812626024217 114.321149390366 29
"1060" 7.6395152054121 117.395289002621 29
"1061" 50.2364007228301 129.982427034564 29
"1062" 72.4880934664934 121.690783271126 29
"1063" 92.3605459629682 107.156119247667 29
"1064" 36.4562568592534 144.060414986249 29
"1065" 48.9328807293051 117.724961352389 30
"1066" 10.5495204552747 124.339049080918 30
"1067" 72.2142558889481 110.0028440041 30
"1068" 49.8727489168287 115.236638799743 31
"1069" 93.8745640662724 107.400055039928 31
"1070" 10.4054646266074 123.844649976795 31
"1071" 70.9838344172433 136.81277400953 31
"1072" 71.6633619943792 120.6354521336 31
"1073" 47.7843000041407 117.731201438939 32
"1074" 23.0240330761172 140.185464256061 32
"1075" 92.1558792045111 109.04944403285 32
"1076" 94.1315375272494 112.700165837025 32
"1077" 22.1733028916133 139.369351000464 33
"1078" 25.3350249853181 146.50636361692 33
"1079" 42.2338951035094 127.071293622991 34
"1080" 51.5569104041801 129.177221195021 34
"1081" 41.1292548978805 114.723976852054 35
"1082" 70.5037960266445 145.018718423031 35
"1083" 44.8715615052135 129.136531449624 35
"1084" 81.6457373072523 120.020907145848 35
"1085" 14.3964489718214 122.147364090515 36
"1086" 28.2942194732514 111.056223021595 36
"1087" 37.3773224448524 122.642396240398 36
"1088" 40.8795058539311 113.904690734431 36
"1089" 70.8823566506336 110.89889837805 37
"1090" 79.8438065598493 117.921461360944 37
"1091" 43.2529364502505 113.175887658515 37
"1092" 46.076904300833 147.704429902724 37
"1093" 59.566792818193 116.612417944252 38
"1094" 66.3969150783286 113.121875490757 40
"1095" 53.2739258074872 118.55727587549 41
"1096" 36.1094824411803 115.0504065234 41
"1097" 7.55598504748348 118.34032464315 43
"1098" 8.53394314983781 135.2023295404 43
"1099" 7.60175543715095 140.27421145913 43
"1100" 37.6881557808121 115.11099543551 43
"1101" 8.49053590538258 118.17477919353 44
"1102" 43.9657176837193 135.388707984372 44
"1103" 59.6561282248435 118.141250210815 46
"1104" 63.145268649769 111.037841697057 46
"1105" 75.7439887380827 106.86391549512 46
"1106" 37.9237920731051 141.914129082832 46
"1107" 63.298134415006 108.894261652796 47
"1108" 64.2527891987328 110.369893831228 47
"1109" 60.2295450906081 116.785261338772 47
"1110" 60.1392099428758 121.076833598336 47
"1111" 38.1887192933051 138.623585928211 47
"1112" 54.0376768063607 119.50525950875 48
"1113" 34.9003477885715 145.952373825019 48
"1114" 37.313679398231 142.086223984686 48
"1115" 38.8237667096372 139.624687680303 48
"1116" 60.163187117103 121.138477520267 48
"1117" 96.9394585720741 108.740758093812 49
"1118" 64.3795693230083 122.3933856428 49
"1119" 27.8026159849109 114.362994468911 49
"1120" 56.4814118813699 126.180579103032 49
"1121" 58.6386404931029 116.100892932774 50
"1122" 58.592657362649 116.225939914756 50
"1123" 58.0912729517883 119.742051534009 50
"1124" 26.5899356288544 120.362740979421 50
"1125" 22.4444896712717 108.819065327708 50
"1126" 33.195920670303 112.388590286764 50
"1127" 27.947886748371 132.839766663891 50
