"V1" "V2" "V3" "V4" "V5"
"1" 6.96594719425616 140.637286393265 0 1 0
"2" 10.5180086560038 143.607826149835 0 2 0
"3" 10.5715580716815 149.816001957055 2 3 11
"4" 10.7725975217582 157.817309706594 2 4 5
"5" 11.941460103692 159.354957794932 2 5 4
"6" 9.95407587172889 158.196210374209 2 6 2
"7" 7.02565769948538 157.764548564148 2 7 6
"8" 9.91427102651507 153.407273594186 1 8 4
"9" 8.17999778863874 157.660917795119 2 9 4
"10" 12.4465751613758 150.790530434598 2 10 10
"11" 9.97220729140544 153.233085993984 2 11 3
"12" 6.09924899881413 154.340118406159 1 12 4
"13" 13.2941279000568 161.570563479849 2 13 10
"14" 9.55945370842891 157.035691628118 1 14 4
"15" 8.65839610967697 153.395930589588 2 15 3
"16" 8.63979549482068 155.899223863081 2 16 8
"17" 8.84310983963798 152.445818538717 2 17 9
"18" 11.3174159809579 147.651001194656 2 18 28
"19" 10.5677551316747 154.651945158843 1 19 4
"20" 13.0079153175355 162.549034659539 2 20 12
"21" 6.25070664168242 155.731297970816 1 21 22
"22" 9.60437056901058 146.290007743334 2 22 9
"23" 13.5179468827679 156.123017395523 2 23 5
"24" 9.06906074444239 157.464989859465 1 24 8
"25" 14.0531942103155 152.484304536496 1 25 6
"26" 8.80442111450665 157.609143227857 2 26 6
"27" 5.72798271834082 162.435142983447 1 27 15
"28" 11.637300611396 158.708274847214 2 28 5
"29" 5.06692359390561 161.290232677434 2 29 9
"30" 9.67556912343778 156.826239892605 2 30 6
"31" 4.78680564478104 150.933673332059 2 31 29
"32" 11.3759309468184 149.730402822346 1 32 17
"33" 7.41031893780528 155.479335280142 1 33 7
"34" 6.37512870043758 153.591140647664 2 34 2
"35" 8.55446069346383 159.849842657681 2 35 6
"36" 9.19665971399037 164.842293802282 2 36 8
"37" 9.16072481317771 155.015500025819 2 37 15
"38" 9.31105319599726 160.786770606992 2 38 5
"39" 9.06821803242476 155.599444009907 2 39 2
"40" 7.36802579046563 154.481101592628 1 40 3
"41" 7.13788752112449 157.078800247291 2 41 7
"42" 10.0372583464812 143.034158410454 2 42 8
"43" 8.7999500387487 161.008904366143 1 43 4
"44" 9.03775943226929 160.810716838031 1 44 4
"45" 10.8320979355153 146.092817478566 2 45 18
"46" 8.86031497603017 162.294485969211 2 46 3
"47" 5.23452940436673 156.062232005682 2 47 13
"48" 14.346369303043 163.523333820128 2 48 18
"49" 6.15338908679449 158.972833304712 2 49 4
"50" 10.9922651425866 159.820994382268 2 50 9
"51" 9.17528283898991 149.830691320168 1 51 10
"52" 12.4099682775668 151.217843368765 2 52 8
"53" 11.5287077985379 154.584222622833 1 53 4
"54" 9.50060403575243 162.44248541856 1 54 5
"55" 10.1808476233061 162.923635816115 1 55 9
"56" 10.4234599231505 155.110048103327 1 56 5
"57" 8.45402296702055 156.978137891822 1 57 2
"58" 8.77999083472241 155.110995997418 2 58 1
"59" 10.2990314954481 156.753807458033 1 59 4
"60" 9.43119608862195 151.92212974662 2 60 11
"61" 15.3664579833899 158.979427197022 0 61 0
"62" 15.2123366966347 155.903644230798 1 62 6
"63" 11.0348496938031 159.000331387957 2 63 6
"64" 10.9880767159037 153.759546784609 1 64 9
"65" 11.2306979200379 163.23725125354 1 65 17
"66" 9.02685449592833 158.793156599783 2 66 0
"67" 7.34090803491643 157.143209123012 1 67 11
"68" 7.84354669409605 155.044960648236 2 68 9
"69" 10.0589099327275 159.090212367226 2 69 12
"70" 11.3591360299566 141.291752480594 2 70 18
"71" 9.68397329057968 162.9704538725 1 71 3
"72" 11.2089682734459 156.85214498349 1 72 5
"73" 5.79150731536449 163.794783538401 1 73 20
"74" 14.434972102075 151.999845896529 1 74 15
"75" 8.75820961833314 145.243088169744 1 75 5
"76" 7.34079827840977 155.894238253319 1 76 5
"77" 12.2649148235195 157.524088648178 2 77 5
"78" 8.51641666420915 150.30895548936 2 78 7
"79" 12.6223967839192 162.993637765144 1 79 11
"80" 14.7297294988536 159.163910300796 2 80 24
"81" 10.3563743837986 149.768005776644 2 81 12
"82" 5.76817849811192 154.32409688915 1 82 7
"83" 6.46766628793483 156.17822153012 2 83 23
"84" 7.83567300620012 154.010662477697 1 84 7
"85" 12.2325570051774 165.62717268377 2 85 19
"86" 7.94117275529645 159.020153873671 2 86 3
"87" 5.3513985337856 153.98929397693 2 87 15
"88" 6.80237514341226 157.04465318609 2 88 4
"89" 6.56384554039432 152.72073340422 2 89 2
"90" 12.1182131298737 161.740579248068 2 90 39
"91" 9.71434441244944 165.293934603845 2 91 4
"92" 6.35710609599604 146.925608198864 2 92 19
"93" 10.3226611123375 152.254767587813 1 93 3
"94" 10.5221390500022 156.200452976859 2 94 1
"95" 7.27217217149974 158.411275802112 2 95 2
"96" 9.14664394851723 160.726999742084 2 96 4
"97" 5.01783695074226 162.927254297773 2 97 9
"98" 15.4547816216309 157.405839356595 1 98 6
"99" 11.5276131063703 168.88267854489 2 99 4
"100" 5.29920429765251 156.791805995728 2 100 4
"101" 7.96569839329294 153.537912064914 1 101 4
"102" 10.5290254273565 151.871414047488 2 102 13
"103" 13.0548996652084 153.738233501796 2 103 3
"104" 4.30156992608659 165.445126920664 2 104 22
"105" 11.7329600122405 153.961194594735 2 105 11
"106" 12.1207904025888 146.799803469904 0 106 0
"107" 10.786877421534 155.444035117021 2 107 2
"108" 6.47562775163887 157.767791554253 1 108 11
"109" 13.9166224369699 163.710453412544 2 109 37
"110" 12.653232970648 158.288375921666 1 110 7
"111" 8.27088092511408 156.58965638956 1 111 4
"112" 7.98564574984628 153.678712355813 1 112 4
"113" 6.23042441269723 163.552195336932 2 113 24
"114" 8.4244890158794 164.000122397807 1 114 7
"115" 12.8850575447413 154.381090227018 2 115 6
"116" 7.19920451713699 158.619505116936 2 116 3
"117" 14.6847699340315 148.109659819842 0 117 0
"118" 5.10016609722056 164.613153795017 2 118 12
"119" 7.39541262659429 157.778159691483 2 119 4
"120" 6.25429618770701 165.481590613845 2 120 5
"121" 14.3032875686189 152.515790654067 1 121 9
"122" 7.41583591758814 156.964454240294 2 122 9
"123" 9.92344217652358 159.567235212068 1 123 10
"124" 11.793731740004 158.190594291319 1 124 5
"125" 7.5286438928924 160.100867726578 2 125 5
"126" 10.0764581213935 159.339286747265 2 126 11
"127" 5.59619019200995 157.056561858092 2 127 11
"128" 7.25321412068485 154.005686650499 1 128 4
"129" 7.09338985336426 153.614865256933 1 129 5
"130" 6.96221182007731 156.262690529266 2 130 5
"131" 6.33603977453377 161.031383689411 2 131 4
"132" 11.417442544604 161.131031188413 1 132 5
"133" 15.6589709409768 153.755762603705 1 133 13
"134" 6.54755382694268 154.137746081195 2 134 3
"135" 5.04737439456991 155.20498086803 1 135 10
"136" 13.1071932302181 160.844965047251 1 136 6
"137" 6.97706626265363 152.998535783444 2 137 4
"138" 12.4466277880024 148.581809509495 1 138 30
"139" 9.76940461311832 158.160360111037 1 139 3
"140" 10.9799729455562 153.490394171329 2 140 6
"141" 11.363314088987 157.655154393051 1 141 4
"142" 8.89802438553185 163.885349286192 1 142 5
"143" 10.3430061385312 158.487193083293 2 143 9
"144" 11.3039344302836 162.207873878871 2 144 13
"145" 9.27971582794318 149.666099097354 1 145 9
"146" 9.41731119422979 157.941795147361 2 146 5
"147" 13.8198519762318 152.970823126315 1 147 5
"148" 12.3386020396405 150.089063852403 1 148 7
"149" 4.4547758921068 154.811546115156 2 149 19
"150" 8.5849628521339 165.126907528246 1 150 1
"151" 8.66763934211412 164.019301911928 2 151 5
"152" 8.21095267354109 155.96586750554 1 152 3
"153" 9.46931536125478 149.547695025982 1 153 10
"154" 6.77280433738889 157.168160902195 1 154 3
"155" 11.1669124010476 159.260217755386 2 155 8
"156" 7.70743204894025 153.255134067204 2 156 11
"157" 11.9032536286898 152.161072162607 1 157 7
"158" 9.04111403064904 158.535897185572 1 158 1
"159" 8.94700176564614 161.021573086015 2 159 5
"160" 12.9697923153509 151.552874110728 1 160 41
"161" 12.8041065443686 152.641239811956 2 161 8
"162" 7.37271902293382 162.043434752586 1 162 14
"163" 10.2925352674591 153.221850831128 1 163 5
"164" 6.82176147825346 153.893784239625 1 164 2
"165" 7.63470329230668 154.521160250991 2 165 4
"166" 6.49201738055126 145.77676855569 1 166 17
"167" 5.1072473162566 145.219008079295 1 167 19
"168" 9.45778662487537 161.066432093288 1 168 6
"169" 14.745269720063 147.148186580235 2 169 49
"170" 8.01864844526075 163.068527237815 2 170 5
"171" 9.79374291225393 157.614713655082 1 171 4
"172" 10.9450700672567 152.015414244555 1 172 11
"173" 9.17397575336633 163.774794513206 2 173 4
"174" 6.21357182526413 152.321748256662 2 174 2
"175" 11.8785744987072 150.97711584265 2 175 9
"176" 13.354586108813 153.044750615271 2 176 10
"177" 7.03659425784387 153.628561064785 2 177 6
"178" 10.3091309580814 153.435967037559 2 178 5
"179" 11.3458131334563 154.250227632061 2 179 10
"180" 8.29614493793559 157.016504439804 2 180 1
"181" 8.8668769993862 152.940953307864 2 181 4
"182" 6.96376769801915 147.476784047826 1 182 11
"183" 7.79027699945483 162.455379898826 2 183 12
"184" 7.54889599014906 148.635329023779 2 184 9
"185" 8.54935917914372 166.353777538152 1 185 13
"186" 9.59682187653556 153.168239305095 2 186 8
"187" 6.49888219146351 160.884287593652 1 187 2
"188" 7.00804440161071 154.492189955051 2 188 11
"189" 9.2021840526557 151.076645959762 2 189 4
"190" 7.57268497228941 167.214067559282 2 190 41
"191" 10.5084545362452 155.944768586628 1 191 2
"192" 8.51340297265042 154.562851339367 1 192 8
"193" 12.3907164397408 146.400745548863 2 193 8
"194" 8.1818844056907 166.446759999456 2 194 5
"195" 10.7995576371979 154.298357996948 2 195 5
"196" 12.8856413125187 152.921961888771 1 196 7
"197" 11.1845242915313 150.748446960555 2 197 13
"198" 6.37619104396894 158.707013646335 2 198 2
"199" 13.4658172990175 154.42072135278 2 199 28
"200" 13.1096798537294 155.817867652854 2 200 6
"201" 7.85297915073326 161.65228671865 1 201 4
"202" 8.13923235044508 158.290179174636 1 202 4
"203" 1.16180122083231 155.641758271451 2 203 3
"204" 13.3759398430916 160.166639989782 2 204 30
"205" 8.99060105877898 152.60915095345 1 205 9
"206" 5.45511573518916 151.905997272263 1 206 9
"207" 14.0362440740333 152.131039233034 1 207 8
"208" 13.055890586848 156.251881295851 2 208 2
"209" 7.60759234454755 155.939265885942 1 209 6
"210" 6.44662012846735 157.922548082318 2 210 7
"211" 4.98821612496314 157.551391643363 1 211 2
"212" 9.80461066250596 152.487422425811 2 212 7
"213" 8.38455785344503 155.965747801814 2 213 3
"214" 9.68479768533491 160.647059803474 1 214 4
"215" 11.1419948217349 158.893445690501 2 215 8
"216" 8.92874104555766 149.131192025474 1 216 7
"217" 10.6389195101879 159.818326591386 2 217 11
"218" 12.8144256973781 148.26522757552 1 218 26
"219" 7.40956007114079 158.485916018643 2 219 2
"220" 9.4408290640948 158.597132342326 1 220 3
"221" 8.0216633934303 153.310120996847 1 221 5
"222" 13.006318960635 150.594943308402 2 222 8
"223" 16.8291241449148 150.300085082899 2 223 16
"224" 4.99841989824823 155.293461338592 2 224 11
"225" 9.89716914729891 153.333431606402 1 225 4
"226" 9.217864632452 157.661054961284 2 226 14
"227" 10.5816246485818 160.683024183828 2 227 4
"228" 9.2404757003439 156.709989155918 2 228 4
"229" 11.6087743488787 152.327177047089 1 229 4
"230" 6.52239349113442 158.195052698184 1 230 7
"231" 5.80442058935664 161.426095779117 2 231 25
"232" 8.11912367651592 161.366716502689 2 232 4
"233" 11.1330993399798 175.269867093667 2 233 20
"234" 9.88725556884664 163.3651779475 2 234 4
"235" 8.08671820355094 166.397821451582 2 235 6
"236" 10.953332037498 165.032777115469 2 236 9
"237" 5.93059488053123 157.822465989575 1 237 8
"238" 6.58157758681067 154.480016334547 2 238 2
"239" 8.29759344385521 153.727002347999 1 239 20
"240" 8.87920898867331 159.772703212189 2 240 10
"241" 3.67281950556669 155.414518468574 2 241 2
"242" 8.63379450497271 149.116309496663 2 242 6
"243" 10.259829570892 145.384663826891 2 243 7
"244" 13.8390881174007 148.165138037057 2 244 9
"245" 8.8459538408206 152.125573154499 1 245 5
"246" 13.1756031594847 155.722979610641 2 246 7
"247" 11.0142690945768 153.148961511057 2 247 9
"248" 4.40173606945398 162.838047600823 1 248 10
"249" 13.7872460865587 157.71958479555 1 249 3
"250" 11.0329018673676 160.863405919172 2 250 7
"251" 7.38573709331924 153.671386499734 1 251 7
"252" 7.54493146061761 157.852324104654 2 252 5
"253" 12.7070445182898 157.865861965644 2 253 6
"254" 10.0093757805957 164.726590619832 2 254 7
"255" 10.9131028170031 157.449560485656 1 255 2
"256" 9.71855516404866 164.164397505718 2 256 2
"257" 7.35893452994009 151.157299086796 2 257 4
"258" 12.8672610021683 158.542421212517 1 258 5
"259" 14.0604372390046 157.674933163747 2 259 2
"260" 7.18649999743877 151.115983534679 2 260 25
"261" 9.961537469583 154.816135941448 1 261 10
"262" 8.02653869269833 155.604502746372 1 262 3
"263" 6.78185337403807 151.522390722946 2 263 3
"264" 6.90268595805703 160.053434321388 2 264 5
"265" 10.6746542874054 155.729476511255 1 265 3
"266" 2.36032717224387 150.479316455498 0 266 0
"267" 8.86426169026899 154.560968818156 2 267 2
"268" 7.16196227714628 149.506585993449 1 268 6
"269" 13.8048581088178 160.979662629312 2 269 31
"270" 7.05703640545154 149.80455071602 1 270 8
"271" 5.32573156426132 158.424493610796 2 271 5
"272" 9.11624745056799 149.935342261051 2 272 9
"273" 10.3045885273578 157.425735319915 2 273 15
"274" 8.82429599619568 155.0148095184 2 274 2
"275" 11.2009271904664 169.743752108552 1 275 5
"276" 13.8390241931973 157.784372234355 1 276 4
"277" 6.03179892648017 153.366366932306 1 277 3
"278" 11.7502954502132 153.545025634728 2 278 15
"279" 12.1125421504482 147.944217219786 2 279 32
"280" 7.86924827615111 162.042268928999 2 280 3
"281" 12.2448144710968 154.823331867369 2 281 5
"282" 9.27662874322047 153.284787291198 2 282 3
"283" 8.83239136989586 156.765525461101 2 283 2
"284" 9.08217814699891 165.81944267537 1 284 3
"285" 6.84228742724733 152.052974902487 2 285 4
"286" 12.5860792279238 149.340926880512 2 286 15
"287" 7.83270028968673 161.450428661572 1 287 3
"288" 11.4131900660005 172.766216948017 1 288 17
"289" 9.39421545037274 154.189070111206 2 289 11
"290" 6.50061998560651 157.669895651039 1 290 10
"291" 10.3885525825235 152.570059087428 1 291 8
"292" 4.06336006693009 163.786475110511 2 292 8
"293" 8.12136277987902 155.742126139237 1 293 2
"294" 11.1044231938507 153.60787966923 1 294 7
"295" 7.88074563493374 147.284923952736 2 295 10
"296" 5.38976360250069 152.938700613066 2 296 5
"297" 10.5283264361926 156.546733935339 2 297 4
"298" 9.54566974392096 159.970290826278 1 298 6
"299" 12.4892706544919 148.921733414931 2 299 36
"300" 9.21356031074811 153.070089658874 2 300 5
"301" 11.4800298332719 151.655649325602 2 301 12
"302" 12.1316658291509 157.088234250624 2 302 5
"303" 8.80650082484788 156.359984856107 2 303 4
"304" 6.77652906827773 158.565290800157 2 304 5
"305" 10.1928187400654 160.077579661218 1 305 2
"306" 8.16352432507477 163.02600692218 1 306 2
"307" 10.5883526846623 162.113555223919 1 307 9
"308" 11.4728021012932 160.494596394728 1 308 7
"309" 5.5384783657338 152.732608070004 1 309 3
"310" 6.41924591976643 153.695371443515 2 310 1
"311" 8.80059786858286 157.537428212034 2 311 7
"312" 7.93013575282405 157.370288239658 2 312 5
"313" 11.6557895154687 153.416204619368 2 313 5
"314" 11.0424894443121 161.418075684125 2 314 10
"315" 9.28133227294502 163.235415012755 1 315 4
"316" 9.68424220458166 163.748007579868 1 316 2
"317" 11.5414161809935 157.801830678698 2 317 4
"318" 15.5381837676699 156.282300575552 2 318 8
"319" 8.31996920048122 169.198211247731 2 319 19
"320" 7.11608976056697 150.431563331566 2 320 19
"321" 10.8662754844285 158.4179664838 1 321 4
"322" 7.58810827476344 156.700738578258 2 322 3
"323" 5.83505977524575 152.884952833147 1 323 3
"324" 8.53444706800021 155.209538596796 2 324 9
"325" 8.6353543324269 164.728977327696 1 325 7
"326" 5.21966992727823 151.244142859538 2 326 13
"327" 8.26750725555267 144.731307395328 1 327 12
"328" 11.3642587821458 161.03628455953 1 328 6
"329" 11.7585990127347 157.430332846402 1 329 5
"330" 8.43469510692373 162.432762390047 1 330 4
"331" 6.9614811472445 154.982311334384 1 331 10
"332" 8.42474110572604 152.181326805589 1 332 4
"333" 9.3614860681784 160.447300176414 1 333 3
"334" 9.10589628021794 150.112609263093 1 334 10
"335" 6.25964668264398 155.135670949404 2 335 17
"336" 7.92641604602663 151.959277858913 1 336 8
"337" 5.31115173216366 147.778361638315 2 337 26
"338" 8.11812228980103 152.268260676738 1 338 7
"339" 7.81768192029351 153.07632732248 2 339 7
"340" 9.81098514866684 153.828679136363 2 340 9
"341" 8.34440059212474 157.885930696414 1 341 3
"342" 9.26535405369849 150.43676346533 2 342 9
"343" 8.1668668461478 155.779715963475 1 343 3
"344" 10.0439308967031 145.842343290812 2 344 34
"345" 10.4814261950965 159.764228052532 1 345 10
"346" 7.40965319423442 158.703944385464 1 346 3
"347" 10.604741180006 153.400490185878 2 347 9
"348" 11.1678902476168 157.883007953161 1 348 3
"349" 6.32196251478878 160.321957598903 2 349 8
"350" 7.02147440334122 160.363441971412 2 350 4
"351" 9.58524202372726 159.276342798567 1 351 8
"352" 9.15937276498403 151.776702377153 1 352 7
"353" 9.78490690699048 156.707212548027 1 353 5
"354" 10.2230682027002 153.213922744398 2 354 4
"355" 10.5921040580094 165.979335987741 1 355 10
"356" 7.96523144648443 159.080112010464 2 356 3
"357" 7.59688123514827 157.468283556994 2 357 6
"358" 7.85469411147452 153.601701528023 2 358 3
"359" 8.79874660354677 157.510805042865 2 359 6
"360" 6.98060584476472 155.280697372908 2 360 11
"361" 10.6754128342943 148.061333244807 1 361 44
"362" 10.6464199938571 158.122398102294 2 362 6
"363" 11.3631398950587 159.41305808187 2 363 17
"364" 6.6566428436463 152.72471012637 1 364 3
"365" 6.09880571681174 158.403274554268 1 365 5
"366" 10.4827877086135 157.979552218039 1 366 3
"367" 8.8937938741285 149.75277945304 2 367 11
"368" 13.6325861140038 154.709699758147 2 368 5
"369" 11.8384190408966 159.872646949472 1 369 5
"370" 13.0510711714851 154.926979935437 2 370 11
"371" 9.67502936617216 157.784327564879 1 371 3
"372" 8.89653630139641 166.609463469447 1 372 10
"373" 13.5020691201223 163.091122143628 1 373 15
"374" 12.0439871338 158.787585214205 1 374 10
"375" 8.88915692284137 164.089330313054 2 375 6
"376" 11.9179638436608 150.59788587859 1 376 7
"377" 13.5434761684564 154.015344225397 2 377 8
"378" 8.93175256573195 156.381769321764 2 378 3
"379" 7.36471298901765 160.160810241631 2 379 6
"380" 7.97062762961778 155.269181997328 1 380 6
"381" 11.616528448383 158.188594175279 2 381 4
"382" 4.74475549052282 159.538744237573 2 382 21
"383" 12.0399472636952 160.42810422619 1 383 10
"384" 8.66836071139073 150.759109663937 2 384 21
"385" 9.27367574638788 159.103215583532 1 385 6
"386" 9.96278225654249 156.364134132784 2 386 6
"387" 10.6927873539315 158.613793463202 1 387 5
"388" 11.0917934355759 154.140169369245 1 388 19
"389" 10.743581940104 154.956593032094 1 389 3
"390" 6.06974361534189 158.737314810359 1 390 3
"391" 9.54486454562499 162.448988862142 2 391 5
"392" 11.3387301367208 166.185577505192 2 392 16
"393" 7.0422919336659 170.181340817102 1 393 7
"394" 6.74825297750891 153.985290708309 2 394 3
"395" 10.8314397628868 163.809990021662 2 395 10
"396" 15.4790404793582 147.313833718722 2 396 9
"397" 12.0315462231045 150.664335211388 1 397 6
"398" 7.36076797352191 152.534222667268 2 398 7
"399" 11.3529852033271 158.498630871059 2 399 8
"400" 8.20674283451038 156.10497472029 1 400 4
"401" 13.9927094870399 156.184939985537 2 401 7
"402" 10.7454529340052 150.327407786085 1 402 15
"403" 3.87433089359613 150.257096825677 2 403 4
"404" 10.5873961561069 154.048038599709 1 404 14
"405" 5.24567664208955 155.349262095671 2 405 9
"406" 9.98573905497601 148.290523288822 2 406 18
"407" 9.42967988191106 162.877310872715 1 407 5
"408" 8.7689722250423 148.861410904807 1 408 8
"409" 12.9413308977018 153.503720185765 2 409 4
"410" 11.4215542908109 158.934967129466 2 410 6
"411" 8.3762896133058 157.548007013009 1 411 5
"412" 12.4248782445715 155.056717617071 1 412 4
"413" 9.00913479037557 151.179474645644 2 413 5
"414" 10.4630476544209 163.082344925246 1 414 10
"415" 11.0456248142282 147.222747216287 1 415 30
"416" 8.50171647588644 146.110773965621 1 416 45
"417" 9.04050721896115 165.394028237941 1 417 2
"418" 11.7253494734062 157.550386467925 2 418 5
"419" 6.37492234270884 162.746540177139 2 419 19
"420" 9.98832982075266 146.721595314314 2 420 40
"421" 12.4484967857324 152.534857341642 2 421 11
"422" 9.68231520143486 169.254245679119 1 422 10
"423" 11.7150659503844 151.983909926562 1 423 5
"424" 3.24241610018202 163.356988026361 1 424 15
"425" 7.76592807936628 152.919881183975 2 425 6
"426" 7.20064303970016 158.467547938776 2 426 3
"427" 10.2703173612603 161.768084809319 2 427 12
"428" 7.57583362554807 149.49835141026 2 428 13
"429" 10.3529195836474 169.306662520343 2 429 1
"430" 14.4792692738556 160.234098129357 1 430 33
"431" 11.8555541191552 157.76198946217 1 431 3
"432" 8.4076116208591 156.375324321431 2 432 4
"433" 15.7470916245209 156.671351291351 1 433 18
"434" 8.01008763445556 158.888006577391 2 434 1
"435" 9.72508570655359 161.247887916096 2 435 7
"436" 13.9015273895768 157.699285912399 2 436 3
"437" 12.1077209488032 157.157272603257 1 437 6
"438" 9.52051690828375 160.446535468756 2 438 4
"439" 12.6030747841024 152.65136847842 1 439 7
"440" 7.79404730111638 151.503027492623 2 440 5
"441" 9.03000377442667 160.226325612641 1 441 8
"442" 10.3048570580209 156.453776454611 2 442 4
"443" 9.87305894353885 160.34891944032 2 443 3
"444" 10.4677106211643 168.632642020429 1 444 6
"445" 8.41960224008217 161.18425209565 2 445 13
"446" 6.96079109671213 157.778426006821 2 446 7
"447" 6.95388617735294 148.360787005041 2 447 15
"448" 12.4414447706979 157.151961341819 2 448 3
"449" 6.44615421826807 160.241931844477 1 449 10
"450" 11.9271851851885 159.171636055497 1 450 3
"451" 8.74714948448081 150.030099609984 2 451 11
"452" 8.28887961744393 159.502777862069 1 452 4
"453" 13.0395828736097 164.86212589118 1 453 35
"454" 7.74462770003042 158.257136320311 1 454 6
"455" 14.9502023768017 151.3065013378 2 455 14
"456" 7.53903104770982 161.131108810871 1 456 2
"457" 35.2078980588407 69.6884977678319 2 457 13
"458" 35.3491562021996 67.9051742166899 2 458 12
"459" 35.4390449803663 69.2172828067704 2 459 11
"460" 34.2471238689898 68.6714874975944 2 460 11
"461" 32.6905661983839 68.8286324340121 2 461 14
"462" 32.2423437068847 68.3976813199599 2 462 11
"463" 33.5507430489223 69.0806081985986 2 463 12
"464" 35.091355433856 68.7847746034606 1 464 11
"465" 32.9339938049392 68.6442409048968 1 465 13
"466" 36.3804195259795 68.5328671544688 2 466 11
"467" 35.7032458141591 69.455486350967 2 467 10
"468" 33.4944422192343 68.2251327618389 2 468 12
"469" 32.625410494675 69.30734176787 1 469 12
"470" 36.6994785400071 68.5069231207936 2 470 16
"471" 36.3226194578177 68.7453694535019 1 471 13
"472" 34.9059315926715 69.6437062746955 2 472 14
"473" 31.0784249567938 69.6265716685496 2 473 25
"474" 32.5198105016539 69.0670780156791 2 474 18
"475" 35.5223287373354 68.2902358386986 2 475 12
"476" 35.3356198887379 67.6276200231883 1 476 13
"477" 33.1531884595802 68.1048202782728 2 477 13
"478" 33.1792043587573 68.3039330588879 2 478 13
"479" 35.5000315054533 68.0962997887685 2 479 12
"480" 33.6104802462106 68.9716941902185 2 480 13
"481" 35.5954434480463 68.4514653865194 2 481 11
"482" 33.6639542261399 67.8073037952923 2 482 12
"483" 34.8783857297877 68.0435461064997 2 483 14
"484" 34.0002016806951 68.8852121157161 1 484 11
"485" 34.3680201531236 68.9251417542932 1 485 12
"486" 34.258477422915 68.2971738861586 2 486 12
"487" 32.1314194775393 68.1594576260325 2 487 13
"488" 35.0466893904578 68.7137936974712 2 488 11
"489" 36.3668281408887 68.0895259357983 2 489 11
"490" 31.6216935008988 68.7758023286134 1 490 12
"491" 34.439329212009 68.9962189003055 1 491 11
"492" 36.2875109355492 68.3514222425416 1 492 12
"493" 36.1800885813555 69.1288016708117 2 493 12
"494" 32.3066443942016 69.6427072159671 2 494 18
"495" 34.8379958584044 68.5300120693814 2 495 12
"496" 33.6334557307154 69.0293458754221 2 496 13
"497" 32.2611364533356 68.6344717100354 1 497 12
"498" 36.0731054834534 68.4787538688282 1 498 14
"499" 33.0356712681435 68.9427288595381 2 499 16
"500" 32.2261500972792 67.498098858787 2 500 12
"501" 35.4133140377097 68.7200434893009 2 501 10
"502" 34.7404223744241 68.3019767073693 1 502 12
"503" 31.0587893408378 69.2398383230002 1 503 22
"504" 31.8061063375024 68.6736851182543 1 504 12
"505" 35.4822386833542 68.8702154284875 2 505 11
"506" 34.4854657656594 69.3689019696677 1 506 10
"507" 33.968399204543 69.0170249754235 1 507 10
"508" 36.3866320250313 68.1796670430633 2 508 11
"509" 33.9019476306889 67.931920988669 1 509 12
"510" 35.4782033309598 69.3135903522951 1 510 11
"511" 33.5337260584608 68.699349505761 1 511 11
"512" 36.6510098312316 68.7991115652222 1 512 13
"513" 34.5173820349454 68.3770560713987 2 513 12
"514" 36.1925775358828 67.2776950002071 2 514 35
"515" 35.4267874955803 68.5582774809328 2 515 12
"516" 34.4221695178318 69.6263505498507 2 516 16
"517" 33.8745568747394 69.2691180819362 2 517 12
"518" 33.1914583527245 68.9641178870888 2 518 16
"519" 32.8243757647196 69.6499068771046 2 519 13
"520" 34.7816369345582 68.6461245253643 2 520 11
"521" 32.7590605076863 68.3802318198121 2 521 14
"522" 31.8515008453783 68.8115058569009 2 522 13
"523" 35.5196345720163 69.2529706295647 2 523 10
"524" 34.2532219648729 68.0530722210592 2 524 19
"525" 31.4031391618957 67.7800673610408 2 525 25
"526" 33.8224742823231 69.5275802599328 1 526 13
"527" 34.4835780321567 68.7772953555314 1 527 10
"528" 35.4914358817846 69.9122075136121 2 528 13
"529" 33.0106457945185 68.5956327288922 1 529 14
"530" 38.2265369383538 69.1079620481187 1 530 21
"531" 31.78998020713 68.2211480995925 2 531 13
"532" 34.9073609368189 68.017720638064 1 532 13
"533" 35.1220294636281 68.7874695108933 1 533 11
"534" 37.4455078558467 68.2181356129402 2 534 24
"535" 35.9619251450134 67.6393857529741 2 535 15
"536" 31.7081616204877 69.0021726002453 1 536 16
"537" 36.3251518810848 68.0828010295608 1 537 10
"538" 34.4406606776509 69.0461819951891 1 538 12
"539" 33.5027994189815 67.9882291417178 1 539 13
"540" 34.6011889188807 68.8645020178813 1 540 11
"541" 33.7797874032464 68.5719315182058 2 541 11
"542" 34.5169004690591 68.2924236667958 1 542 11
"543" 35.4007546741973 69.0913457321607 1 543 12
"544" 33.7188319398559 69.1159791635201 2 544 12
"545" 36.1334690169188 68.8963376997563 2 545 14
"546" 33.9782446201351 67.8019602428584 1 546 11
"547" 36.5087808364613 69.1031306539081 2 547 19
"548" 36.950787816282 69.2986384728612 1 548 14
"549" 34.8349041869572 69.1992215234644 2 549 10
"550" 35.142733775099 68.6353221462868 1 550 12
"551" 34.7925757737047 69.3109467942722 2 551 11
"552" 34.7449037320232 68.2038562034802 1 552 12
"553" 33.5305969095111 68.3000492391442 1 553 12
"554" 34.4556198822564 69.204336481881 1 554 11
"555" 34.169741713538 67.4446673274425 2 555 14
"556" 35.8057245313978 68.9971335851502 1 556 14
"557" 34.8514854258275 68.5577767269953 1 557 12
"558" 34.3544425608874 68.6026369399273 2 558 12
"559" 33.6269726147111 69.4719659699211 2 559 12
"560" 33.7786438897894 68.5407772956051 2 560 11
"561" 33.4124935801056 68.5943262204191 2 561 12
"562" 33.3757960130415 68.6134167728531 1 562 12
"563" 34.1570257192785 68.4381621600443 2 563 12
"564" 34.716876793054 69.1823158202939 2 564 9
"565" 30.6814562825275 68.4472152193884 1 565 22
"566" 33.895726834626 67.9045538297176 2 566 13
"567" 34.5042884068182 68.131769014556 2 567 12
"568" 34.2460004276674 68.872579300875 2 568 12
"569" 32.1178231109594 67.8478183630035 2 569 13
"570" 32.178021018324 69.4147627639913 1 570 19
"571" 35.1188102027157 68.6860163419064 2 571 12
"572" 31.0450850522988 68.6491937031963 2 572 21
"573" 34.6574378501311 69.5708365429249 2 573 10
"574" 35.0088274314771 68.928116216526 1 574 10
"575" 31.2922293627954 67.6524487415837 2 575 24
"576" 36.7438271290942 69.2044883835967 2 576 11
"577" 35.5253572102346 68.2504254533645 1 577 12
"578" 34.3766427050854 69.1367203974218 2 578 11
"579" 33.4598433079326 69.3318851593073 2 579 13
"580" 33.2392415012049 69.4111764647722 2 580 20
"581" 33.5342424316944 68.7129640900707 1 581 12
"582" 34.5010797894658 69.1644853549317 2 582 12
"583" 32.998916847762 68.8212346149167 2 583 13
"584" 33.8438865478892 69.4191339257137 1 584 12
"585" 32.2360312804433 67.4250064771566 1 585 13
"586" 33.9077442524451 69.120756355192 2 586 11
"587" 36.0316135621513 67.9951545710855 2 587 19
"588" 35.4763988327059 68.603170222461 1 588 11
"589" 35.2950250661074 68.5203130838707 2 589 12
"590" 33.3066827720539 68.3446109645083 1 590 13
"591" 36.2630903695092 69.2632550416449 2 591 11
"592" 31.8396676838212 68.3906767234814 2 592 12
"593" 37.1076581407569 68.3746677330997 1 593 29
"594" 135.260979878338 61.3206976463543 2 594 28
"595" 136.264285819049 61.4092036000211 1 595 26
"596" 135.978561561351 61.3011557319771 1 596 27
"597" 135.504451724 61.4866084198587 2 597 26
"598" 135.962272101611 61.4307645294598 2 598 26
"599" 135.593440787266 61.4026588686578 2 599 26
"600" 136.748269636902 61.3736568529691 2 600 31
"601" 136.187450053751 61.4338227852757 1 601 25
"602" 135.954936789688 61.3222099666115 1 602 27
"603" 136.050021976639 61.5044146419631 2 603 26
"604" 135.032115955045 61.3797013797677 1 604 27
"605" 135.273301524283 61.2593809128073 1 605 27
"606" 136.156069045695 61.4640307608721 2 606 25
"607" 135.513206012632 61.3876375003159 1 607 25
"608" 135.970546513954 61.4167507352502 1 608 26
"609" 135.005775207661 61.4345323848799 1 609 26
"610" 136.311863739174 61.3707079753909 2 610 26
"611" 135.887004790751 61.2845747856836 2 611 26
"612" 135.534028983204 61.3768612139343 1 612 25
"613" 136.322786376689 61.4915344047022 1 613 26
"614" 135.666944833039 61.3842829585743 2 614 25
"615" 136.014157776866 61.3128391891119 2 615 27
"616" 137.036781602823 61.4321877859041 2 616 30
"617" 136.950377640606 61.3770493271384 1 617 29
"618" 136.325631675673 61.2904915349772 1 618 26
"619" 135.731184376186 61.2199141477345 2 619 24
"620" 136.210990623688 61.4647442157616 1 620 26
"621" 135.655906419212 61.3053549314102 1 621 25
"622" 135.059309988187 61.4148765329786 2 622 27
"623" 136.142245210521 61.4948620531783 1 623 26
"624" 136.477130429102 61.4246060661071 1 624 27
"625" 136.173411446448 61.5379324090642 1 625 26
"626" 136.847824134995 61.3983079586089 1 626 30
"627" 122.323959332833 127.352422467774 1 627 6
"628" 120.466782928289 127.714993807916 2 628 8
"629" 121.965779062422 125.037197767887 2 629 6
"630" 124.118079353652 118.106349394316 2 630 13
"631" 122.45090327916 122.091922566898 1 631 17
"632" 113.163838593366 130.410929963428 2 632 24
"633" 123.271876595964 125.50771164365 2 633 12
"634" 117.504052023545 124.331367232089 1 634 5
"635" 119.161251332152 120.511965759919 2 635 12
"636" 115.407306062096 122.753697267625 2 636 5
"637" 120.211190503589 121.431078793163 2 637 8
"638" 117.126408251671 122.915951555159 2 638 7
"639" 117.537372299251 123.600827540167 2 639 10
"640" 123.797505474087 133.042065240886 2 640 27
"641" 117.812653643459 122.79525270004 2 641 6
"642" 123.3388740865 125.140713992638 2 642 10
"643" 120.445376162178 123.663911869154 2 643 9
"644" 117.637315208224 127.036669198037 1 644 7
"645" 121.837766519033 131.198047697456 2 645 7
"646" 117.461151489246 130.148983207857 2 646 15
"647" 123.17603478545 130.294055589893 1 647 12
"648" 117.326541299109 121.625325833495 2 648 18
"649" 119.522893446968 116.885832449595 1 649 14
"650" 117.920823936659 121.304819140291 1 650 9
"651" 125.983368994459 128.558260321575 2 651 9
"652" 123.438107732844 120.466873925057 1 652 5
"653" 119.358111032335 120.603804434105 1 653 13
"654" 121.415922010523 123.594170151478 1 654 12
"655" 122.852349157614 127.988014681686 2 655 12
"656" 113.735956470307 127.009280585022 2 656 18
"657" 121.363405220554 125.425022904569 1 657 6
"658" 120.356590446631 121.720481563126 2 658 7
"659" 116.590854538643 116.463354250896 1 659 6
"660" 121.153426076442 125.801771597502 2 660 13
"661" 124.007128127079 129.695581707309 2 661 14
"662" 120.122401576926 127.153678074948 1 662 6
"663" 128.493279659745 127.105935137769 2 663 9
"664" 122.789716818419 122.906991607336 2 664 8
"665" 121.707700128186 123.465863115395 2 665 6
"666" 122.729914066956 120.190182501872 1 666 4
"667" 119.722003698747 125.930063994939 2 667 13
"668" 122.636835034826 123.676640850314 2 668 11
"669" 121.395935306429 125.403056682471 2 669 5
"670" 127.068352589368 122.403951042106 1 670 14
"671" 124.32100021301 128.492282390844 2 671 13
"672" 119.85398359163 128.258734118627 2 672 6
"673" 119.022935725878 119.621554629689 2 673 19
"674" 116.499772483714 121.63732175789 1 674 6
"675" 120.085431435439 127.991920921938 2 675 6
"676" 123.853649184108 131.853552660732 2 676 19
"677" 123.552694492768 121.958820581588 1 677 6
"678" 120.299630702224 123.860549797413 2 678 10
"679" 120.040390192709 124.597995188291 1 679 6
"680" 122.241650753504 119.723169984092 1 680 4
"681" 115.994675394141 121.112125372966 1 681 6
"682" 121.956937049684 123.46109100054 1 682 7
"683" 123.006147677499 124.74655195657 2 683 9
"684" 121.90222026183 123.933852220438 2 684 7
"685" 123.733933686199 121.409740318905 1 685 4
"686" 122.813543285167 122.921211332005 1 686 7
"687" 121.5321251731 128.296318131829 2 687 6
"688" 123.150442635799 129.375005432926 2 688 6
"689" 124.223869943042 124.233000655034 2 689 11
"690" 118.707060539235 120.778508189613 1 690 11
"691" 121.732801100988 126.377859860333 1 691 17
"692" 125.235389922707 124.515307387144 2 692 15
"693" 119.283732060205 125.677209104006 1 693 7
"694" 119.892258243995 117.872795409448 2 694 14
"695" 119.781138815647 113.566873171355 2 695 24
"696" 122.746206474848 125.414194850101 1 696 7
"697" 122.137948860141 117.766335175978 2 697 4
"698" 120.781756369988 120.543330417183 2 698 8
"699" 112.577108602292 130.040095358764 1 699 13
"700" 120.691674516005 120.508117420007 2 700 8
"701" 120.940212862851 115.216767849845 2 701 22
"702" 123.054372637021 121.861768974798 1 702 7
"703" 120.99023915551 131.996780972319 1 703 8
"704" 116.259474371206 122.18328272948 1 704 4
"705" 112.268863208227 128.028512519844 1 705 9
"706" 122.389988230283 126.305333999849 1 706 15
"707" 123.342084865201 128.651565781947 2 707 19
"708" 122.43422258471 123.272294919542 2 708 6
"709" 123.009954225221 122.275832609525 2 709 6
"710" 123.311520093055 123.092659759041 2 710 8
"711" 118.009092048629 130.416323847166 2 711 14
"712" 119.751088640264 123.95571012459 2 712 8
"713" 117.170491999941 129.330015798065 2 713 31
"714" 122.719754616191 127.814902894807 2 714 14
"715" 119.563629512608 123.400067991983 1 715 6
"716" 120.706039260798 127.983070846797 2 716 7
"717" 117.91360004319 131.051328620186 1 717 10
"718" 120.986527217442 119.778231743498 2 718 7
"719" 114.225667757788 127.584896298779 1 719 7
"720" 119.638780511485 117.843117282254 2 720 17
"721" 121.63150106411 119.958916702594 1 721 7
"722" 118.357297689652 126.857112776828 1 722 11
"723" 123.24207547199 129.439480512686 2 723 7
"724" 116.869169513777 120.611794555877 1 724 8
"725" 124.113353399862 118.473552390868 1 725 14
"726" 120.617076251258 121.911981026214 2 726 9
"727" 122.869242886396 125.627395370053 2 727 11
"728" 116.34558083992 126.791190327202 1 728 4
"729" 125.218151499406 124.603886831949 1 729 16
"730" 119.425620905079 125.678445461812 2 730 8
"731" 120.567350477566 122.628917302336 2 731 7
"732" 118.917522054161 125.701033025354 2 732 10
"733" 121.40197815916 121.806889467577 1 733 6
"734" 120.384863770534 121.758114155807 2 734 8
"735" 120.240725267597 117.085740306004 2 735 11
"736" 124.062119149274 123.768053375081 2 736 5
"737" 123.058157986626 126.951587477184 1 737 9
"738" 121.49194290044 126.642856581304 2 738 7
"739" 122.584884875523 124.237280633281 2 739 6
"740" 115.997144890901 121.688361013393 2 740 22
"741" 121.936903954632 127.974006024081 2 741 13
"742" 119.493976295493 126.797512278522 1 742 12
"743" 121.716288839074 131.05640604078 2 743 8
"744" 114.171805485603 118.417098276771 2 744 5
"745" 116.130682486555 120.923613116787 2 745 4
"746" 124.309613596938 123.584416282603 1 746 10
"747" 122.960791289214 125.492469225529 1 747 9
"748" 123.686322279931 119.984044237091 2 748 7
"749" 118.362821553668 127.940023320663 1 749 9
"750" 117.526383308197 126.771018810371 1 750 5
"751" 121.588595333832 127.82998531542 2 751 5
"752" 124.038535940403 125.724835968619 2 752 7
"753" 126.064553777686 128.982730870359 2 753 9
"754" 123.08137111648 122.508442179126 2 754 6
"755" 116.925033948325 120.833651444111 1 755 11
"756" 122.072307528927 118.688560503498 0 756 0
"757" 122.24134867387 123.825535754314 1 757 8
"758" 119.300654811823 131.491750294072 2 758 23
"759" 115.532516316077 123.484402678341 2 759 4
"760" 123.277529440798 125.185118688515 1 760 9
"761" 115.705146878734 127.080503519428 2 761 22
"762" 118.369515846508 119.741034744866 1 762 12
"763" 123.381680082328 124.232853543544 2 763 6
"764" 123.935236016517 125.896639622013 1 764 7
"765" 123.765596806946 129.847835694839 1 765 10
"766" 122.16412079267 114.18826502632 2 766 21
"767" 120.059909661597 122.38970859326 1 767 14
"768" 122.645205286338 117.690629329895 1 768 20
"769" 119.350972731469 120.936836255347 2 769 11
"770" 123.166261978374 129.848383668007 1 770 7
"771" 122.268302584296 124.521258343919 2 771 8
"772" 120.131212053327 124.644531563427 2 772 5
"773" 122.948551946794 126.864905749283 2 773 10
"774" 115.78437070788 132.017380045474 0 774 0
"775" 122.90257571637 120.327700582419 1 775 5
"776" 117.643817330941 122.555934119528 2 776 10
"777" 117.362420852755 120.44965772745 2 777 5
"778" 119.487721770165 124.470753577084 2 778 8
"779" 119.010895832623 124.469139933439 2 779 10
"780" 123.868142057838 124.051741426695 2 780 14
"781" 119.965752131768 126.981284165381 2 781 4
"782" 121.188770618588 119.830238125229 1 782 6
"783" 121.462448702577 128.616256459202 1 783 7
"784" 121.06360309743 127.249295199277 1 784 5
"785" 122.253715675653 122.68160261264 1 785 10
"786" 122.667920230375 116.019479393347 2 786 29
"787" 118.362981531958 123.997800638486 1 787 13
"788" 118.277629421962 126.418414939883 2 788 11
"789" 122.774758587071 121.081193328078 1 789 8
"790" 119.2606157067 120.286775712051 1 790 11
"791" 124.25785949272 123.34922281088 2 791 9
"792" 120.75099749861 122.032630168496 2 792 7
"793" 123.196602924965 123.201716288584 2 793 9
"794" 122.030330829733 128.144884788197 1 794 9
"795" 120.050517893719 131.373800287384 2 795 10
"796" 121.755435469887 124.000869957268 1 796 17
"797" 122.583968835685 127.107165230016 2 797 8
"798" 117.440434352791 125.19612757773 2 798 6
"799" 117.512301642431 126.469776794387 2 799 9
"800" 122.578853220302 128.546720795804 1 800 12
"801" 121.647436998456 123.554029753224 2 801 5
"802" 120.073505784773 125.520458002449 2 802 11
"803" 120.730963215605 124.661220583282 2 803 8
"804" 121.419648064866 133.870986279569 0 804 0
"805" 119.821472931241 128.321464544278 2 805 5
"806" 124.824982021694 128.568906171501 2 806 8
"807" 122.176924889562 126.348247598198 1 807 10
"808" 121.957103649175 126.869621679899 2 808 6
"809" 119.162215466198 125.81288822504 2 809 10
"810" 120.069002752816 124.799388960814 2 810 7
"811" 119.035427759617 121.427811881099 1 811 10
"812" 127.563466025004 121.29142673234 2 812 18
"813" 118.571241973067 123.494273564318 1 813 8
"814" 123.152236401952 123.722178505166 2 814 8
"815" 121.42102098616 130.956910977203 2 815 6
"816" 127.33538699478 127.230782803931 2 816 14
"817" 119.37653145083 120.938139719212 2 817 12
"818" 124.470982373674 124.445020585155 1 818 12
"819" 122.386077428841 122.906585789402 2 819 9
"820" 120.928926931014 127.246906551956 2 820 7
"821" 116.405613109204 125.946119831245 2 821 10
"822" 127.523508980415 122.180466325763 1 822 6
"823" 123.048771122488 130.357876591462 2 823 13
"824" 122.44005499144 119.253664171831 2 824 6
"825" 120.671370124229 128.199824506976 1 825 6
"826" 120.706083411414 119.139080585318 2 826 12
"827" 120.774253210512 119.914903988661 1 827 15
"828" 113.916172432176 129.294497067608 2 828 24
"829" 128.180140060434 129.123875923489 1 829 13
"830" 120.39960618993 127.470386740526 2 830 10
"831" 121.381410504757 129.677049421003 2 831 13
"832" 119.051494384312 129.048338695306 1 832 18
"833" 125.33140191874 120.428994745795 2 833 21
"834" 121.864272455697 121.399609657389 1 834 10
"835" 120.376903322666 119.975663540975 2 835 12
"836" 122.462115900719 131.181045825268 2 836 21
"837" 122.522376399907 134.82094849944 2 837 14
"838" 125.661913355232 121.351514888941 0 838 0
"839" 119.636418987684 117.197388353399 2 839 15
"840" 119.110283229994 126.553413714328 2 840 10
"841" 117.532805540873 115.984577054845 2 841 17
"842" 120.582664037554 125.52150158073 2 842 9
"843" 121.001958744552 126.86968644968 2 843 14
"844" 120.415444073199 125.752929960609 1 844 10
"845" 121.481079983098 131.143956548059 2 845 13
"846" 120.807431062105 130.21189895859 2 846 11
"847" 123.276894429609 124.96271317719 2 847 14
"848" 119.537997762815 120.830278623298 2 848 13
"849" 122.444081481904 125.076130705668 2 849 7
"850" 116.968497033267 125.861545937868 1 850 8
"851" 121.872793939988 126.587463015277 2 851 9
"852" 117.0530887104 117.534977271112 2 852 38
"853" 124.438671498892 123.139536273511 2 853 7
"854" 121.050382744976 123.505596467238 2 854 19
"855" 123.534901957117 119.592787706993 2 855 5
"856" 122.666697726163 122.816145301398 1 856 8
"857" 120.855585806878 117.312471632132 2 857 7
"858" 119.296633540849 119.514498205189 1 858 17
"859" 117.317594098942 128.241330800114 1 859 9
"860" 124.726214066 124.445445331273 2 860 11
"861" 125.549562494775 125.846837820485 1 861 15
"862" 114.0551226926 124.561780586545 1 862 13
"863" 122.014689005504 120.212023911684 2 863 12
"864" 117.729126624185 125.300459231205 2 864 9
"865" 120.195319643993 121.797017289066 2 865 7
"866" 121.8595088199 129.576204024511 2 866 11
"867" 119.984461781147 120.456251913908 1 867 8
"868" 119.985938977653 127.514269648756 2 868 6
"869" 119.713345448593 127.59034138227 2 869 11
"870" 119.496648876833 124.627253342535 2 870 9
"871" 119.279305935598 115.753460828642 1 871 21
"872" 120.481755386232 129.017441106436 2 872 8
"873" 122.341057449968 126.806508204405 2 873 6
"874" 118.81666357889 127.17998540716 2 874 9
"875" 114.420681446675 124.93604622941 2 875 12
"876" 119.764957227131 126.274723800483 2 876 8
"877" 121.11102319294 120.262453446619 1 877 6
"878" 121.988653564745 121.896082209185 1 878 12
"879" 118.700196968007 121.045651507548 1 879 10
"880" 122.260954321071 122.990560099477 2 880 8
"881" 123.214420295114 118.875475732631 2 881 9
"882" 122.689358894537 119.047996938628 2 882 36
"883" 120.692213462388 125.336920336261 2 883 10
"884" 116.622340054648 122.826423498496 1 884 3
"885" 121.26614797995 130.927414898312 2 885 9
"886" 123.534714018581 115.599693115431 0 886 0
"887" 119.815102747124 118.2147573845 1 887 20
"888" 122.014644838569 121.686875003388 1 888 10
"889" 119.756480179742 128.780416169324 2 889 6
"890" 121.568700203967 124.81902209708 2 890 13
"891" 120.743944539876 126.385753647216 2 891 24
"892" 120.631532860695 133.049287328938 2 892 5
"893" 121.322193195473 124.481490745013 2 893 9
"894" 118.135172183259 127.054737181276 2 894 7
"895" 115.421190790565 123.467978294014 2 895 5
"896" 119.79170985802 114.99053322289 2 896 25
"897" 121.980638330891 121.506197541984 2 897 10
"898" 121.006456789868 129.456937580921 1 898 12
"899" 126.124800223748 122.312949046131 2 899 9
"900" 120.624781486675 123.996389367853 1 900 9
"901" 116.158688950898 124.745854420048 2 901 6
"902" 116.676672540409 125.294407352867 2 902 9
"903" 119.221904309818 128.396043392252 2 903 7
"904" 122.306114195297 116.133121575875 2 904 34
"905" 123.498688259095 122.309750219129 2 905 7
"906" 119.001011260016 122.001825901327 2 906 12
"907" 119.052284671126 125.941747133193 2 907 10
"908" 119.092180205117 127.41856444186 1 908 9
"909" 119.966445936612 124.553827874663 1 909 7
"910" 117.760377595796 123.546928895103 1 910 12
"911" 122.140110711487 124.092241230424 2 911 8
"912" 119.494002336826 117.269460879704 1 912 16
"913" 119.066126935445 124.367293004017 1 913 11
"914" 123.57806385331 124.274239184482 1 914 7
"915" 117.983208811252 125.827294327832 2 915 6
"916" 116.910200643075 123.180895449849 1 916 5
"917" 121.51108090565 134.15708471351 2 917 10
"918" 119.455141790906 124.27668240026 2 918 8
"919" 121.461536442172 124.4954167473 1 919 10
"920" 123.119012895189 123.773710410512 2 920 7
"921" 119.932633132175 126.705651914026 2 921 8
"922" 127.684322040991 130.065456691465 2 922 34
"923" 121.706262461646 123.178292352887 1 923 6
"924" 122.496917800254 127.491214473541 2 924 6
"925" 123.21906860304 126.31107914972 2 925 11
"926" 120.736611762368 122.116476122636 2 926 6
"927" 117.723776935093 125.975482084468 1 927 11
"928" 121.5887433158 127.389661772802 1 928 8
"929" 118.730500910637 129.419211248712 1 929 14
"930" 124.707942397412 122.945526932042 1 930 10
"931" 118.220216562837 131.152826815795 2 931 13
"932" 123.559279031591 119.576574655845 1 932 6
"933" 115.594477776564 119.867871059375 1 933 34
"934" 120.371473910584 127.490012275655 2 934 10
"935" 127.445903635515 127.237890637151 1 935 13
"936" 122.745310332757 124.209103222478 2 936 7
"937" 117.455993236215 129.310269476832 2 937 8
"938" 120.59640881427 121.646054155503 1 938 8
"939" 122.618117307704 122.229549674188 2 939 7
"940" 116.519793477194 118.260712751429 2 940 26
"941" 121.220433422691 132.917798916893 2 941 14
"942" 127.756251993746 119.046858418848 2 942 42
"943" 123.812421027783 122.434651075557 1 943 4
"944" 121.844678153019 124.605035562927 2 944 9
"945" 117.561407131887 121.314371367278 2 945 11
"946" 123.779993082956 132.354019218029 2 946 20
"947" 117.490333908944 119.68594060817 1 947 27
"948" 124.617556093421 119.837665538848 1 948 7
"949" 118.520766587214 116.52490652492 1 949 11
"950" 121.03474214116 127.454088675153 2 950 10
"951" 121.766975696456 123.339145167228 2 951 6
"952" 120.382023567522 122.385933613895 2 952 4
"953" 120.234327742256 121.261032524031 2 953 7
"954" 120.690100719536 120.552823501773 2 954 7
"955" 114.663579707677 121.355068323452 1 955 8
"956" 124.031789235738 125.691422515895 2 956 6
"957" 121.013653959259 124.369730284958 2 957 8
"958" 121.797028114899 129.02354564522 1 958 6
"959" 124.421182178962 121.130070753795 2 959 4
"960" 121.525675854299 122.88443481716 1 960 7
"961" 122.615114552954 129.934596020762 2 961 8
"962" 119.517795774532 132.38331241332 1 962 7
"963" 122.819951935707 122.582486458776 1 963 9
"964" 123.545122078806 127.559059915981 2 964 20
"965" 123.584097915953 121.208026214978 2 965 5
"966" 120.559373209854 119.981262070272 2 966 8
"967" 118.896994633809 124.732867821379 2 967 8
"968" 119.149178618666 127.677780633185 1 968 9
"969" 117.697764364672 123.458637558033 1 969 11
"970" 127.006945459814 118.257087911954 2 970 33
"971" 120.226114980424 121.264903641014 1 971 8
"972" 118.9819478826 122.261413784793 1 972 6
"973" 117.780001826876 126.214104874126 1 973 8
"974" 117.051949284381 137.315754691338 2 974 42
"975" 122.701865393626 126.848800006459 2 975 8
"976" 122.954658155202 131.51147143478 2 976 10
"977" 124.625208633449 121.995975922445 2 977 7
"978" 122.898527400959 123.18383759182 1 978 7
"979" 121.248558406963 126.347459945064 2 979 25
"980" 116.135895171449 114.614163446463 2 980 37
"981" 122.821355480609 126.132444518429 1 981 9
"982" 120.470349223609 125.69369880529 1 982 9
"983" 120.4150098965 124.197521868364 2 983 12
"984" 119.197877857651 122.691157519861 1 984 6
"985" 121.298509179742 120.425229802313 2 985 8
"986" 119.06182448272 127.425042140485 2 986 8
"987" 115.274274826024 121.015145243626 1 987 14
"988" 125.048459570811 123.412822622067 2 988 7
"989" 123.675971693379 121.161465998664 2 989 6
"990" 119.919484838724 114.850039849818 2 990 43
"991" 117.776295322865 124.406540682141 2 991 6
"992" 129.858518445945 124.028716741423 0 992 0
"993" 125.355482420267 123.187038670853 1 993 4
"994" 123.657671953013 128.50869734755 1 994 15
"995" 117.022496516054 125.583176591921 2 995 6
"996" 122.874474887369 121.152484447583 2 996 8
"997" 123.154334699671 126.52167289588 2 997 10
"998" 123.83189658301 126.447357597504 1 998 9
"999" 126.114388105485 121.804615975302 2 999 10
"1000" 119.098649936346 122.995384494493 1 1000 5
"1001" 124.24752562034 120.763270018725 1 1001 3
"1002" 120.611995481121 115.998223799312 1 1002 16
"1003" 118.402882685332 124.999969042535 2 1003 18
"1004" 118.983934751102 123.218492818742 2 1004 7
"1005" 123.842505645757 127.91952848357 2 1005 19
"1006" 122.700210729702 123.03709335808 2 1006 9
"1007" 121.6297116716 121.48242805966 1 1007 8
"1008" 122.24165754086 129.376011096068 2 1008 13
"1009" 121.25092035101 125.668640612397 2 1009 11
"1010" 118.55252699408 119.75743855343 2 1010 12
"1011" 123.007087750931 126.103613429779 2 1011 8
"1012" 118.035150859891 122.649674723339 2 1012 5
"1013" 121.712238782578 123.166159646773 2 1013 7
"1014" 121.424753785761 120.712888583966 2 1014 15
"1015" 115.292274810503 134.278989345577 2 1015 20
"1016" 122.873313127866 124.719351293432 2 1016 10
"1017" 120.351616878802 117.360895095787 2 1017 16
"1018" 120.439491761673 128.992192451813 1 1018 7
"1019" 120.4544344502 126.005768764932 2 1019 15
"1020" 119.227891732019 122.83566115853 2 1020 7
"1021" 118.760227729569 126.053327235244 1 1021 8
"1022" 126.5624861556 130.151769432467 1 1022 12
"1023" 126.743538233211 126.833527922361 2 1023 17
"1024" 120.405815406581 124.818706496621 1 1024 7
"1025" 120.525037462626 120.689860894857 1 1025 13
"1026" 120.354242936011 122.123924713037 2 1026 5
"1027" 122.603416725184 120.399203839953 1 1027 6
"1028" 120.772468327592 117.468159796107 2 1028 23
"1029" 122.924362051009 128.279589308273 1 1029 13
"1030" 122.194258104359 121.45786218742 2 1030 9
"1031" 118.805334009782 119.28277394903 2 1031 13
"1032" 118.433144377906 131.626100490385 2 1032 12
"1033" 119.303567153861 129.157256117942 1 1033 23
"1034" 117.323884019475 118.670185777376 2 1034 11
"1035" 112.048453742321 119.866289061949 0 1035 0
"1036" 118.782495709008 121.276855958238 1 1036 8
"1037" 122.108284328932 134.399156705635 2 1037 15
"1038" 116.817172518394 126.513994590148 2 1038 5
"1039" 88.4626357266218 2.57405499745903 1 1039 14
"1040" 87.8367764122909 16.1789146605772 2 1040 12
"1041" 88.9569589424968 6.90184515988151 2 1041 8
"1042" 88.4936265745483 6.4937906791152 1 1042 10
"1043" 86.935553836973 1.36595037965744 2 1043 28
"1044" 88.1449922623065 14.1347448935492 2 1044 11
"1045" 88.5481625390536 7.74914830809058 2 1045 9
"1046" 87.447476609347 8.68683770756055 1 1046 10
"1047" 87.4451186159255 3.17418981439484 2 1047 11
"1048" 89.1275694502542 5.5622536671672 1 1048 12
"1049" 88.3686774163026 12.0481345900456 2 1049 8
"1050" 87.9592983541156 12.2473543317199 2 1050 7
"1051" 90.3718776245857 6.24997127880507 1 1051 13
"1052" 89.7227928831017 4.91629443803248 1 1052 25
"1053" 89.2128238091807 1.28178359587282 1 1053 12
"1054" 89.3752423738499 3.08452271896992 1 1054 26
"1055" 86.617690008844 5.17080106731715 1 1055 24
"1056" 85.3657106932079 9.79510331093324 2 1056 43
"1057" 88.4628521009248 13.7114530599126 2 1057 13
"1058" 88.5816611284589 5.9049907849428 2 1058 13
"1059" 88.4257313964794 14.7633422073698 2 1059 7
"1060" 89.4120716978743 8.24719567823174 2 1060 12
"1061" 90.3808757191793 11.7566403528168 2 1061 11
"1062" 87.6703715284808 0.460801211477774 1 1062 14
"1063" 88.5878518732674 7.77494775224686 1 1063 8
"1064" 85.3071564543567 14.0307256701382 1 1064 13
"1065" 89.7949552931307 5.2103401455093 2 1065 16
"1066" 87.4960313468865 7.55170172158712 2 1066 10
"1067" 87.2105229468793 2.23833047786872 2 1067 14
"1068" 88.3637665859236 15.8919590037015 2 1068 9
"1069" 87.4731937726791 14.4147857425374 1 1069 8
"1070" 90.1064745255454 0.844142759045774 1 1070 18
"1071" 86.4448445986397 22.0325162821528 1 1071 17
"1072" 87.6415837933367 22.91266438466 2 1072 32
"1073" 89.8430286570499 14.2814027335041 2 1073 11
"1074" 90.4586885659571 7.15959566819967 1 1074 9
"1075" 88.8439507799541 11.6700589791478 2 1075 8
"1076" 86.9648449398242 6.49780182130295 1 1076 14
"1077" 91.1037154310882 7.60435216363023 1 1077 14
"1078" 89.5863451063694 1.06575602955282 1 1078 15
"1079" 88.4821694870227 8.96729115442321 2 1079 9
"1080" 89.6254523882433 5.39206873394235 1 1080 14
"1081" 86.8933532850721 10.2301796156328 1 1081 10
"1082" 89.0827391861514 11.9365911835695 2 1082 7
"1083" 87.3102893059782 9.25608885271249 2 1083 9
"1084" 88.2855445754271 8.1263305384062 2 1084 12
"1085" 89.0727631420952 5.20751663618632 2 1085 12
"1086" 88.9041081378216 12.6877867231179 2 1086 12
"1087" 87.0478305152224 8.38609179451179 1 1087 10
"1088" 89.5516117405387 15.7148369244892 1 1088 12
"1089" 87.1769162899782 5.93957987255649 1 1089 10
"1090" 88.0521840395609 4.03163663736009 2 1090 10
"1091" 86.4533924052931 12.0508462142834 2 1091 11
"1092" 89.3946266963229 9.70347357162384 1 1092 10
"1093" 87.8479026777296 10.4781083719223 2 1093 8
"1094" 88.7866227408724 3.95964280671317 2 1094 10
"1095" 88.3405343656677 7.52252896326447 2 1095 9
"1096" 86.5987586270153 6.21455262160084 1 1096 21
"1097" 89.2431199585319 7.69393235811825 1 1097 10
"1098" 86.7157326256909 7.69371915543792 1 1098 9
"1099" 89.3703198129978 17.3449770675858 1 1099 21
"1100" 85.9602431821375 18.3725498079303 1 1100 16
"1101" 88.4512420776775 7.04009529034188 2 1101 10
"1102" 86.7257240492191 3.80409207381756 1 1102 25
"1103" 89.9054888244668 11.0439008044015 1 1103 20
"1104" 86.8504792548115 10.3791457733721 1 1104 11
"1105" 90.6687085327867 2.98943384786277 1 1105 21
"1106" 88.9640251740844 9.91630328723964 2 1106 11
"1107" 88.0433880665053 14.5282249465013 1 1107 7
"1108" 91.2198549837067 3.73529366788416 2 1108 27
"1109" 89.3648270848047 7.06704057731945 1 1109 8
"1110" 88.7767754286455 13.1360250493986 1 1110 10
"1111" 86.6594246009883 5.65525450021539 2 1111 23
"1112" 88.0859547835226 3.37584812484143 1 1112 10
"1113" 87.9765692753714 8.55537335437513 1 1113 15
"1114" 87.8779023673717 8.0377077420751 1 1114 12
"1115" 91.5641165224216 2.96547673468444 2 1115 24
"1116" 89.0643663070994 10.4024978035233 2 1116 12
"1117" 89.5862980287313 8.14602453558723 2 1117 10
"1118" 90.2314412009015 10.7415225283445 2 1118 10
"1119" 90.2868206729998 12.3763206349756 2 1119 8
"1120" 89.3997977258897 14.0695869292965 1 1120 9
"1121" 90.8159320466626 12.7079477893681 2 1121 9
"1122" 88.413104054933 5.62874897579464 1 1122 9
"1123" 88.4766302147834 17.1972044290339 1 1123 14
"1124" 89.7241793283435 13.3262675786092 2 1124 15
"1125" 88.822336444343 7.52045027308441 1 1125 10
"1126" 88.1716157429701 15.3409320049517 2 1126 9
"1127" 89.7414923165286 8.7666183849556 1 1127 19
"1128" 89.0227435048577 8.95712468992852 1 1128 10
"1129" 89.9862936826975 7.15534463801355 1 1129 11
"1130" 89.1872996097681 12.907424067408 1 1130 11
"1131" 86.8909977999612 14.6975726991616 2 1131 9
"1132" 88.4778696593923 12.7040786244207 1 1132 13
"1133" 88.2752676876914 -3.17478420189592 2 1133 10
"1134" 90.0401097371306 15.1576419714923 2 1134 10
"1135" 87.2194672577813 5.79007716813484 1 1135 10
"1136" 85.7385032667192 16.4978190852133 2 1136 27
"1137" 88.5238481763949 14.090307643821 2 1137 13
"1138" 86.8056727024221 13.4063904287571 1 1138 16
"1139" 87.8624615606655 11.7674105649645 1 1139 15
"1140" 89.7801161085862 10.654166295673 2 1140 10
"1141" 86.2758935223428 19.8027118390746 1 1141 29
"1142" 88.9306543413717 -1.42983540714739 2 1142 14
"1143" 88.5409881864433 14.6643543510469 2 1143 8
"1144" 89.1831065314372 14.5951342458384 1 1144 9
"1145" 90.4858869307505 7.77806055784378 2 1145 15
"1146" 89.9040944157577 2.97333486465103 2 1146 20
"1147" 87.8365736173191 6.60952781299541 2 1147 8
"1148" 85.0183959814474 13.6306642594678 1 1148 8
"1149" 88.2423561414444 8.61002398730561 1 1149 11
"1150" 88.1071025569426 3.33350769478758 1 1150 11
"1151" 90.8854161110724 7.8432422743613 2 1151 13
"1152" 87.4765539163089 7.36443605970385 2 1152 14
"1153" 88.9219400474904 8.78038410902068 2 1153 9
"1154" 88.6275439584838 9.56509299922171 2 1154 8
"1155" 88.9445843528695 2.35963767366345 2 1155 14
"1156" 87.3238025567 14.3157236727597 2 1156 9
"1157" 87.6744572509367 6.42665906042282 2 1157 9
"1158" 87.6945649793036 13.7837357007924 1 1158 9
"1159" 88.4411710209834 7.57680505514207 2 1159 9
"1160" 86.2960216739619 5.76390726430303 1 1160 30
"1161" 88.0425860646683 18.2362542568445 1 1161 24
"1162" 89.0611280016784 13.5346114971623 2 1162 9
"1163" 88.7894905796485 13.4108510526307 2 1163 8
"1164" 89.0945403634122 6.75274102347587 2 1164 8
"1165" 90.0184246764541 6.24792076485258 1 1165 14
"1166" 86.9775018797807 7.17525607456434 1 1166 12
"1167" 88.7482831888238 7.46874943466314 1 1167 11
"1168" 86.9451884845792 16.5690989079314 1 1168 9
"1169" 89.5818337724229 10.2915572115303 2 1169 8
"1170" 88.6322821739057 13.4907285631697 2 1170 7
"1171" 88.1192684252288 8.27824991565853 2 1171 10
"1172" 84.885951174778 5.04197057203268 2 1172 41
"1173" 89.2050808036926 11.7923935063491 2 1173 7
"1174" 90.541813383079 8.83231251220235 1 1174 11
"1175" 87.4203156986869 13.8891396056449 2 1175 15
"1176" 89.6653188738416 6.82181024990104 1 1176 9
"1177" 89.3509945883882 18.3379265773196 1 1177 14
"1178" 88.5763570795221 10.4442254250741 2 1178 14
"1179" 87.8312106622864 12.1567055690697 2 1179 8
"1180" 90.6760804156036 10.9875838002746 2 1180 10
"1181" 85.9830987375491 6.70051466580637 2 1181 15
"1182" 87.3734387737292 6.10185818061677 1 1182 16
"1183" 86.993862012726 9.12888516472675 2 1183 9
"1184" 88.4199128270503 7.56422743801396 1 1184 8
"1185" 90.3278625191816 13.3549339847266 1 1185 14
"1186" 86.7467136101429 2.87422206926615 2 1186 18
"1187" 88.5574759981813 22.65774418576 1 1187 36
"1188" 89.2239914679231 15.1391961908869 2 1188 15
"1189" 87.30244745095 1.98711176438133 2 1189 15
"1190" 86.1094511374454 17.4793580294916 1 1190 29
"1191" 87.5081883705354 8.39988194296529 1 1191 9
"1192" 86.3390762399753 13.9746864561706 2 1192 8
"1193" 86.8682481248948 4.78849604908423 2 1193 13
"1194" 89.4360792584922 7.69936840096911 1 1194 9
"1195" 87.5862240273267 16.1762721318457 1 1195 18
"1196" 90.7487823039654 11.5180159108476 1 1196 17
"1197" 88.7647295605141 9.25615852367883 2 1197 8
"1198" 89.6861813002262 12.0140434821064 1 1198 10
"1199" 88.6255812945332 13.7890670414883 2 1199 12
"1200" 89.5170154135489 6.60623528257848 2 1200 17
"1201" 87.5765566718854 5.15660232762109 1 1201 15
"1202" 89.3099040290712 14.0776294134666 1 1202 8
"1203" 88.1771964865867 19.616519175008 2 1203 12
"1204" 89.222532635741 10.3080608531593 2 1204 9
"1205" 87.1734649160739 -3.26921209638639 1 1205 15
"1206" 87.7714206283491 21.5623214369979 2 1206 47
"1207" 88.8044767819474 17.686246274537 2 1207 15
"1208" 89.4197520257891 11.3745383046722 1 1208 9
"1209" 88.805761968326 6.7663514500618 1 1209 13
"1210" 88.7161933982357 10.8580553288393 2 1210 10
"1211" 87.0298523186357 13.3588132775737 2 1211 11
"1212" 88.8735435541765 2.28807525849272 1 1212 13
"1213" 91.3937338607272 14.2687532507017 2 1213 8
"1214" 88.263684565824 9.04041880571396 2 1214 9
"1215" 89.4434098090478 7.10392323056578 1 1215 8
"1216" 88.9956240474175 11.1998274691264 2 1216 8
"1217" 87.6199897010195 8.30015504190659 1 1217 8
"1218" 88.3902874314828 0.17220044489404 1 1218 16
"1219" 88.9599155999172 8.79242685301055 2 1219 10
"1220" 89.7512502648906 5.7809017912976 2 1220 13
"1221" 87.7081165519028 12.8890464900057 1 1221 15
"1222" 87.1952945680754 3.05103798810611 1 1222 12
"1223" 89.9335539473511 6.40612096675508 2 1223 19
"1224" 87.6491324881899 9.99290691749643 2 1224 8
"1225" 88.0066584427003 10.9582166428972 2 1225 8
"1226" 88.6832337915 15.2570552065895 2 1226 6
"1227" 87.0441915514684 15.9187849747876 2 1227 34
"1228" 88.8613223288825 11.8151260492599 2 1228 16
"1229" 88.3448812458005 9.91024802351014 1 1229 9
"1230" 89.8491641472105 10.5337680667086 2 1230 9
"1231" 89.0116897271177 8.56602827161612 1 1231 10
"1232" 89.3710366087371 11.9764858503918 1 1232 6
"1233" 89.2398261245115 12.1240706353189 2 1233 9
"1234" 88.8384813024288 7.10386901878221 2 1234 8
"1235" 90.9646772338511 17.980984430612 1 1235 31
"1236" 89.6255196869321 14.7008651995056 1 1236 8
"1237" 87.3093570551305 5.8204112113461 1 1237 9
"1238" 87.6159396741335 18.5693800211552 1 1238 24
"1239" 88.8719089084281 4.54027046410408 2 1239 17
"1240" 89.3570460784982 11.8289358218825 1 1240 8
"1241" 88.9023456010673 11.6027271315549 2 1241 7
"1242" 88.6362680187036 15.5964317281073 1 1242 11
"1243" 88.3406522382752 4.15432684379736 1 1243 9
"1244" 88.3349366416153 8.24202151196227 2 1244 11
"1245" 88.5332821374276 18.8012769045426 2 1245 12
"1246" 88.7415662886268 4.05743798694284 1 1246 10
"1247" 87.6726474708579 7.93143871912947 2 1247 9
"1248" 89.7101290457411 12.8575243352467 1 1248 11
"1249" 88.5180996391384 6.18077853528389 1 1249 13
"1250" 88.2425808129065 10.3366598693984 1 1250 10
"1251" 86.6277336486129 12.7758382800588 1 1251 10
"1252" 89.7090869212881 4.1907109021225 2 1252 14
"1253" 90.4808517481825 8.51472980449977 1 1253 15
"1254" 86.664038878058 8.0331608538083 2 1254 7
"1255" 87.7803294958071 6.6838946892523 1 1255 9
"1256" 86.5904582411773 12.0737596466833 1 1256 10
"1257" 89.8001044121132 9.19650212849535 2 1257 10
"1258" 89.5455991503607 18.0372541937454 2 1258 19
"1259" 89.3390838116833 8.36974400276314 2 1259 12
"1260" 87.9931447733043 -2.7081604279232 1 1260 12
"1261" 88.9852650709668 11.5494007827421 1 1261 8
"1262" 86.673408952216 10.8282830653254 2 1262 17
"1263" 90.9148449770929 9.62932504448587 1 1263 18
"1264" 89.4543300698709 18.2535882940173 2 1264 16
"1265" 87.7095688682644 12.1895478286407 1 1265 9
"1266" 88.4994249823919 11.9395443051975 2 1266 8
"1267" 89.2080703063903 5.38328757746603 2 1267 11
"1268" 87.391265069844 3.8157103730037 1 1268 11
"1269" 91.4222356139447 15.2002817160455 2 1269 14
"1270" 89.8716400186319 17.3467477780795 2 1270 22
"1271" 88.5204501602103 6.69298923908146 2 1271 8
"1272" 88.1859674877584 -3.92540308605888 2 1272 10
"1273" 87.8118458822601 7.69085623782321 2 1273 8
"1274" 90.0462097869129 11.0771264416543 1 1274 22
"1275" 86.9367346964414 6.33869938176533 2 1275 16
"1276" 88.4447497401945 0.241395315899043 2 1276 17
"1277" 88.3902121493001 6.24249464779258 1 1277 13
"1278" 90.781765584838 8.74044915498062 2 1278 10
"1279" 88.8119115799907 12.4190517108379 1 1279 12
"1280" 89.5562280743854 9.60033775385437 1 1280 7
"1281" 90.1232449598189 13.5112137605296 1 1281 18
"1282" 86.4269748857828 10.7965461649282 2 1282 12
"1283" 88.2742904554296 -1.60783897377334 2 1283 23
"1284" 89.2351512052519 5.84761047987049 2 1284 11
"1285" 89.6416902268274 13.7641332773688 2 1285 12
"1286" 89.0007649248904 4.74875877620221 2 1286 18
"1287" 88.6346999480399 1.08756835599148 2 1287 11
"1288" 88.1994073813175 10.4311728756695 2 1288 9
"1289" 87.6165368163134 10.9304793276718 2 1289 8
"1290" 91.4189746294641 2.79837352351661 2 1290 25
"1291" 87.5894375203582 10.9358588108807 2 1291 7
"1292" 90.4113572590792 -4.69131875848785 0 1292 0
"1293" 88.5702918000771 1.85168755033126 2 1293 12
"1294" 91.8270590738367 7.77383018836577 1 1294 12
"1295" 91.4140144181467 14.2305411311316 2 1295 7
"1296" 90.3540035242415 2.30185849983887 1 1296 16
"1297" 90.0308778442196 13.1106452914853 1 1297 18
"1298" 88.04292867938 16.1702658260685 1 1298 10
"1299" 88.616404373295 12.203029186424 1 1299 9
"1300" 89.9088548547106 9.41804614442737 2 1300 11
"1301" 86.7120805942897 14.987861438311 2 1301 17
"1302" 87.499756605224 4.72024994993074 2 1302 10
"1303" 89.0321299050313 15.8726959315418 2 1303 25
"1304" 89.2576261069721 5.79307378427839 2 1304 12
"1305" 87.3113775780007 12.0453541126236 2 1305 24
"1306" 89.3910184386652 17.2550446445667 1 1306 22
"1307" 88.8771521583687 10.1566914905286 1 1307 9
"1308" 90.2923338045592 7.31259727631021 2 1308 8
"1309" 88.1543540043503 11.6183681920313 1 1309 16
"1310" 88.4156403133815 11.3859780456026 1 1310 8
"1311" 87.5418354518474 16.4037605504624 2 1311 13
"1312" 90.3093686856559 8.09919933748595 2 1312 11
"1313" 89.1933343787994 11.5616146232012 2 1313 8
"1314" 87.6586190175345 14.2071977110644 1 1314 12
"1315" 89.0479129029431 17.4289344652055 2 1315 15
"1316" 91.3951257672636 0.975118786912411 2 1316 21
"1317" 88.9641171704832 14.7593902979828 1 1317 10
"1318" 88.5715523677122 18.8921783482198 1 1318 12
"1319" 89.9173118993707 -2.1653499092175 1 1319 34
"1320" 89.7744808982721 3.06191584877637 1 1320 21
"1321" 89.3938978966755 8.39287175025393 1 1321 13
"1322" 87.9024783136033 4.05431277441618 2 1322 11
"1323" 89.1293796579536 9.0008883310917 1 1323 9
"1324" 89.1537430672558 12.5687031853548 1 1324 11
"1325" 90.6357135541252 8.57784795950283 1 1325 13
"1326" 90.8104408564111 3.97985040955695 1 1326 24
"1327" 88.3748945399653 5.66630207522244 2 1327 10
"1328" 88.6950454958157 13.6534064665993 2 1328 12
"1329" 88.6361304780572 8.9370770293356 1 1329 8
"1330" 88.6804431906011 15.0185243298114 2 1330 9
"1331" 90.5536654726907 9.18818976646384 2 1331 12
"1332" 90.9771560971944 6.20083108464074 2 1332 13
"1333" 88.975631413251 6.93170683837639 2 1333 9
"1334" 89.9070099972621 14.6347615212728 2 1334 10
"1335" 88.4399073966299 8.4346188487963 2 1335 11
"1336" 89.7843650065883 9.03766082779477 1 1336 11
"1337" 88.2268650353866 16.2758830357318 1 1337 11
"1338" 88.6746773543932 7.05806309123547 1 1338 9
"1339" 89.6961914271259 9.14856023714705 1 1339 11
"1340" 91.0470800884109 11.604128694495 2 1340 18
"1341" 89.390031966254 9.3482489824394 1 1341 16
"1342" 87.8930731425015 10.5080006448148 1 1342 9
"1343" 89.9757940946872 2.38901394907475 2 1343 14
"1344" 88.7043888963794 2.80564918553697 1 1344 15
"1345" 86.7432573366025 2.95203058177508 2 1345 19
"1346" 90.9441136933345 6.18789064088221 2 1346 12
"1347" 86.4142255040053 4.64368453517703 2 1347 16
"1348" 88.2261770872903 10.7068718438597 1 1348 10
"1349" 90.0677151682468 5.42686345993371 2 1349 13
"1350" 89.3106925195108 11.46313615569 2 1350 10
"1351" 90.4251567287226 14.6215763127145 2 1351 10
"1352" 89.8141657836756 10.4457912510862 2 1352 10
"1353" 87.1757797534283 12.6347843959284 2 1353 21
"1354" 87.1091051190636 14.2670893060511 2 1354 9
"1355" 88.4518225204447 12.3505504088933 1 1355 9
"1356" 87.0762802319977 17.1303848730554 2 1356 20
"1357" 88.3926499754636 4.53825619922705 2 1357 8
"1358" 89.1650378299193 5.86301124611195 2 1358 12
"1359" 88.6559227815448 9.47734618126572 1 1359 7
"1360" 93.0841457164751 7.9565387487851 1 1360 13
"1361" 86.8943700694786 10.6888729765178 2 1361 10
"1362" 88.7244546895055 16.0099081846027 2 1362 13
"1363" 89.1275816290373 7.17054165195501 2 1363 10
"1364" 87.4124691677924 6.96906970176211 2 1364 8
"1365" 90.3584165452281 8.59930069940589 2 1365 13
"1366" 88.6929981448589 18.6762570785025 1 1366 11
"1367" 89.1963213640274 -1.70006849480061 1 1367 23
"1368" 87.181287294561 9.09518689051729 2 1368 10
"1369" 89.7200149018107 3.08187749815062 1 1369 22
"1370" 88.873190929687 8.86719512045882 2 1370 10
"1371" 90.2134459261772 12.0908531437456 2 1371 9
"1372" 88.0184358402896 15.2517027019437 2 1372 7
"1373" 89.5195836986337 7.29891236956316 1 1373 7
"1374" 87.7131951074975 1.57355478559221 1 1374 47
"1375" 88.1983197219795 6.33992676691536 2 1375 12
"1376" 87.4432779758624 9.04441206918482 2 1376 10
"1377" 88.4900308063 14.1739113482039 2 1377 12
"1378" 88.7727451689578 1.75956821712289 1 1378 11
"1379" 88.9705622815645 7.58198637588569 1 1379 10
"1380" 88.8600619394628 8.51251435875611 2 1380 10
"1381" 90.0425027006353 9.97983649991427 1 1381 11
"1382" 86.4537744933136 12.9855467966426 2 1382 16
"1383" 89.8918482294276 5.87787478021013 1 1383 11
"1384" 89.6349881038871 10.2299343488664 1 1384 8
"1385" 90.7036093040022 6.33659651368855 2 1385 15
"1386" 86.0213774262818 8.39076772731761 2 1386 15
"1387" 88.8598613635367 -0.733354541778413 2 1387 16
"1388" 87.6228034061385 8.10309542744537 1 1388 10
"1389" 87.4835037027196 17.2060449805073 2 1389 10
"1390" 90.4652411486451 11.3149469286147 2 1390 10
"1391" 89.1825118215331 14.5828280933954 1 1391 10
"1392" 89.9947432444018 10.4792255257387 1 1392 9
"1393" 87.3180039508444 19.6799483871322 1 1393 17
"1394" 89.0616604024054 13.5295858893241 2 1394 10
"1395" 88.0924997210132 3.87187579615599 2 1395 9
"1396" 89.4864750755273 5.50150564410918 2 1396 14
"1397" 87.9390058488291 11.6994892731788 1 1397 14
"1398" 87.6543156504407 14.7104346953087 1 1398 9
"1399" 28.4969827429688 65.7167818302277 2 1399 33
"1400" 66.9567435507104 166.597052800572 0 1400 0
"1401" 101.735967057132 168.430336094983 0 1401 0
"1402" 3.86308808591155 108.668997065233 0 1402 0
"1403" 30.5202943866392 105.05253582309 0 1403 0
"1404" 133.964427306072 51.1502068537642 0 1404 0
"1405" 133.794859638897 24.3265045262723 0 1405 0
"1406" 49.3240380753919 159.057137785438 0 1406 0
"1407" 18.3490579499111 163.250611358246 2 1407 47
"1408" 2.19974652070149 -1.41657800197863 0 1408 0
"1409" 18.3370808034563 74.2307178461563 0 1409 0
"1410" 35.3129114161508 66.4614629489952 2 1410 17
"1411" 95.7967402337164 169.780424660845 0 1411 0
"1412" 26.0799752335729 124.231733171653 0 1412 0
"1413" 54.579904146918 87.1898434714785 0 1413 0
"1414" 83.3572874222393 60.6052971349677 1 1414 18
"1415" 105.078356315995 70.1535161744155 0 1415 0
"1416" 61.4191065624079 15.2384675506429 0 1416 0
"1417" 63.0500342794312 125.592016333493 0 1417 0
"1418" 20.8175639875137 150.731949263847 2 1418 1
"1419" 89.6474885410256 73.0579146891728 1 1419 6
"1420" 9.77143043347864 98.2750216810808 0 1420 0
"1421" 35.3302300559702 131.409231923394 0 1421 0
"1422" 131.190107320198 93.6429126533361 0 1422 0
"1423" 78.8096421617952 125.348298134586 0 1423 0
"1424" 121.038847379963 152.343232466892 2 1424 22
"1425" 84.7117092836152 55.2364171703334 2 1425 23
"1426" 72.1817520685042 60.571096874812 0 1426 0
"1427" 73.2536255302295 32.1660083414637 0 1427 0
"1428" 47.0920444730307 116.324296110289 0 1428 0
"1429" 3.13348469254527 3.60485112564989 0 1429 0
"1430" 113.294225030856 24.2122345043781 0 1430 0
"1431" 13.65282174814 148.62218255987 2 1431 18
"1432" 129.488119579279 145.942057153649 0 1432 0
"1433" 24.2886222963077 79.0282739310193 0 1433 0
"1434" 3.71804836468056 58.4797966755241 0 1434 0
"1435" 37.5982256456617 140.403117014889 0 1435 0
"1436" 125.372961663771 149.926967783417 1 1436 21
"1437" 42.7827801249404 140.252291632631 0 1437 0
"1438" 67.8346235515071 148.699306047546 0 1438 0
"1439" 129.106434362384 125.810890313942 1 1439 4
"1440" 40.5092084619888 16.7526328184653 0 1440 0
"1441" 97.9507618198623 4.35852484136244 1 1441 20
"1442" 46.3871485907442 24.1875598571575 1 1442 31
"1443" 131.950460926827 78.0524401898134 1 1443 30
"1444" 8.67011936192265 62.3084369558222 1 1444 50
"1445" 32.2277006542396 173.075609247535 0 1445 0
"1446" 48.1668075857656 63.4651123671379 0 1446 0
"1447" 82.674423669697 27.6385268203424 0 1447 0
"1448" 24.0446892274033 74.15208103889 0 1448 0
"1449" 109.551240884649 122.033215974256 1 1449 43
"1450" 128.730463847083 4.41984078682888 0 1450 0
"1451" 44.2804314087797 132.206984817034 1 1451 16
"1452" 95.2364654669728 36.2233408899895 0 1452 0
"1453" 135.806984020244 115.663661527697 0 1453 0
"1454" 105.19564689647 159.825925171432 0 1454 0
"1455" 92.0310262605284 169.074059309155 0 1455 0
"1456" 80.7828176438968 156.168247056865 0 1456 0
"1457" 17.3598480074038 -1.08921735511369 0 1457 0
"1458" 91.906133140201 90.183098990673 0 1458 0
"1459" 73.6824057219193 46.4074954368298 1 1459 35
"1460" 135.671453152466 111.487132717992 0 1460 0
"1461" 120.140224853584 50.7469561436159 1 1461 49
"1462" 16.6190450137287 107.378415978276 0 1462 0
"1463" 56.4714478500757 29.6419499835897 0 1463 0
"1464" 25.7916152000551 50.4031791824861 0 1464 0
"1465" 58.9315463417536 148.078473358211 0 1465 0
"1466" 105.155236262353 50.7292708733526 0 1466 0
"1467" 105.900413894266 16.2163761616553 0 1467 0
"1468" 22.8140903717836 124.926128855484 0 1468 0
"1469" 49.8857973548256 86.9611320128316 0 1469 0
"1470" 116.119255337505 135.746508190622 1 1470 19
"1471" 74.9746550213075 61.3812411227296 2 1471 26
"1472" 95.1747900308757 149.139368507087 0 1472 0
"1473" 100.261704733399 7.46628544413693 1 1473 42
"1474" 100.956704444409 136.784501501533 2 1474 38
"1475" 73.0367508014617 43.1068368458959 0 1475 0
"1476" 55.3419301832399 27.2587047628787 0 1476 0
"1477" 84.1858571155702 6.6303053610315 1 1477 23
"1478" 53.6670076158031 127.389882284543 0 1478 0
"1479" 101.119624057237 -2.79542060376949 0 1479 0
"1480" 118.630619612374 122.168929194649 1 1480 7
"1481" 116.126903116637 23.4693939898405 0 1481 0
"1482" 86.1965482026826 99.259274150275 0 1482 0
"1483" 51.8811323326403 144.789368489084 0 1483 0
"1484" 129.094656553477 70.8657783480797 2 1484 36
"1485" 29.6422446594581 127.419468170677 1 1485 11
"1486" 120.43367224961 98.2411973520203 0 1486 0
"1487" 126.886378709648 26.0351915096061 0 1487 0
"1488" 3.37323594377356 174.535535351247 1 1488 3
"1489" 115.120182219923 110.816068980542 0 1489 0
"1490" 4.62862336154424 150.304919654913 2 1490 3
"1491" 35.8733585666909 151.142083468443 0 1491 0
"1492" 9.08433706147707 32.427143396167 0 1492 0
"1493" 106.912327975437 112.743243496209 2 1493 31
"1494" 15.3724822923213 81.6273469673749 0 1494 0
"1495" 17.1226121549715 167.302023955733 2 1495 39
"1496" 29.683208351664 36.0736061771928 0 1496 0
"1497" 16.3015394959035 19.7834489743097 0 1497 0
"1498" 120.474370516957 129.923719585646 1 1498 12
"1499" 92.6875231062715 19.5776703180819 1 1499 42
"1500" 59.5328022953331 11.6742161067242 1 1500 15
"1501" 91.7568530116828 47.7868953987888 0 1501 0
"1502" 73.4558771209201 82.9179811003383 0 1502 0
"1503" 52.4451822697267 160.884127921247 2 1503 17
"1504" 119.612257859991 162.360649128566 2 1504 12
"1505" 40.3549503044917 89.4100258142116 2 1505 34
"1506" 5.28458135369859 122.440593797758 1 1506 40
"1507" 2.75287129855698 63.7890752622817 0 1507 0
"1508" 74.8023015003774 115.35708138136 0 1508 0
"1509" 88.6407020315394 77.2720115938125 0 1509 0
"1510" 65.617514557599 28.377257149319 2 1510 24
"1511" 129.180437312075 126.972461251491 2 1511 13
"1512" 118.420978296255 169.75848393606 0 1512 0
"1513" 102.122550675549 3.45726871474441 0 1513 0
"1514" 91.9206218891487 8.39752350021403 2 1514 20
"1515" 26.6994541696411 91.9979258784102 0 1515 0
"1516" 117.581646589819 127.505196340665 1 1516 4
"1517" 130.227329612539 108.297300139103 1 1517 18
"1518" 20.6924280936033 143.089887878938 1 1518 10
"1519" 82.3572103723027 93.8038071396389 2 1519 11
"1520" 9.15088356571342 9.31082060930653 2 1520 34
"1521" 48.3144904830276 69.4225514287647 0 1521 0
"1522" 112.940084080893 104.12960612914 0 1522 0
"1523" 133.711649420398 119.879470737301 0 1523 0
"1524" 49.8237079318757 57.3100633571151 0 1524 0
"1525" 126.142720326598 -0.323449275716769 0 1525 0
"1526" 65.9421373844698 146.129480969963 0 1526 0
"1527" 17.8261218488181 8.97927674434615 0 1527 0
"1528" 91.4839323846798 111.736784653195 0 1528 0
"1529" 59.9614592337157 64.285903442901 0 1529 0
"1530" 23.5303212242202 137.467654784113 1 1530 9
"1531" 33.8912603170626 76.3989901885908 2 1531 30
"1532" 129.570482969102 24.2082867250727 0 1532 0
"1533" 61.2191927035284 134.836677005329 0 1533 0
"1534" 83.2738777396476 37.2109782474578 0 1534 0
"1535" 126.334151188029 150.858139008231 1 1535 14
"1536" 29.5000716848747 86.1507459991517 1 1536 31
"1537" 48.4654017248072 77.5361704384641 1 1537 17
"1538" 43.270229238854 23.2761610492541 1 1538 29
"1539" 84.6266749098416 -1.38429946537963 0 1539 0
"1540" 90.9777923622849 102.130697072069 0 1540 0
"1541" 50.3737350213119 88.390823820501 0 1541 0
"1542" 112.591180700497 60.0431955086655 0 1542 0
"1543" 97.8736918685344 50.4149805361227 0 1543 0
"1544" 10.1377099676856 154.438046230825 1 1544 6
"1545" 87.7017672902017 126.127952954446 0 1545 0
"1546" 103.825359968094 28.9884990704746 0 1546 0
"1547" 93.8405374533145 52.826753153074 0 1547 0
"1548" 15.4729359522033 64.3112891412458 0 1548 0
"1549" 100.609996845725 106.276814891413 1 1549 46
"1550" 88.9637313918212 40.1243306012174 0 1550 0
"1551" 60.0429115107949 106.564398031099 0 1551 0
"1552" 96.9080081857626 69.5249627352669 1 1552 30
"1553" 70.0276472167771 2.54110423019067 1 1553 36
"1554" 44.8815091575648 61.0274551009411 0 1554 0
"1555" 12.7544676836617 -0.799806558445443 0 1555 0
"1556" 115.251391566071 36.8984724935177 0 1556 0
"1557" 49.9808023074164 148.967103823074 0 1557 0
"1558" 135.946342036081 41.959829592944 0 1558 0
"1559" 42.2605578870088 20.869203635319 1 1559 27
"1560" 131.116522185298 43.1355837587443 0 1560 0
"1561" 89.0597120892154 43.8358948683614 0 1561 0
"1562" 42.9972947869806 72.3391789334445 0 1562 0
"1563" 72.6101808174348 125.914294787491 0 1563 0
"1564" 30.1119753195646 80.257298270459 2 1564 43
"1565" 122.374708166423 77.0557355687469 0 1565 0
"1566" 34.8106524493192 152.053862313689 0 1566 0
"1567" 82.1492352852485 47.8181833661701 0 1567 0
"1568" 111.702814519651 48.9740860488569 0 1568 0
"1569" 81.9235941333699 31.9840540460416 0 1569 0
"1570" 105.470145963028 87.9485908742605 0 1570 0
"1571" 105.750744296686 68.6012999086407 0 1571 0
"1572" 49.4080717120334 132.324047924841 1 1572 32
"1573" 15.7897544340756 78.0055195309206 0 1573 0
"1574" 130.385451014611 108.647170896358 1 1574 21
"1575" 71.7811729041831 157.26124911798 0 1575 0
"1576" 70.6334795821038 84.5358000657579 2 1576 29
"1577" 60.3305219642662 64.4059023915512 0 1577 0
"1578" 21.0414503299217 11.5419867435352 0 1578 0
"1579" 77.5298066469896 133.202831274396 0 1579 0
"1580" 69.734199188034 127.618586452506 2 1580 31
"1581" 1.36010566864983 -1.18004393345439 0 1581 0
"1582" 48.0196183977213 131.092174939454 1 1582 30
"1583" 127.515209205677 38.1387094010667 0 1583 0
"1584" 61.7631013861713 79.850022642224 1 1584 38
"1585" 85.4245765798723 147.504385639061 0 1585 0
"1586" 112.388171114622 14.6957408314091 0 1586 0
"1587" 98.1988934418123 150.223212296764 0 1587 0
"1588" 85.710623810636 120.337111872288 0 1588 0
"1589" 44.2740378332836 150.264560233886 0 1589 0
"1590" 131.632750630085 139.578538471052 2 1590 39
"1591" 37.8960228457757 79.4807897156466 2 1591 40
"1592" 39.2365164507202 140.689752784751 0 1592 0
"1593" 47.9975869006943 20.7362556789197 0 1593 0
"1594" 43.6097654311739 118.043070382476 0 1594 0
"1595" 36.0818429910772 58.3868449887029 2 1595 27
"1596" 5.5107717673636 111.412532560947 0 1596 0
"1597" 31.5026172975195 135.034396146373 0 1597 0
"1598" 32.3070717346895 175.177134462549 0 1598 0
"1599" 79.3457179322587 26.2184373034842 1 1599 21
"1600" 103.558496342682 172.582008786494 0 1600 0
"1601" 87.8392274392134 106.088813854103 0 1601 0
"1602" 128.920019777685 141.473742334838 1 1602 41
"1603" 12.3145488855994 13.3864689045992 0 1603 0
"1604" 85.2894771619413 69.8223746378519 1 1604 24
"1605" 126.196535865128 143.93103852302 2 1605 44
"1606" 92.0983755879621 83.9065468048135 1 1606 43
"1607" 56.4826155930744 118.393415746453 0 1607 0
"1608" 110.379952338265 102.092525484539 0 1608 0
"1609" 27.5745896331142 8.38563650199892 0 1609 0
"1610" 82.3781284769032 18.0153411203617 0 1610 0
"1611" 56.1479955499931 20.7231872967067 0 1611 0
"1612" 73.5232225255072 64.434283932225 0 1612 0
"1613" 78.7263702217342 104.554576706649 0 1613 0
"1614" 123.739581693126 62.9416992126715 2 1614 47
"1615" 24.4608085268147 36.0590057877758 0 1615 0
"1616" 66.6186389759241 1.00553309719516 1 1616 39
"1617" 38.3448930418171 104.909283323856 0 1617 0
"1618" 129.513644908954 128.913797961368 1 1618 20
"1619" 126.200699334006 2.57531136202487 0 1619 0
"1620" 116.597272125109 50.9916878732027 0 1620 0
"1621" 76.6356293384499 31.8087696364265 2 1621 25
"1622" 18.342195878977 136.544191068562 0 1622 0
"1623" 39.1884393090436 160.100430626999 2 1623 15
"1624" 123.861281996006 58.7705240271346 1 1624 45
"1625" 94.9256662451113 100.6967428544 0 1625 0
"1626" 79.7068717612963 82.631361504061 0 1626 0
"1627" 98.4894785202109 143.603395006023 0 1627 0
"1628" 38.3709757953295 109.985048573303 0 1628 0
"1629" 60.7194502743837 171.432179536299 0 1629 0
"1630" 78.8176044013666 132.386152856322 0 1630 0
"1631" 12.6431703268861 73.1307189497992 0 1631 0
"1632" 71.2868187894745 169.852985060685 0 1632 0
"1633" 55.5692086806441 93.9655136991201 0 1633 0
"1634" 116.604110247698 38.8716760677905 1 1634 39
"1635" 22.5959383135671 155.923645386364 1 1635 13
"1636" 10.2236616231949 132.172366473901 0 1636 0
"1637" 75.5274822322719 98.1758972995334 0 1637 0
"1638" 119.717647473159 128.32553246103 2 1638 6
"1639" 5.68886102773487 127.46298592409 0 1639 0
"1640" 33.0406312238769 75.5300034642674 1 1640 28
"1641" 25.1513004758918 114.589388184468 0 1641 0
"1642" 78.07674648784 17.7447384848864 1 1642 38
"1643" 22.3515988187804 160.941917899527 0 1643 0
"1644" 128.175713745328 158.540547537327 0 1644 0
"1645" 120.81411098202 68.9098040411602 0 1645 0
"1646" 49.8142768077286 7.50755490166185 0 1646 0
"1647" 56.0805852918947 63.9992304654138 0 1647 0
"1648" 81.5690088261294 16.4872573934137 1 1648 8
"1649" 14.441258506926 19.4357833973504 0 1649 0
"1650" 51.4463573670948 108.60034430404 0 1650 0
"1651" 108.088150638028 100.804688459934 0 1651 0
"1652" 89.4896484766491 54.343310142123 0 1652 0
"1653" 108.132885166464 32.3282474141291 0 1653 0
"1654" 60.9448104681973 154.500585167464 0 1654 0
"1655" 11.263401182451 168.796505845162 2 1655 5
"1656" 105.946982353456 137.21349628482 1 1656 49
"1657" 88.4898378639182 15.8676999032485 2 1657 10
"1658" 41.9620158838631 166.46703838049 0 1658 0
"1659" 20.8559599552125 106.689068757427 0 1659 0
"1660" 116.656255444501 128.391491943252 2 1660 13
"1661" 56.1915593618257 153.208734579802 0 1661 0
"1662" 116.19274195834 123.837238530248 2 1662 5
"1663" 103.67344182019 76.682052559925 0 1663 0
"1664" 70.0819984453099 160.28883705144 0 1664 0
"1665" 124.93171213493 147.095169306353 0 1665 0
"1666" 10.340463999091 115.485357643883 0 1666 0
"1667" 28.6194025401928 89.6556703876281 0 1667 0
"1668" 108.048711730961 117.07959937752 0 1668 0
"1669" 9.64805390460254 -0.269749454568499 0 1669 0
"1670" 13.5350390718769 44.9449211809615 0 1670 0
"1671" 40.4143254023633 91.2779657068923 2 1671 48
"1672" 118.178494023156 149.173753255051 2 1672 2
"1673" 28.3706502543223 33.9785862629052 0 1673 0
"1674" 22.9043046429533 31.0609846977963 0 1674 0
"1675" 14.7037545805332 157.58034979777 2 1675 23
"1676" 54.2398452352976 153.552747105424 0 1676 0
"1677" 119.015549054989 115.209352025476 1 1677 22
"1678" 27.172968858131 30.6078504621029 0 1678 0
"1679" 132.877261323126 123.420708385175 2 1679 27
"1680" 25.2032729092684 77.5707697168788 0 1680 0
"1681" 51.8672288154508 93.4111784103523 1 1681 37
"1682" 58.6628442300233 102.87565682902 0 1682 0
"1683" 82.8395483335422 23.6848002447685 2 1683 39
"1684" 82.2915654267801 173.037235406394 0 1684 0
"1685" 106.941277981771 152.103773200246 0 1685 0
"1686" 83.8963088075473 32.4345748231749 0 1686 0
"1687" 83.3806178560067 158.427813796486 0 1687 0
"1688" 123.158645958045 43.8085004610661 0 1688 0
"1689" 72.8248205043903 113.258485596416 0 1689 0
"1690" 86.0703124564934 165.180014183272 0 1690 0
"1691" 101.539668322784 157.365800491434 0 1691 0
"1692" 21.6772080034836 128.425485675948 2 1692 44
"1693" 86.0624767919944 41.3243369736117 0 1693 0
"1694" 39.0725175172867 62.5355381371708 0 1694 0
"1695" 94.6586011941839 72.8107757351822 2 1695 34
"1696" 135.004584015766 124.139963455437 1 1696 44
"1697" 3.71545574275242 4.46956106810884 0 1697 0
"1698" 41.5724400509808 43.2370644975143 0 1698 0
"1699" 26.9103895505784 98.6564665859864 0 1699 0
"1700" 60.585438244203 28.7632285210419 0 1700 0
"1701" 42.0354770694673 86.9513401223542 0 1701 0
"1702" 35.5223571593888 152.010314182429 0 1702 0
"1703" 96.0370140144301 71.6790497125263 2 1703 30
"1704" 19.9196272949249 2.21878496512613 0 1704 0
"1705" 26.8129806523234 26.0886065751009 0 1705 0
"1706" 66.3437805576413 170.679216410806 0 1706 0
"1707" 24.2676826476872 35.9364848493106 0 1707 0
"1708" 104.238486863225 26.3443852402046 0 1708 0
"1709" 121.078560032119 10.2415842262629 1 1709 49
"1710" 21.1581154694608 60.1793560585703 2 1710 27
"1711" 106.693792996782 168.952963824976 0 1711 0
"1712" 69.3517215877743 82.8801051206857 0 1712 0
"1713" 44.7739255659293 86.0727912478782 0 1713 0
"1714" 128.692291481636 70.9002029014981 0 1714 0
"1715" 25.5446806157432 7.0109960154194 0 1715 0
"1716" 61.193585848245 155.538015000738 0 1716 0
"1717" 77.9748451077721 64.6590585894918 0 1717 0
"1718" 11.8552981416423 155.622463530106 1 1718 9
"1719" 2.08507909075943 74.0371958341671 0 1719 0
"1720" 18.0340189851154 103.985190598318 0 1720 0
"1721" 17.4423813134256 163.791194867992 2 1721 45
"1722" 67.5097490613769 1.4942694573612 1 1722 40
"1723" 25.4821549975675 87.3454751738513 0 1723 0
"1724" 39.0846011500433 169.266828495242 0 1724 0
"1725" 74.7219316758544 109.390580251795 0 1725 0
"1726" 80.9305376500216 18.5646397201827 2 1726 15
"1727" 96.1763826915519 110.597429391371 0 1727 0
"1728" 119.900470059139 26.1253314648018 0 1728 0
"1729" 115.087450462988 174.841899207313 0 1729 0
"1730" 86.3981606857468 149.533564733283 0 1730 0
"1731" 6.3644042741083 12.625865729614 2 1731 35
"1732" 11.6071062533806 49.3726567688338 0 1732 0
"1733" 45.0409200056192 94.4700500594093 0 1733 0
"1734" 122.918954593498 18.3869109623396 0 1734 0
"1735" 48.1172707655483 123.045376424913 0 1735 0
"1736" 44.3731703164163 45.7941452092858 0 1736 0
"1737" 5.87570680919302 38.1044177140665 0 1737 0
"1738" 82.9042307580505 57.7389308048478 1 1738 14
"1739" 60.1545063711898 5.5911450379866 0 1739 0
"1740" 25.6531508023309 0.757102351445219 0 1740 0
"1741" 113.42850435241 141.804559142691 0 1741 0
"1742" 122.849443935804 37.1503229468396 0 1742 0
"1743" 120.998544023045 -4.06457470771246 0 1743 0
"1744" 55.0994055427843 1.9270752986921 2 1744 16
"1745" 89.7035061568026 104.619135832971 0 1745 0
"1746" 97.8885723010541 64.674689311681 1 1746 47
"1747" 100.622496047127 73.1115129016601 0 1747 0
"1748" 43.6368295606727 54.6631313006454 2 1748 18
"1749" 48.3734837677153 98.7545065412437 0 1749 0
"1750" 85.9021897888211 -3.18797152386707 2 1750 15
"1751" 116.122634996337 4.58319776426695 0 1751 0
"1752" 7.1776092531878 39.8105000379406 0 1752 0
"1753" 40.6785663517812 84.8406264675575 1 1753 36
"1754" 37.1187158036857 62.4235072349598 2 1754 43
"1755" 13.3150217950414 56.7727032092971 0 1755 0
"1756" 36.6493477537967 119.157216514572 0 1756 0
"1757" 76.1336827124556 103.910797136334 2 1757 11
"1758" 120.271990579586 30.7525455529193 0 1758 0
"1759" 16.378321371098 128.419245228147 0 1759 0
"1760" 127.51723674789 100.855308512094 0 1760 0
"1761" 113.622719833798 79.8015042761765 1 1761 40
"1762" 57.5825974840087 81.8898385500772 1 1762 36
"1763" 48.6413889721539 128.163903124132 0 1763 0
"1764" 51.5358659371547 95.3103355005057 0 1764 0
"1765" 24.1572234197278 99.9055760875094 0 1765 0
"1766" 11.9593294059267 118.245240359972 1 1766 37
"1767" 104.747909232549 10.5561458271921 2 1767 29
"1768" 133.378924491822 67.7957707051524 0 1768 0
"1769" 121.163398137022 85.8193639119397 0 1769 0
"1770" 125.855423447763 96.5798521692912 0 1770 0
"1771" 38.9451374071648 27.8825433925581 2 1771 45
"1772" 131.386898593237 100.835208601042 0 1772 0
"1773" 8.77334916335167 124.709528897817 0 1773 0
"1774" 42.0729624622325 87.8896250009449 0 1774 0
"1775" 96.832920632276 161.156224057386 0 1775 0
"1776" 79.6472346868752 22.4524442725633 1 1776 19
"1777" 48.3413230380375 69.3738211719963 0 1777 0
"1778" 94.3907389196062 143.575551132292 0 1778 0
"1779" 3.09998320352134 56.370361530035 0 1779 0
"1780" 18.5956820599014 95.3667865070877 0 1780 0
"1781" 51.7405766464478 37.893635805474 2 1781 14
"1782" 54.5397221767915 7.29731191702686 0 1782 0
"1783" 112.290727670008 103.351173755747 0 1783 0
"1784" 79.7052546627205 119.808629430302 0 1784 0
"1785" 89.0860546364031 72.8492208909381 1 1785 16
"1786" 34.280118775203 123.994073823872 2 1786 26
"1787" 117.298446997644 37.1618767524478 2 1787 40
"1788" 121.770936497689 25.8062711770727 0 1788 0
"1789" 54.7065030727701 165.288946209877 0 1789 0
"1790" 54.6031720998636 7.40743475523733 0 1790 0
"1791" 132.438058887458 15.878531847409 1 1791 50
"1792" 96.7307644253627 43.5657212937884 1 1792 17
"1793" 8.20330872325052 59.535150402287 0 1793 0
"1794" 106.437059205101 13.2118980182364 1 1794 27
"1795" 61.9939455296232 156.146634915635 0 1795 0
"1796" 116.308250206147 125.108494613607 1 1796 11
"1797" 20.6406460764629 160.021807772592 1 1797 43
"1798" 13.7172272956091 152.041057024582 2 1798 7
"1799" 11.0333314848308 47.6734965716485 1 1799 49
"1800" 130.560111960199 15.0309859751585 0 1800 0
"1801" 117.543557869584 43.2783627406681 0 1801 0
"1802" 21.436060566884 140.263029510217 1 1802 4
"1803" 20.5006788805221 51.1142327787417 0 1803 0
"1804" 65.3676162943671 5.26273319191117 2 1804 13
"1805" 4.21570583252871 91.021487764699 0 1805 0
"1806" 86.2164004002811 21.9256889683111 1 1806 19
"1807" 19.7079379365568 137.285151927623 2 1807 11
"1808" 109.934570628411 54.6362939602149 0 1808 0
"1809" 115.53991752967 118.186956375048 2 1809 44
"1810" 5.72695158284961 151.510853478531 1 1810 19
"1811" 116.321381333835 7.87634297085655 2 1811 48
"1812" 89.1994545440129 123.589583907065 0 1812 0
"1813" 80.0356969375158 115.820822052838 0 1813 0
"1814" 11.1883374824022 133.700289051608 0 1814 0
"1815" 36.2462181697835 54.2963935475766 0 1815 0
"1816" 127.145688546066 140.207754650073 2 1816 43
"1817" 3.47701820221072 94.4467320658892 0 1817 0
"1818" 48.5784659126798 11.9873512477553 0 1818 0
"1819" 11.5991771049178 125.773886911759 0 1819 0
"1820" 130.979201930056 130.614254098461 2 1820 49
"1821" 94.8095864955097 19.6818394753685 2 1821 35
"1822" 40.2244465961819 123.393626764954 0 1822 0
"1823" 44.9059727561706 -3.20156106423461 1 1823 34
"1824" 11.3291304375382 38.1320090955123 0 1824 0
"1825" 113.261256606058 65.67112895412 0 1825 0
"1826" 46.9350938191981 18.5384355378863 2 1826 29
"1827" 23.4497313406611 44.6555706790821 0 1827 0
"1828" 80.4108900964861 129.030871921399 0 1828 0
"1829" 18.1139020603096 148.387084001747 0 1829 0
"1830" 118.141423661227 62.3237979227292 0 1830 0
"1831" 21.7297815814555 152.670960203852 1 1831 32
"1832" 42.2210005985568 78.5097221957972 0 1832 0
"1833" 69.4374195553292 168.938162355161 0 1833 0
"1834" 100.650671133091 52.8819647015945 2 1834 5
"1835" 20.5720275183605 26.5345470852022 0 1835 0
"1836" 5.22362816426556 7.6523244915294 1 1836 19
"1837" 86.0033223858761 134.752430310567 0 1837 0
"1838" 132.177143531188 6.17226855982382 2 1838 12
"1839" 114.715884608354 24.6913835741044 1 1839 32
"1840" 131.517945014711 137.867069673035 1 1840 15
"1841" 119.022613563786 33.8642655414318 0 1841 0
"1842" 8.97718767200833 20.4926623015392 0 1842 0
"1843" 63.5796882552123 150.081674532722 0 1843 0
"1844" 1.92897014059507 2.31245574796334 0 1844 0
"1845" 71.8648892331574 36.7938575989384 0 1845 0
"1846" 21.6926293459229 61.3366554518152 0 1846 0
"1847" 35.4903470164006 168.503818556759 0 1847 0
"1848" 48.2344047801557 128.912299600249 2 1848 39
"1849" 74.6316616939368 54.8756008767204 1 1849 8
"1850" 86.8488751891043 6.6666052122761 1 1850 15
"1851" 13.5002011892553 127.058393225408 0 1851 0
"1852" 90.5929603897522 80.5546130896348 1 1852 46
"1853" 51.9453678373666 129.357481376481 2 1853 40
"1854" 77.8671704681341 29.9632557179741 1 1854 33
"1855" 10.7262938298927 73.7018726298258 0 1855 0
"1856" 92.6383051438784 40.2995063628912 1 1856 33
"1857" 61.0828436375256 61.4017165039715 0 1857 0
"1858" 70.089298672893 -2.71400219132196 0 1858 0
"1859" 100.82440748906 24.1156530628851 0 1859 0
"1860" 41.9799557254125 98.3316571754707 1 1860 45
"1861" 136.086687185631 114.258221340015 0 1861 0
"1862" 100.390737184444 17.044206266443 0 1862 0
"1863" 83.1496905102453 70.3383566586138 1 1863 13
"1864" 78.5848411634277 97.4096629097087 1 1864 6
"1865" 53.496486981644 26.3536358602977 0 1865 0
"1866" 4.97637184326619 81.3793887752241 0 1866 0
"1867" 131.080346137471 84.8182047252774 2 1867 36
"1868" 19.5118828932316 13.4755301738703 0 1868 0
"1869" 104.036793076003 -1.7961944537932 2 1869 21
"1870" 3.44853264192497 24.0708406684803 0 1870 0
"1871" 42.070650893277 99.3561108494845 2 1871 44
"1872" 127.962004374082 154.783684369319 1 1872 49
"1873" 103.465155974091 90.7166596449799 1 1873 38
"1874" 102.581499328688 -4.63647467716582 2 1874 17
"1875" 101.803342452514 148.629106111175 0 1875 0
"1876" 35.9490689669722 124.653164248122 2 1876 27
"1877" 25.6571404954345 173.292848983612 0 1877 0
"1878" 128.90180906991 63.2566582396415 2 1878 47
"1879" 125.638458082259 106.165342815886 0 1879 0
"1880" 26.0165716570344 61.0893993859866 0 1880 0
"1881" 131.568534486505 152.543593265518 0 1881 0
"1882" 73.8142307651577 120.200154375277 0 1882 0
"1883" 123.306141507749 86.2085397484752 0 1883 0
"1884" 105.187106037034 124.355178937485 0 1884 0
"1885" 91.9624876778779 63.2907043898364 0 1885 0
"1886" 48.805589900548 153.935472237557 0 1886 0
"1887" 59.5072520682376 54.1812808651546 2 1887 28
"1888" 122.167397116052 78.9644041932745 0 1888 0
"1889" 87.6692435706762 122.338899408447 1 1889 47
"1890" 18.3404013348674 33.4012133367205 0 1890 0
"1891" 47.2007234879247 168.367027865554 2 1891 16
"1892" 84.3567247634683 52.8414470643595 0 1892 0
"1893" 63.5846147810126 93.9557306077432 1 1893 30
"1894" 117.271819474637 23.6477883786888 0 1894 0
"1895" 16.8417249859202 53.0178974385964 0 1895 0
"1896" 36.0636578134402 160.348358692706 0 1896 0
"1897" 48.8488393468484 32.6726721985607 0 1897 0
"1898" 33.459374021815 62.104397085661 1 1898 20
"1899" 97.9121076402811 170.427223076851 0 1899 0
"1900" 92.359613123821 47.5823874164792 2 1900 21
"1901" 130.911333742896 98.5151066056754 0 1901 0
"1902" 71.9172146594503 30.5024674898479 1 1902 47
"1903" 15.5570952464773 146.279544392016 0 1903 0
"1904" 131.793194895114 82.815301086066 2 1904 31
"1905" 26.5499607205247 73.7478278178876 2 1905 13
"1906" 29.0801637382446 10.8656665072262 0 1906 0
"1907" 56.1081234847426 16.6566391987885 2 1907 38
"1908" 73.6925170170379 113.784024529771 0 1908 0
"1909" 136.472426379696 159.658608598754 0 1909 0
"1910" 61.991057365499 34.8083959139103 0 1910 0
"1911" 97.3927484159658 149.665937354209 0 1911 0
"1912" 112.301875577323 168.98703700098 0 1912 0
"1913" 13.0933011170066 94.7224282492609 0 1913 0
"1914" 132.250307244809 68.9440044270173 1 1914 26
"1915" 72.1467552156905 151.812169542024 0 1915 0
"1916" 75.5728505535098 27.5272131286258 1 1916 12
"1917" 9.86210253880181 51.2069919328631 1 1917 48
"1918" 98.7731548015115 15.1230806295876 0 1918 0
"1919" 78.7916697985825 91.21064776925 0 1919 0
"1920" 8.90737739109222 48.5447955738909 0 1920 0
"1921" 30.0183743664024 82.7957461326405 2 1921 44
"1922" 33.3688211836808 131.12236058904 0 1922 0
"1923" 105.267125842412 144.852613239288 0 1923 0
"1924" 116.260014347365 42.9991065250212 2 1924 13
"1925" 36.7952675846289 173.691445095279 0 1925 0
"1926" 6.30329803038876 174.595523177239 1 1926 16
"1927" 51.8510877255803 7.26265121251036 1 1927 50
"1928" 97.9252767942724 56.8911140041017 0 1928 0
"1929" 133.581242106551 150.504772452135 0 1929 0
"1930" 28.7867437388727 97.2421517093064 0 1930 0
"1931" 101.219892330984 140.537514015545 0 1931 0
"1932" 80.6741918088821 40.8036620573311 2 1932 45
"1933" 27.3744038007537 77.500752424695 2 1933 44
"1934" 76.921076152243 59.9608067649314 1 1934 21
"1935" 60.2554462109551 167.465658649544 0 1935 0
"1936" 9.96116333507765 126.23404123746 0 1936 0
"1937" 88.1426761957474 141.805514347905 0 1937 0
"1938" 72.7583567595615 45.0279496193044 1 1938 13
"1939" 109.989877702792 48.8395394634925 2 1939 26
"1940" 23.7103073390695 107.985963701823 0 1940 0
"1941" 132.180560045796 85.6640755839901 0 1941 0
"1942" 83.4048210914918 126.371999359803 0 1942 0
"1943" 61.7696179618877 96.413127105671 0 1943 0
"1944" 5.92517061384745 16.6457891955216 0 1944 0
"1945" 60.7388002843542 168.468480531003 0 1945 0
"1946" 102.908447929015 82.8562840700178 0 1946 0
"1947" 15.9253871060482 130.918324825126 0 1947 0
"1948" 126.990201019083 38.766924619551 0 1948 0
"1949" 87.565483330797 53.6602421270172 2 1949 7
"1950" 80.9587161210227 73.847099060613 1 1950 39
"1951" 85.2352949005322 2.37838539704372 2 1951 35
"1952" 135.328962202539 70.2775513542817 1 1952 34
"1953" 104.619841675209 36.7872600752582 0 1953 0
"1954" 126.985032732047 166.686443784711 0 1954 0
"1955" 90.9609023250852 61.3602580752874 0 1955 0
"1956" 10.4001672873653 112.672467428255 1 1956 26
"1957" 39.8670624961193 33.1527459699522 0 1957 0
"1958" 45.7057822266867 99.2217991163034 0 1958 0
"1959" 124.786140899629 139.74317324549 0 1959 0
"1960" 85.6479610193751 80.9888008087543 0 1960 0
"1961" 62.3477050143967 150.839865664748 2 1961 25
"1962" 51.4137302932174 170.843305347707 0 1962 0
"1963" 2.80667177841802 58.0699365000593 0 1963 0
"1964" 63.9388948971199 55.4996722216587 0 1964 0
"1965" 81.0904081987452 126.773676665074 0 1965 0
"1966" 21.5852406944515 130.086949730335 0 1966 0
"1967" 108.848276941009 148.830980438894 0 1967 0
"1968" 37.5884476026832 130.546755904959 1 1968 43
"1969" 39.2859055947471 55.2470909820872 2 1969 39
"1970" 78.2410878794488 69.0989281789014 0 1970 0
"1971" 95.0936395282568 67.2241670558846 1 1971 35
"1972" 133.42392991812 44.0729431395607 0 1972 0
"1973" 58.6620085688042 5.59078247314411 0 1973 0
"1974" 75.2348051061443 138.406884099494 0 1974 0
"1975" 14.6751213124211 164.855043246411 1 1975 25
"1976" 53.9725409540034 164.249839561345 0 1976 0
"1977" 106.564807240265 110.657769223285 1 1977 20
"1978" 91.8830172608304 63.1402366700648 0 1978 0
"1979" 68.4373930594955 126.330250686503 0 1979 0
"1980" 131.963692371825 126.261207496649 1 1980 26
"1981" 95.9120604063401 53.4333791498902 0 1981 0
"1982" 32.2974320985947 113.554160263253 0 1982 0
"1983" 73.9033398375884 115.563375455377 0 1983 0
"1984" 92.3494669027139 129.73522257237 0 1984 0
"1985" 48.0213676709165 93.7022339265123 0 1985 0
"1986" 109.204174155692 91.2342968603532 0 1986 0
"1987" 122.868563826535 76.9644187967055 0 1987 0
"1988" 71.9295139222228 14.3186633810039 1 1988 43
"1989" 46.6094643392895 112.140347102905 0 1989 0
"1990" 134.972699277324 80.5365292201172 2 1990 43
"1991" 12.9170199092568 33.4043777446755 0 1991 0
"1992" 36.010143037023 119.099127995381 0 1992 0
"1993" 131.338946160117 10.2528275074232 0 1993 0
"1994" 56.3864375511909 47.9530936895904 0 1994 0
"1995" 84.8752701553073 147.853668909704 0 1995 0
"1996" 29.8882173871088 98.3059936769519 0 1996 0
"1997" 113.009046141154 125.414071830085 1 1997 6
"1998" 11.1941254526468 94.8053764900875 0 1998 0
"1999" 16.7230131012024 24.4841829413299 0 1999 0
"2000" 43.2216605391981 62.9173168631905 0 2000 0
