0.5375
0.525
0.5416666666666666
0.5166666666666667
0.5333333333333333
0.5208333333333334
0.5375
0.5166666666666667
0.53125
0.5
0.51875
0.5145833333333333
0.5104166666666666
0.5375
0.5229166666666667
0.54375
0.5145833333333333
0.5
0.5333333333333333
0.5125
0.5145833333333333
0.4895833333333333
0.51875
0.5125
0.5208333333333334
0.48541666666666666
0.5395833333333333
0.5041666666666667
0.5354166666666667
0.49583333333333335
0.51875
0.5104166666666666
0.5041666666666667
0.5708333333333333
0.5
0.49166666666666664
0.5416666666666666
0.5354166666666667
0.49583333333333335
0.51875
