0.26875
0.2375
0.2833333333333333
0.24791666666666667
0.26666666666666666
0.275
0.28541666666666665
0.23958333333333334
0.2375
0.23125
0.2625
0.2520833333333333
0.2520833333333333
0.25416666666666665
0.30625
0.23541666666666666
0.23541666666666666
0.23958333333333334
0.2375
0.24166666666666667
0.22708333333333333
0.24166666666666667
0.24166666666666667
0.28541666666666665
0.24791666666666667
0.2625
0.22916666666666666
0.25833333333333336
0.2520833333333333
0.24791666666666667
0.27708333333333335
0.23125
0.24375
0.275
0.2604166666666667
0.28541666666666665
0.25416666666666665
0.27291666666666664
0.25833333333333336
0.22916666666666666
