0.55
0.5125
0.55
0.5416666666666666
0.5416666666666666
0.54375
0.5541666666666667
0.55625
0.5416666666666666
0.5791666666666667
0.5083333333333333
0.5583333333333333
0.54375
0.5354166666666667
0.5395833333333333
0.55
0.5458333333333333
0.53125
0.56875
0.5833333333333334
0.5479166666666667
0.5479166666666667
0.54375
0.5645833333333333
0.5708333333333333
0.5520833333333334
0.5395833333333333
0.5354166666666667
0.5270833333333333
0.5395833333333333
0.5479166666666667
0.51875
0.5166666666666667
0.60625
0.5666666666666667
0.5708333333333333
0.5333333333333333
0.5645833333333333
0.5583333333333333
0.5604166666666667
0.5375
0.5791666666666667
0.5104166666666666
0.5479166666666667
0.5854166666666667
0.5125
0.5416666666666666
0.5395833333333333
0.5479166666666667
0.4895833333333333
0.5375
0.5729166666666666
0.5625
0.5958333333333333
0.5729166666666666
0.5395833333333333
0.5625
0.5625
0.5479166666666667
0.5395833333333333
0.5083333333333333
0.5875
0.5541666666666667
0.55
0.5416666666666666
0.5604166666666667
0.5708333333333333
0.5208333333333334
0.5541666666666667
0.5541666666666667
0.5541666666666667
0.5333333333333333
0.55
0.55625
0.5145833333333333
