0.27708333333333335
0.24791666666666667
0.27708333333333335
0.26458333333333334
0.28125
0.2833333333333333
0.27291666666666664
0.25625
0.2520833333333333
0.26875
0.2791666666666667
0.25625
0.2604166666666667
0.26666666666666666
0.25833333333333336
0.28125
0.2604166666666667
0.2520833333333333
0.25625
0.28958333333333336
0.23541666666666666
0.27708333333333335
0.28125
0.28125
0.2625
0.23333333333333334
0.26458333333333334
0.2916666666666667
0.28541666666666665
0.27708333333333335
0.24583333333333332
0.2604166666666667
0.2625
0.25833333333333336
0.2625
0.26458333333333334
0.275
0.24791666666666667
0.26875
0.24583333333333332
