0.2833333333333333
0.2604166666666667
0.2375
0.25625
0.25625
0.2833333333333333
0.25625
0.2791666666666667
0.27708333333333335
0.2625
0.2625
0.28541666666666665
0.26666666666666666
0.28125
0.2875
0.26666666666666666
0.28125
0.26875
0.27708333333333335
0.26875
0.2875
0.27708333333333335
0.275
0.2916666666666667
0.26875
0.26458333333333334
0.26875
0.29791666666666666
0.24583333333333332
0.25416666666666665
0.29791666666666666
0.26875
0.2791666666666667
0.25
0.26875
0.2708333333333333
0.2604166666666667
0.2625
0.3020833333333333
0.26875
