0.20208333333333334
0.18333333333333332
0.21666666666666667
0.20208333333333334
0.20833333333333334
0.19791666666666666
0.18958333333333333
0.17083333333333334
0.19166666666666668
0.20833333333333334
0.19166666666666668
0.19791666666666666
0.19791666666666666
0.20416666666666666
0.21458333333333332
0.20833333333333334
0.20833333333333334
0.19791666666666666
0.2
0.21041666666666667
0.2
0.20625
0.16875
0.21458333333333332
0.22083333333333333
0.20208333333333334
0.21666666666666667
0.20208333333333334
0.20833333333333334
0.18333333333333332
0.20416666666666666
0.21458333333333332
0.23958333333333334
0.21041666666666667
0.19166666666666668
0.20625
0.21458333333333332
0.21458333333333332
0.19166666666666668
0.19583333333333333
