0.6395833333333333
0.6208333333333333
0.6729166666666667
0.6208333333333333
0.6145833333333334
0.6375
0.6
0.6166666666666667
0.6229166666666667
0.6354166666666666
0.6520833333333333
0.63125
0.6625
0.6229166666666667
0.6375
0.6458333333333334
0.6291666666666667
0.6416666666666667
0.6041666666666666
0.6270833333333333
0.5854166666666667
0.6145833333333334
0.61875
0.63125
0.6270833333333333
0.6354166666666666
0.6145833333333334
0.6333333333333333
0.6208333333333333
0.65625
0.61875
0.5916666666666667
0.5916666666666667
0.6041666666666666
0.6333333333333333
0.63125
0.625
0.6229166666666667
0.66875
0.6395833333333333
0.6333333333333333
0.64375
0.64375
0.6270833333333333
0.61875
0.625
0.6208333333333333
0.6145833333333334
0.61875
0.6208333333333333
0.6270833333333333
0.6520833333333333
0.6375
0.6291666666666667
0.6
0.6520833333333333
0.6333333333333333
0.6416666666666667
0.6083333333333333
0.63125
0.64375
0.64375
0.6416666666666667
0.625
0.6375
0.6166666666666667
0.64375
0.6291666666666667
0.6229166666666667
0.5958333333333333
0.6645833333333333
0.6416666666666667
0.6
0.6291666666666667
0.6270833333333333
