0.5208333333333334
0.5104166666666666
0.49583333333333335
0.5541666666666667
0.5854166666666667
0.5541666666666667
0.525
0.5354166666666667
0.5458333333333333
0.49375
0.48541666666666666
0.5625
0.5229166666666667
0.5208333333333334
0.48541666666666666
0.5125
0.5375
0.55625
0.5145833333333333
0.5395833333333333
0.5208333333333334
0.53125
0.5083333333333333
0.5333333333333333
0.55625
0.49375
0.5229166666666667
0.5354166666666667
0.5208333333333334
0.5208333333333334
0.5145833333333333
0.5520833333333334
0.5458333333333333
0.5166666666666667
0.5916666666666667
0.5104166666666666
0.5041666666666667
0.54375
0.5229166666666667
0.525
0.53125
0.5229166666666667
0.5041666666666667
0.5166666666666667
0.5104166666666666
0.5020833333333333
0.5729166666666666
0.5104166666666666
0.5
0.5229166666666667
0.5458333333333333
0.5291666666666667
0.5625
0.5333333333333333
0.55625
0.5520833333333334
0.5270833333333333
0.5291666666666667
0.5416666666666666
0.5333333333333333
0.5229166666666667
0.5416666666666666
0.4583333333333333
0.4875
0.50625
0.5291666666666667
0.49166666666666664
0.5208333333333334
0.5125
0.5270833333333333
0.5229166666666667
0.5375
0.5604166666666667
0.5333333333333333
0.4979166666666667
