0.20208333333333334
0.22708333333333333
0.20416666666666666
0.22083333333333333
0.22708333333333333
0.24166666666666667
0.21041666666666667
0.21041666666666667
0.25833333333333336
0.23125
0.21875
0.23541666666666666
0.21666666666666667
0.25
0.23125
0.20625
0.225
0.22708333333333333
0.23958333333333334
0.23541666666666666
0.2375
0.22083333333333333
0.225
0.23958333333333334
0.24166666666666667
0.23125
0.21666666666666667
0.2125
0.23958333333333334
0.23958333333333334
0.22083333333333333
0.20208333333333334
0.23541666666666666
0.20625
0.20625
0.19791666666666666
0.23125
0.22083333333333333
0.21666666666666667
0.24375
