0.3
0.3458333333333333
0.28958333333333336
0.30833333333333335
0.3145833333333333
0.25
0.29375
0.3
0.31875
0.275
0.29791666666666666
0.28541666666666665
0.33125
0.2875
0.28125
0.3104166666666667
0.29375
0.2791666666666667
0.2875
0.26666666666666666
0.33125
0.3145833333333333
0.3104166666666667
0.30416666666666664
0.30416666666666664
0.3125
0.2916666666666667
0.2916666666666667
0.30833333333333335
0.28958333333333336
0.26458333333333334
0.3020833333333333
0.26666666666666666
0.3020833333333333
0.32708333333333334
0.28958333333333336
0.2916666666666667
0.3229166666666667
0.30833333333333335
0.29791666666666666
