0.5229166666666667
0.4875
0.53125
0.525
0.5104166666666666
0.49375
0.5458333333333333
0.5291666666666667
0.5625
0.5458333333333333
0.5395833333333333
0.5354166666666667
0.525
0.48125
0.5041666666666667
0.55625
0.5416666666666666
0.5375
0.525
0.5270833333333333
0.5270833333333333
0.5541666666666667
0.4895833333333333
0.5354166666666667
0.5625
0.5416666666666666
0.56875
0.55
0.5375
0.5625
0.5354166666666667
0.5541666666666667
0.5375
0.5583333333333333
0.5479166666666667
0.5541666666666667
0.55
0.5166666666666667
0.5104166666666666
0.53125
0.53125
0.5604166666666667
0.53125
0.5479166666666667
0.5645833333333333
0.5395833333333333
0.49166666666666664
0.5083333333333333
0.5291666666666667
0.5020833333333333
0.5395833333333333
0.5229166666666667
0.5270833333333333
0.5395833333333333
0.4979166666666667
0.5520833333333334
0.5208333333333334
0.54375
0.5333333333333333
0.5333333333333333
0.5416666666666666
0.49583333333333335
0.525
0.5229166666666667
0.5375
0.5416666666666666
0.53125
0.55
0.55625
0.5208333333333334
0.5208333333333334
0.525
0.5541666666666667
0.5104166666666666
0.5270833333333333
