0.46875
0.44166666666666665
0.45416666666666666
0.45
0.43125
0.4625
0.47708333333333336
0.45208333333333334
0.44375
0.4666666666666667
0.47291666666666665
0.425
0.45416666666666666
0.4270833333333333
0.43125
0.43125
0.4479166666666667
0.46875
0.42291666666666666
0.43333333333333335
0.44583333333333336
0.44583333333333336
0.4583333333333333
0.46458333333333335
0.4375
0.45
0.4625
0.41458333333333336
0.45625
0.48333333333333334
0.4583333333333333
0.42916666666666664
0.47708333333333336
0.42916666666666664
0.4708333333333333
0.45625
0.45208333333333334
0.4354166666666667
0.41458333333333336
0.43125
0.4395833333333333
0.4375
0.44583333333333336
0.4666666666666667
0.4395833333333333
0.44375
0.44375
0.4666666666666667
0.43333333333333335
0.46458333333333335
0.4625
0.46875
0.4083333333333333
0.4354166666666667
0.48125
0.45416666666666666
0.42291666666666666
0.40208333333333335
0.425
0.4166666666666667
0.4125
0.45416666666666666
0.46041666666666664
0.45416666666666666
0.45625
0.42916666666666664
0.44375
0.4479166666666667
0.44583333333333336
0.43125
0.42083333333333334
0.4479166666666667
0.44166666666666665
0.46041666666666664
0.45208333333333334
