0.22083333333333333
0.2125
0.21041666666666667
0.22083333333333333
0.23125
0.21666666666666667
0.21041666666666667
0.20833333333333334
0.24375
0.22291666666666668
0.21666666666666667
0.22083333333333333
0.2375
0.21875
0.225
0.22916666666666666
0.225
0.23541666666666666
0.225
0.21875
0.23333333333333334
0.22083333333333333
0.22708333333333333
0.2
0.21666666666666667
0.22916666666666666
0.225
0.24791666666666667
0.23125
0.20416666666666666
0.22916666666666666
0.2125
0.23333333333333334
0.23125
0.21666666666666667
0.23333333333333334
0.25625
0.23541666666666666
0.23333333333333334
0.2
