0.6083333333333333
0.5770833333333333
0.5791666666666667
0.5541666666666667
0.6020833333333333
0.5666666666666667
0.58125
0.5833333333333334
0.6083333333333333
0.575
0.5979166666666667
0.55625
0.5895833333333333
0.58125
0.5791666666666667
0.5854166666666667
0.60625
0.6145833333333334
0.6083333333333333
0.5958333333333333
0.5833333333333334
0.6125
0.5916666666666667
0.6125
0.5791666666666667
0.5583333333333333
0.6166666666666667
0.5458333333333333
0.6125
0.5833333333333334
0.5875
0.6125
0.5770833333333333
0.55
0.6041666666666666
0.5729166666666666
0.5833333333333334
0.6
0.6041666666666666
0.575
0.5833333333333334
0.5791666666666667
0.5520833333333334
0.58125
0.56875
0.5833333333333334
0.58125
0.6041666666666666
0.5708333333333333
0.5520833333333334
0.5770833333333333
0.64375
0.5625
0.56875
0.5770833333333333
0.6041666666666666
0.5770833333333333
0.5375
0.6166666666666667
0.5979166666666667
0.5875
0.5541666666666667
0.5604166666666667
0.6166666666666667
0.575
0.5770833333333333
0.5916666666666667
0.5645833333333333
0.5666666666666667
0.5979166666666667
0.5958333333333333
0.5979166666666667
0.6041666666666666
0.6333333333333333
0.6083333333333333
