0.24791666666666667
0.2375
0.23541666666666666
0.23958333333333334
0.2520833333333333
0.23541666666666666
0.27291666666666664
0.23958333333333334
0.26458333333333334
0.2375
0.21458333333333332
0.24791666666666667
0.24375
0.24375
0.22708333333333333
0.22916666666666666
0.22083333333333333
0.25416666666666665
0.22708333333333333
0.23125
0.21666666666666667
0.24791666666666667
0.22083333333333333
0.21666666666666667
0.23541666666666666
0.24583333333333332
0.26458333333333334
0.22916666666666666
0.23125
0.24791666666666667
0.21041666666666667
0.23958333333333334
0.2125
0.27291666666666664
0.22291666666666668
0.23333333333333334
0.24583333333333332
0.25416666666666665
0.23541666666666666
0.21875
