0.28541666666666665
0.2833333333333333
0.24375
0.23333333333333334
0.29375
0.28958333333333336
0.28541666666666665
0.28125
0.30416666666666664
0.3
0.28541666666666665
0.27291666666666664
0.25625
0.2791666666666667
0.25833333333333336
0.24583333333333332
0.2833333333333333
0.2708333333333333
0.3229166666666667
0.24583333333333332
0.26875
0.25625
0.2708333333333333
0.24375
0.29791666666666666
0.27291666666666664
0.2875
0.2520833333333333
0.24583333333333332
0.28958333333333336
0.29583333333333334
0.26458333333333334
0.25416666666666665
0.26666666666666666
0.2916666666666667
0.28958333333333336
0.3020833333333333
0.26458333333333334
0.26666666666666666
0.27708333333333335
