0.18125
0.2
0.20208333333333334
0.2
0.18541666666666667
0.18958333333333333
0.18541666666666667
0.1875
0.16875
0.19375
0.20833333333333334
0.2
0.19583333333333333
0.18958333333333333
0.17916666666666667
0.1875
0.20833333333333334
0.16666666666666666
0.20625
0.21041666666666667
0.18333333333333332
0.19375
0.18333333333333332
0.20625
0.19375
0.21041666666666667
0.18333333333333332
0.21041666666666667
0.2125
0.18958333333333333
0.175
0.19583333333333333
0.21458333333333332
0.2
0.21666666666666667
0.21458333333333332
0.19583333333333333
0.19791666666666666
0.19791666666666666
0.2
