0.2625
0.22083333333333333
0.21458333333333332
0.24166666666666667
0.2125
0.23958333333333334
0.21458333333333332
0.24583333333333332
0.25833333333333336
0.225
0.22291666666666668
0.225
0.225
0.22083333333333333
0.23541666666666666
0.2
0.25
0.225
0.23958333333333334
0.225
0.24166666666666667
0.23333333333333334
0.23541666666666666
0.23125
0.23333333333333334
0.24166666666666667
0.2375
0.21666666666666667
0.24166666666666667
0.24375
0.25
0.24791666666666667
0.22291666666666668
0.22916666666666666
0.23333333333333334
0.25625
0.23125
0.23333333333333334
0.225
0.22916666666666666
