0.2708333333333333
0.2625
0.26458333333333334
0.24791666666666667
0.275
0.25833333333333336
0.25
0.24583333333333332
0.25
0.24791666666666667
0.24375
0.27708333333333335
0.22916666666666666
0.23125
0.27291666666666664
0.23541666666666666
0.26458333333333334
0.24375
0.25
0.22083333333333333
0.28125
0.26458333333333334
0.2625
0.25833333333333336
0.2625
0.2708333333333333
0.26875
0.2791666666666667
0.2625
0.26458333333333334
0.24583333333333332
0.2604166666666667
0.22916666666666666
0.27291666666666664
0.25833333333333336
0.23541666666666666
0.23125
0.2625
0.25416666666666665
0.25416666666666665
