0.20833333333333334
0.21875
0.20416666666666666
0.19583333333333333
0.22291666666666668
0.19791666666666666
0.20208333333333334
0.19375
0.21666666666666667
0.19375
0.2375
0.18541666666666667
0.19166666666666668
0.20833333333333334
0.23125
0.2125
0.20208333333333334
0.19166666666666668
0.19583333333333333
0.21666666666666667
0.225
0.22708333333333333
0.19166666666666668
0.20416666666666666
0.21041666666666667
0.18125
0.21458333333333332
0.2125
0.2
0.21875
0.19166666666666668
0.225
0.20416666666666666
0.22916666666666666
0.2125
0.2125
0.20625
0.20833333333333334
0.2
0.20833333333333334
