0.325
0.3145833333333333
0.33958333333333335
0.3125
0.33958333333333335
0.35208333333333336
0.3375
0.3625
0.3416666666666667
0.35208333333333336
0.32708333333333334
0.32083333333333336
0.35
0.3458333333333333
0.35833333333333334
0.32083333333333336
0.33125
0.36875
0.3770833333333333
0.31666666666666665
0.36666666666666664
0.3145833333333333
0.33541666666666664
0.33958333333333335
0.37083333333333335
0.3729166666666667
0.375
0.3375
0.33958333333333335
0.35625
0.3416666666666667
0.32708333333333334
0.33125
0.35833333333333334
0.32916666666666666
0.3770833333333333
0.35625
0.3458333333333333
0.36666666666666664
0.35625
