0.26666666666666666
0.28125
0.26458333333333334
0.31875
0.27291666666666664
0.2708333333333333
0.2791666666666667
0.3020833333333333
0.26458333333333334
0.3
0.2833333333333333
0.28125
0.29791666666666666
0.2833333333333333
0.27708333333333335
0.2708333333333333
0.30416666666666664
0.26875
0.3
0.275
0.2875
0.2875
0.2833333333333333
0.29791666666666666
0.26875
0.30833333333333335
0.30833333333333335
0.29791666666666666
0.26875
0.2625
0.24166666666666667
0.27708333333333335
0.3125
0.26875
0.2833333333333333
0.2520833333333333
0.3020833333333333
0.2791666666666667
0.275
0.2875
