0.3854166666666667
0.35833333333333334
0.3729166666666667
0.3729166666666667
0.36666666666666664
0.3645833333333333
0.33958333333333335
0.33125
0.35833333333333334
0.35625
0.375
0.3729166666666667
0.3625
0.36041666666666666
0.38333333333333336
0.3416666666666667
0.35833333333333334
0.33541666666666664
0.35208333333333336
0.35625
0.36875
0.3958333333333333
0.34791666666666665
0.36041666666666666
0.3729166666666667
0.37083333333333335
0.3645833333333333
0.3645833333333333
0.3625
0.3645833333333333
0.375
0.3625
0.35
0.3875
0.3333333333333333
0.4041666666666667
0.34791666666666665
0.35208333333333336
0.35833333333333334
0.38333333333333336
