0.3125
0.30833333333333335
0.3229166666666667
0.30625
0.3375
0.3125
0.3020833333333333
0.3
0.32083333333333336
0.34375
0.29375
0.3125
0.325
0.3375
0.34375
0.28958333333333336
0.3020833333333333
0.3229166666666667
0.325
0.3104166666666667
0.30833333333333335
0.3020833333333333
0.3375
0.2875
0.3458333333333333
0.3
0.3
0.32916666666666666
0.30833333333333335
0.33958333333333335
0.3104166666666667
0.30416666666666664
0.31875
0.30833333333333335
0.30625
0.3104166666666667
0.3145833333333333
0.31666666666666665
0.30625
0.3229166666666667
