0.25
0.2604166666666667
0.24791666666666667
0.23333333333333334
0.26666666666666666
0.25416666666666665
0.275
0.26875
0.23958333333333334
0.2520833333333333
0.24166666666666667
0.24583333333333332
0.23333333333333334
0.26458333333333334
0.25833333333333336
0.24166666666666667
0.25416666666666665
0.25
0.26666666666666666
0.25625
0.24583333333333332
0.25
0.2708333333333333
0.25
0.26458333333333334
0.20208333333333334
0.24791666666666667
0.25416666666666665
0.23958333333333334
0.25
0.25833333333333336
0.26666666666666666
0.24583333333333332
0.24166666666666667
0.24791666666666667
0.275
0.25416666666666665
0.25625
0.2833333333333333
0.26875
