0.32916666666666666
0.3104166666666667
0.32083333333333336
0.3
0.3145833333333333
0.3125
0.325
0.32083333333333336
0.33125
0.2916666666666667
0.3375
0.3375
0.32708333333333334
0.29791666666666666
0.33125
0.3458333333333333
0.33958333333333335
0.35833333333333334
0.3375
0.31875
0.3145833333333333
0.31666666666666665
0.32708333333333334
0.35625
0.3020833333333333
0.30416666666666664
0.3375
0.3729166666666667
0.3020833333333333
0.3416666666666667
0.34375
0.31666666666666665
0.325
0.34791666666666665
0.30833333333333335
0.33541666666666664
0.3333333333333333
0.35
0.32083333333333336
0.325
