0.225
0.21458333333333332
0.21875
0.21666666666666667
0.23958333333333334
0.22708333333333333
0.19583333333333333
0.25625
0.22916666666666666
0.23333333333333334
0.20208333333333334
0.22916666666666666
0.2125
0.21458333333333332
0.21458333333333332
0.22291666666666668
0.21041666666666667
0.21666666666666667
0.21458333333333332
0.23541666666666666
0.2375
0.20416666666666666
0.20416666666666666
0.24166666666666667
0.23541666666666666
0.21458333333333332
0.20416666666666666
0.20625
0.2375
0.21458333333333332
0.2
0.2375
0.21666666666666667
0.19791666666666666
0.21666666666666667
0.21458333333333332
0.22083333333333333
0.20625
0.21458333333333332
0.21875
