0.5083333333333333
0.47708333333333336
0.47708333333333336
0.45416666666666666
0.47291666666666665
0.48125
0.475
0.5083333333333333
0.50625
0.5166666666666667
0.4791666666666667
0.5020833333333333
0.49375
0.49166666666666664
0.47708333333333336
0.5145833333333333
0.5291666666666667
0.49375
0.47708333333333336
0.47291666666666665
0.4791666666666667
0.5166666666666667
0.4979166666666667
0.5208333333333334
0.49166666666666664
0.4895833333333333
0.5291666666666667
0.5041666666666667
0.4354166666666667
0.525
0.50625
0.5208333333333334
0.4791666666666667
0.49375
0.42291666666666666
0.5166666666666667
0.50625
0.46041666666666664
0.5229166666666667
0.5291666666666667
0.48333333333333334
0.50625
0.47291666666666665
0.4708333333333333
0.4895833333333333
0.5020833333333333
0.4666666666666667
0.45
0.48125
0.4791666666666667
0.51875
0.48333333333333334
0.4979166666666667
0.48333333333333334
0.46875
0.4583333333333333
0.4895833333333333
0.48125
0.5166666666666667
0.475
0.47291666666666665
0.5354166666666667
0.5270833333333333
0.5
0.5
0.5
0.5145833333333333
0.44583333333333336
0.5208333333333334
0.53125
0.5270833333333333
0.48541666666666666
0.5166666666666667
0.5125
0.5083333333333333
