0.24791666666666667
0.2604166666666667
0.21875
0.23125
0.2375
0.22291666666666668
0.24791666666666667
0.23958333333333334
0.2708333333333333
0.28958333333333336
0.22708333333333333
0.22291666666666668
0.275
0.26666666666666666
0.23541666666666666
0.2625
0.22083333333333333
0.24375
0.26666666666666666
0.23541666666666666
0.23541666666666666
0.24583333333333332
0.21875
0.26666666666666666
0.2375
0.25625
0.2604166666666667
0.2520833333333333
0.24583333333333332
0.2604166666666667
0.2520833333333333
0.225
0.2520833333333333
0.2125
0.25833333333333336
0.21875
0.2708333333333333
0.2604166666666667
0.2375
0.25625
