"V1" "V2" "V3" "V4" "V5"
"1" 113.82872740213 165.847195493233 2 1 4
"2" 112.370798935821 166.201680959947 1 2 10
"3" 114.700872244876 166.315346477233 1 3 6
"4" 114.302115245801 165.69722427171 1 4 7
"5" 113.43656837353 167.58372426557 1 5 7
"6" 111.947903343374 166.717530743456 1 6 6
"7" 115.35714263386 166.28964095615 2 7 5
"8" 113.305779108052 165.085909341078 1 8 6
"9" 112.256812002079 165.986660418591 1 9 8
"10" 112.956166152352 166.495887467962 1 10 7
"11" 113.980579444712 167.468626297526 1 11 8
"12" 112.155293281688 166.159343984159 1 12 7
"13" 112.193935853765 164.92961914397 1 13 17
"14" 112.645879150065 166.250930508693 1 14 7
"15" 113.702557232851 166.240243242608 1 15 6
"16" 115.261676758142 164.922449143549 1 16 7
"17" 114.176829269736 166.275821498278 1 17 4
"18" 113.80828717923 166.604128682776 1 18 5
"19" 114.158593549161 166.532138153225 2 19 5
"20" 113.945851843988 167.098769312055 1 20 6
"21" 113.382243306946 166.785349593242 1 21 7
"22" 113.684025979692 166.054286929914 2 22 5
"23" 112.970937846689 165.098507304675 1 23 7
"24" 113.420144581301 166.205135038683 2 24 5
"25" 114.647797252245 164.85389315542 1 25 4
"26" 115.015742763248 165.937349879145 1 26 4
"27" 112.777549852886 166.06699182417 1 27 9
"28" 113.992002174207 166.472977331283 2 28 4
"29" 113.299961027363 166.367764807757 1 29 6
"30" 112.0839286315 166.162757813588 1 30 7
"31" 113.949002748586 166.098499690674 1 31 4
"32" 113.311512787793 167.492281689051 2 32 6
"33" 114.585147814984 164.731588243539 1 33 5
"34" 114.612853458729 164.993687865185 1 34 5
"35" 112.95213475062 166.964408770983 1 35 7
"36" 112.880290083352 165.408353348078 1 36 8
"37" 114.076071381034 167.264914138586 1 37 8
"38" 112.862607858309 166.50983565676 1 38 6
"39" 115.308366764845 164.089287239644 1 39 11
"40" 113.103169297709 166.350180359677 1 40 5
"41" 112.316266105235 166.420981950773 1 41 6
"42" 113.665688215381 167.422074682017 1 42 8
"43" 114.530716487776 166.291678931275 1 43 5
"44" 114.250852022189 167.160683767158 1 44 6
"45" 114.543735911372 165.767962620101 1 45 5
"46" 113.46335790399 165.706555788726 1 46 6
"47" 114.490747131242 165.854284595523 1 47 6
"48" 113.687825916598 165.763482322156 1 48 5
"49" 112.470122357989 165.701323312185 1 49 7
"50" 113.979971919207 166.422782175851 1 50 5
"51" 113.517056539548 167.771074785024 1 51 9
"52" 113.965993193107 165.21428031406 1 52 4
"53" 113.955948924484 166.208902505788 1 53 5
"54" 113.491498981321 166.685721189465 1 54 5
"55" 113.945389564841 167.032833275825 1 55 5
"56" 112.84876566032 165.358470748722 1 56 9
"57" 113.813624306091 166.77610538576 1 57 5
"58" 115.460905726491 166.292094202885 1 58 6
"59" 114.96118706549 165.116863542885 1 59 5
"60" 112.152455793325 166.583647275088 1 60 7
"61" 113.680976037951 165.956104075645 1 61 6
"62" 112.6688552006 166.726110490516 1 62 8
"63" 112.489174623584 166.683773211179 1 63 6
"64" 113.561571763475 164.352942619897 1 64 7
"65" 113.233274828909 167.087230696452 1 65 7
"66" 113.692562027032 166.309930840444 1 66 5
"67" 113.701640179641 164.649980496053 2 67 14
"68" 114.533454066366 165.181942366889 1 68 5
"69" 114.240546020192 164.53545291627 1 69 9
"70" 113.952892668409 165.514200234989 1 70 5
"71" 114.784500039156 165.838973766418 1 71 7
"72" 114.051876556034 167.447176210218 1 72 7
"73" 113.875549327796 165.915776276779 1 73 5
"74" 113.581201100052 166.122603492727 1 74 5
"75" 113.255403273251 167.367567424214 1 75 7
"76" 114.635096223127 165.597432928384 1 76 4
"77" 111.709106112101 166.475870315751 1 77 9
"78" 113.66463470467 166.177766225342 1 78 5
"79" 114.285811410527 166.581167544314 1 79 5
"80" 113.946177881369 167.322029723727 1 80 9
"81" 113.111479059501 167.030076372934 1 81 6
"82" 112.498588857684 165.763677656201 1 82 6
"83" 115.150316502562 166.008315114853 1 83 5
"84" 114.144001386046 165.901323037224 1 84 4
"85" 115.283337347363 167.842019045567 1 85 4
"86" 114.296483309049 165.679262532082 1 86 7
"87" 112.795988594894 165.992904939697 1 87 8
"88" 113.292793392984 165.908387993627 1 88 6
"89" 114.849029183977 165.628257014713 1 89 4
"90" 113.740854822124 166.913426755995 1 90 5
"91" 114.649840147476 165.115773086482 2 91 5
"92" 114.688510171079 164.730645360697 1 92 5
"93" 113.414523551892 165.622968474509 1 93 6
"94" 113.396173008968 166.304029661594 1 94 5
"95" 115.574905352437 165.531612002644 2 95 16
"96" 113.998947971669 165.879389869567 2 96 5
"97" 113.374588400695 166.214437823219 1 97 5
"98" 113.745429453494 166.048449975803 1 98 6
"99" 114.676977149931 166.637336511143 1 99 5
"100" 113.062057700673 165.884141731312 1 100 9
"101" 114.519189971253 166.536129225457 2 101 5
"102" 112.747039569209 166.702653198753 2 102 7
"103" 113.929196339609 166.566212569643 1 103 5
"104" 113.047002545011 167.195713524473 1 104 10
"105" 112.924419477537 166.767773637664 2 105 8
"106" 114.704428965545 166.096605780815 1 106 6
"107" 114.920446282939 166.533621423117 1 107 5
"108" 114.409922538073 166.248741764376 1 108 4
"109" 114.90115180261 167.613517085475 2 109 7
"110" 115.273088120065 166.05763633396 1 110 5
"111" 113.466578379575 166.343790460882 1 111 4
"112" 114.362883023228 166.200439543819 1 112 5
"113" 114.235868818889 165.701504418646 1 113 6
"114" 113.11098447742 165.630452346284 1 114 8
"115" 111.728040376128 166.282544285433 2 115 8
"116" 114.647523535961 166.793482738376 1 116 4
"117" 113.981468332185 165.340631998194 1 117 5
"118" 114.563583166044 166.742411276262 1 118 5
"119" 113.854267958785 165.479435134242 1 119 5
"120" 114.226950122723 166.766420075408 1 120 5
"121" 114.583925037852 164.954786313373 1 121 5
"122" 114.152316677975 165.238155985891 1 122 7
"123" 114.224020235531 167.114324641155 1 123 5
"124" 114.047149890541 165.885328638057 1 124 4
"125" 114.343683688511 165.296729266315 1 125 8
"126" 113.54153250191 166.096663315416 1 126 4
"127" 113.498666801874 167.460868979668 1 127 7
"128" 114.271015716457 165.50373054 1 128 7
"129" 114.342055565451 165.577840830593 1 129 8
"130" 112.640061807728 165.777155310257 1 130 8
"131" 114.274260820333 166.137431404693 1 131 4
"132" 114.146110407442 166.121517726647 1 132 3
"133" 113.554503192005 165.567911967146 1 133 5
"134" 112.76909018876 165.759836734797 1 134 9
"135" 113.137656668625 165.022020949935 1 135 5
"136" 113.171207864357 167.651998310463 1 136 7
"137" 113.202710364733 164.904455097337 1 137 6
"138" 114.507044617465 166.287802655675 1 138 5
"139" 113.932427825988 165.537059074379 1 139 4
"140" 114.918540127275 166.855495267637 1 140 6
"141" 112.669134736204 166.633013622359 1 141 7
"142" 113.685278837436 166.553859587972 1 142 6
"143" 114.842065404681 166.160654193414 2 143 5
"144" 113.84866203511 166.791496640204 1 144 6
"145" 122.391254243134 5.33187662648144 1 145 19
"146" 123.09054853599 3.0415196585121 1 146 14
"147" 118.975653061616 3.51024570780196 2 147 13
"148" 130.755986498242 4.77723273733893 2 148 20
"149" 117.691865487555 6.27795099419073 1 149 16
"150" 119.341088732769 4.44808841522438 1 150 18
"151" 121.070163338295 3.31830927608823 1 151 17
"152" 132.93466698536 2.17699716815044 1 152 29
"153" 123.343431371013 3.04312553090548 2 153 15
"154" 119.589627169958 6.86742940098828 1 154 14
"155" 125.533550765325 4.83624887880963 1 155 14
"156" 124.396375288329 6.92232270297757 1 156 15
"157" 119.140976912783 5.21261695698676 1 157 16
"158" 123.652531904909 6.07694266716848 1 158 13
"159" 119.493249880481 3.39933301809056 1 159 13
"160" 125.526405978262 4.27251095211156 2 160 16
"161" 119.283818711538 5.43068180311223 2 161 16
"162" 121.495135375732 2.56159459457378 1 162 25
"163" 123.631653075156 6.46474190695185 2 163 15
"164" 115.465252408568 4.36762745824141 1 164 12
"165" 122.040440612102 3.63629913779549 1 165 13
"166" 120.531155918235 3.53909265827542 2 166 16
"167" 127.499657919712 5.97524787705861 1 167 13
"168" 118.984967585636 4.17488543631004 1 168 17
"169" 116.422071023519 5.25319022296935 1 169 14
"170" 113.028507961631 6.63059688912107 1 170 15
"171" 117.661575632821 6.05919502609316 1 171 15
"172" 118.858062992027 5.05544310318482 1 172 13
"173" 119.091721428773 3.91339888346154 1 173 16
"174" 122.260794868315 3.23378230313391 1 174 13
"175" 125.36492431474 5.50124883361663 1 175 14
"176" 123.611813478391 2.70887026555704 1 176 13
"177" 119.008447431805 4.91224161011435 1 177 13
"178" 121.297055286051 6.24493796291234 1 178 14
"179" 116.656224348934 3.25925692790863 2 179 14
"180" 117.203286873422 3.15017653653771 1 180 15
"181" 116.187909745313 3.66696581625823 1 181 13
"182" 121.858927798388 6.11862368456471 1 182 15
"183" 116.246134538208 3.23046095278077 1 183 16
"184" 116.770826063459 2.95429028413123 1 184 13
"185" 117.59354538341 2.16121453543404 1 185 15
"186" 122.272803903163 5.16882829885483 1 186 14
"187" 121.237236626097 3.77293431298154 1 187 15
"188" 121.593261792534 4.63524618933992 1 188 13
"189" 119.316121918781 5.3854447559777 1 189 15
"190" 121.171484494004 4.24817432678938 1 190 14
"191" 117.238638140624 4.47491628052153 1 191 16
"192" 122.901469512335 5.20563204472039 1 192 13
"193" 123.462445961197 5.80527625492781 1 193 14
"194" 125.272863668699 6.14087038084955 1 194 17
"195" 118.057287945818 5.86359707300648 1 195 14
"196" 123.301071494171 4.09416735021942 1 196 19
"197" 122.75184353267 4.067826082097 1 197 13
"198" 114.62542924602 3.35236210761211 1 198 18
"199" 124.874426562152 5.27903360733098 1 199 15
"200" 125.659036951303 3.57725214838954 1 200 13
"201" 120.557640601526 4.25675855906428 1 201 13
"202" 122.896790069899 2.27740405434362 1 202 16
"203" 122.021279712953 4.1441680939104 1 203 13
"204" 122.175409993647 3.00507061430488 2 204 13
"205" 122.213174416487 3.61049756816174 1 205 15
"206" 127.278811910446 5.34741636798591 1 206 16
"207" 116.987322144623 6.50055908528297 1 207 19
"208" 128.392514808063 3.45245079213026 1 208 36
"209" 120.945257393679 2.29972440662672 1 209 19
"210" 123.540976409542 5.53025485962954 1 210 14
"211" 121.866622625045 4.58943591567878 1 211 14
"212" 118.695344850622 3.25652516835977 1 212 15
"213" 118.975001425379 3.32445721790876 1 213 14
"214" 118.371757395338 5.69523402935117 1 214 17
"215" 120.233121961005 4.71495884023746 2 215 13
"216" 118.454066434741 4.31478572812332 1 216 17
"217" 120.310323577292 5.66551543392267 1 217 13
"218" 118.302819485929 5.54936314114196 1 218 14
"219" 126.532868762385 3.06992302248694 1 219 13
"220" 121.8020474312 6.87171359675061 1 220 15
"221" 124.311619539631 4.024310150484 1 221 15
"222" 121.237721096455 4.91500672421149 1 222 12
"223" 113.705892102709 3.64073269363362 1 223 17
"224" 122.731896107945 6.85819578865071 1 224 14
"225" 122.977194317521 4.91976054153962 1 225 13
"226" 126.045043547983 6.15801715884007 1 226 14
"227" 117.683897987805 3.50299255765521 1 227 16
"228" 114.479369757209 6.73480948833544 1 228 24
"229" 115.036209531168 3.97135106750947 1 229 18
"230" 122.891644559038 3.37933918276958 1 230 16
"231" 116.148265417562 5.35665727301517 1 231 15
"232" 118.436064403052 5.28203917861153 1 232 13
"233" 121.99807463068 5.72922637584461 1 233 15
"234" 125.594710359435 4.66150556782961 1 234 16
"235" 125.885733009085 6.69451260865749 1 235 17
"236" 111.368507193269 4.76057231213862 2 236 20
"237" 123.720011264715 6.00267825309595 1 237 12
"238" 119.989054309039 5.01865688396831 1 238 12
"239" 124.576206249982 4.49814022363034 1 239 14
"240" 117.751056093201 4.11857268238798 1 240 13
"241" 112.397900166711 2.7515895142362 2 241 32
"242" 120.589421578146 4.26889353323216 1 242 13
"243" 120.367229719977 4.46287771326853 1 243 15
"244" 122.931956668945 4.32284704072838 1 244 16
"245" 125.928391227627 6.15685784906352 1 245 15
"246" 123.829159038004 4.10104420358421 1 246 16
"247" 121.022084705924 5.39176891700048 1 247 13
"248" 120.209988313101 4.08747560034815 1 248 15
"249" 127.308558251964 4.0589432147287 1 249 19
"250" 120.769228265758 5.82970568350902 1 250 13
"251" 124.080265476654 4.12122290010271 1 251 15
"252" 123.025633962241 3.06932209824596 1 252 15
"253" 130.606979329322 6.0311933269729 1 253 15
"254" 124.444573635314 7.29336984044591 1 254 16
"255" 124.521086722986 6.3919007070929 1 255 13
"256" 126.653926056901 5.65553811312167 1 256 15
"257" 120.880828742657 5.85503241068897 1 257 13
"258" 120.140815799171 3.46795580427317 2 258 15
"259" 123.536153188402 1.73501174723348 1 259 18
"260" 119.408643343231 4.46249778474592 1 260 17
"261" 115.189518962179 5.88459743889274 1 261 16
"262" 119.340873525186 3.3627649343792 1 262 13
"263" 123.037483706771 4.7702465538859 1 263 14
"264" 114.806920865302 5.03851395004717 1 264 17
"265" 122.939717014394 3.14105063400621 1 265 16
"266" 122.803150256821 4.8793468589084 1 266 16
"267" 116.51814131797 3.03825019275762 1 267 15
"268" 120.857810314785 5.48838270177038 1 268 13
"269" 124.555179342292 4.88837437699441 1 269 14
"270" 126.972604131052 3.960976469527 1 270 18
"271" 118.435767506334 3.57846726492194 1 271 14
"272" 119.548260829877 3.78431386446074 1 272 22
"273" 129.703591519913 6.79712361017458 1 273 15
"274" 122.071086595449 6.72906139857609 1 274 15
"275" 118.097316646131 4.05316239252441 1 275 16
"276" 122.327119019916 4.97307494997306 1 276 13
"277" 124.53080906367 3.55506406310373 1 277 13
"278" 123.826058575845 4.83847223472077 1 278 15
"279" 121.994990509616 3.97990240864896 2 279 13
"280" 122.704165144482 3.57689020395117 1 280 14
"281" 127.521859862823 3.42513055834539 1 281 20
"282" 114.459429832679 4.79803213834722 1 282 18
"283" 130.58105738802 5.87841247357288 1 283 16
"284" 120.042950653558 3.66381234346984 1 284 13
"285" 125.452987278054 4.94110350571331 1 285 13
"286" 127.551271071878 3.88417696049334 1 286 20
"287" 119.098399707598 4.38108623940855 1 287 16
"288" 123.374112259728 3.42502744690194 1 288 16
"289" 123.773887409849 4.97885672544315 1 289 15
"290" 118.498702069323 3.05828586391233 1 290 16
"291" 119.576863335744 5.75758288250176 1 291 13
"292" 124.346193278003 5.18692236619785 1 292 15
"293" 121.637748361724 6.05253842760283 1 293 14
"294" 125.172686963421 6.48020664149167 1 294 16
"295" 121.972458759031 1.81342663647793 1 295 14
"296" 120.58721496788 6.18014089519145 1 296 12
"297" 119.444634583384 4.68329854136463 1 297 18
"298" 118.759977532511 4.23927000860313 1 298 19
"299" 124.06049856124 2.0571048867674 1 299 16
"300" 119.08314734687 6.68383601497209 1 300 18
"301" 117.70242426359 4.80441959718079 2 301 14
"302" 115.640283160405 5.27636368310458 1 302 14
"303" 120.44075799327 4.03847511409392 1 303 12
"304" 125.240778955908 5.08879117563461 1 304 20
"305" 123.391045915635 5.70920688746813 1 305 15
"306" 121.686604813052 3.9660568493001 2 306 15
"307" 116.786868825807 5.98553551179286 2 307 14
"308" 117.329604633836 5.22022147034419 1 308 18
"309" 125.025672002958 3.72684485767498 1 309 15
"310" 120.763820004778 3.28088257663253 1 310 16
"311" 125.395434827064 5.62023007269276 1 311 15
"312" 120.406165839095 3.93376417334444 1 312 13
"313" 120.674167682659 3.55538267092681 1 313 14
"314" 124.231761263109 6.53164600632496 1 314 14
"315" 120.311218938988 4.75732459813326 1 315 12
"316" 122.068399541737 2.74154228605585 2 316 14
"317" 120.570030065867 4.59181194179653 1 317 13
"318" 117.453160362032 4.34474779814352 1 318 14
"319" 125.986404134931 4.76761526877559 1 319 17
"320" 118.538923623543 6.29629979673479 1 320 18
"321" 120.234554584517 3.82985815675349 1 321 12
"322" 122.313127676381 3.3813663135429 1 322 12
"323" 120.947797906765 6.96140357890431 1 323 19
"324" 116.071219872922 4.21765289520912 1 324 16
"325" 125.174149798163 3.04756825424984 1 325 15
"326" 114.727069535741 4.17458401957134 1 326 16
"327" 122.412432601779 6.61570690212117 1 327 15
"328" 118.133666993968 4.30813552904469 1 328 15
"329" 117.743867369432 6.25020554107367 1 329 16
"330" 121.222558407301 4.6518421247344 1 330 12
"331" 120.670082033744 2.68878353550291 1 331 16
"332" 121.383737424729 4.2411652887906 1 332 13
"333" 124.792396410536 5.44760559848252 1 333 14
"334" 129.276999901685 4.75508601505969 1 334 20
"335" 120.362538959861 5.58500593060493 1 335 12
"336" 121.112656459891 3.48443595463453 1 336 17
"337" 122.693447576923 4.90786164056461 1 337 16
"338" 118.628242204077 3.71975238885466 1 338 14
"339" 121.762107479666 3.51817137487401 1 339 14
"340" 115.844282125696 3.18791843205301 1 340 15
"341" 122.412502567788 5.53108762931419 1 341 14
"342" 118.754975788739 4.63613588404075 2 342 14
"343" 130.891041964018 4.63583379911403 1 343 19
"344" 117.89713340866 2.94576070022963 1 344 15
"345" 125.310439358451 3.07925048702777 1 345 16
"346" 121.683027644851 4.58445815002971 1 346 14
"347" 122.791811266787 4.49769400887089 1 347 15
"348" 118.463818207293 5.07046265029368 1 348 14
"349" 122.525651347634 5.2843266026179 1 349 19
"350" 118.782803517554 4.55564685074234 1 350 13
"351" 115.237596705856 4.40085128094821 2 351 18
"352" 124.743943410597 4.30811144658089 1 352 12
"353" 120.390391996264 4.40470067125772 1 353 14
"354" 129.571815762197 5.43117041630501 2 354 17
"355" 123.158924166552 2.99611644910175 1 355 14
"356" 128.140948726069 5.43636258792794 1 356 15
"357" 118.046556470649 4.32282312026765 2 357 16
"358" 126.387563999622 5.90891860865454 1 358 27
"359" 125.624485547985 5.2746871833077 1 359 16
"360" 127.320269651889 6.11829045142165 1 360 12
"361" 122.282914883626 4.19781421298675 1 361 13
"362" 124.827059064227 3.38198116793227 1 362 15
"363" 119.658628487097 2.79363217025813 2 363 15
"364" 121.923039883739 4.67669275333931 1 364 14
"365" 128.195502015899 4.8334999147304 1 365 25
"366" 116.570310906139 3.5480833248293 1 366 17
"367" 114.976263507757 5.81128448323336 1 367 13
"368" 119.92815287887 3.75199520521646 1 368 13
"369" 123.209321945052 3.79730647957571 1 369 15
"370" 124.1969730542 6.85798096189244 1 370 14
"371" 125.057680882577 4.92470546336219 1 371 16
"372" 123.442769569081 3.96582066092943 1 372 17
"373" 124.09521287525 4.07132362656079 2 373 15
"374" 118.083574632418 4.49243576217157 1 374 13
"375" 115.163560993942 4.90316246548107 1 375 16
"376" 117.596758389902 5.49448320114089 1 376 19
"377" 116.024620300288 5.29463436130643 1 377 14
"378" 120.577252635221 3.39868805639921 1 378 16
"379" 112.397577816724 3.59340905019536 1 379 24
"380" 122.381804983332 3.53040656874306 1 380 13
"381" 116.762562111122 4.30565806689649 1 381 18
"382" 132.923867422633 4.06784143920768 1 382 36
"383" 123.800174677052 1.98268825120254 1 383 17
"384" 120.016529919335 5.78797515281985 1 384 15
"385" 125.588091859536 5.33018426890629 1 385 15
"386" 119.85566240519 5.20550923296093 1 386 13
"387" 119.659211626826 4.72559332768269 1 387 14
"388" 126.632340565221 5.24866938538151 1 388 15
"389" 129.660359572854 4.54236624280408 1 389 21
"390" 117.911035911952 1.86871594694149 1 390 21
"391" 126.752821382601 4.22391444024856 1 391 19
"392" 121.639707544801 6.22989109087835 1 392 16
"393" 122.52052343766 2.86866843964412 2 393 16
"394" 122.764742983901 3.2563325993522 2 394 15
"395" 125.175647198665 2.67900246778167 1 395 15
"396" 115.674909106616 3.16592961439918 1 396 16
"397" 120.114717347638 2.42458516361957 1 397 17
"398" 117.167636737773 4.47132515137903 1 398 17
"399" 114.185981461963 2.74539765068405 1 399 13
"400" 118.72739093691 3.4798822239147 1 400 14
"401" 124.999740047742 4.54835779270825 1 401 15
"402" 123.690332788404 5.21009864199947 1 402 14
"403" 119.721494926356 5.62954483645816 1 403 13
"404" 126.324216239864 5.46517530742404 2 404 14
"405" 112.192883681913 7.26411825945414 1 405 18
"406" 119.474085646561 5.7232852490559 1 406 12
"407" 124.010066021968 3.54653792559824 1 407 15
"408" 125.974329758781 4.51051921914802 1 408 15
"409" 123.430713462703 5.9143983618639 1 409 15
"410" 122.278999795757 3.04323707548299 1 410 14
"411" 125.3548071729 4.01469503338966 1 411 30
"412" 116.913244536684 5.75086835322404 1 412 13
"413" 116.175982243402 5.19153004947098 1 413 15
"414" 125.535882632929 5.67681432698858 1 414 16
"415" 128.659171895961 6.22606416145351 1 415 16
"416" 122.619121878847 3.61422324208586 1 416 13
"417" 119.975053034079 4.47055178050987 1 417 12
"418" 111.187891037473 5.22751849657499 1 418 17
"419" 118.631922626221 7.0380965950328 1 419 17
"420" 124.793815836553 3.45444961388856 1 420 14
"421" 120.692516352872 5.94051365441859 1 421 12
"422" 122.549806257378 3.91159009071522 1 422 16
"423" 120.51353123456 4.7585599948253 1 423 12
"424" 120.399365254361 3.78292681533313 1 424 13
"425" 121.884894947989 4.99413431632192 1 425 17
"426" 122.212000905524 4.67462412643897 1 426 17
"427" 124.07071155684 5.33965949228374 2 427 16
"428" 123.563043611585 3.62145684070785 1 428 17
"429" 122.888186879111 1.05885826179176 1 429 16
"430" 126.591892754332 5.26765121854556 1 430 14
"431" 119.674270963505 4.07606173825522 1 431 14
"432" 111.951305595936 5.48666855544988 1 432 14
"433" 120.399341148231 4.54049237273715 2 433 15
"434" 124.29797646499 5.88002422841821 1 434 21
"435" 122.97376743883 4.58306980182379 1 435 14
"436" 122.756476604823 4.62877202135041 2 436 16
"437" 123.602430023234 2.99277994300227 1 437 15
"438" 122.626364561066 4.67279196052905 1 438 15
"439" 119.727392607987 4.73112041667947 1 439 13
"440" 118.739573040636 1.97167724752844 1 440 20
"441" 125.514219983012 5.83637269035857 1 441 15
"442" 125.459401455239 4.54801170889158 1 442 14
"443" 113.032818625505 6.39479287605917 1 443 13
"444" 119.897262234303 3.3393673699427 1 444 17
"445" 122.934956449001 3.4564989990533 1 445 15
"446" 121.802446621462 5.68384785610866 1 446 18
"447" 121.841845065984 6.41623709874205 1 447 16
"448" 124.243316837475 6.28162013943419 1 448 12
"449" 117.990266533257 5.68792839431292 2 449 16
"450" 121.663456552363 3.55935661417663 1 450 15
"451" 117.090388268316 4.94182712204171 2 451 17
"452" 131.603499080844 6.62526972599161 1 452 13
"453" 126.658382952058 4.42583040021687 1 453 17
"454" 123.03572867478 2.88992663787684 2 454 15
"455" 122.388164421424 4.79499354173855 1 455 14
"456" 119.512076660939 6.67265658086519 1 456 13
"457" 121.697906727384 4.25476369548348 1 457 15
"458" 123.11453315311 3.50971269894295 2 458 14
"459" 116.250744993676 5.95098149239492 2 459 19
"460" 113.383183667212 5.84370260830528 2 460 18
"461" 120.66526983462 4.60722589590091 1 461 14
"462" 125.467182070112 5.71894728877389 1 462 15
"463" 129.185224287728 3.43505255644993 1 463 18
"464" 113.366791111 6.15529020809919 1 464 17
"465" 125.55508682503 5.01178543569117 1 465 14
"466" 126.539791050128 5.23363535087471 1 466 15
"467" 117.372441604899 5.61007101761207 1 467 14
"468" 116.165748401812 4.25897818059045 1 468 16
"469" 122.790365446607 5.17265172316703 1 469 14
"470" 118.838198050586 3.40137309562692 1 470 14
"471" 115.461824639217 5.63233405652707 1 471 14
"472" 120.557379562831 4.83372650455267 1 472 13
"473" 121.85941216747 4.10323004877227 1 473 15
"474" 119.750163325516 6.03121211622588 2 474 14
"475" 119.824250648629 5.45323805063084 1 475 13
"476" 125.909835087313 3.71819124583699 1 476 14
"477" 127.358597337978 5.15124348129035 1 477 13
"478" 119.634360959211 4.56195591071539 1 478 14
"479" 124.100523447742 4.61050543985887 1 479 15
"480" 120.652363488414 4.69322325376201 2 480 13
"481" 121.814182846779 2.6028300049481 1 481 19
"482" 118.852235513684 5.76839492121057 1 482 16
"483" 121.765737375544 4.25899800549484 1 483 14
"484" 125.285414746906 5.36631383842791 1 484 15
"485" 114.344053849866 2.53628211363672 1 485 15
"486" 123.85117127268 4.82483163403847 1 486 15
"487" 120.775066250249 7.27651213806138 1 487 17
"488" 126.980736772736 4.14123410829882 2 488 23
"489" 124.367182885509 5.1874597356659 1 489 14
"490" 122.888313659899 6.65973452976003 1 490 18
"491" 125.539447151315 4.31003619468777 1 491 15
"492" 123.766653741635 5.01765301692029 2 492 14
"493" 117.576027090997 4.67345795465076 1 493 17
"494" 116.348999321348 3.79843363264818 1 494 15
"495" 120.826055561814 3.50679362067754 1 495 15
"496" 125.12259572762 3.0716789384745 2 496 15
"497" 119.113505199684 3.68763952279624 1 497 14
"498" 118.675550090955 5.19731701427135 1 498 13
"499" 131.611205889548 5.27739860745723 1 499 15
"500" 125.77871880731 4.53721692052313 1 500 14
"501" 114.669399655132 4.68124734538513 1 501 18
"502" 121.224056417848 4.95991968547772 1 502 13
"503" 124.419188906045 3.61397788658033 1 503 14
"504" 116.404121927688 4.77678875807622 1 504 15
"505" 120.660539865501 3.81480961299373 1 505 15
"506" 126.00163040739 4.90861659948477 1 506 15
"507" 114.710885650013 3.76694316644064 1 507 20
"508" 120.603622650995 4.09870300646458 1 508 12
"509" 118.772661020726 4.79376642025665 1 509 12
"510" 116.567080136524 3.97677694817384 2 510 16
"511" 121.35307445397 6.45387047948285 1 511 15
"512" 123.027195016206 2.42352943383043 1 512 15
"513" 120.824091251002 5.63590821144416 1 513 15
"514" 112.553999860745 3.93087512142249 1 514 26
"515" 119.083329526886 4.53217184974138 1 515 17
"516" 120.914331337144 5.09789386533159 1 516 12
"517" 124.01711070846 3.00830162976364 1 517 17
"518" 120.647469397128 4.51640188172121 1 518 14
"519" 126.072999301745 6.84638196270299 1 519 17
"520" 130.261366066911 6.59192816663479 1 520 34
"521" 122.464891590562 3.47410509767859 1 521 13
"522" 127.068578190253 3.15261918463797 1 522 16
"523" 122.490769140029 4.35545030295058 1 523 15
"524" 120.011498238592 6.52124875001755 1 524 12
"525" 114.058166235882 3.56801749095603 1 525 15
"526" 120.328972276058 5.07783728585362 1 526 11
"527" 120.151673946477 4.27626693664183 1 527 12
"528" 126.920473280896 3.92442974611764 1 528 19
"529" 117.838297710737 5.73123673308544 2 529 17
"530" 128.94611151716 4.03259486792718 1 530 19
"531" 121.048046688686 4.73231440947303 1 531 12
"532" 125.095498495345 1.70994569011635 1 532 15
"533" 127.30908348235 5.26699358319258 1 533 15
"534" 118.749236776307 5.16354406508815 2 534 14
"535" 121.978310382155 3.2588975473801 1 535 13
"536" 124.100823530997 4.24924620536362 1 536 14
"537" 122.743787497267 3.14644603460173 1 537 16
"538" 117.790067521281 5.14747208081907 1 538 24
"539" 125.545905695879 5.238314791033 1 539 16
"540" 123.655358372727 5.49042640454663 1 540 13
"541" 124.9493801777 4.93451939596613 1 541 15
"542" 119.528389415232 5.78228741170445 1 542 13
"543" 126.259468974125 3.86576887571519 1 543 14
"544" 123.043161087915 4.35262754885202 1 544 15
"545" 124.934307655877 3.12959633208073 2 545 14
"546" 124.2919672092 3.46469939112574 1 546 16
"547" 116.737684984129 5.55122626298107 1 547 14
"548" 123.992862007245 4.04830216311171 1 548 15
"549" 124.973574354176 4.47787110848115 1 549 16
"550" 121.524334248674 4.67475596175497 1 550 14
"551" 116.6422325215 4.23337087248905 1 551 17
"552" 122.023017098977 4.06868243404209 1 552 14
"553" 121.813845992158 4.66352620327761 1 553 13
"554" 115.581331297492 1.87048318298695 1 554 15
"555" 118.69149209702 3.1701787165185 1 555 16
"556" 116.266624052802 5.98907462660201 1 556 18
"557" 130.275986316308 4.30493265024941 1 557 18
"558" 121.983130588334 3.4032090024644 1 558 14
"559" 122.930786135394 3.43681330712245 1 559 15
"560" 126.599107719817 5.06975572271276 1 560 15
"561" 121.511210355127 5.26848333041407 1 561 14
"562" 129.516647620448 3.95267643333623 1 562 21
"563" 118.974859485338 5.65272518501531 1 563 15
"564" 122.026022943297 4.55040703890066 1 564 14
"565" 121.107008549883 5.60364073554027 1 565 16
"566" 124.16736035575 5.11989296933428 1 566 15
"567" 118.02521842508 4.05748925022796 1 567 17
"568" 116.932694175066 4.01884856755966 1 568 20
"569" 121.9622114717 6.86008192370987 1 569 14
"570" 116.301759189223 4.90175875168412 1 570 16
"571" 123.565201227622 4.55459401500883 1 571 26
"572" 115.544273087788 5.96478171382224 1 572 16
"573" 120.085836583708 3.54309991911046 1 573 14
"574" 121.390691986205 3.76251956974874 1 574 14
"575" 119.245350120609 3.64572948726095 1 575 15
"576" 115.211640828736 5.06112577854294 1 576 16
"577" 121.14675626563 4.28109296003302 1 577 13
"578" 123.60199031849 3.52067754765616 1 578 17
"579" 114.134977814248 5.15666620590605 1 579 15
"580" 114.58073190966 3.73569703459355 2 580 14
"581" 122.356400607835 4.3881067361542 1 581 15
"582" 121.256890966919 6.11913521722118 1 582 15
"583" 115.725858289736 3.9463962221653 2 583 15
"584" 121.197963428522 3.11145111074356 1 584 18
"585" 113.938740491825 6.40143154040689 1 585 14
"586" 126.380071048681 3.4614877807928 1 586 14
"587" 119.918913312384 3.8512172604978 1 587 13
"588" 123.013032209749 5.10201135611776 1 588 14
"589" 129.613356256219 5.73382272519092 1 589 15
"590" 117.962269434762 3.58327308897338 1 590 14
"591" 123.264981544485 5.33626947727385 1 591 14
"592" 118.390730203546 5.44727496404363 1 592 14
"593" 204.882203563877 145.852018230299 1 593 7
"594" 202.715960475094 147.551494406272 1 594 5
"595" 201.82833233964 146.269578188995 1 595 5
"596" 198.092188156956 146.365485851127 1 596 1
"597" 196.296137450825 146.571241464778 1 597 2
"598" 194.708306941 146.856252131707 1 598 1
"599" 194.851677454789 146.165500614951 1 599 4
"600" 206.88113826818 147.113924864486 1 600 21
"601" 194.924630505208 146.260930336385 1 601 5
"602" 193.876492279756 146.90102594062 1 602 2
"603" 200.022547199746 146.172226037755 1 603 2
"604" 191.141402884282 146.96800414291 1 604 2
"605" 192.045496891103 146.744149452831 1 605 3
"606" 195.059621373617 147.565368623222 1 606 3
"607" 195.351343782322 146.281176689539 1 607 4
"608" 207.623490773175 146.628978394668 1 608 18
"609" 202.139198198528 146.374474396293 2 609 4
"610" 195.355214618529 147.115244424875 1 610 1
"611" 192.870871689538 147.144402208112 1 611 2
"612" 196.092669104385 146.730476840479 1 612 0
"613" 194.030440893866 146.264352076707 1 613 3
"614" 194.842166393289 146.907856072642 1 614 1
"615" 196.060781681621 146.80665138208 1 615 1
"616" 194.0780347898 146.417364411657 2 616 3
"617" 192.04064866378 146.663453170249 2 617 4
"618" 193.693925253819 146.930083758342 1 618 2
"619" 201.394117499128 147.083993705258 1 619 3
"620" 202.796469504019 145.216613381557 1 620 11
"621" 201.831882793949 146.686676333988 1 621 3
"622" 191.896570483749 146.313947524117 2 622 3
"623" 195.5847073108 146.955457372072 1 623 3
"624" 201.877956702826 146.746845320536 1 624 2
"625" 192.307315332466 146.35585157339 1 625 6
"626" 190.758839934505 146.38888695227 1 626 7
"627" 204.78344960062 146.229773714678 2 627 5
"628" 199.481222922913 145.554051705483 1 628 4
"629" 193.076335314271 146.863764871541 1 629 3
"630" 205.358917845666 146.913192092509 1 630 9
"631" 203.813843945117 146.197181233151 1 631 6
"632" 204.323119059453 147.273369132044 1 632 3
"633" 201.041840841852 147.694763763364 1 633 4
"634" 198.087122945133 146.329652504925 1 634 2
"635" 196.9752227177 146.726120979374 1 635 5
"636" 202.55629266727 145.912020081069 1 636 3
"637" 193.715184738206 147.347563348171 1 637 3
"638" 199.685705095797 146.474672225483 1 638 2
"639" 194.529376902925 145.637400610536 1 639 7
"640" 195.529148720917 147.475484978165 1 640 5
"641" 192.073284338153 146.616235196591 2 641 4
"642" 201.378843257502 147.059184425677 1 642 3
"643" 193.144464078125 146.95917509752 1 643 3
"644" 195.799324354109 145.976233248905 2 644 2
"645" 196.61980635923 145.723387145585 1 645 1
"646" 191.035101130252 146.504868749914 1 646 8
"647" 192.752338191353 146.742671394621 1 647 2
"648" 197.414979661502 146.037008319568 1 648 3
"649" 193.399647075601 147.091507924947 1 649 4
"650" 198.123451635377 147.480795059103 1 650 2
"651" 207.361441134377 146.633280070554 1 651 16
"652" 197.462224802617 146.561100320283 1 652 3
"653" 201.07788996548 145.526358472034 1 653 13
"654" 197.521223239738 146.475213431142 1 654 2
"655" 192.372806800532 147.232142918682 1 655 3
"656" 198.247367899495 146.359660685068 1 656 2
"657" 197.104520534729 147.127988329936 1 657 4
"658" 193.864671243834 146.848850526775 1 658 1
"659" 198.327028434853 147.106683214176 1 659 2
"660" 194.554148844026 147.024904755349 1 660 2
"661" 198.619852255646 147.16664003221 1 661 4
"662" 198.603705406793 146.641784473635 1 662 4
"663" 195.279273531025 145.853261845475 1 663 2
"664" 191.465301998257 147.043401512549 1 664 4
"665" 201.524526258912 147.305259468793 1 665 3
"666" 203.508053222171 146.761791078057 1 666 5
"667" 195.39253683739 147.193936094671 1 667 2
"668" 201.652662266724 146.255890717178 1 668 3
"669" 203.125093618099 146.857314485932 2 669 4
"670" 191.884322918941 147.254841346497 1 670 4
"671" 200.540259317423 146.700794794254 1 671 3
"672" 194.727471850148 146.812218750697 1 672 2
"673" 188.660445573436 146.618644258048 1 673 5
"674" 197.51508575793 146.972581437072 2 674 3
"675" 198.070445157292 147.460662652884 1 675 2
"676" 193.302768615145 146.404648738904 1 676 4
"677" 192.094422620456 146.951304304904 1 677 2
"678" 203.159956660315 146.351108034953 2 678 2
"679" 193.989530046678 145.108864519135 1 679 25
"680" 196.738345421597 146.385143671752 1 680 2
"681" 193.789831701887 146.866247876091 1 681 2
"682" 195.762463552863 146.993709833365 1 682 3
"683" 200.797526071751 147.280526122313 1 683 1
"684" 201.988167407333 147.459113345547 1 684 7
"685" 203.487018009938 147.158355958277 1 685 5
"686" 203.432426241316 147.469979587441 2 686 3
"687" 198.842294845319 147.516570088839 1 687 5
"688" 203.557135988118 147.348197273991 1 688 4
"689" 198.121502025978 147.269197393317 1 689 1
"690" 195.850467826801 146.719821573626 1 690 2
"691" 207.284964340125 146.439071193122 1 691 17
"692" 198.922198211003 146.032026758758 1 692 2
"693" 195.815459018979 147.091329120844 1 693 2
"694" 201.373684451343 147.699729577463 1 694 4
"695" 202.352336309808 146.711171378815 1 695 4
"696" 196.550515198168 146.869487363777 1 696 3
"697" 198.124426652616 146.990108269781 1 697 5
"698" 191.909182442774 146.423429765753 2 698 4
"699" 194.655324737342 146.564342678819 1 699 3
"700" 199.057664422784 145.368082179607 1 700 4
"701" 199.018222491255 147.437780524892 1 701 4
"702" 195.633928621983 146.322411531887 1 702 6
"703" 196.619119656965 147.01683920866 2 703 2
"704" 195.339279922024 147.285170636177 1 704 3
"705" 198.780339936521 146.97374289133 1 705 4
"706" 199.729883753831 147.147407391447 1 706 2
"707" 195.794095749492 145.843506304558 1 707 3
"708" 196.457841627607 147.191443437284 1 708 2
"709" 186.058774067293 146.252918296254 1 709 29
"710" 198.472450220096 145.762634164673 1 710 4
"711" 203.257672642184 145.899655050894 1 711 2
"712" 191.845285699063 147.228283416689 1 712 3
"713" 197.201640675775 146.922488261714 2 713 1
"714" 198.67024724473 146.912697390874 1 714 4
"715" 203.664818402185 146.866483014796 1 715 5
"716" 201.024192584655 146.969346690959 1 716 2
"717" 200.698886122026 146.74769091247 2 717 3
"718" 194.215991015118 147.172028651865 1 718 3
"719" 205.827826488356 146.769689638949 2 719 6
"720" 194.391998418111 147.152329360649 1 720 3
"721" 193.34759252306 147.624995283805 1 721 2
"722" 192.229214390295 148.080643233195 1 722 12
"723" 191.965874659364 146.364486062389 1 723 4
"724" 192.393253216378 147.02194840897 1 724 4
"725" 195.938598527952 146.198335303053 1 725 3
"726" 193.217771981658 145.661457395616 1 726 3
"727" 203.839946460901 146.09299627192 1 727 5
"728" 192.82319243323 147.429603049784 1 728 1
"729" 195.593837730745 147.124039725435 1 729 2
"730" 202.56594090921 147.295077940702 1 730 5
"731" 191.611697391934 147.152051282922 1 731 3
"732" 196.698100768974 146.971368459438 1 732 2
"733" 197.849395053451 147.452242268964 2 733 3
"734" 200.17172846561 147.170261995592 1 734 2
"735" 199.215120324823 145.961083609135 1 735 3
"736" 198.860846069085 146.030057964094 1 736 3
"737" 187.747381507764 146.367464656518 1 737 12
"738" 205.906183975459 147.745613357018 1 738 18
"739" 194.605638508891 146.618158222284 2 739 2
"740" 197.404075529605 146.180611132081 1 740 2
"741" 199.706918803542 146.89366801566 1 741 2
"742" 192.274146812588 145.929929595488 1 742 5
"743" 196.684438137207 146.389388898942 1 743 3
"744" 193.395454586473 146.530206244795 1 744 3
"745" 200.058620648886 146.794724855913 1 745 3
"746" 194.53043707251 147.13420204073 1 746 2
"747" 190.607136814972 146.65966968121 1 747 5
"748" 198.352147321176 146.8139796 1 748 3
"749" 202.188544954169 147.268428071456 1 749 3
"750" 193.250177132759 147.146383388616 1 750 6
"751" 203.889178902044 146.44405312875 2 751 4
"752" 198.54505212525 146.683251064558 1 752 3
"753" 191.957642470269 146.554057774272 1 753 6
"754" 186.120141854821 147.037307675902 1 754 25
"755" 193.708412432852 147.304186668882 1 755 2
"756" 192.87503585651 146.662646782248 1 756 4
"757" 201.252103361067 146.57292798305 1 757 3
"758" 201.43961159758 146.208217863117 1 758 2
"759" 194.54831953175 146.644090566663 2 759 2
"760" 196.217925580071 147.05592022826 1 760 1
"761" 198.00288246021 147.229325110627 1 761 1
"762" 199.170331622698 146.808346339983 1 762 2
"763" 198.77659809947 147.139484735212 1 763 4
"764" 196.137145013767 145.751404034059 1 764 7
"765" 193.304455567496 146.67258129581 1 765 5
"766" 192.836027943382 145.680430994207 1 766 13
"767" 195.071441366459 147.332241115379 1 767 2
"768" 199.692633538075 147.174441714989 1 768 3
"769" 195.475789903346 146.351654826361 2 769 3
"770" 198.900525244723 147.085158051597 1 770 4
"771" 194.662013824064 147.236473930065 2 771 3
"772" 202.230221019598 146.784242704076 1 772 4
"773" 201.932743438944 147.130582689632 1 773 4
"774" 195.917841495863 147.309362427917 1 774 2
"775" 210.730272604837 145.892923910476 1 775 24
"776" 210.600029912001 146.250508924131 1 776 35
"777" 199.212571879924 147.12199265842 1 777 2
"778" 203.135523728981 146.247820403778 1 778 1
"779" 198.025789633704 146.741090244436 1 779 3
"780" 190.557342843879 147.248727476065 1 780 11
"781" 190.969792167227 147.649397048408 1 781 6
"782" 200.903798126483 146.181299740088 1 782 5
"783" 197.912800766504 147.419175522317 1 783 2
"784" 186.262938928392 146.312115893488 1 784 28
"785" 201.206812623123 147.036552877058 2 785 3
"786" 196.286414464888 146.042279425237 1 786 3
"787" 199.426853355935 146.864338567293 1 787 1
"788" 192.143035706649 146.798271273547 1 788 4
"789" 196.808572864913 147.657748285205 1 789 5
"790" 197.393133305593 146.324078211801 2 790 2
"791" 196.56278643019 145.762130560628 1 791 2
"792" 195.381795494031 146.782496958139 1 792 2
"793" 196.403221513504 146.854807293599 1 793 2
"794" 189.850225114941 146.130005194318 1 794 8
"795" 202.239504112978 147.242638938169 1 795 4
"796" 199.01774029831 147.058437297738 1 796 5
"797" 201.099116708875 146.780643547662 1 797 7
"798" 199.262747413838 146.534105246098 1 798 2
"799" 198.823786546447 146.161648519396 1 799 3
"800" 201.661330156985 146.643694456211 1 800 3
"801" 197.599464538341 145.941323965567 1 801 3
"802" 195.526815900463 147.126649796932 1 802 2
"803" 194.895538058968 146.71924350569 1 803 2
"804" 190.526917644665 147.618383824647 1 804 7
"805" 200.724881653098 146.745950690263 1 805 2
"806" 198.578771550029 148.02477846562 1 806 6
"807" 205.007393079061 146.072790548816 1 807 5
"808" 190.473785213963 146.425798982921 1 808 6
"809" 198.652084217072 146.731842182805 1 809 3
"810" 192.883289797176 147.76490280161 1 810 7
"811" 202.203385091816 146.433126999927 1 811 3
"812" 193.950571661494 146.408831783018 1 812 2
"813" 199.304175753003 146.802503553918 2 813 3
"814" 198.323828198785 148.045622712311 1 814 3
"815" 197.279669450846 146.683177355963 1 815 3
"816" 205.022623852931 147.071037209906 1 816 6
"817" 200.808675509258 146.502278021414 1 817 2
"818" 196.920228456215 147.220557028733 2 818 8
"819" 198.254367935479 147.508855922728 1 819 3
"820" 198.859960525831 146.48469378561 1 820 3
"821" 204.010603505911 146.296479772336 1 821 3
"822" 196.974550544565 147.477107845998 1 822 6
"823" 193.213338190496 146.312961428221 1 823 4
"824" 195.901336334739 147.053555035775 1 824 1
"825" 193.207804946953 146.830310682639 1 825 2
"826" 191.776327392643 146.154542691826 1 826 4
"827" 196.383034188279 147.306742124108 1 827 3
"828" 197.835749574694 146.508648446021 1 828 3
"829" 202.202140971431 146.855730981012 1 829 3
"830" 200.420962166476 145.851023387388 1 830 6
"831" 204.880423286134 147.2230474874 1 831 7
"832" 200.187205079285 146.211458982885 1 832 1
"833" 195.911433822501 146.473290075391 1 833 2
"834" 194.536144085612 146.959458430738 1 834 1
"835" 195.149423830241 147.055424156887 2 835 2
"836" 196.921776635934 146.14229469691 1 836 2
"837" 202.845162136009 145.980253270475 1 837 3
"838" 203.737928505258 145.575820309649 1 838 11
"839" 200.952027574708 147.015219751789 1 839 3
"840" 197.445414125032 146.871096644501 1 840 3
"841" 200.803648967429 147.200949409803 1 841 2
"842" 197.94241041333 146.655435595366 1 842 2
"843" 203.632443798885 146.400653505361 1 843 3
"844" 203.174892269824 146.344409748665 1 844 2
"845" 201.214037047941 147.490331122792 1 845 3
"846" 191.722669463545 146.037399981452 1 846 4
"847" 194.542738648848 146.248051719648 1 847 3
"848" 194.979019942115 146.450076393298 1 848 2
"849" 199.476415559192 147.25594451197 1 849 3
"850" 202.455368824306 146.217642641947 1 850 5
"851" 200.468144119153 145.55643392032 1 851 4
"852" 198.374729193406 147.040811021495 1 852 2
"853" 194.404360941361 146.77225491115 1 853 2
"854" 198.841795525334 146.769982011991 1 854 4
"855" 198.741855508701 146.085049963259 1 855 2
"856" 199.261724340469 147.300116028978 1 856 3
"857" 208.552945677986 145.788012029253 1 857 31
"858" 193.207900216817 146.423503179808 1 858 3
"859" 193.937064553458 146.360441474597 2 859 2
"860" 202.773810065758 147.551577881882 1 860 4
"861" 195.430887433211 146.249749033313 1 861 4
"862" 198.243417908587 146.473986376437 1 862 3
"863" 195.506599848095 146.771135724193 1 863 3
"864" 199.228735381129 147.406697345682 2 864 4
"865" 187.531089952332 146.791779031599 1 865 17
"866" 194.024578508092 146.470117897832 2 866 3
"867" 202.595928479904 146.705601949933 1 867 2
"868" 195.01776242753 146.027382609204 1 868 5
"869" 195.769360529959 146.168194916398 1 869 4
"870" 196.220550113227 146.951035054671 1 870 2
"871" 194.881830680557 147.620327377393 1 871 5
"872" 190.460443413731 147.033060768544 1 872 8
"873" 201.33397107276 146.389879850705 1 873 2
"874" 200.153829319994 146.480852791362 2 874 2
"875" 200.670541512469 146.763842721728 2 875 3
"876" 199.867936150841 146.572490305769 1 876 4
"877" 195.658669856442 145.796373434534 1 877 5
"878" 196.999522446442 146.807970227126 1 878 4
"879" 203.039494746797 146.183128518234 1 879 2
"880" 202.319367476479 146.974305129989 1 880 3
"881" 197.322703061594 145.653581723986 1 881 3
"882" 202.565767215264 145.896886330844 1 882 4
"883" 193.396323092132 147.746858135639 1 883 1
"884" 198.787974957488 146.448998091188 1 884 4
"885" 196.254972634672 146.101390307105 1 885 4
"886" 190.016707032818 146.739327144132 1 886 10
"887" 196.315442225428 146.902458678688 1 887 1
"888" 192.156573460177 146.867782955572 1 888 3
"889" 202.994824042445 146.945630664751 1 889 5
"890" 199.281112780395 145.721211241038 1 890 4
"891" 192.824075715501 146.862325353005 2 891 2
"892" 196.421895885745 145.960975485631 1 892 3
"893" 197.427587445354 147.166627333952 1 893 2
"894" 202.432221179749 147.150656210017 1 894 4
"895" 200.322479549501 145.994691819698 1 895 2
"896" 202.962277144306 147.339757639298 1 896 5
"897" 201.923037790298 147.053919480513 1 897 3
"898" 193.43227030524 146.442578665825 2 898 3
"899" 193.994827144668 147.283144610077 1 899 4
"900" 204.332517658399 146.976069936223 1 900 5
"901" 197.376946996365 146.856777725438 1 901 3
"902" 204.24554324522 145.831622633805 1 902 5
"903" 197.951171979796 146.766698336163 1 903 3
"904" 196.598837260317 146.815430315926 1 904 4
"905" 196.644098664209 147.14801115127 1 905 2
"906" 197.197784158422 146.317861640389 1 906 3
"907" 202.638303965195 145.94524193703 1 907 3
"908" 202.012430953673 145.887420537805 1 908 6
"909" 198.449979073603 146.845739704187 1 909 3
"910" 196.459520668004 146.600773419491 1 910 2
"911" 202.701410223674 147.467019444707 1 911 5
"912" 191.450862936797 146.865755858996 1 912 5
"913" 205.267991885212 147.358051298727 1 913 18
"914" 194.016561646989 147.05066829213 1 914 2
"915" 194.338744128641 146.890941133425 1 915 1
"916" 194.032946193956 146.412203658608 1 916 3
"917" 204.208198100281 146.492197163295 1 917 5
"918" 201.687923241645 145.699063452284 1 918 6
"919" 200.490991556584 146.529900307485 1 919 2
"920" 200.807599570834 146.827373734948 1 920 3
"921" 197.362208855129 146.375906530827 1 921 1
"922" 200.346689120848 146.825466044387 1 922 4
"923" 194.032525748545 146.378283761732 1 923 3
"924" 194.149733999198 146.868943394819 1 924 3
"925" 202.374849044038 146.337809226 1 925 4
"926" 197.908572095459 147.190221672881 1 926 2
"927" 193.452030795392 146.509789776886 1 927 2
"928" 189.598458615241 146.356568767798 2 928 7
"929" 195.976017056555 147.90998905793 1 929 3
"930" 202.911123940188 146.101326147823 1 930 2
"931" 201.610083708379 147.039826848416 1 931 4
"932" 193.971811645681 147.301044299193 1 932 3
"933" 199.262912620651 146.932481537123 1 933 2
"934" 201.736549002926 147.228768499881 1 934 4
"935" 202.129837417639 145.850506897639 1 935 7
"936" 201.834017015356 147.496074315182 1 936 4
"937" 194.290322372411 147.056462850991 1 937 2
"938" 205.043040431859 146.220631820204 1 938 7
"939" 195.324673000584 146.74139816545 1 939 3
"940" 199.664774781421 147.07003761485 1 940 3
"941" 194.630155114175 147.238128908023 1 941 3
"942" 196.659296802772 146.611020408023 1 942 2
"943" 201.130055421256 147.366716417931 1 943 5
"944" 192.796137075244 146.605953372192 1 944 3
"945" 198.535613646006 146.319651922139 1 945 4
"946" 196.007142698078 146.195479568818 1 946 4
"947" 196.793892195186 146.939603582031 1 947 3
"948" 196.181179572518 147.186475858727 1 948 1
"949" 197.637668708061 147.543475705907 1 949 4
"950" 197.191737022083 147.203023191809 1 950 3
"951" 198.126614599145 147.417540391398 1 951 2
"952" 204.74375744791 146.566712301251 1 952 10
"953" 202.185673093232 148.142177266373 1 953 4
"954" 198.749667666196 146.429874842586 1 954 3
"955" 204.274421412637 147.107321157871 1 955 4
"956" 198.161154770122 146.785319902246 1 956 2
"957" 191.77375111982 146.78310485456 1 957 2
"958" 201.382501750067 147.06764022255 1 958 2
"959" 197.113148358758 147.642290502252 1 959 7
"960" 188.338324753734 147.148517741684 2 960 6
"961" 195.755641939695 146.956603429347 1 961 3
"962" 199.953347672681 147.359429430878 1 962 4
"963" 192.705736307314 147.045023490545 1 963 4
"964" 198.782745032931 145.631111402923 1 964 3
"965" 192.852380141469 146.063520591275 1 965 5
"966" 199.094681478926 146.202697418806 1 966 3
"967" 196.230606061453 146.993841909469 2 967 1
"968" 205.055590919447 147.171746899017 1 968 7
"969" 192.66123708951 147.011472907601 1 969 4
"970" 196.340090013337 146.514721678533 2 970 1
"971" 196.982500771154 145.941029980832 1 971 2
"972" 199.819374702912 146.332081865258 1 972 3
"973" 190.613127009156 147.039775401321 2 973 7
"974" 201.470967243634 146.138540200673 1 974 3
"975" 200.709939918702 146.461886646382 1 975 3
"976" 201.016317084476 147.529975450517 1 976 3
"977" 197.260710471844 146.905039226974 1 977 2
"978" 194.287897547917 146.899609001623 1 978 2
"979" 193.512867164542 146.813013501461 1 979 3
"980" 198.733117871908 146.203863989337 1 980 3
"981" 198.7297924041 146.424127821008 1 981 4
"982" 195.919715169831 146.369482647379 1 982 2
"983" 189.5600067067 145.084005059891 1 983 39
"984" 195.315521179188 147.144796816121 1 984 2
"985" 195.853759867303 147.398627881569 1 985 2
"986" 194.496473284208 146.308965134806 2 986 2
"987" 198.927450222802 145.865373183785 1 987 3
"988" 189.479546150283 145.982643580789 1 988 10
"989" 192.20521094966 147.130140679646 2 989 4
"990" 198.712135166993 147.090128958167 1 990 3
"991" 196.31296921545 146.390337308989 1 991 5
"992" 198.363834674826 146.88412423361 1 992 2
"993" 193.174083046471 146.527392213278 1 993 4
"994" 196.116407211205 146.764152918707 1 994 1
"995" 194.91310150931 146.515043249679 1 995 3
"996" 195.865824903368 146.308946744229 1 996 2
"997" 189.343357420908 147.116568512539 1 997 4
"998" 194.987416203835 146.880875100701 1 998 2
"999" 196.348580803189 145.896551531169 1 999 2
"1000" 192.589059756586 147.033282675856 1 1000 3
"1001" 194.259822527866 147.18320171183 1 1001 3
"1002" 136.744802164039 149.067557347074 1 1002 6
"1003" 138.642843577425 149.354975725249 1 1003 6
"1004" 128.571755750708 148.731517019791 1 1004 9
"1005" 134.758302494656 149.249782541071 1 1005 9
"1006" 139.48610497181 149.775203342738 1 1006 10
"1007" 132.702427373425 149.61051813159 1 1007 7
"1008" 134.405382723156 149.139201576056 1 1008 8
"1009" 134.714799377273 149.655316914911 1 1009 4
"1010" 131.875711803911 149.176886458973 2 1010 3
"1011" 136.959600695942 149.34762400792 1 1011 7
"1012" 133.235681484773 150.356996469538 1 1012 4
"1013" 134.305811351571 149.569676820101 1 1013 4
"1014" 137.154823687999 149.75768183535 1 1014 5
"1015" 137.2293696457 150.042400854477 1 1015 6
"1016" 133.284959406218 150.392160476224 1 1016 4
"1017" 133.613978963194 149.136668543427 1 1017 4
"1018" 133.522342277361 149.401737124784 1 1018 3
"1019" 133.93411683584 148.776299534981 1 1019 6
"1020" 133.779754188828 149.830478535458 1 1020 4
"1021" 130.052103302853 149.219958716198 1 1021 8
"1022" 134.034705116486 150.393339823644 1 1022 4
"1023" 135.054808014956 149.39466377822 1 1023 7
"1024" 131.89317867959 149.400503260976 1 1024 9
"1025" 140.452098468778 150.239083955735 1 1025 14
"1026" 129.89664862308 149.80428484279 1 1026 6
"1027" 134.697190664824 149.845081879475 1 1027 3
"1028" 135.825430722609 149.232578043137 1 1028 4
"1029" 137.406296834812 150.097416709565 1 1029 7
"1030" 133.378239940511 149.67307821719 1 1030 3
"1031" 131.743779022086 148.688987124289 1 1031 7
"1032" 135.238368606192 150.585713048356 1 1032 4
"1033" 138.090922638834 151.123308708243 1 1033 12
"1034" 130.009474948931 149.821948955456 1 1034 7
"1035" 131.727505136929 150.344454589897 2 1035 4
"1036" 131.900374009723 150.068991200798 2 1036 5
"1037" 139.264833199578 150.793552865901 1 1037 8
"1038" 138.596232435856 149.944520969673 1 1038 12
"1039" 132.31651734032 150.426082973391 1 1039 3
"1040" 131.291342417925 149.945312264872 1 1040 11
"1041" 128.337143263546 151.267992461088 1 1041 4
"1042" 134.774159103978 150.107789710514 1 1042 4
"1043" 130.850509315477 149.654980681368 1 1043 5
"1044" 135.889147636174 149.480798593094 1 1044 4
"1045" 135.989027479068 149.952394947327 1 1045 5
"1046" 136.43059535079 150.479468064099 1 1046 8
"1047" 133.090397762229 149.874859361393 1 1047 2
"1048" 133.12551099594 149.517721353622 1 1048 3
"1049" 131.01027714033 149.585871022035 1 1049 5
"1050" 136.467059873192 148.608954794062 1 1050 5
"1051" 135.694790444968 149.065868318752 1 1051 4
"1052" 135.531758272631 149.980780150828 1 1052 4
"1053" 139.866415382988 149.823626673688 1 1053 8
"1054" 133.971216912438 150.503833261775 1 1054 5
"1055" 135.538394493416 149.270679278278 1 1055 4
"1056" 127.585795820624 149.860111888372 1 1056 17
"1057" 130.660383294 149.66484761705 1 1057 6
"1058" 133.361816149967 149.447060916499 1 1058 3
"1059" 133.769669552585 149.11791446904 1 1059 4
"1060" 135.823434583667 149.16907977938 1 1060 4
"1061" 134.644825731595 149.588607496932 1 1061 5
"1062" 133.909717257797 149.383054570228 1 1062 6
"1063" 131.88155065365 150.220355250787 1 1063 4
"1064" 139.635244124859 150.073851918675 1 1064 8
"1065" 128.241692748063 149.897870231795 1 1065 8
"1066" 135.415890012442 148.922953855785 1 1066 4
"1067" 131.270554433289 148.522498993127 1 1067 6
"1068" 133.415509201552 150.023710210208 2 1068 3
"1069" 132.445002775666 150.464495631334 1 1069 4
"1070" 133.906171835462 149.581166089005 1 1070 5
"1071" 135.747032813404 149.760255920549 1 1071 2
"1072" 138.764728717064 150.388124140021 1 1072 7
"1073" 128.30497669757 148.982147624881 1 1073 8
"1074" 134.656333291417 149.707796963654 1 1074 4
"1075" 138.099830474894 149.20320470119 1 1075 7
"1076" 133.140365293692 150.51875253297 1 1076 3
"1077" 129.358919547742 149.103361258738 2 1077 8
"1078" 134.341420456824 150.224690420235 1 1078 5
"1079" 134.61975683869 150.35087793938 2 1079 3
"1080" 135.32168017789 150.596861633487 2 1080 4
"1081" 134.573227700271 150.626325205965 1 1081 4
"1082" 131.931611750651 148.800251325342 1 1082 5
"1083" 133.135621686448 148.593929876025 1 1083 3
"1084" 127.41943396655 149.97993828601 1 1084 12
"1085" 132.451334363047 149.290150828387 1 1085 2
"1086" 137.61782647627 150.525856057701 2 1086 11
"1087" 133.363372104399 150.513020103112 1 1087 3
"1088" 136.331765061098 150.174579412355 1 1088 6
"1089" 137.366746813136 149.257361932678 1 1089 11
"1090" 135.839257123439 149.201970084076 2 1090 3
"1091" 134.684806604677 149.39216775387 1 1091 5
"1092" 132.938714714727 150.138854083903 1 1092 3
"1093" 134.912846465754 149.771689880231 1 1093 6
"1094" 129.304449870281 150.379091629491 1 1094 6
"1095" 129.685103350061 149.97142678964 1 1095 7
"1096" 133.69147461026 150.253948740662 1 1096 4
"1097" 136.584088674009 149.894053620195 2 1097 5
"1098" 133.138312429491 148.352496501451 1 1098 5
"1099" 134.615311830647 150.166003633334 1 1099 3
"1100" 130.835396109719 150.698097630274 1 1100 7
"1101" 136.028614466417 150.912035619924 2 1101 7
"1102" 138.246101831462 149.938935323451 1 1102 10
"1103" 132.308706376176 149.55391296814 2 1103 4
"1104" 129.306667837967 148.925140580019 1 1104 6
"1105" 135.252518692917 149.21826272225 2 1105 5
"1106" 136.119057578638 149.919901812876 1 1106 3
"1107" 133.157386423862 148.82440015355 1 1107 3
"1108" 134.285495752883 149.509706837054 1 1108 3
"1109" 131.926136655891 150.029704722681 1 1109 4
"1110" 139.457031692397 149.351064132222 2 1110 13
"1111" 136.204532199074 150.028975608615 2 1111 3
"1112" 137.995021273597 149.597846314895 2 1112 7
"1113" 135.324597979487 150.21667533684 1 1113 3
"1114" 136.801163071722 150.089508600505 2 1114 4
"1115" 138.905721660045 150.298465456142 1 1115 8
"1116" 128.457356812689 149.480018392317 1 1116 6
"1117" 132.977206322983 148.561585356643 1 1117 4
"1118" 132.555886315135 150.299818249005 1 1118 2
"1119" 135.324072706934 149.89147111798 1 1119 3
"1120" 133.335476881112 149.444616782405 1 1120 2
"1121" 135.342400290267 150.706868392487 1 1121 5
"1122" 131.472092058798 148.664882945125 1 1122 4
"1123" 132.600260433066 150.150862087953 1 1123 4
"1124" 136.211783371038 148.829343296207 1 1124 8
"1125" 134.713592182063 149.109162168664 1 1125 9
"1126" 138.36717039904 151.048873681673 1 1126 11
"1127" 131.58823671643 150.748974838361 1 1127 8
"1128" 137.038292694111 149.826033553023 1 1128 5
"1129" 130.813885516288 149.412870114869 1 1129 3
"1130" 134.438800948951 150.022083850533 1 1130 4
"1131" 133.673181873354 150.534623818854 1 1131 2
"1132" 130.336109014624 150.63856761614 1 1132 17
"1133" 139.649109828971 150.742624309983 1 1133 9
"1134" 135.113965240511 148.984839223849 1 1134 3
"1135" 129.39210822363 148.28841377967 1 1135 11
"1136" 131.770470439114 151.010910484921 1 1136 3
"1137" 133.133022398104 149.33608860468 1 1137 4
"1138" 135.349738145132 149.537797383521 1 1138 5
"1139" 135.300935880267 148.827311905066 1 1139 5
"1140" 134.585247768021 149.784929436994 2 1140 4
"1141" 133.631925586213 149.414335089798 1 1141 4
"1142" 136.044605321953 149.554990947491 1 1142 4
"1143" 133.076351713623 150.304506551405 1 1143 3
"1144" 134.451606945976 149.741363288312 1 1144 3
"1145" 134.112058583475 151.127108173685 1 1145 5
"1146" 136.770547122353 148.648887553704 1 1146 7
"1147" 136.652545290777 149.993087489148 1 1147 6
"1148" 133.436808570845 150.169544909842 1 1148 3
"1149" 136.580424310475 149.755306543634 1 1149 5
"1150" 133.002600665179 150.3592799184 1 1150 2
"1151" 130.09592571258 149.423271715331 1 1151 9
"1152" 133.732737719298 148.956785082603 1 1152 5
"1153" 134.823782144321 149.690302498797 1 1153 5
"1154" 132.00063899238 150.573658743462 1 1154 5
"1155" 133.468522367004 150.564417160553 1 1155 4
"1156" 135.848602574346 149.614085052338 1 1156 4
"1157" 134.936567890898 149.189355135978 1 1157 4
"1158" 124.639371257321 150.727898067967 0 1158 0
"1159" 133.684998145526 148.599230475581 2 1159 6
"1160" 133.538102757962 149.937414758415 1 1160 2
"1161" 137.218690688875 151.359342687625 0 1161 0
"1162" 136.037559929503 149.748588239557 2 1162 4
"1163" 134.218697120277 150.853009057336 1 1163 5
"1164" 137.478076142331 149.686631126111 1 1164 10
"1165" 131.351465573677 150.999815395647 1 1165 8
"1166" 133.549310108226 150.01308270693 2 1166 3
"1167" 135.309251629841 150.970022972841 2 1167 7
"1168" 132.939070879769 149.612371172296 1 1168 3
"1169" 133.644162560853 149.293587372905 2 1169 5
"1170" 138.619732627444 149.430679157024 1 1170 7
"1171" 131.149233756011 148.308913253427 1 1171 7
"1172" 133.152458918641 149.007954652951 1 1172 5
"1173" 136.859361717542 149.679812398872 1 1173 4
"1174" 133.074472300717 149.902187486059 1 1174 2
"1175" 135.14499385702 148.705404665006 1 1175 6
"1176" 135.538156918883 149.38577778219 1 1176 3
"1177" 137.199986633649 150.21732786748 1 1177 7
"1178" 138.320187261102 151.263217822031 1 1178 15
"1179" 131.763218797663 149.198327648597 1 1179 4
"1180" 133.320351895665 150.54130980042 1 1180 4
"1181" 132.308949152608 150.70567349747 1 1181 4
"1182" 135.70934487636 151.189623356089 1 1182 6
"1183" 135.484105830163 149.263127476495 1 1183 4
"1184" 135.657133393776 150.771173858084 1 1184 6
"1185" 131.681901329952 149.837527642681 2 1185 2
"1186" 137.148774767413 150.269292853953 1 1186 6
"1187" 131.012784217582 150.454547456668 1 1187 5
"1188" 130.394248550012 149.09852162715 2 1188 4
"1189" 131.598315494093 150.507196910451 1 1189 4
"1190" 137.289690153761 149.444513897867 1 1190 7
"1191" 129.416240051116 149.75300436255 1 1191 6
"1192" 133.938820169306 149.536343421711 1 1192 4
"1193" 131.663508666036 150.276674063558 1 1193 5
"1194" 132.173464929148 150.453591968161 1 1194 4
"1195" 132.809420231383 150.504147718725 1 1195 5
"1196" 135.151777138766 149.651638723192 1 1196 5
"1197" 133.284095110079 149.610247067762 1 1197 3
"1198" 131.38053480912 149.322014648335 1 1198 4
"1199" 134.026449424871 149.764671465935 1 1199 4
"1200" 133.3684191502 150.245220816564 1 1200 2
"1201" 131.135132436762 149.422888916957 1 1201 3
"1202" 141.882154036795 150.160604181797 1 1202 20
"1203" 139.305794271172 150.831038931023 1 1203 9
"1204" 129.345980803078 149.508341415563 1 1204 5
"1205" 132.940828523846 149.45007321217 1 1205 2
"1206" 133.696071959092 149.174792721798 1 1206 5
"1207" 134.028826597568 150.280233516187 1 1207 3
"1208" 134.054267659953 150.043669474076 1 1208 4
"1209" 139.466182735888 150.914893298839 2 1209 8
"1210" 133.254023976671 149.604249344481 1 1210 2
"1211" 132.920544080025 150.018463385451 2 1211 2
"1212" 135.362332677585 148.859982293579 2 1212 4
"1213" 137.848507055963 148.837667825365 1 1213 11
"1214" 137.998023463768 149.857081699421 1 1214 6
"1215" 137.066865017687 149.503895134311 1 1215 5
"1216" 132.174672597501 150.058035935525 1 1216 4
"1217" 134.127797753696 149.808745854676 1 1217 4
"1218" 133.038435907248 149.921177052779 1 1218 1
"1219" 137.206248680696 150.075491909731 1 1219 6
"1220" 126.709453620158 150.179493809326 1 1220 13
"1221" 139.651418006998 149.808626491819 1 1221 8
"1222" 132.04618605291 149.95465294679 2 1222 5
"1223" 136.515147470173 149.101593573802 1 1223 5
"1224" 128.26810232088 150.201883640431 1 1224 5
"1225" 134.225252717732 150.269439892443 1 1225 3
"1226" 129.482090577537 150.321849854867 1 1226 3
"1227" 130.443510010239 149.008737247317 1 1227 3
"1228" 131.130900891653 150.641000572574 1 1228 6
"1229" 132.694607142218 149.436898394186 1 1229 5
"1230" 132.128063385084 149.692100805783 1 1230 2
"1231" 130.833954761288 149.450525584597 1 1231 2
"1232" 135.744179702041 150.653746471352 1 1232 8
"1233" 134.760155096504 150.016979576874 2 1233 3
"1234" 135.40599546863 149.84718020163 1 1234 4
"1235" 132.848088875877 148.888311143241 1 1235 4
"1236" 131.423368148208 149.753295070502 1 1236 8
"1237" 134.257954983835 150.844053464871 1 1237 4
"1238" 134.389178592419 150.469789146543 1 1238 4
"1239" 132.812153654511 149.981306015175 1 1239 2
"1240" 128.743918444075 150.05360055993 1 1240 12
"1241" 133.9423505322 150.028131147856 1 1241 3
"1242" 138.638046714048 150.619265595971 1 1242 7
"1243" 131.273692175499 149.254784012681 1 1243 3
"1244" 133.583097093962 149.518469076468 1 1244 4
"1245" 135.530690230328 149.919141994167 1 1245 4
"1246" 134.465494588844 150.307644253667 1 1246 5
"1247" 133.082505018342 149.640074678394 1 1247 2
"1248" 136.08414151162 151.100937422272 1 1248 6
"1249" 132.111095859936 150.499541987801 1 1249 4
"1250" 132.571077258417 149.793690502613 1 1250 2
"1251" 135.09223768107 149.438906844073 1 1251 6
"1252" 135.977592456909 149.543573935673 1 1252 5
"1253" 134.855685904167 150.510419711049 1 1253 4
"1254" 128.14191549821 149.782068068311 1 1254 9
"1255" 129.421359431316 149.279894038586 1 1255 6
"1256" 132.984927934511 150.271920685514 1 1256 2
"1257" 135.876264281334 149.101109069551 1 1257 4
"1258" 136.057628396342 149.382709471077 1 1258 8
"1259" 134.383791786832 149.090481731136 1 1259 9
"1260" 134.213875978131 150.52507414075 1 1260 4
"1261" 135.633511284376 149.746923325591 1 1261 3
"1262" 135.415376496929 149.174092042042 2 1262 5
"1263" 132.464780272001 149.74866212848 1 1263 3
"1264" 138.231724531291 149.32690670399 1 1264 8
"1265" 131.375552469701 149.092948291025 1 1265 2
"1266" 137.508446795243 150.388541407552 1 1266 12
"1267" 136.376504584095 150.001381112468 2 1267 3
"1268" 133.298817734785 149.82952750237 1 1268 3
"1269" 138.283974562371 149.174447954725 1 1269 9
"1270" 137.634584216844 149.478058933844 1 1270 8
"1271" 130.600923816181 149.075297382278 1 1271 3
"1272" 136.234814707739 150.171767736218 1 1272 5
"1273" 133.984269888048 150.179057451835 1 1273 2
"1274" 131.529562674098 149.416850471129 1 1274 5
"1275" 135.277801044108 149.118188133391 1 1275 6
"1276" 134.224646780095 150.142877849544 1 1276 4
"1277" 134.986902700887 150.113023725732 1 1277 2
"1278" 136.21150555541 151.56046536339 2 1278 2
"1279" 138.707379831852 150.440804945675 1 1279 6
"1280" 137.022246575607 150.069000168306 1 1280 7
"1281" 137.155421397611 150.608856288887 1 1281 9
"1282" 136.608344056669 148.733648325909 1 1282 6
"1283" 140.827901678865 150.06215273688 1 1283 15
"1284" 134.365250866754 149.937456743322 1 1284 3
"1285" 135.098776481609 149.775256651773 1 1285 4
"1286" 133.716726356044 150.31374596751 1 1286 3
"1287" 134.389378704897 149.828370726573 1 1287 4
"1288" 132.079841396822 151.342541335203 1 1288 5
"1289" 131.139459813407 151.173757391618 1 1289 15
"1290" 135.169109520043 150.503625720804 1 1290 3
"1291" 132.551204161489 148.854106827257 1 1291 5
"1292" 132.211308966249 148.705902041712 1 1292 4
"1293" 131.902920104132 150.466347677687 1 1293 3
"1294" 134.393350377271 148.738246092139 1 1294 10
"1295" 132.849763993399 150.455942892975 1 1295 4
"1296" 134.325927543869 150.717392779914 1 1296 3
"1297" 131.046867949826 133.234005686062 1 1297 5
"1298" 131.306902435293 130.782781729634 1 1298 3
"1299" 131.18321782213 131.184936045436 1 1299 3
"1300" 130.881099486671 131.378732246101 1 1300 4
"1301" 130.869694937186 132.369959282581 1 1301 4
"1302" 131.15338559223 132.141998745387 1 1302 4
"1303" 130.914011261925 129.986235838634 1 1303 7
"1304" 130.829358952156 131.169840881117 1 1304 4
"1305" 130.834127661307 131.225747958437 1 1305 3
"1306" 130.996159695674 130.977661968434 2 1306 2
"1307" 130.999164553982 132.339921730451 1 1307 4
"1308" 130.877244464894 130.891188685702 1 1308 3
"1309" 131.400007057639 130.819694018452 1 1309 4
"1310" 131.071245618742 132.415440897752 1 1310 3
"1311" 130.992488072746 131.909026638874 1 1311 5
"1312" 131.044075607403 132.470890231877 1 1312 4
"1313" 131.07606273902 132.254159738748 1 1313 4
"1314" 131.048600285063 131.963012342144 1 1314 4
"1315" 131.539797603644 131.056447309611 1 1315 5
"1316" 130.864496753918 132.186345526178 1 1316 4
"1317" 130.81522870293 130.650511699556 1 1317 9
"1318" 131.075769165831 131.637924912412 1 1318 4
"1319" 131.14075179478 132.810157283799 1 1319 5
"1320" 131.103460430757 129.562041845284 1 1320 8
"1321" 130.899226774195 132.20366724276 1 1321 4
"1322" 130.888376303234 131.785162223146 1 1322 4
"1323" 130.917569804928 131.989824975531 1 1323 4
"1324" 130.784064287641 132.413151906903 1 1324 4
"1325" 130.998170969445 132.928159524397 1 1325 5
"1326" 131.045735994101 133.17079522779 1 1326 5
"1327" 131.010275240025 130.887569219102 1 1327 3
"1328" 130.964653434233 131.407954593967 2 1328 3
"1329" 130.874228278112 133.450464399844 1 1329 5
"1330" 130.975406461181 133.344755867895 1 1330 6
"1331" 131.172202633499 132.658632955806 1 1331 5
"1332" 131.438726661 132.10845023312 1 1332 7
"1333" 130.874210701254 129.930793218334 1 1333 6
"1334" 130.867553404791 132.294924681827 1 1334 3
"1335" 131.006989798336 130.224211303083 1 1335 5
"1336" 130.998803843737 132.161421760096 1 1336 4
"1337" 130.966544491482 131.682881190426 1 1337 3
"1338" 130.963261264504 130.710664932218 1 1338 4
"1339" 130.99879782887 131.835582810124 1 1339 5
"1340" 130.943574439453 131.260966841695 2 1340 4
"1341" 130.938385056954 131.889661267265 1 1341 4
"1342" 130.998748221646 131.480695009066 1 1342 4
"1343" 130.904731661551 132.456333096532 1 1343 4
"1344" 130.903810967352 131.493967257452 1 1344 4
"1345" 131.304314571159 131.852222324204 1 1345 4
"1346" 131.166118138131 132.219677348818 1 1346 4
"1347" 131.023347719793 132.473455180538 1 1347 4
"1348" 131.024768277343 130.591755351686 1 1348 5
"1349" 130.892711512979 130.388685213063 1 1349 5
"1350" 130.736147019347 132.749584433311 1 1350 5
"1351" 131.363524152618 130.970143212384 1 1351 4
"1352" 131.087106195004 130.329384122451 1 1352 5
"1353" 130.849705543451 132.856167129101 1 1353 4
"1354" 130.962525134272 131.403072079106 2 1354 3
"1355" 131.103371560348 131.325243039845 1 1355 4
"1356" 130.824143468911 132.9127009787 2 1356 5
"1357" 131.239391053033 131.339960614124 1 1357 5
"1358" 131.047332279164 131.819304061433 1 1358 4
"1359" 131.419835765181 131.363415143461 1 1359 4
"1360" 130.910143487589 130.270226928391 1 1360 6
"1361" 131.639606506238 130.958948217106 1 1361 6
"1362" 131.043162913457 131.419486484533 1 1362 4
"1363" 130.808484664682 132.974304663666 1 1363 4
"1364" 130.77515974725 131.384367074249 2 1364 4
"1365" 130.990796613383 132.255950709292 1 1365 4
"1366" 131.005197911321 133.038738867227 2 1366 5
"1367" 130.826103581411 129.520861056091 1 1367 6
"1368" 130.367985892602 131.882300362421 1 1368 7
"1369" 130.571033585248 131.868552873663 1 1369 8
"1370" 131.008556788693 131.076767202595 1 1370 3
"1371" 131.005440058229 132.672393323876 1 1371 4
"1372" 130.983877359985 131.680926457 1 1372 4
"1373" 131.085655836018 130.455460225403 1 1373 4
"1374" 131.001417166374 130.801074372529 1 1374 3
"1375" 130.826529665647 130.162302739813 1 1375 5
"1376" 130.760876458504 130.434291545016 1 1376 5
"1377" 131.181751091798 132.168948748318 2 1377 4
"1378" 131.079865967257 132.351729326025 1 1378 4
"1379" 131.095442067262 132.274378408903 1 1379 3
"1380" 130.967442978994 132.204407257485 2 1380 4
"1381" 130.798980048693 130.855536149205 1 1381 4
"1382" 131.220479773218 130.771029495845 1 1382 4
"1383" 131.078434669723 131.95313511009 1 1383 5
"1384" 130.835442870586 131.284979727624 1 1384 4
"1385" 131.070766655781 132.23155183165 1 1385 4
"1386" 131.066946093269 129.719933206493 1 1386 7
"1387" 130.965365229384 133.087546802602 2 1387 5
"1388" 131.126698622078 133.126189712253 1 1388 4
"1389" 130.995793194681 131.63492256708 1 1389 4
"1390" 131.023916596675 129.025309816487 1 1390 7
"1391" 130.998772792762 131.852564173618 2 1391 4
"1392" 130.931115425853 129.903480520471 1 1392 6
"1393" 131.131527674261 132.697068786101 1 1393 4
"1394" 131.30221174953 131.8053044182 1 1394 3
"1395" 131.367462706607 130.441481936109 1 1395 4
"1396" 130.979698370356 131.169554966738 1 1396 4
"1397" 130.9230919942 129.666728675788 1 1397 6
"1398" 131.153452405003 126.487937956317 1 1398 42
"1399" 153.804835102934 150.497395267575 0 1399 0
"1400" 173.385167000361 8.89660002300528 0 1400 0
"1401" 174.626657378819 156.834148913973 1 1401 4
"1402" 187.262977946835 49.9015542728577 0 1402 0
"1403" 178.105700511724 74.4242656035534 0 1403 0
"1404" 137.37204738114 47.4418562815102 0 1404 0
"1405" 199.534614285219 3.8587618535257 1 1405 33
"1406" 155.200863644509 10.4268530388313 0 1406 0
"1407" 159.358846265017 152.499702781716 1 1407 6
"1408" 169.268590571304 35.705741019075 0 1408 0
"1409" 178.070271613479 44.4703179192507 0 1409 0
"1410" 120.781295497167 52.0130546024234 0 1410 0
"1411" 118.610328087401 156.531633993177 1 1411 12
"1412" 169.830873727037 26.9319620840282 0 1412 0
"1413" 141.124413308568 145.108675003039 2 1413 16
"1414" 160.352305732762 127.493101160621 0 1414 0
"1415" 179.059556573377 19.3621115724307 0 1415 0
"1416" 133.282231763526 140.646208364811 1 1416 42
"1417" 189.399407294131 47.5985210329491 0 1417 0
"1418" 116.358121910694 81.6687795700514 0 1418 0
"1419" 204.022454270314 35.7179544934349 0 1419 0
"1420" 124.130329820185 56.6499447866552 1 1420 34
"1421" 154.447164663349 52.3351126976158 1 1421 33
"1422" 123.643802052935 12.6667880589402 1 1422 22
"1423" 143.288353644802 84.4593563589572 0 1423 0
"1424" 140.531091929809 107.688259350048 1 1424 8
"1425" 181.90185846759 14.9276604470238 0 1425 0
"1426" 151.945846136482 113.183813837981 1 1426 47
"1427" 129.471712733984 102.403927926847 0 1427 0
"1428" 181.695609648253 78.6753257335909 1 1428 42
"1429" 171.161220970321 117.227188403004 0 1429 0
"1430" 210.3471424868 14.0177535977091 1 1430 40
"1431" 151.741380657404 84.9608254177003 1 1431 44
"1432" 143.145299051743 157.163137397374 0 1432 0
"1433" 127.004833792567 155.484912690933 1 1433 2
"1434" 201.87045554164 41.7403384768246 0 1434 0
"1435" 136.332494016487 27.7566055869313 1 1435 48
"1436" 134.572306865502 147.02625066751 1 1436 4
"1437" 143.119264708218 38.4179225240476 0 1437 0
"1438" 184.022286261001 4.25351671929629 0 1438 0
"1439" 197.89197534482 51.8513488837915 1 1439 50
"1440" 168.295723044709 10.8775807207304 0 1440 0
"1441" 163.722440512885 112.997701441054 0 1441 0
"1442" 200.197250483863 28.9166023700045 1 1442 49
"1443" 199.699691528985 89.4242044191881 2 1443 22
"1444" 128.981118113807 49.3647848524831 0 1444 0
"1445" 175.736777906441 24.3310948769063 0 1445 0
"1446" 188.840181306372 159.04722639838 1 1446 39
"1447" 147.7172168112 104.217956011428 2 1447 10
"1448" 199.750039081546 121.309295865857 1 1448 44
"1449" 173.102628504299 19.9350668069607 2 1449 47
"1450" 202.636614589041 101.094791884479 0 1450 0
"1451" 147.599735372158 157.95158304813 1 1451 45
"1452" 198.347387131831 103.000369049819 1 1452 44
"1453" 187.139369749232 146.01859241472 1 1453 24
"1454" 206.460993963613 115.036204516241 2 1454 32
"1455" 157.904836104374 104.75564070748 0 1455 0
"1456" 195.269296464358 86.8607980436835 0 1456 0
"1457" 147.500398943979 32.2672664018322 0 1457 0
"1458" 122.659731392134 104.060884414709 0 1458 0
"1459" 171.48615202721 82.6786918785027 0 1459 0
"1460" 160.605881231111 38.2541932967074 0 1460 0
"1461" 190.49843213388 103.656183333198 0 1461 0
"1462" 206.676089027637 46.5385476883353 0 1462 0
"1463" 186.950374965923 81.6939892600451 0 1463 0
"1464" 163.206247986171 105.545438845999 1 1464 33
"1465" 144.305949925114 161.075593445883 0 1465 0
"1466" 147.39037526768 48.4011498841341 0 1466 0
"1467" 112.199505203865 152.912055521288 1 1467 29
"1468" 154.416128549387 160.667669599884 0 1468 0
"1469" 145.010744671296 106.225896179461 0 1469 0
"1470" 194.508404002275 90.5319150404487 0 1470 0
"1471" 195.713950083108 150.014934430418 1 1471 20
"1472" 111.273789860287 74.0700033569779 0 1472 0
"1473" 137.958181026753 97.0205827031851 1 1473 40
"1474" 124.919416677156 167.458085907008 1 1474 27
"1475" 187.235992578121 67.1297315688961 2 1475 15
"1476" 177.590172919276 79.2931933164826 1 1476 28
"1477" 175.995488115728 142.661743301687 1 1477 34
"1478" 205.236065755806 76.6565697796766 2 1478 16
"1479" 148.859018339364 91.8770904606304 0 1479 0
"1480" 166.534677760014 49.2596112505981 0 1480 0
"1481" 153.362275204356 38.87203408536 0 1481 0
"1482" 196.589355281023 151.603362127517 0 1482 0
"1483" 209.853978657033 132.002769967357 2 1483 37
"1484" 162.342320726422 118.242072324284 0 1484 0
"1485" 203.304987114645 146.870595515236 1 1485 2
"1486" 181.924054107819 144.436866228663 1 1486 17
"1487" 210.452574524303 119.130906009314 1 1487 34
"1488" 148.562819534787 135.938165379492 0 1488 0
"1489" 119.752297506252 106.650470198671 1 1489 25
"1490" 209.82217584072 154.585556675189 0 1490 0
"1491" 169.897292849741 47.1314727081482 0 1491 0
"1492" 151.34889436496 93.7744155439583 0 1492 0
"1493" 189.856652783972 9.4382823418761 0 1493 0
"1494" 151.302674040152 141.435600395861 0 1494 0
"1495" 153.333083222657 119.178693457202 0 1495 0
"1496" 117.249176657558 105.014719060009 1 1496 11
"1497" 150.952017884002 32.5919525070679 0 1497 0
"1498" 164.326538809707 54.9053413523989 0 1498 0
"1499" 160.887435490035 156.40945140827 1 1499 9
"1500" 146.918779666656 115.707534333883 0 1500 0
"1501" 145.864060887312 100.733491101933 0 1501 0
"1502" 179.46200512932 129.937602935138 0 1502 0
"1503" 182.14291021063 38.0468658425238 0 1503 0
"1504" 161.804832596332 26.8690404343814 0 1504 0
"1505" 180.981249211952 51.504291802289 1 1505 36
"1506" 202.957086808574 54.8864796836505 2 1506 25
"1507" 180.298274368309 65.3345572312884 0 1507 0
"1508" 111.961867570334 111.536154951111 0 1508 0
"1509" 133.048155224973 63.8138708849794 0 1509 0
"1510" 132.362206370698 4.79923984242679 1 1510 20
"1511" 177.149554123507 153.626562119574 1 1511 33
"1512" 147.482572540692 65.5331937604211 0 1512 0
"1513" 195.58860216345 110.714928645675 0 1513 0
"1514" 168.205914343515 141.946398975688 1 1514 47
"1515" 122.619136471478 166.12213205431 0 1515 0
"1516" 154.535866848102 52.9871620409022 1 1516 32
"1517" 131.186856857684 128.613305819108 1 1517 16
"1518" 136.956727792961 29.9877710855544 0 1518 0
"1519" 210.7282852417 18.3984021626955 1 1519 25
"1520" 190.705842421178 42.3653077757268 1 1520 48
"1521" 150.296461972172 107.111992386389 1 1521 14
"1522" 191.646693629387 66.3229258453152 1 1522 11
"1523" 185.10475138681 25.3794529188415 0 1523 0
"1524" 208.352165887607 137.748743919358 1 1524 35
"1525" 161.578628239818 82.6296150840587 1 1525 42
"1526" 179.261693901815 163.647821106237 1 1526 16
"1527" 186.187528955242 25.6110626716858 0 1527 0
"1528" 179.208843285443 22.2468261150889 0 1528 0
"1529" 144.753740531762 159.815046542806 1 1529 46
"1530" 168.95737171515 150.736012801263 1 1530 27
"1531" 117.939502142084 102.233434668575 1 1531 37
"1532" 191.948896820517 24.2977504170695 0 1532 0
"1533" 202.371831437065 68.782979423399 0 1533 0
"1534" 118.819296323333 124.000262857224 0 1534 0
"1535" 151.270660966479 21.6967766154743 0 1535 0
"1536" 142.614409229624 123.725466460349 0 1536 0
"1537" 170.518054784003 44.2983232904434 0 1537 0
"1538" 158.328967543288 64.75927680045 0 1538 0
"1539" 128.221722344824 157.736801009456 1 1539 26
"1540" 205.521498697518 109.078642826028 1 1540 46
"1541" 126.114209039618 149.0593102406 1 1541 18
"1542" 151.778862624211 85.0625340584743 1 1542 45
"1543" 114.149669335762 2.70778513749061 2 1543 14
"1544" 182.615923009302 39.4816211222146 0 1544 0
"1545" 121.459726422461 56.5160329264718 1 1545 31
"1546" 127.31826422148 62.8642146653647 0 1546 0
"1547" 158.325775742928 132.94964292567 0 1547 0
"1548" 207.688050239191 23.8346455441259 0 1548 0
"1549" 194.872362482462 89.0626376746936 1 1549 46
"1550" 138.875775967797 139.287986014102 0 1550 0
"1551" 144.651810836768 120.00883370119 0 1551 0
"1552" 144.928852535171 62.0663669937495 1 1552 46
"1553" 112.638743675824 135.762609757468 0 1553 0
"1554" 188.930340807323 1.26437640585149 0 1554 0
"1555" 122.551330118363 29.8809236980307 0 1555 0
"1556" 187.755160761 43.8088905534238 0 1556 0
"1557" 183.844675782731 141.000342931012 1 1557 5
"1558" 146.846310916839 96.336559211818 1 1558 37
"1559" 131.455994900338 1.24646236002831 1 1559 34
"1560" 137.674999845881 14.5715433401179 1 1560 40
"1561" 155.599580989841 11.4495821580105 0 1561 0
"1562" 201.502598887215 105.722840047451 0 1562 0
"1563" 196.781502904966 3.99168687023096 0 1563 0
"1564" 203.730260715483 53.2835052387799 1 1564 14
"1565" 136.030502658721 43.0659224929791 0 1565 0
"1566" 203.121657460037 62.293344876951 1 1566 25
"1567" 119.382128600278 145.151325296299 0 1567 0
"1568" 192.824391108962 87.9423068891211 1 1568 44
"1569" 198.045117864452 45.3365204132355 1 1569 40
"1570" 206.949663611837 81.0359866639705 2 1570 43
"1571" 168.129114064949 142.754893124659 1 1571 50
"1572" 205.689561470646 90.7734239055368 1 1572 8
"1573" 136.464803930018 148.871674261102 1 1573 4
"1574" 202.104848671412 160.912125908945 0 1574 0
"1575" 115.230625299506 102.578612308945 1 1575 22
"1576" 139.422083365108 8.88407798774037 0 1576 0
"1577" 161.642114907385 87.4032717634155 0 1577 0
"1578" 155.153717881388 151.69078396347 0 1578 0
"1579" 199.483391564208 114.50649196065 1 1579 31
"1580" 139.716362551506 97.4034309468825 2 1580 41
"1581" 133.910599813415 165.397788747174 1 1581 18
"1582" 191.736496698687 109.363283620534 0 1582 0
"1583" 173.890354575264 64.9454803366228 1 1583 47
"1584" 188.411140594498 12.8615167842033 0 1584 0
"1585" 117.134734146572 108.95427705428 1 1585 17
"1586" 207.30959440741 62.2429172256985 1 1586 31
"1587" 133.721674907305 36.2199939976467 1 1587 43
"1588" 159.052679356459 137.694446713983 0 1588 0
"1589" 134.865869364472 123.744841568852 0 1589 0
"1590" 186.975749450839 91.2317223191285 1 1590 29
"1591" 205.574807281862 140.884458856255 0 1591 0
"1592" 194.862382257163 129.391188209979 1 1592 27
"1593" 196.674061903814 61.6903932975131 1 1593 30
"1594" 195.281876121425 12.9994026183775 1 1594 22
"1595" 120.488700432359 106.952883767345 1 1595 41
"1596" 151.431234688565 27.3522808674007 0 1596 0
"1597" 186.179503692309 66.9889396859071 1 1597 34
"1598" 136.123109646196 24.0226584292548 0 1598 0
"1599" 184.471441593662 87.9694472399595 1 1599 36
"1600" 178.122441326965 86.536480805807 0 1600 0
"1601" 185.864578123122 15.7342787662595 0 1601 0
"1602" 114.143559982765 163.250012823336 1 1602 19
"1603" 206.326776993576 141.772876492765 0 1603 0
"1604" 152.580388248203 82.9857352198786 1 1604 39
"1605" 119.781934477073 5.11961153150544 1 1605 13
"1606" 172.920878931899 41.0537065468586 0 1606 0
"1607" 180.299127727656 102.458025651053 0 1607 0
"1608" 194.686726949848 13.7003268673405 1 1608 39
"1609" 132.584728025049 113.058904298507 1 1609 27
"1610" 183.222642778759 54.5416997629872 2 1610 39
"1611" 173.835731720184 159.445295828032 1 1611 30
"1612" 150.158688797401 31.3829503031907 0 1612 0
"1613" 185.177954577268 157.522113837921 0 1613 0
"1614" 139.775850551457 26.944682746153 1 1614 49
"1615" 194.394055796536 58.6973477819581 1 1615 46
"1616" 184.067689150062 40.0917699449504 0 1616 0
"1617" 201.467356953931 21.8786014293161 0 1617 0
"1618" 134.259229693057 63.814754434724 0 1618 0
"1619" 200.567715887016 139.101542960731 0 1619 0
"1620" 200.648592451352 59.9087202275312 0 1620 0
"1621" 136.117542368749 67.9291606054412 2 1621 47
"1622" 133.354371499511 53.5294248239571 1 1622 35
"1623" 169.290726346589 101.931789745075 1 1623 28
"1624" 181.21006380049 39.063102717553 0 1624 0
"1625" 158.595588593044 94.2197429828662 0 1625 0
"1626" 141.005091167387 144.642480948481 1 1626 37
"1627" 206.803740113649 95.850310057566 0 1627 0
"1628" 145.876674127152 26.1612867610095 0 1628 0
"1629" 159.920883958261 165.958872658129 0 1629 0
"1630" 149.206874401464 57.8380902771008 0 1630 0
"1631" 203.625325744736 70.4161941184184 0 1631 0
"1632" 132.892998017091 95.2640493863494 1 1632 23
"1633" 178.948785129941 37.5211206594447 0 1633 0
"1634" 170.163900990177 164.700738013221 0 1634 0
"1635" 140.540742886334 115.655271549073 1 1635 34
"1636" 181.523895901616 116.809285489199 0 1636 0
"1637" 135.124659347329 62.6109732630935 1 1637 39
"1638" 183.729260344747 127.81748425796 0 1638 0
"1639" 173.908416706903 103.663624675898 0 1639 0
"1640" 138.573778885431 1.78218055308631 1 1640 41
"1641" 155.140612441861 18.2314773922608 0 1641 0
"1642" 132.992906511234 63.1288210965878 0 1642 0
"1643" 119.178584897626 72.7364508505921 1 1643 11
"1644" 180.806798851743 145.288910336015 1 1644 43
"1645" 198.674813534751 78.7112065594065 1 1645 35
"1646" 207.018558612298 110.109812091713 1 1646 49
"1647" 132.130460879849 5.98586629367275 1 1647 19
"1648" 180.219589653517 142.779539125992 1 1648 11
"1649" 156.13557370154 85.2199309916226 0 1649 0
"1650" 163.659438906638 32.7112075689372 0 1650 0
"1651" 166.730187276774 54.91321148059 0 1651 0
"1652" 168.83189938395 91.4412607640301 2 1652 38
"1653" 129.493524432035 108.357778770264 0 1653 0
"1654" 164.036321748226 37.1627228967989 0 1654 0
"1655" 123.000288334749 37.8998731901083 0 1655 0
"1656" 153.742566708972 145.312179579441 1 1656 48
"1657" 140.816926636439 59.4846774720692 1 1657 35
"1658" 123.081190972666 128.131164377049 1 1658 46
"1659" 187.520702713805 71.1088324236642 0 1659 0
"1660" 130.820184453736 18.8687785261621 0 1660 0
"1661" 185.970554623356 66.3751409441456 1 1661 36
"1662" 192.49145075776 127.870140723925 1 1662 19
"1663" 190.038841111012 2.29893471563588 0 1663 0
"1664" 130.826225714127 167.405216795749 1 1664 24
"1665" 199.482395738812 152.823930821959 1 1665 7
"1666" 149.913862434134 48.7192292678037 0 1666 0
"1667" 116.105733884359 63.4783789737458 0 1667 0
"1668" 163.915249617794 156.655431921217 0 1668 0
"1669" 174.896422578016 35.9301484804313 0 1669 0
"1670" 159.084731760682 10.8496608905256 0 1670 0
"1671" 172.098439236349 163.071953726232 1 1671 33
"1672" 172.676935617096 20.3407403251916 1 1672 48
"1673" 203.307444868366 58.2880283832535 1 1673 50
"1674" 195.829696922105 53.6769979017246 1 1674 48
"1675" 163.654099801999 85.5415443412771 0 1675 0
"1676" 134.892010644445 97.640446340398 0 1676 0
"1677" 140.060843046645 36.4516613775213 0 1677 0
"1678" 113.093260408933 150.562965430682 1 1678 21
"1679" 150.296426813396 117.767007629112 0 1679 0
"1680" 148.888076059501 51.5748552466105 2 1680 28
"1681" 173.648897753064 69.8393049847598 0 1681 0
"1682" 161.057013543829 12.3825237817432 0 1682 0
"1683" 165.824486987668 156.917022602573 0 1683 0
"1684" 111.923426791028 95.4070865100838 0 1684 0
"1685" 131.998808391393 5.54588182021577 1 1685 14
"1686" 122.415900854263 74.3129006296417 1 1686 27
"1687" 117.560951425643 137.26982337784 0 1687 0
"1688" 179.846906906651 36.5472892404615 0 1688 0
"1689" 141.760520205995 125.042116345192 0 1689 0
"1690" 115.936196366293 59.7353406860491 1 1690 38
"1691" 113.143282261904 68.7831510618585 0 1691 0
"1692" 178.403697188236 17.0631277963692 0 1692 0
"1693" 188.190206346134 141.894443237327 1 1693 4
"1694" 117.239744348292 19.8328187865026 0 1694 0
"1695" 162.603083563916 106.065050555907 1 1695 34
"1696" 146.921413909552 155.911698477505 1 1696 8
"1697" 116.261626112293 80.0999742651004 0 1697 0
"1698" 132.995969728279 46.7633951188652 0 1698 0
"1699" 155.636372111036 89.7032257239282 1 1699 24
"1700" 152.684820242183 12.5067112747207 0 1700 0
"1701" 163.762961685865 23.373965899317 0 1701 0
"1702" 138.510608113788 1.9029356263622 1 1702 42
"1703" 139.109344453925 8.47542238718695 0 1703 0
"1704" 141.763946668588 22.3719236025601 0 1704 0
"1705" 201.638184894097 161.967198198893 0 1705 0
"1706" 171.47866443629 137.03432519841 1 1706 47
"1707" 155.707744403021 46.0076600694444 1 1707 27
"1708" 120.988277691024 146.652789144772 2 1708 36
"1709" 114.805725582236 161.954181479842 1 1709 5
"1710" 125.527344476196 65.29290655731 0 1710 0
"1711" 132.011484509122 72.7417251218269 0 1711 0
"1712" 117.576951473055 23.426021009357 0 1712 0
"1713" 169.380442805246 18.0958449147684 0 1713 0
"1714" 149.803551577616 53.6366457387078 0 1714 0
"1715" 170.227016856652 115.737559336977 1 1715 39
"1716" 129.907130812095 78.7627671021567 0 1716 0
"1717" 209.828267301447 1.5599952661304 0 1717 0
"1718" 141.780860820998 59.0084368981193 1 1718 36
"1719" 154.206325472144 31.03726380527 0 1719 0
"1720" 203.408712039451 156.895399729231 0 1720 0
"1721" 203.070202626211 34.9292837322375 0 1721 0
"1722" 178.164792819004 33.526245997247 0 1722 0
"1723" 187.732820406601 118.764260979852 0 1723 0
"1724" 178.117666779098 79.4300434950646 1 1724 27
"1725" 120.259042983436 43.0066663729147 0 1725 0
"1726" 121.734450144716 34.022924712014 0 1726 0
"1727" 134.360657871404 100.248080063715 1 1727 6
"1728" 143.468734898829 153.172184169159 1 1728 18
"1729" 165.556777383273 36.1004868369358 0 1729 0
"1730" 192.371281746657 139.136398460327 1 1730 35
"1731" 116.911862155993 120.45701822147 0 1731 0
"1732" 124.488164879229 157.190747851197 2 1732 43
"1733" 176.863120976037 1.47573693668088 0 1733 0
"1734" 182.147433710468 70.5018460201302 0 1734 0
"1735" 181.864098313053 1.21047140600649 0 1735 0
"1736" 129.299336764732 84.8812068020042 1 1736 46
"1737" 146.498120301719 93.6462193609758 1 1737 7
"1738" 136.18427437443 25.1253694008159 0 1738 0
"1739" 137.399853152195 131.61759808064 0 1739 0
"1740" 167.271478511031 86.8118401923621 0 1740 0
"1741" 117.077153017715 129.309905439037 0 1741 0
"1742" 199.702167638507 71.6042443534021 1 1742 4
"1743" 165.666306472703 117.924078022032 1 1743 48
"1744" 119.316790986553 17.4304891251574 0 1744 0
"1745" 199.096332539872 100.816601356482 0 1745 0
"1746" 160.623825880986 90.2900969931399 1 1746 41
"1747" 136.42312066331 66.4442132696414 1 1747 40
"1748" 192.030085688416 129.080760639699 1 1748 24
"1749" 116.454026499329 102.087156102049 1 1749 16
"1750" 202.405270561815 108.381050071799 0 1750 0
"1751" 177.912894883292 31.2909600882913 0 1751 0
"1752" 122.575180515535 46.549164575531 0 1752 0
"1753" 146.818472652308 148.829237273285 0 1753 0
"1754" 137.295673712718 125.962736036145 1 1754 27
"1755" 166.534703810419 99.2371088779979 1 1755 33
"1756" 148.180927900277 133.802442941224 1 1756 31
"1757" 170.570898586479 87.8930144593003 0 1757 0
"1758" 136.60903635366 62.756107754439 1 1758 36
"1759" 111.197896038468 156.434072401646 1 1759 26
"1760" 142.382631407534 117.390387570396 0 1760 0
"1761" 182.31468915281 63.4654200758858 1 1761 41
"1762" 174.593589101513 124.519449859026 1 1762 50
"1763" 122.951705303116 149.447215761027 1 1763 19
"1764" 172.434963580928 32.9492760537164 0 1764 0
"1765" 183.19784460111 25.6363724323379 0 1765 0
"1766" 134.475913646364 166.477118133665 2 1766 27
"1767" 201.43606965288 166.17777588378 0 1767 0
"1768" 140.872399722037 149.66706427967 1 1768 15
"1769" 198.179131460554 92.3638185327833 0 1769 0
"1770" 192.260449325806 74.3814425068664 0 1770 0
"1771" 173.402930409875 133.279266898526 1 1771 30
"1772" 144.865677846697 46.0754119826005 0 1772 0
"1773" 209.120216695013 87.3571139489193 1 1773 22
"1774" 200.783085917234 132.169748636928 2 1774 16
"1775" 196.66564101774 63.2095704291768 1 1775 6
"1776" 143.969145237388 76.7710754267409 0 1776 0
"1777" 139.567133201319 139.143349041296 0 1777 0
"1778" 122.345722407833 153.902616137071 1 1778 32
"1779" 205.562518351021 125.808806937692 1 1779 23
"1780" 115.185030138062 77.4328267698683 0 1780 0
"1781" 191.088079154023 115.048332715022 0 1781 0
"1782" 130.61013867201 83.8022352156867 1 1782 39
"1783" 121.598791548982 77.0705470267863 1 1783 50
"1784" 128.977260683885 45.0500772984075 1 1784 30
"1785" 177.241889180912 90.2033789913671 0 1785 0
"1786" 201.512096183434 80.7434863036405 1 1786 18
"1787" 166.904159737207 132.823656723767 0 1787 0
"1788" 164.062742027108 107.62049120502 1 1788 18
"1789" 152.046773725243 57.2045550540982 0 1789 0
"1790" 133.432535484324 141.445223566274 0 1790 0
"1791" 124.623884707319 40.152279064602 1 1791 47
"1792" 168.539540024318 131.120158448313 0 1792 0
"1793" 204.354368017705 164.283343762805 0 1793 0
"1794" 125.526746336652 161.264093714339 1 1794 37
"1795" 149.688606367981 25.9416619548476 0 1795 0
"1796" 144.590171152176 3.84697188347349 0 1796 0
"1797" 185.882008694679 95.0415741779593 0 1797 0
"1798" 122.443076571709 103.498634177706 0 1798 0
"1799" 145.236493215253 39.9017555301558 0 1799 0
"1800" 192.817753632677 87.224459282204 0 1800 0
"1801" 200.095010408957 104.887949146027 0 1801 0
"1802" 168.388889629182 82.4785863260835 0 1802 0
"1803" 188.045224069469 90.6005915490172 1 1803 50
"1804" 139.60343423189 32.3483308191408 0 1804 0
"1805" 163.47011429832 129.281920331853 0 1805 0
"1806" 180.314853921346 10.3689551536993 0 1806 0
"1807" 198.863818538903 93.385765609669 2 1807 23
"1808" 154.455482761571 76.2384851310316 0 1808 0
"1809" 124.273307559915 93.9032175485716 0 1809 0
"1810" 121.07813281478 5.45469286956413 1 1810 14
"1811" 143.023169724498 159.895928060308 1 1811 34
"1812" 144.949258901952 109.662916335504 1 1812 25
"1813" 144.184490260145 73.9937242354555 0 1813 0
"1814" 175.804120312044 158.749860942029 1 1814 8
"1815" 202.448616442307 49.0592452115756 0 1815 0
"1816" 172.939129094618 127.647858938875 2 1816 28
"1817" 138.209110253593 37.5044180627219 1 1817 42
"1818" 137.921686935797 12.6581765069688 1 1818 32
"1819" 199.252056830766 70.2218034665556 1 1819 28
"1820" 125.865924948637 111.939786359995 1 1820 27
"1821" 148.437875164639 21.1549044069955 0 1821 0
"1822" 122.501514930392 8.81297644519839 1 1822 12
"1823" 191.740243391212 39.4776686224475 0 1823 0
"1824" 172.440372748178 1.64462289009365 0 1824 0
"1825" 178.061205122354 45.0496393873421 2 1825 40
"1826" 198.913960144936 75.5267255635754 1 1826 15
"1827" 191.330058166322 13.0100003612834 0 1827 0
"1828" 159.873838155456 43.1452996498649 0 1828 0
"1829" 175.132340629885 40.1414058070194 0 1829 0
"1830" 165.262672043926 75.5372937939861 0 1830 0
"1831" 116.105184925383 113.008203113021 0 1831 0
"1832" 205.72630056056 31.8369160883092 0 1832 0
"1833" 118.756502656794 4.96598672241277 1 1833 12
"1834" 190.618353156253 154.043625558217 0 1834 0
"1835" 133.444663987316 149.754564595562 1 1835 4
"1836" 160.11471408144 138.313376669042 0 1836 0
"1837" 148.766834022025 89.2897133374519 1 1837 26
"1838" 188.56375014695 50.7423808749016 0 1838 0
"1839" 155.857177057614 58.9784797349321 0 1839 0
"1840" 182.553546450536 66.6155097337734 0 1840 0
"1841" 186.279990324663 91.0726211558725 1 1841 28
"1842" 168.065407521768 66.8604601053052 1 1842 18
"1843" 147.453775185544 31.7205039728799 0 1843 0
"1844" 167.690854267764 68.9076666871853 1 1844 41
"1845" 201.324344843427 133.177754011027 1 1845 7
"1846" 129.245183512235 164.658937718658 0 1846 0
"1847" 168.0484966836 152.805776598789 1 1847 11
"1848" 194.349248891604 147.502529491207 1 1848 3
"1849" 134.477008829488 114.433011749818 1 1849 7
"1850" 159.554944650715 98.040331138002 0 1850 0
"1851" 148.850926420769 123.728999261367 1 1851 44
"1852" 207.090327570368 27.2545535787412 0 1852 0
"1853" 122.865519624553 114.852527676821 1 1853 16
"1854" 154.928035993092 150.900178425212 0 1854 0
"1855" 183.051488142412 75.6550903949357 0 1855 0
"1856" 125.337550404354 108.773668582399 0 1856 0
"1857" 138.721152793214 62.8647309010393 0 1857 0
"1858" 200.734313510283 37.2011384188075 1 1858 25
"1859" 118.355613532782 151.805281533431 0 1859 0
"1860" 126.874382844269 88.507625144173 0 1860 0
"1861" 125.582496126683 124.383109081646 0 1861 0
"1862" 140.462513080213 57.7865001053586 0 1862 0
"1863" 166.459021937846 112.891714265104 1 1863 38
"1864" 196.020194656173 93.2460690674107 0 1864 0
"1865" 196.833363119247 29.0053365800262 1 1865 35
"1866" 166.489086839872 87.8266737870714 2 1866 21
"1867" 159.647709632506 21.2086027805411 0 1867 0
"1868" 167.623235018668 58.1495962960905 0 1868 0
"1869" 130.877489527102 37.2354171432821 0 1869 0
"1870" 144.64039306484 38.3844014552256 0 1870 0
"1871" 128.382033268387 117.259725734926 0 1871 0
"1872" 129.083964555922 19.9480394125981 0 1872 0
"1873" 200.377521093199 28.6905873319626 1 1873 48
"1874" 180.850689496261 80.9175739896812 1 1874 25
"1875" 123.492547098359 85.794688391146 0 1875 0
"1876" 162.128258454339 161.95279610118 1 1876 29
"1877" 112.177177457491 143.07970675494 1 1877 22
"1878" 122.956081678425 113.8167591994 1 1878 33
"1879" 120.745408074714 10.9103240188041 1 1879 32
"1880" 124.120619902601 136.087375196951 0 1880 0
"1881" 143.098929725109 107.665507002444 0 1881 0
"1882" 165.139817847943 20.716727146722 0 1882 0
"1883" 148.747002177918 36.9725548228675 0 1883 0
"1884" 130.448530860098 130.463364777244 1 1884 4
"1885" 169.165418661364 50.1818942424871 0 1885 0
"1886" 159.702524273262 123.519999924324 0 1886 0
"1887" 186.578579926003 8.38920229227591 0 1887 0
"1888" 113.665426471772 100.841704646164 1 1888 25
"1889" 145.377004278303 124.393016154497 0 1889 0
"1890" 192.744559411532 88.7992585749532 1 1890 33
"1891" 118.008570132066 136.847412352711 0 1891 0
"1892" 190.47669893469 150.447675372559 2 1892 32
"1893" 121.942601732903 114.493678450662 1 1893 43
"1894" 172.961584798541 64.8483948670719 1 1894 20
"1895" 138.084337111551 7.8089456275731 0 1895 0
"1896" 126.437177764009 156.957716023233 1 1896 9
"1897" 165.651194340825 24.6807231957307 0 1897 0
"1898" 163.90116399702 138.900610941946 1 1898 36
"1899" 156.90726660585 102.369858818754 1 1899 22
"1900" 132.099848293554 164.786189074636 0 1900 0
"1901" 175.174484321275 82.4277816138712 0 1901 0
"1902" 169.447184521887 20.0096377763202 0 1902 0
"1903" 162.408401309745 45.0395445994878 0 1903 0
"1904" 157.103649019762 146.708445089899 1 1904 25
"1905" 176.968179755737 152.209891165038 1 1905 30
"1906" 167.027273139354 150.438344337017 1 1906 13
"1907" 134.601209256624 43.7495045395479 0 1907 0
"1908" 125.913901033649 20.140117566292 0 1908 0
"1909" 188.370799897054 117.114016526567 0 1909 0
"1910" 141.376866066915 167.750929971412 0 1910 0
"1911" 158.219365053829 82.4301254108181 0 1911 0
"1912" 176.186448638483 126.155782355014 0 1912 0
"1913" 179.863602342273 67.0261730383172 0 1913 0
"1914" 204.434406496018 70.8877848434027 0 1914 0
"1915" 149.135445975955 157.195056636681 0 1915 0
"1916" 185.860141859694 10.2839968344596 0 1916 0
"1917" 145.75238238454 113.731945569052 0 1917 0
"1918" 138.260407139458 82.2822300643682 0 1918 0
"1919" 174.34519091254 128.006095858422 1 1919 19
"1920" 182.836505275907 13.5610055997594 0 1920 0
"1921" 149.536106903983 82.0618327298093 1 1921 32
"1922" 201.135513686327 59.5130973060761 2 1922 9
"1923" 154.92939849416 36.7875951218755 0 1923 0
"1924" 112.95437800607 136.573462187807 0 1924 0
"1925" 200.175016648735 66.6203307163796 0 1925 0
"1926" 186.591358020407 158.826401171471 1 1926 45
"1927" 174.090194508301 133.787075668417 1 1927 31
"1928" 181.352123634273 143.421897070637 1 1928 13
"1929" 156.049033120976 114.173072292574 0 1929 0
"1930" 150.402028920178 4.58955701929152 0 1930 0
"1931" 124.280672871532 159.757926273093 0 1931 0
"1932" 154.517698220369 153.147272788362 1 1932 11
"1933" 159.247426829349 4.3345428480255 0 1933 0
"1934" 182.321732959787 119.111021227784 0 1934 0
"1935" 161.446266781714 140.923046172052 0 1935 0
"1936" 208.587891435328 25.2040721583515 0 1936 0
"1937" 169.028649331065 120.938258445119 1 1937 47
"1938" 118.856897927319 97.0332918321374 0 1938 0
"1939" 147.518033654295 153.850731500524 1 1939 45
"1940" 134.659029683017 165.467171148032 2 1940 44
"1941" 125.370787406702 155.219676556257 1 1941 5
"1942" 133.745740683848 151.945523124879 1 1942 16
"1943" 179.876736706092 36.6563647825492 0 1943 0
"1944" 149.114279651189 127.393678573267 0 1944 0
"1945" 149.885526129434 122.694304728118 0 1945 0
"1946" 127.378438315857 100.110881948346 1 1946 7
"1947" 129.011131865261 156.464147653647 1 1947 22
"1948" 172.319297071738 33.9207584334015 0 1948 0
"1949" 199.399007280412 103.797664604779 0 1949 0
"1950" 157.656428366676 161.085237352707 1 1950 49
"1951" 135.315074920645 127.125447347471 1 1951 8
"1952" 154.298493867216 160.296226032846 0 1952 0
"1953" 197.317437350902 52.4664868715246 0 1953 0
"1954" 193.82887847327 146.505148460091 1 1954 1
"1955" 120.357973150452 87.9424039696978 0 1955 0
"1956" 164.69079014836 62.7593960677326 0 1956 0
"1957" 189.300666757375 159.784011047405 1 1957 37
"1958" 139.280818068673 151.905322058072 1 1958 10
"1959" 161.700847932302 81.7456449029282 2 1959 46
"1960" 185.8418007755 131.908271229188 0 1960 0
"1961" 130.668011685919 38.9478648111148 0 1961 0
"1962" 114.773939939722 97.5016697336844 0 1962 0
"1963" 142.797242814067 153.850324965901 1 1963 6
"1964" 196.218622884396 44.6403755963919 1 1964 17
"1965" 170.970727987439 22.5072943508178 1 1965 48
"1966" 124.188264761747 139.651839782822 0 1966 0
"1967" 144.950535673084 146.899992756489 0 1967 0
"1968" 210.634680528354 25.5681788025578 0 1968 0
"1969" 134.776953816706 95.6588391622954 1 1969 16
"1970" 151.205736126517 144.811760194726 0 1970 0
"1971" 114.534236328309 20.4986337672413 0 1971 0
"1972" 137.725294370571 82.7269064420966 0 1972 0
"1973" 113.314530160555 162.819392470481 1 1973 11
"1974" 157.002427645474 125.432052364129 0 1974 0
"1975" 193.18150753375 123.283072408147 0 1975 0
"1976" 114.295378474347 60.3366401870651 1 1976 15
"1977" 174.290393074758 54.124531710315 0 1977 0
"1978" 206.666927883617 57.0235024579957 0 1978 0
"1979" 147.591248131716 45.1530400649033 0 1979 0
"1980" 131.046964213631 60.8744761346553 0 1980 0
"1981" 123.143993770752 79.7287034238245 1 1981 16
"1982" 198.893021320859 34.0886564948659 1 1982 28
"1983" 128.304777385854 127.826583892239 1 1983 50
"1984" 127.962983582069 121.925248786783 0 1984 0
"1985" 126.699029503791 25.5378455103843 0 1985 0
"1986" 138.064389268978 69.8686363665496 0 1986 0
"1987" 203.499292286888 28.6344076177091 0 1987 0
"1988" 187.085291519119 57.9233273729245 1 1988 41
"1989" 123.620974319565 144.285728235623 0 1989 0
"1990" 202.476185187124 147.145662262101 1 1990 3
"1991" 178.380943990544 160.383390682936 1 1991 7
"1992" 168.069643122914 101.189587067897 1 1992 30
"1993" 116.529317662182 109.744637405834 1 1993 39
"1994" 166.158516333864 140.495622954413 1 1994 28
"1995" 199.922299353626 159.581777799402 0 1995 0
"1996" 126.415790173038 76.2748741930824 2 1996 32
"1997" 134.065908062656 155.223566691462 1 1997 26
"1998" 180.700189980249 69.4361136227137 0 1998 0
"1999" 116.779627172141 85.7642704835419 0 1999 0
"2000" 164.464241319278 98.5045779891853 1 2000 48
