"V1" "V2" "V3" "V4" "V5"
"1" 113.82872740213 165.847195493233 0 1 0
"2" 112.370798935821 166.201680959947 0 2 0
"3" 114.700872244876 166.315346477233 0 3 0
"4" 114.302115245801 165.69722427171 0 4 0
"5" 113.43656837353 167.58372426557 0 5 0
"6" 111.947903343374 166.717530743456 0 6 0
"7" 115.35714263386 166.28964095615 0 7 0
"8" 113.305779108052 165.085909341078 0 8 0
"9" 112.256812002079 165.986660418591 0 9 0
"10" 112.956166152352 166.495887467962 0 10 0
"11" 113.980579444712 167.468626297526 0 11 0
"12" 112.155293281688 166.159343984159 0 12 0
"13" 112.193935853765 164.92961914397 0 13 0
"14" 112.645879150065 166.250930508693 0 14 0
"15" 113.702557232851 166.240243242608 0 15 0
"16" 115.261676758142 164.922449143549 0 16 0
"17" 114.176829269736 166.275821498278 0 17 0
"18" 113.80828717923 166.604128682776 0 18 0
"19" 114.158593549161 166.532138153225 0 19 0
"20" 113.945851843988 167.098769312055 0 20 0
"21" 113.382243306946 166.785349593242 0 21 0
"22" 113.684025979692 166.054286929914 0 22 0
"23" 112.970937846689 165.098507304675 0 23 0
"24" 113.420144581301 166.205135038683 0 24 0
"25" 114.647797252245 164.85389315542 0 25 0
"26" 115.015742763248 165.937349879145 0 26 0
"27" 112.777549852886 166.06699182417 0 27 0
"28" 113.992002174207 166.472977331283 0 28 0
"29" 113.299961027363 166.367764807757 0 29 0
"30" 112.0839286315 166.162757813588 0 30 0
"31" 113.949002748586 166.098499690674 0 31 0
"32" 113.311512787793 167.492281689051 0 32 0
"33" 114.585147814984 164.731588243539 0 33 0
"34" 114.612853458729 164.993687865185 0 34 0
"35" 112.95213475062 166.964408770983 0 35 0
"36" 112.880290083352 165.408353348078 0 36 0
"37" 114.076071381034 167.264914138586 0 37 0
"38" 112.862607858309 166.50983565676 0 38 0
"39" 115.308366764845 164.089287239644 0 39 0
"40" 113.103169297709 166.350180359677 0 40 0
"41" 112.316266105235 166.420981950773 0 41 0
"42" 113.665688215381 167.422074682017 0 42 0
"43" 114.530716487776 166.291678931275 0 43 0
"44" 114.250852022189 167.160683767158 0 44 0
"45" 114.543735911372 165.767962620101 0 45 0
"46" 113.46335790399 165.706555788726 0 46 0
"47" 114.490747131242 165.854284595523 0 47 0
"48" 113.687825916598 165.763482322156 0 48 0
"49" 112.470122357989 165.701323312185 0 49 0
"50" 113.979971919207 166.422782175851 0 50 0
"51" 113.517056539548 167.771074785024 0 51 0
"52" 113.965993193107 165.21428031406 0 52 0
"53" 113.955948924484 166.208902505788 0 53 0
"54" 113.491498981321 166.685721189465 0 54 0
"55" 113.945389564841 167.032833275825 0 55 0
"56" 112.84876566032 165.358470748722 0 56 0
"57" 113.813624306091 166.77610538576 0 57 0
"58" 115.460905726491 166.292094202885 0 58 0
"59" 114.96118706549 165.116863542885 0 59 0
"60" 112.152455793325 166.583647275088 0 60 0
"61" 113.680976037951 165.956104075645 0 61 0
"62" 112.6688552006 166.726110490516 0 62 0
"63" 112.489174623584 166.683773211179 0 63 0
"64" 113.561571763475 164.352942619897 0 64 0
"65" 113.233274828909 167.087230696452 0 65 0
"66" 113.692562027032 166.309930840444 0 66 0
"67" 113.701640179641 164.649980496053 0 67 0
"68" 114.533454066366 165.181942366889 0 68 0
"69" 114.240546020192 164.53545291627 0 69 0
"70" 113.952892668409 165.514200234989 0 70 0
"71" 114.784500039156 165.838973766418 0 71 0
"72" 114.051876556034 167.447176210218 0 72 0
"73" 113.875549327796 165.915776276779 0 73 0
"74" 113.581201100052 166.122603492727 0 74 0
"75" 113.255403273251 167.367567424214 0 75 0
"76" 114.635096223127 165.597432928384 0 76 0
"77" 111.709106112101 166.475870315751 0 77 0
"78" 113.66463470467 166.177766225342 0 78 0
"79" 114.285811410527 166.581167544314 0 79 0
"80" 113.946177881369 167.322029723727 0 80 0
"81" 113.111479059501 167.030076372934 0 81 0
"82" 112.498588857684 165.763677656201 0 82 0
"83" 115.150316502562 166.008315114853 0 83 0
"84" 114.144001386046 165.901323037224 0 84 0
"85" 115.283337347363 167.842019045567 0 85 0
"86" 114.296483309049 165.679262532082 0 86 0
"87" 112.795988594894 165.992904939697 0 87 0
"88" 113.292793392984 165.908387993627 0 88 0
"89" 114.849029183977 165.628257014713 0 89 0
"90" 113.740854822124 166.913426755995 0 90 0
"91" 114.649840147476 165.115773086482 0 91 0
"92" 114.688510171079 164.730645360697 0 92 0
"93" 113.414523551892 165.622968474509 0 93 0
"94" 113.396173008968 166.304029661594 0 94 0
"95" 115.574905352437 165.531612002644 0 95 0
"96" 113.998947971669 165.879389869567 0 96 0
"97" 113.374588400695 166.214437823219 0 97 0
"98" 113.745429453494 166.048449975803 0 98 0
"99" 114.676977149931 166.637336511143 0 99 0
"100" 113.062057700673 165.884141731312 0 100 0
"101" 114.519189971253 166.536129225457 0 101 0
"102" 112.747039569209 166.702653198753 0 102 0
"103" 113.929196339609 166.566212569643 0 103 0
"104" 113.047002545011 167.195713524473 0 104 0
"105" 112.924419477537 166.767773637664 0 105 0
"106" 114.704428965545 166.096605780815 0 106 0
"107" 114.920446282939 166.533621423117 0 107 0
"108" 114.409922538073 166.248741764376 0 108 0
"109" 114.90115180261 167.613517085475 0 109 0
"110" 115.273088120065 166.05763633396 0 110 0
"111" 113.466578379575 166.343790460882 0 111 0
"112" 114.362883023228 166.200439543819 0 112 0
"113" 114.235868818889 165.701504418646 0 113 0
"114" 113.11098447742 165.630452346284 0 114 0
"115" 111.728040376128 166.282544285433 0 115 0
"116" 114.647523535961 166.793482738376 0 116 0
"117" 113.981468332185 165.340631998194 0 117 0
"118" 114.563583166044 166.742411276262 0 118 0
"119" 113.854267958785 165.479435134242 0 119 0
"120" 114.226950122723 166.766420075408 0 120 0
"121" 114.583925037852 164.954786313373 0 121 0
"122" 114.152316677975 165.238155985891 0 122 0
"123" 114.224020235531 167.114324641155 0 123 0
"124" 114.047149890541 165.885328638057 0 124 0
"125" 114.343683688511 165.296729266315 0 125 0
"126" 113.54153250191 166.096663315416 0 126 0
"127" 113.498666801874 167.460868979668 0 127 0
"128" 114.271015716457 165.50373054 0 128 0
"129" 114.342055565451 165.577840830593 0 129 0
"130" 112.640061807728 165.777155310257 0 130 0
"131" 114.274260820333 166.137431404693 0 131 0
"132" 114.146110407442 166.121517726647 0 132 0
"133" 113.554503192005 165.567911967146 0 133 0
"134" 112.76909018876 165.759836734797 0 134 0
"135" 113.137656668625 165.022020949935 0 135 0
"136" 113.171207864357 167.651998310463 0 136 0
"137" 113.202710364733 164.904455097337 0 137 0
"138" 114.507044617465 166.287802655675 0 138 0
"139" 113.932427825988 165.537059074379 0 139 0
"140" 114.918540127275 166.855495267637 0 140 0
"141" 112.669134736204 166.633013622359 0 141 0
"142" 113.685278837436 166.553859587972 0 142 0
"143" 114.842065404681 166.160654193414 0 143 0
"144" 113.84866203511 166.791496640204 0 144 0
"145" 122.391254243134 5.33187662648144 0 145 0
"146" 123.09054853599 3.0415196585121 0 146 0
"147" 118.975653061616 3.51024570780196 0 147 0
"148" 130.755986498242 4.77723273733893 0 148 0
"149" 117.691865487555 6.27795099419073 0 149 0
"150" 119.341088732769 4.44808841522438 0 150 0
"151" 121.070163338295 3.31830927608823 0 151 0
"152" 132.93466698536 2.17699716815044 0 152 0
"153" 123.343431371013 3.04312553090548 0 153 0
"154" 119.589627169958 6.86742940098828 0 154 0
"155" 125.533550765325 4.83624887880963 0 155 0
"156" 124.396375288329 6.92232270297757 0 156 0
"157" 119.140976912783 5.21261695698676 0 157 0
"158" 123.652531904909 6.07694266716848 0 158 0
"159" 119.493249880481 3.39933301809056 0 159 0
"160" 125.526405978262 4.27251095211156 0 160 0
"161" 119.283818711538 5.43068180311223 0 161 0
"162" 121.495135375732 2.56159459457378 0 162 0
"163" 123.631653075156 6.46474190695185 0 163 0
"164" 115.465252408568 4.36762745824141 0 164 0
"165" 122.040440612102 3.63629913779549 0 165 0
"166" 120.531155918235 3.53909265827542 0 166 0
"167" 127.499657919712 5.97524787705861 0 167 0
"168" 118.984967585636 4.17488543631004 0 168 0
"169" 116.422071023519 5.25319022296935 0 169 0
"170" 113.028507961631 6.63059688912107 0 170 0
"171" 117.661575632821 6.05919502609316 0 171 0
"172" 118.858062992027 5.05544310318482 0 172 0
"173" 119.091721428773 3.91339888346154 0 173 0
"174" 122.260794868315 3.23378230313391 0 174 0
"175" 125.36492431474 5.50124883361663 0 175 0
"176" 123.611813478391 2.70887026555704 0 176 0
"177" 119.008447431805 4.91224161011435 0 177 0
"178" 121.297055286051 6.24493796291234 0 178 0
"179" 116.656224348934 3.25925692790863 0 179 0
"180" 117.203286873422 3.15017653653771 0 180 0
"181" 116.187909745313 3.66696581625823 0 181 0
"182" 121.858927798388 6.11862368456471 0 182 0
"183" 116.246134538208 3.23046095278077 0 183 0
"184" 116.770826063459 2.95429028413123 0 184 0
"185" 117.59354538341 2.16121453543404 0 185 0
"186" 122.272803903163 5.16882829885483 0 186 0
"187" 121.237236626097 3.77293431298154 0 187 0
"188" 121.593261792534 4.63524618933992 0 188 0
"189" 119.316121918781 5.3854447559777 0 189 0
"190" 121.171484494004 4.24817432678938 0 190 0
"191" 117.238638140624 4.47491628052153 0 191 0
"192" 122.901469512335 5.20563204472039 0 192 0
"193" 123.462445961197 5.80527625492781 0 193 0
"194" 125.272863668699 6.14087038084955 0 194 0
"195" 118.057287945818 5.86359707300648 0 195 0
"196" 123.301071494171 4.09416735021942 0 196 0
"197" 122.75184353267 4.067826082097 0 197 0
"198" 114.62542924602 3.35236210761211 0 198 0
"199" 124.874426562152 5.27903360733098 0 199 0
"200" 125.659036951303 3.57725214838954 0 200 0
"201" 120.557640601526 4.25675855906428 0 201 0
"202" 122.896790069899 2.27740405434362 0 202 0
"203" 122.021279712953 4.1441680939104 0 203 0
"204" 122.175409993647 3.00507061430488 0 204 0
"205" 122.213174416487 3.61049756816174 0 205 0
"206" 127.278811910446 5.34741636798591 0 206 0
"207" 116.987322144623 6.50055908528297 0 207 0
"208" 128.392514808063 3.45245079213026 0 208 0
"209" 120.945257393679 2.29972440662672 0 209 0
"210" 123.540976409542 5.53025485962954 0 210 0
"211" 121.866622625045 4.58943591567878 0 211 0
"212" 118.695344850622 3.25652516835977 0 212 0
"213" 118.975001425379 3.32445721790876 0 213 0
"214" 118.371757395338 5.69523402935117 0 214 0
"215" 120.233121961005 4.71495884023746 0 215 0
"216" 118.454066434741 4.31478572812332 0 216 0
"217" 120.310323577292 5.66551543392267 0 217 0
"218" 118.302819485929 5.54936314114196 0 218 0
"219" 126.532868762385 3.06992302248694 0 219 0
"220" 121.8020474312 6.87171359675061 0 220 0
"221" 124.311619539631 4.024310150484 0 221 0
"222" 121.237721096455 4.91500672421149 0 222 0
"223" 113.705892102709 3.64073269363362 0 223 0
"224" 122.731896107945 6.85819578865071 0 224 0
"225" 122.977194317521 4.91976054153962 0 225 0
"226" 126.045043547983 6.15801715884007 0 226 0
"227" 117.683897987805 3.50299255765521 0 227 0
"228" 114.479369757209 6.73480948833544 0 228 0
"229" 115.036209531168 3.97135106750947 0 229 0
"230" 122.891644559038 3.37933918276958 0 230 0
"231" 116.148265417562 5.35665727301517 0 231 0
"232" 118.436064403052 5.28203917861153 0 232 0
"233" 121.99807463068 5.72922637584461 0 233 0
"234" 125.594710359435 4.66150556782961 0 234 0
"235" 125.885733009085 6.69451260865749 0 235 0
"236" 111.368507193269 4.76057231213862 0 236 0
"237" 123.720011264715 6.00267825309595 0 237 0
"238" 119.989054309039 5.01865688396831 0 238 0
"239" 124.576206249982 4.49814022363034 0 239 0
"240" 117.751056093201 4.11857268238798 0 240 0
"241" 112.397900166711 2.7515895142362 0 241 0
"242" 120.589421578146 4.26889353323216 0 242 0
"243" 120.367229719977 4.46287771326853 0 243 0
"244" 122.931956668945 4.32284704072838 0 244 0
"245" 125.928391227627 6.15685784906352 0 245 0
"246" 123.829159038004 4.10104420358421 0 246 0
"247" 121.022084705924 5.39176891700048 0 247 0
"248" 120.209988313101 4.08747560034815 0 248 0
"249" 127.308558251964 4.0589432147287 0 249 0
"250" 120.769228265758 5.82970568350902 0 250 0
"251" 124.080265476654 4.12122290010271 0 251 0
"252" 123.025633962241 3.06932209824596 0 252 0
"253" 130.606979329322 6.0311933269729 0 253 0
"254" 124.444573635314 7.29336984044591 0 254 0
"255" 124.521086722986 6.3919007070929 0 255 0
"256" 126.653926056901 5.65553811312167 0 256 0
"257" 120.880828742657 5.85503241068897 0 257 0
"258" 120.140815799171 3.46795580427317 0 258 0
"259" 123.536153188402 1.73501174723348 0 259 0
"260" 119.408643343231 4.46249778474592 0 260 0
"261" 115.189518962179 5.88459743889274 0 261 0
"262" 119.340873525186 3.3627649343792 0 262 0
"263" 123.037483706771 4.7702465538859 0 263 0
"264" 114.806920865302 5.03851395004717 0 264 0
"265" 122.939717014394 3.14105063400621 0 265 0
"266" 122.803150256821 4.8793468589084 0 266 0
"267" 116.51814131797 3.03825019275762 0 267 0
"268" 120.857810314785 5.48838270177038 0 268 0
"269" 124.555179342292 4.88837437699441 0 269 0
"270" 126.972604131052 3.960976469527 0 270 0
"271" 118.435767506334 3.57846726492194 0 271 0
"272" 119.548260829877 3.78431386446074 0 272 0
"273" 129.703591519913 6.79712361017458 0 273 0
"274" 122.071086595449 6.72906139857609 0 274 0
"275" 118.097316646131 4.05316239252441 0 275 0
"276" 122.327119019916 4.97307494997306 0 276 0
"277" 124.53080906367 3.55506406310373 0 277 0
"278" 123.826058575845 4.83847223472077 0 278 0
"279" 121.994990509616 3.97990240864896 0 279 0
"280" 122.704165144482 3.57689020395117 0 280 0
"281" 127.521859862823 3.42513055834539 0 281 0
"282" 114.459429832679 4.79803213834722 0 282 0
"283" 130.58105738802 5.87841247357288 0 283 0
"284" 120.042950653558 3.66381234346984 0 284 0
"285" 125.452987278054 4.94110350571331 0 285 0
"286" 127.551271071878 3.88417696049334 0 286 0
"287" 119.098399707598 4.38108623940855 0 287 0
"288" 123.374112259728 3.42502744690194 0 288 0
"289" 123.773887409849 4.97885672544315 0 289 0
"290" 118.498702069323 3.05828586391233 0 290 0
"291" 119.576863335744 5.75758288250176 0 291 0
"292" 124.346193278003 5.18692236619785 0 292 0
"293" 121.637748361724 6.05253842760283 0 293 0
"294" 125.172686963421 6.48020664149167 0 294 0
"295" 121.972458759031 1.81342663647793 0 295 0
"296" 120.58721496788 6.18014089519145 0 296 0
"297" 119.444634583384 4.68329854136463 0 297 0
"298" 118.759977532511 4.23927000860313 0 298 0
"299" 124.06049856124 2.0571048867674 0 299 0
"300" 119.08314734687 6.68383601497209 0 300 0
"301" 117.70242426359 4.80441959718079 0 301 0
"302" 115.640283160405 5.27636368310458 0 302 0
"303" 120.44075799327 4.03847511409392 0 303 0
"304" 125.240778955908 5.08879117563461 0 304 0
"305" 123.391045915635 5.70920688746813 0 305 0
"306" 121.686604813052 3.9660568493001 0 306 0
"307" 116.786868825807 5.98553551179286 0 307 0
"308" 117.329604633836 5.22022147034419 0 308 0
"309" 125.025672002958 3.72684485767498 0 309 0
"310" 120.763820004778 3.28088257663253 0 310 0
"311" 125.395434827064 5.62023007269276 0 311 0
"312" 120.406165839095 3.93376417334444 0 312 0
"313" 120.674167682659 3.55538267092681 0 313 0
"314" 124.231761263109 6.53164600632496 0 314 0
"315" 120.311218938988 4.75732459813326 0 315 0
"316" 122.068399541737 2.74154228605585 0 316 0
"317" 120.570030065867 4.59181194179653 0 317 0
"318" 117.453160362032 4.34474779814352 0 318 0
"319" 125.986404134931 4.76761526877559 0 319 0
"320" 118.538923623543 6.29629979673479 0 320 0
"321" 120.234554584517 3.82985815675349 0 321 0
"322" 122.313127676381 3.3813663135429 0 322 0
"323" 120.947797906765 6.96140357890431 0 323 0
"324" 116.071219872922 4.21765289520912 0 324 0
"325" 125.174149798163 3.04756825424984 0 325 0
"326" 114.727069535741 4.17458401957134 0 326 0
"327" 122.412432601779 6.61570690212117 0 327 0
"328" 118.133666993968 4.30813552904469 0 328 0
"329" 117.743867369432 6.25020554107367 0 329 0
"330" 121.222558407301 4.6518421247344 0 330 0
"331" 120.670082033744 2.68878353550291 0 331 0
"332" 121.383737424729 4.2411652887906 0 332 0
"333" 124.792396410536 5.44760559848252 0 333 0
"334" 129.276999901685 4.75508601505969 0 334 0
"335" 120.362538959861 5.58500593060493 0 335 0
"336" 121.112656459891 3.48443595463453 0 336 0
"337" 122.693447576923 4.90786164056461 0 337 0
"338" 118.628242204077 3.71975238885466 0 338 0
"339" 121.762107479666 3.51817137487401 0 339 0
"340" 115.844282125696 3.18791843205301 0 340 0
"341" 122.412502567788 5.53108762931419 0 341 0
"342" 118.754975788739 4.63613588404075 0 342 0
"343" 130.891041964018 4.63583379911403 0 343 0
"344" 117.89713340866 2.94576070022963 0 344 0
"345" 125.310439358451 3.07925048702777 0 345 0
"346" 121.683027644851 4.58445815002971 0 346 0
"347" 122.791811266787 4.49769400887089 0 347 0
"348" 118.463818207293 5.07046265029368 0 348 0
"349" 122.525651347634 5.2843266026179 0 349 0
"350" 118.782803517554 4.55564685074234 0 350 0
"351" 115.237596705856 4.40085128094821 0 351 0
"352" 124.743943410597 4.30811144658089 0 352 0
"353" 120.390391996264 4.40470067125772 0 353 0
"354" 129.571815762197 5.43117041630501 0 354 0
"355" 123.158924166552 2.99611644910175 0 355 0
"356" 128.140948726069 5.43636258792794 0 356 0
"357" 118.046556470649 4.32282312026765 0 357 0
"358" 126.387563999622 5.90891860865454 0 358 0
"359" 125.624485547985 5.2746871833077 0 359 0
"360" 127.320269651889 6.11829045142165 0 360 0
"361" 122.282914883626 4.19781421298675 0 361 0
"362" 124.827059064227 3.38198116793227 0 362 0
"363" 119.658628487097 2.79363217025813 0 363 0
"364" 121.923039883739 4.67669275333931 0 364 0
"365" 128.195502015899 4.8334999147304 0 365 0
"366" 116.570310906139 3.5480833248293 0 366 0
"367" 114.976263507757 5.81128448323336 0 367 0
"368" 119.92815287887 3.75199520521646 0 368 0
"369" 123.209321945052 3.79730647957571 0 369 0
"370" 124.1969730542 6.85798096189244 0 370 0
"371" 125.057680882577 4.92470546336219 0 371 0
"372" 123.442769569081 3.96582066092943 0 372 0
"373" 124.09521287525 4.07132362656079 0 373 0
"374" 118.083574632418 4.49243576217157 0 374 0
"375" 115.163560993942 4.90316246548107 0 375 0
"376" 117.596758389902 5.49448320114089 0 376 0
"377" 116.024620300288 5.29463436130643 0 377 0
"378" 120.577252635221 3.39868805639921 0 378 0
"379" 112.397577816724 3.59340905019536 0 379 0
"380" 122.381804983332 3.53040656874306 0 380 0
"381" 116.762562111122 4.30565806689649 0 381 0
"382" 132.923867422633 4.06784143920768 0 382 0
"383" 123.800174677052 1.98268825120254 0 383 0
"384" 120.016529919335 5.78797515281985 0 384 0
"385" 125.588091859536 5.33018426890629 0 385 0
"386" 119.85566240519 5.20550923296093 0 386 0
"387" 119.659211626826 4.72559332768269 0 387 0
"388" 126.632340565221 5.24866938538151 0 388 0
"389" 129.660359572854 4.54236624280408 0 389 0
"390" 117.911035911952 1.86871594694149 0 390 0
"391" 126.752821382601 4.22391444024856 0 391 0
"392" 121.639707544801 6.22989109087835 0 392 0
"393" 122.52052343766 2.86866843964412 0 393 0
"394" 122.764742983901 3.2563325993522 0 394 0
"395" 125.175647198665 2.67900246778167 0 395 0
"396" 115.674909106616 3.16592961439918 0 396 0
"397" 120.114717347638 2.42458516361957 0 397 0
"398" 117.167636737773 4.47132515137903 0 398 0
"399" 114.185981461963 2.74539765068405 0 399 0
"400" 118.72739093691 3.4798822239147 0 400 0
"401" 124.999740047742 4.54835779270825 0 401 0
"402" 123.690332788404 5.21009864199947 0 402 0
"403" 119.721494926356 5.62954483645816 0 403 0
"404" 126.324216239864 5.46517530742404 0 404 0
"405" 112.192883681913 7.26411825945414 0 405 0
"406" 119.474085646561 5.7232852490559 0 406 0
"407" 124.010066021968 3.54653792559824 0 407 0
"408" 125.974329758781 4.51051921914802 0 408 0
"409" 123.430713462703 5.9143983618639 0 409 0
"410" 122.278999795757 3.04323707548299 0 410 0
"411" 125.3548071729 4.01469503338966 0 411 0
"412" 116.913244536684 5.75086835322404 0 412 0
"413" 116.175982243402 5.19153004947098 0 413 0
"414" 125.535882632929 5.67681432698858 0 414 0
"415" 128.659171895961 6.22606416145351 0 415 0
"416" 122.619121878847 3.61422324208586 0 416 0
"417" 119.975053034079 4.47055178050987 0 417 0
"418" 111.187891037473 5.22751849657499 0 418 0
"419" 118.631922626221 7.0380965950328 0 419 0
"420" 124.793815836553 3.45444961388856 0 420 0
"421" 120.692516352872 5.94051365441859 0 421 0
"422" 122.549806257378 3.91159009071522 0 422 0
"423" 120.51353123456 4.7585599948253 0 423 0
"424" 120.399365254361 3.78292681533313 0 424 0
"425" 121.884894947989 4.99413431632192 0 425 0
"426" 122.212000905524 4.67462412643897 0 426 0
"427" 124.07071155684 5.33965949228374 0 427 0
"428" 123.563043611585 3.62145684070785 0 428 0
"429" 122.888186879111 1.05885826179176 0 429 0
"430" 126.591892754332 5.26765121854556 0 430 0
"431" 119.674270963505 4.07606173825522 0 431 0
"432" 111.951305595936 5.48666855544988 0 432 0
"433" 120.399341148231 4.54049237273715 0 433 0
"434" 124.29797646499 5.88002422841821 0 434 0
"435" 122.97376743883 4.58306980182379 0 435 0
"436" 122.756476604823 4.62877202135041 0 436 0
"437" 123.602430023234 2.99277994300227 0 437 0
"438" 122.626364561066 4.67279196052905 0 438 0
"439" 119.727392607987 4.73112041667947 0 439 0
"440" 118.739573040636 1.97167724752844 0 440 0
"441" 125.514219983012 5.83637269035857 0 441 0
"442" 125.459401455239 4.54801170889158 0 442 0
"443" 113.032818625505 6.39479287605917 0 443 0
"444" 119.897262234303 3.3393673699427 0 444 0
"445" 122.934956449001 3.4564989990533 0 445 0
"446" 121.802446621462 5.68384785610866 0 446 0
"447" 121.841845065984 6.41623709874205 0 447 0
"448" 124.243316837475 6.28162013943419 0 448 0
"449" 117.990266533257 5.68792839431292 0 449 0
"450" 121.663456552363 3.55935661417663 0 450 0
"451" 117.090388268316 4.94182712204171 0 451 0
"452" 131.603499080844 6.62526972599161 0 452 0
"453" 126.658382952058 4.42583040021687 0 453 0
"454" 123.03572867478 2.88992663787684 0 454 0
"455" 122.388164421424 4.79499354173855 0 455 0
"456" 119.512076660939 6.67265658086519 0 456 0
"457" 121.697906727384 4.25476369548348 0 457 0
"458" 123.11453315311 3.50971269894295 0 458 0
"459" 116.250744993676 5.95098149239492 0 459 0
"460" 113.383183667212 5.84370260830528 0 460 0
"461" 120.66526983462 4.60722589590091 0 461 0
"462" 125.467182070112 5.71894728877389 0 462 0
"463" 129.185224287728 3.43505255644993 0 463 0
"464" 113.366791111 6.15529020809919 0 464 0
"465" 125.55508682503 5.01178543569117 0 465 0
"466" 126.539791050128 5.23363535087471 0 466 0
"467" 117.372441604899 5.61007101761207 0 467 0
"468" 116.165748401812 4.25897818059045 0 468 0
"469" 122.790365446607 5.17265172316703 0 469 0
"470" 118.838198050586 3.40137309562692 0 470 0
"471" 115.461824639217 5.63233405652707 0 471 0
"472" 120.557379562831 4.83372650455267 0 472 0
"473" 121.85941216747 4.10323004877227 0 473 0
"474" 119.750163325516 6.03121211622588 0 474 0
"475" 119.824250648629 5.45323805063084 0 475 0
"476" 125.909835087313 3.71819124583699 0 476 0
"477" 127.358597337978 5.15124348129035 0 477 0
"478" 119.634360959211 4.56195591071539 0 478 0
"479" 124.100523447742 4.61050543985887 0 479 0
"480" 120.652363488414 4.69322325376201 0 480 0
"481" 121.814182846779 2.6028300049481 0 481 0
"482" 118.852235513684 5.76839492121057 0 482 0
"483" 121.765737375544 4.25899800549484 0 483 0
"484" 125.285414746906 5.36631383842791 0 484 0
"485" 114.344053849866 2.53628211363672 0 485 0
"486" 123.85117127268 4.82483163403847 0 486 0
"487" 120.775066250249 7.27651213806138 0 487 0
"488" 126.980736772736 4.14123410829882 0 488 0
"489" 124.367182885509 5.1874597356659 0 489 0
"490" 122.888313659899 6.65973452976003 0 490 0
"491" 125.539447151315 4.31003619468777 0 491 0
"492" 123.766653741635 5.01765301692029 0 492 0
"493" 117.576027090997 4.67345795465076 0 493 0
"494" 116.348999321348 3.79843363264818 0 494 0
"495" 120.826055561814 3.50679362067754 0 495 0
"496" 125.12259572762 3.0716789384745 0 496 0
"497" 119.113505199684 3.68763952279624 0 497 0
"498" 118.675550090955 5.19731701427135 0 498 0
"499" 131.611205889548 5.27739860745723 0 499 0
"500" 125.77871880731 4.53721692052313 0 500 0
"501" 114.669399655132 4.68124734538513 0 501 0
"502" 121.224056417848 4.95991968547772 0 502 0
"503" 124.419188906045 3.61397788658033 0 503 0
"504" 116.404121927688 4.77678875807622 0 504 0
"505" 120.660539865501 3.81480961299373 0 505 0
"506" 126.00163040739 4.90861659948477 0 506 0
"507" 114.710885650013 3.76694316644064 0 507 0
"508" 120.603622650995 4.09870300646458 0 508 0
"509" 118.772661020726 4.79376642025665 0 509 0
"510" 116.567080136524 3.97677694817384 0 510 0
"511" 121.35307445397 6.45387047948285 0 511 0
"512" 123.027195016206 2.42352943383043 0 512 0
"513" 120.824091251002 5.63590821144416 0 513 0
"514" 112.553999860745 3.93087512142249 0 514 0
"515" 119.083329526886 4.53217184974138 0 515 0
"516" 120.914331337144 5.09789386533159 0 516 0
"517" 124.01711070846 3.00830162976364 0 517 0
"518" 120.647469397128 4.51640188172121 0 518 0
"519" 126.072999301745 6.84638196270299 0 519 0
"520" 130.261366066911 6.59192816663479 0 520 0
"521" 122.464891590562 3.47410509767859 0 521 0
"522" 127.068578190253 3.15261918463797 0 522 0
"523" 122.490769140029 4.35545030295058 0 523 0
"524" 120.011498238592 6.52124875001755 0 524 0
"525" 114.058166235882 3.56801749095603 0 525 0
"526" 120.328972276058 5.07783728585362 0 526 0
"527" 120.151673946477 4.27626693664183 0 527 0
"528" 126.920473280896 3.92442974611764 0 528 0
"529" 117.838297710737 5.73123673308544 0 529 0
"530" 128.94611151716 4.03259486792718 0 530 0
"531" 121.048046688686 4.73231440947303 0 531 0
"532" 125.095498495345 1.70994569011635 0 532 0
"533" 127.30908348235 5.26699358319258 0 533 0
"534" 118.749236776307 5.16354406508815 0 534 0
"535" 121.978310382155 3.2588975473801 0 535 0
"536" 124.100823530997 4.24924620536362 0 536 0
"537" 122.743787497267 3.14644603460173 0 537 0
"538" 117.790067521281 5.14747208081907 0 538 0
"539" 125.545905695879 5.238314791033 0 539 0
"540" 123.655358372727 5.49042640454663 0 540 0
"541" 124.9493801777 4.93451939596613 0 541 0
"542" 119.528389415232 5.78228741170445 0 542 0
"543" 126.259468974125 3.86576887571519 0 543 0
"544" 123.043161087915 4.35262754885202 0 544 0
"545" 124.934307655877 3.12959633208073 0 545 0
"546" 124.2919672092 3.46469939112574 0 546 0
"547" 116.737684984129 5.55122626298107 0 547 0
"548" 123.992862007245 4.04830216311171 0 548 0
"549" 124.973574354176 4.47787110848115 0 549 0
"550" 121.524334248674 4.67475596175497 0 550 0
"551" 116.6422325215 4.23337087248905 0 551 0
"552" 122.023017098977 4.06868243404209 0 552 0
"553" 121.813845992158 4.66352620327761 0 553 0
"554" 115.581331297492 1.87048318298695 0 554 0
"555" 118.69149209702 3.1701787165185 0 555 0
"556" 116.266624052802 5.98907462660201 0 556 0
"557" 130.275986316308 4.30493265024941 0 557 0
"558" 121.983130588334 3.4032090024644 0 558 0
"559" 122.930786135394 3.43681330712245 0 559 0
"560" 126.599107719817 5.06975572271276 0 560 0
"561" 121.511210355127 5.26848333041407 0 561 0
"562" 129.516647620448 3.95267643333623 0 562 0
"563" 118.974859485338 5.65272518501531 0 563 0
"564" 122.026022943297 4.55040703890066 0 564 0
"565" 121.107008549883 5.60364073554027 0 565 0
"566" 124.16736035575 5.11989296933428 0 566 0
"567" 118.02521842508 4.05748925022796 0 567 0
"568" 116.932694175066 4.01884856755966 0 568 0
"569" 121.9622114717 6.86008192370987 0 569 0
"570" 116.301759189223 4.90175875168412 0 570 0
"571" 123.565201227622 4.55459401500883 0 571 0
"572" 115.544273087788 5.96478171382224 0 572 0
"573" 120.085836583708 3.54309991911046 0 573 0
"574" 121.390691986205 3.76251956974874 0 574 0
"575" 119.245350120609 3.64572948726095 0 575 0
"576" 115.211640828736 5.06112577854294 0 576 0
"577" 121.14675626563 4.28109296003302 0 577 0
"578" 123.60199031849 3.52067754765616 0 578 0
"579" 114.134977814248 5.15666620590605 0 579 0
"580" 114.58073190966 3.73569703459355 0 580 0
"581" 122.356400607835 4.3881067361542 0 581 0
"582" 121.256890966919 6.11913521722118 0 582 0
"583" 115.725858289736 3.9463962221653 0 583 0
"584" 121.197963428522 3.11145111074356 0 584 0
"585" 113.938740491825 6.40143154040689 0 585 0
"586" 126.380071048681 3.4614877807928 0 586 0
"587" 119.918913312384 3.8512172604978 0 587 0
"588" 123.013032209749 5.10201135611776 0 588 0
"589" 129.613356256219 5.73382272519092 0 589 0
"590" 117.962269434762 3.58327308897338 0 590 0
"591" 123.264981544485 5.33626947727385 0 591 0
"592" 118.390730203546 5.44727496404363 0 592 0
"593" 204.882203563877 145.852018230299 0 593 0
"594" 202.715960475094 147.551494406272 0 594 0
"595" 201.82833233964 146.269578188995 0 595 0
"596" 198.092188156956 146.365485851127 0 596 0
"597" 196.296137450825 146.571241464778 0 597 0
"598" 194.708306941 146.856252131707 0 598 0
"599" 194.851677454789 146.165500614951 0 599 0
"600" 206.88113826818 147.113924864486 0 600 0
"601" 194.924630505208 146.260930336385 0 601 0
"602" 193.876492279756 146.90102594062 0 602 0
"603" 200.022547199746 146.172226037755 0 603 0
"604" 191.141402884282 146.96800414291 0 604 0
"605" 192.045496891103 146.744149452831 0 605 0
"606" 195.059621373617 147.565368623222 0 606 0
"607" 195.351343782322 146.281176689539 0 607 0
"608" 207.623490773175 146.628978394668 0 608 0
"609" 202.139198198528 146.374474396293 0 609 0
"610" 195.355214618529 147.115244424875 0 610 0
"611" 192.870871689538 147.144402208112 0 611 0
"612" 196.092669104385 146.730476840479 1 612 0
"613" 194.030440893866 146.264352076707 0 613 0
"614" 194.842166393289 146.907856072642 0 614 0
"615" 196.060781681621 146.80665138208 0 615 0
"616" 194.0780347898 146.417364411657 0 616 0
"617" 192.04064866378 146.663453170249 0 617 0
"618" 193.693925253819 146.930083758342 0 618 0
"619" 201.394117499128 147.083993705258 0 619 0
"620" 202.796469504019 145.216613381557 0 620 0
"621" 201.831882793949 146.686676333988 0 621 0
"622" 191.896570483749 146.313947524117 0 622 0
"623" 195.5847073108 146.955457372072 0 623 0
"624" 201.877956702826 146.746845320536 0 624 0
"625" 192.307315332466 146.35585157339 0 625 0
"626" 190.758839934505 146.38888695227 0 626 0
"627" 204.78344960062 146.229773714678 0 627 0
"628" 199.481222922913 145.554051705483 0 628 0
"629" 193.076335314271 146.863764871541 0 629 0
"630" 205.358917845666 146.913192092509 0 630 0
"631" 203.813843945117 146.197181233151 0 631 0
"632" 204.323119059453 147.273369132044 0 632 0
"633" 201.041840841852 147.694763763364 0 633 0
"634" 198.087122945133 146.329652504925 0 634 0
"635" 196.9752227177 146.726120979374 0 635 0
"636" 202.55629266727 145.912020081069 0 636 0
"637" 193.715184738206 147.347563348171 0 637 0
"638" 199.685705095797 146.474672225483 0 638 0
"639" 194.529376902925 145.637400610536 0 639 0
"640" 195.529148720917 147.475484978165 0 640 0
"641" 192.073284338153 146.616235196591 0 641 0
"642" 201.378843257502 147.059184425677 0 642 0
"643" 193.144464078125 146.95917509752 0 643 0
"644" 195.799324354109 145.976233248905 0 644 0
"645" 196.61980635923 145.723387145585 0 645 0
"646" 191.035101130252 146.504868749914 0 646 0
"647" 192.752338191353 146.742671394621 0 647 0
"648" 197.414979661502 146.037008319568 0 648 0
"649" 193.399647075601 147.091507924947 0 649 0
"650" 198.123451635377 147.480795059103 0 650 0
"651" 207.361441134377 146.633280070554 0 651 0
"652" 197.462224802617 146.561100320283 0 652 0
"653" 201.07788996548 145.526358472034 0 653 0
"654" 197.521223239738 146.475213431142 0 654 0
"655" 192.372806800532 147.232142918682 0 655 0
"656" 198.247367899495 146.359660685068 0 656 0
"657" 197.104520534729 147.127988329936 0 657 0
"658" 193.864671243834 146.848850526775 0 658 0
"659" 198.327028434853 147.106683214176 0 659 0
"660" 194.554148844026 147.024904755349 0 660 0
"661" 198.619852255646 147.16664003221 0 661 0
"662" 198.603705406793 146.641784473635 0 662 0
"663" 195.279273531025 145.853261845475 0 663 0
"664" 191.465301998257 147.043401512549 0 664 0
"665" 201.524526258912 147.305259468793 0 665 0
"666" 203.508053222171 146.761791078057 0 666 0
"667" 195.39253683739 147.193936094671 0 667 0
"668" 201.652662266724 146.255890717178 0 668 0
"669" 203.125093618099 146.857314485932 0 669 0
"670" 191.884322918941 147.254841346497 0 670 0
"671" 200.540259317423 146.700794794254 0 671 0
"672" 194.727471850148 146.812218750697 0 672 0
"673" 188.660445573436 146.618644258048 0 673 0
"674" 197.51508575793 146.972581437072 0 674 0
"675" 198.070445157292 147.460662652884 0 675 0
"676" 193.302768615145 146.404648738904 0 676 0
"677" 192.094422620456 146.951304304904 0 677 0
"678" 203.159956660315 146.351108034953 0 678 0
"679" 193.989530046678 145.108864519135 0 679 0
"680" 196.738345421597 146.385143671752 0 680 0
"681" 193.789831701887 146.866247876091 0 681 0
"682" 195.762463552863 146.993709833365 0 682 0
"683" 200.797526071751 147.280526122313 0 683 0
"684" 201.988167407333 147.459113345547 0 684 0
"685" 203.487018009938 147.158355958277 0 685 0
"686" 203.432426241316 147.469979587441 0 686 0
"687" 198.842294845319 147.516570088839 0 687 0
"688" 203.557135988118 147.348197273991 0 688 0
"689" 198.121502025978 147.269197393317 0 689 0
"690" 195.850467826801 146.719821573626 0 690 0
"691" 207.284964340125 146.439071193122 0 691 0
"692" 198.922198211003 146.032026758758 0 692 0
"693" 195.815459018979 147.091329120844 0 693 0
"694" 201.373684451343 147.699729577463 0 694 0
"695" 202.352336309808 146.711171378815 0 695 0
"696" 196.550515198168 146.869487363777 0 696 0
"697" 198.124426652616 146.990108269781 0 697 0
"698" 191.909182442774 146.423429765753 0 698 0
"699" 194.655324737342 146.564342678819 0 699 0
"700" 199.057664422784 145.368082179607 0 700 0
"701" 199.018222491255 147.437780524892 0 701 0
"702" 195.633928621983 146.322411531887 0 702 0
"703" 196.619119656965 147.01683920866 0 703 0
"704" 195.339279922024 147.285170636177 0 704 0
"705" 198.780339936521 146.97374289133 0 705 0
"706" 199.729883753831 147.147407391447 0 706 0
"707" 195.794095749492 145.843506304558 0 707 0
"708" 196.457841627607 147.191443437284 0 708 0
"709" 186.058774067293 146.252918296254 0 709 0
"710" 198.472450220096 145.762634164673 0 710 0
"711" 203.257672642184 145.899655050894 0 711 0
"712" 191.845285699063 147.228283416689 0 712 0
"713" 197.201640675775 146.922488261714 0 713 0
"714" 198.67024724473 146.912697390874 0 714 0
"715" 203.664818402185 146.866483014796 0 715 0
"716" 201.024192584655 146.969346690959 0 716 0
"717" 200.698886122026 146.74769091247 0 717 0
"718" 194.215991015118 147.172028651865 0 718 0
"719" 205.827826488356 146.769689638949 0 719 0
"720" 194.391998418111 147.152329360649 0 720 0
"721" 193.34759252306 147.624995283805 0 721 0
"722" 192.229214390295 148.080643233195 0 722 0
"723" 191.965874659364 146.364486062389 0 723 0
"724" 192.393253216378 147.02194840897 0 724 0
"725" 195.938598527952 146.198335303053 0 725 0
"726" 193.217771981658 145.661457395616 0 726 0
"727" 203.839946460901 146.09299627192 0 727 0
"728" 192.82319243323 147.429603049784 0 728 0
"729" 195.593837730745 147.124039725435 0 729 0
"730" 202.56594090921 147.295077940702 0 730 0
"731" 191.611697391934 147.152051282922 0 731 0
"732" 196.698100768974 146.971368459438 0 732 0
"733" 197.849395053451 147.452242268964 0 733 0
"734" 200.17172846561 147.170261995592 0 734 0
"735" 199.215120324823 145.961083609135 0 735 0
"736" 198.860846069085 146.030057964094 0 736 0
"737" 187.747381507764 146.367464656518 0 737 0
"738" 205.906183975459 147.745613357018 0 738 0
"739" 194.605638508891 146.618158222284 0 739 0
"740" 197.404075529605 146.180611132081 0 740 0
"741" 199.706918803542 146.89366801566 0 741 0
"742" 192.274146812588 145.929929595488 0 742 0
"743" 196.684438137207 146.389388898942 0 743 0
"744" 193.395454586473 146.530206244795 0 744 0
"745" 200.058620648886 146.794724855913 0 745 0
"746" 194.53043707251 147.13420204073 0 746 0
"747" 190.607136814972 146.65966968121 0 747 0
"748" 198.352147321176 146.8139796 0 748 0
"749" 202.188544954169 147.268428071456 0 749 0
"750" 193.250177132759 147.146383388616 0 750 0
"751" 203.889178902044 146.44405312875 0 751 0
"752" 198.54505212525 146.683251064558 0 752 0
"753" 191.957642470269 146.554057774272 0 753 0
"754" 186.120141854821 147.037307675902 0 754 0
"755" 193.708412432852 147.304186668882 0 755 0
"756" 192.87503585651 146.662646782248 0 756 0
"757" 201.252103361067 146.57292798305 0 757 0
"758" 201.43961159758 146.208217863117 0 758 0
"759" 194.54831953175 146.644090566663 0 759 0
"760" 196.217925580071 147.05592022826 0 760 0
"761" 198.00288246021 147.229325110627 0 761 0
"762" 199.170331622698 146.808346339983 0 762 0
"763" 198.77659809947 147.139484735212 0 763 0
"764" 196.137145013767 145.751404034059 0 764 0
"765" 193.304455567496 146.67258129581 0 765 0
"766" 192.836027943382 145.680430994207 0 766 0
"767" 195.071441366459 147.332241115379 0 767 0
"768" 199.692633538075 147.174441714989 0 768 0
"769" 195.475789903346 146.351654826361 0 769 0
"770" 198.900525244723 147.085158051597 0 770 0
"771" 194.662013824064 147.236473930065 0 771 0
"772" 202.230221019598 146.784242704076 0 772 0
"773" 201.932743438944 147.130582689632 0 773 0
"774" 195.917841495863 147.309362427917 0 774 0
"775" 210.730272604837 145.892923910476 0 775 0
"776" 210.600029912001 146.250508924131 0 776 0
"777" 199.212571879924 147.12199265842 0 777 0
"778" 203.135523728981 146.247820403778 0 778 0
"779" 198.025789633704 146.741090244436 0 779 0
"780" 190.557342843879 147.248727476065 0 780 0
"781" 190.969792167227 147.649397048408 0 781 0
"782" 200.903798126483 146.181299740088 0 782 0
"783" 197.912800766504 147.419175522317 0 783 0
"784" 186.262938928392 146.312115893488 0 784 0
"785" 201.206812623123 147.036552877058 0 785 0
"786" 196.286414464888 146.042279425237 0 786 0
"787" 199.426853355935 146.864338567293 0 787 0
"788" 192.143035706649 146.798271273547 0 788 0
"789" 196.808572864913 147.657748285205 0 789 0
"790" 197.393133305593 146.324078211801 0 790 0
"791" 196.56278643019 145.762130560628 0 791 0
"792" 195.381795494031 146.782496958139 0 792 0
"793" 196.403221513504 146.854807293599 0 793 0
"794" 189.850225114941 146.130005194318 0 794 0
"795" 202.239504112978 147.242638938169 0 795 0
"796" 199.01774029831 147.058437297738 0 796 0
"797" 201.099116708875 146.780643547662 0 797 0
"798" 199.262747413838 146.534105246098 0 798 0
"799" 198.823786546447 146.161648519396 0 799 0
"800" 201.661330156985 146.643694456211 0 800 0
"801" 197.599464538341 145.941323965567 0 801 0
"802" 195.526815900463 147.126649796932 0 802 0
"803" 194.895538058968 146.71924350569 0 803 0
"804" 190.526917644665 147.618383824647 0 804 0
"805" 200.724881653098 146.745950690263 0 805 0
"806" 198.578771550029 148.02477846562 0 806 0
"807" 205.007393079061 146.072790548816 0 807 0
"808" 190.473785213963 146.425798982921 0 808 0
"809" 198.652084217072 146.731842182805 0 809 0
"810" 192.883289797176 147.76490280161 0 810 0
"811" 202.203385091816 146.433126999927 0 811 0
"812" 193.950571661494 146.408831783018 0 812 0
"813" 199.304175753003 146.802503553918 0 813 0
"814" 198.323828198785 148.045622712311 0 814 0
"815" 197.279669450846 146.683177355963 0 815 0
"816" 205.022623852931 147.071037209906 0 816 0
"817" 200.808675509258 146.502278021414 0 817 0
"818" 196.920228456215 147.220557028733 0 818 0
"819" 198.254367935479 147.508855922728 0 819 0
"820" 198.859960525831 146.48469378561 0 820 0
"821" 204.010603505911 146.296479772336 0 821 0
"822" 196.974550544565 147.477107845998 0 822 0
"823" 193.213338190496 146.312961428221 0 823 0
"824" 195.901336334739 147.053555035775 0 824 0
"825" 193.207804946953 146.830310682639 0 825 0
"826" 191.776327392643 146.154542691826 0 826 0
"827" 196.383034188279 147.306742124108 0 827 0
"828" 197.835749574694 146.508648446021 0 828 0
"829" 202.202140971431 146.855730981012 0 829 0
"830" 200.420962166476 145.851023387388 0 830 0
"831" 204.880423286134 147.2230474874 0 831 0
"832" 200.187205079285 146.211458982885 0 832 0
"833" 195.911433822501 146.473290075391 0 833 0
"834" 194.536144085612 146.959458430738 0 834 0
"835" 195.149423830241 147.055424156887 0 835 0
"836" 196.921776635934 146.14229469691 0 836 0
"837" 202.845162136009 145.980253270475 0 837 0
"838" 203.737928505258 145.575820309649 0 838 0
"839" 200.952027574708 147.015219751789 0 839 0
"840" 197.445414125032 146.871096644501 0 840 0
"841" 200.803648967429 147.200949409803 0 841 0
"842" 197.94241041333 146.655435595366 0 842 0
"843" 203.632443798885 146.400653505361 0 843 0
"844" 203.174892269824 146.344409748665 0 844 0
"845" 201.214037047941 147.490331122792 0 845 0
"846" 191.722669463545 146.037399981452 0 846 0
"847" 194.542738648848 146.248051719648 0 847 0
"848" 194.979019942115 146.450076393298 0 848 0
"849" 199.476415559192 147.25594451197 0 849 0
"850" 202.455368824306 146.217642641947 0 850 0
"851" 200.468144119153 145.55643392032 0 851 0
"852" 198.374729193406 147.040811021495 0 852 0
"853" 194.404360941361 146.77225491115 0 853 0
"854" 198.841795525334 146.769982011991 0 854 0
"855" 198.741855508701 146.085049963259 0 855 0
"856" 199.261724340469 147.300116028978 0 856 0
"857" 208.552945677986 145.788012029253 0 857 0
"858" 193.207900216817 146.423503179808 0 858 0
"859" 193.937064553458 146.360441474597 0 859 0
"860" 202.773810065758 147.551577881882 0 860 0
"861" 195.430887433211 146.249749033313 0 861 0
"862" 198.243417908587 146.473986376437 0 862 0
"863" 195.506599848095 146.771135724193 0 863 0
"864" 199.228735381129 147.406697345682 0 864 0
"865" 187.531089952332 146.791779031599 0 865 0
"866" 194.024578508092 146.470117897832 0 866 0
"867" 202.595928479904 146.705601949933 0 867 0
"868" 195.01776242753 146.027382609204 0 868 0
"869" 195.769360529959 146.168194916398 0 869 0
"870" 196.220550113227 146.951035054671 0 870 0
"871" 194.881830680557 147.620327377393 0 871 0
"872" 190.460443413731 147.033060768544 0 872 0
"873" 201.33397107276 146.389879850705 0 873 0
"874" 200.153829319994 146.480852791362 0 874 0
"875" 200.670541512469 146.763842721728 0 875 0
"876" 199.867936150841 146.572490305769 0 876 0
"877" 195.658669856442 145.796373434534 0 877 0
"878" 196.999522446442 146.807970227126 0 878 0
"879" 203.039494746797 146.183128518234 0 879 0
"880" 202.319367476479 146.974305129989 0 880 0
"881" 197.322703061594 145.653581723986 0 881 0
"882" 202.565767215264 145.896886330844 0 882 0
"883" 193.396323092132 147.746858135639 0 883 0
"884" 198.787974957488 146.448998091188 0 884 0
"885" 196.254972634672 146.101390307105 0 885 0
"886" 190.016707032818 146.739327144132 0 886 0
"887" 196.315442225428 146.902458678688 0 887 0
"888" 192.156573460177 146.867782955572 0 888 0
"889" 202.994824042445 146.945630664751 0 889 0
"890" 199.281112780395 145.721211241038 0 890 0
"891" 192.824075715501 146.862325353005 0 891 0
"892" 196.421895885745 145.960975485631 0 892 0
"893" 197.427587445354 147.166627333952 0 893 0
"894" 202.432221179749 147.150656210017 0 894 0
"895" 200.322479549501 145.994691819698 0 895 0
"896" 202.962277144306 147.339757639298 0 896 0
"897" 201.923037790298 147.053919480513 0 897 0
"898" 193.43227030524 146.442578665825 0 898 0
"899" 193.994827144668 147.283144610077 0 899 0
"900" 204.332517658399 146.976069936223 0 900 0
"901" 197.376946996365 146.856777725438 0 901 0
"902" 204.24554324522 145.831622633805 0 902 0
"903" 197.951171979796 146.766698336163 0 903 0
"904" 196.598837260317 146.815430315926 0 904 0
"905" 196.644098664209 147.14801115127 0 905 0
"906" 197.197784158422 146.317861640389 0 906 0
"907" 202.638303965195 145.94524193703 0 907 0
"908" 202.012430953673 145.887420537805 0 908 0
"909" 198.449979073603 146.845739704187 0 909 0
"910" 196.459520668004 146.600773419491 0 910 0
"911" 202.701410223674 147.467019444707 0 911 0
"912" 191.450862936797 146.865755858996 0 912 0
"913" 205.267991885212 147.358051298727 0 913 0
"914" 194.016561646989 147.05066829213 0 914 0
"915" 194.338744128641 146.890941133425 0 915 0
"916" 194.032946193956 146.412203658608 0 916 0
"917" 204.208198100281 146.492197163295 0 917 0
"918" 201.687923241645 145.699063452284 0 918 0
"919" 200.490991556584 146.529900307485 0 919 0
"920" 200.807599570834 146.827373734948 0 920 0
"921" 197.362208855129 146.375906530827 0 921 0
"922" 200.346689120848 146.825466044387 0 922 0
"923" 194.032525748545 146.378283761732 0 923 0
"924" 194.149733999198 146.868943394819 0 924 0
"925" 202.374849044038 146.337809226 0 925 0
"926" 197.908572095459 147.190221672881 0 926 0
"927" 193.452030795392 146.509789776886 0 927 0
"928" 189.598458615241 146.356568767798 0 928 0
"929" 195.976017056555 147.90998905793 0 929 0
"930" 202.911123940188 146.101326147823 0 930 0
"931" 201.610083708379 147.039826848416 0 931 0
"932" 193.971811645681 147.301044299193 0 932 0
"933" 199.262912620651 146.932481537123 0 933 0
"934" 201.736549002926 147.228768499881 0 934 0
"935" 202.129837417639 145.850506897639 0 935 0
"936" 201.834017015356 147.496074315182 0 936 0
"937" 194.290322372411 147.056462850991 0 937 0
"938" 205.043040431859 146.220631820204 0 938 0
"939" 195.324673000584 146.74139816545 0 939 0
"940" 199.664774781421 147.07003761485 0 940 0
"941" 194.630155114175 147.238128908023 0 941 0
"942" 196.659296802772 146.611020408023 0 942 0
"943" 201.130055421256 147.366716417931 0 943 0
"944" 192.796137075244 146.605953372192 0 944 0
"945" 198.535613646006 146.319651922139 0 945 0
"946" 196.007142698078 146.195479568818 0 946 0
"947" 196.793892195186 146.939603582031 0 947 0
"948" 196.181179572518 147.186475858727 0 948 0
"949" 197.637668708061 147.543475705907 0 949 0
"950" 197.191737022083 147.203023191809 0 950 0
"951" 198.126614599145 147.417540391398 0 951 0
"952" 204.74375744791 146.566712301251 0 952 0
"953" 202.185673093232 148.142177266373 0 953 0
"954" 198.749667666196 146.429874842586 0 954 0
"955" 204.274421412637 147.107321157871 0 955 0
"956" 198.161154770122 146.785319902246 0 956 0
"957" 191.77375111982 146.78310485456 0 957 0
"958" 201.382501750067 147.06764022255 0 958 0
"959" 197.113148358758 147.642290502252 0 959 0
"960" 188.338324753734 147.148517741684 0 960 0
"961" 195.755641939695 146.956603429347 0 961 0
"962" 199.953347672681 147.359429430878 0 962 0
"963" 192.705736307314 147.045023490545 0 963 0
"964" 198.782745032931 145.631111402923 0 964 0
"965" 192.852380141469 146.063520591275 0 965 0
"966" 199.094681478926 146.202697418806 0 966 0
"967" 196.230606061453 146.993841909469 0 967 0
"968" 205.055590919447 147.171746899017 0 968 0
"969" 192.66123708951 147.011472907601 0 969 0
"970" 196.340090013337 146.514721678533 0 970 0
"971" 196.982500771154 145.941029980832 0 971 0
"972" 199.819374702912 146.332081865258 0 972 0
"973" 190.613127009156 147.039775401321 0 973 0
"974" 201.470967243634 146.138540200673 0 974 0
"975" 200.709939918702 146.461886646382 0 975 0
"976" 201.016317084476 147.529975450517 0 976 0
"977" 197.260710471844 146.905039226974 0 977 0
"978" 194.287897547917 146.899609001623 0 978 0
"979" 193.512867164542 146.813013501461 0 979 0
"980" 198.733117871908 146.203863989337 0 980 0
"981" 198.7297924041 146.424127821008 0 981 0
"982" 195.919715169831 146.369482647379 0 982 0
"983" 189.5600067067 145.084005059891 0 983 0
"984" 195.315521179188 147.144796816121 0 984 0
"985" 195.853759867303 147.398627881569 0 985 0
"986" 194.496473284208 146.308965134806 0 986 0
"987" 198.927450222802 145.865373183785 0 987 0
"988" 189.479546150283 145.982643580789 0 988 0
"989" 192.20521094966 147.130140679646 0 989 0
"990" 198.712135166993 147.090128958167 0 990 0
"991" 196.31296921545 146.390337308989 0 991 0
"992" 198.363834674826 146.88412423361 0 992 0
"993" 193.174083046471 146.527392213278 0 993 0
"994" 196.116407211205 146.764152918707 0 994 0
"995" 194.91310150931 146.515043249679 0 995 0
"996" 195.865824903368 146.308946744229 0 996 0
"997" 189.343357420908 147.116568512539 0 997 0
"998" 194.987416203835 146.880875100701 0 998 0
"999" 196.348580803189 145.896551531169 0 999 0
"1000" 192.589059756586 147.033282675856 0 1000 0
"1001" 194.259822527866 147.18320171183 0 1001 0
"1002" 136.744802164039 149.067557347074 0 1002 0
"1003" 138.642843577425 149.354975725249 0 1003 0
"1004" 128.571755750708 148.731517019791 0 1004 0
"1005" 134.758302494656 149.249782541071 0 1005 0
"1006" 139.48610497181 149.775203342738 0 1006 0
"1007" 132.702427373425 149.61051813159 0 1007 0
"1008" 134.405382723156 149.139201576056 0 1008 0
"1009" 134.714799377273 149.655316914911 0 1009 0
"1010" 131.875711803911 149.176886458973 0 1010 0
"1011" 136.959600695942 149.34762400792 0 1011 0
"1012" 133.235681484773 150.356996469538 0 1012 0
"1013" 134.305811351571 149.569676820101 0 1013 0
"1014" 137.154823687999 149.75768183535 0 1014 0
"1015" 137.2293696457 150.042400854477 0 1015 0
"1016" 133.284959406218 150.392160476224 0 1016 0
"1017" 133.613978963194 149.136668543427 0 1017 0
"1018" 133.522342277361 149.401737124784 0 1018 0
"1019" 133.93411683584 148.776299534981 0 1019 0
"1020" 133.779754188828 149.830478535458 0 1020 0
"1021" 130.052103302853 149.219958716198 0 1021 0
"1022" 134.034705116486 150.393339823644 0 1022 0
"1023" 135.054808014956 149.39466377822 0 1023 0
"1024" 131.89317867959 149.400503260976 0 1024 0
"1025" 140.452098468778 150.239083955735 0 1025 0
"1026" 129.89664862308 149.80428484279 0 1026 0
"1027" 134.697190664824 149.845081879475 0 1027 0
"1028" 135.825430722609 149.232578043137 0 1028 0
"1029" 137.406296834812 150.097416709565 0 1029 0
"1030" 133.378239940511 149.67307821719 0 1030 0
"1031" 131.743779022086 148.688987124289 0 1031 0
"1032" 135.238368606192 150.585713048356 0 1032 0
"1033" 138.090922638834 151.123308708243 0 1033 0
"1034" 130.009474948931 149.821948955456 0 1034 0
"1035" 131.727505136929 150.344454589897 0 1035 0
"1036" 131.900374009723 150.068991200798 0 1036 0
"1037" 139.264833199578 150.793552865901 0 1037 0
"1038" 138.596232435856 149.944520969673 0 1038 0
"1039" 132.31651734032 150.426082973391 0 1039 0
"1040" 131.291342417925 149.945312264872 0 1040 0
"1041" 128.337143263546 151.267992461088 0 1041 0
"1042" 134.774159103978 150.107789710514 0 1042 0
"1043" 130.850509315477 149.654980681368 0 1043 0
"1044" 135.889147636174 149.480798593094 0 1044 0
"1045" 135.989027479068 149.952394947327 0 1045 0
"1046" 136.43059535079 150.479468064099 0 1046 0
"1047" 133.090397762229 149.874859361393 0 1047 0
"1048" 133.12551099594 149.517721353622 0 1048 0
"1049" 131.01027714033 149.585871022035 0 1049 0
"1050" 136.467059873192 148.608954794062 0 1050 0
"1051" 135.694790444968 149.065868318752 0 1051 0
"1052" 135.531758272631 149.980780150828 0 1052 0
"1053" 139.866415382988 149.823626673688 0 1053 0
"1054" 133.971216912438 150.503833261775 0 1054 0
"1055" 135.538394493416 149.270679278278 0 1055 0
"1056" 127.585795820624 149.860111888372 0 1056 0
"1057" 130.660383294 149.66484761705 0 1057 0
"1058" 133.361816149967 149.447060916499 0 1058 0
"1059" 133.769669552585 149.11791446904 0 1059 0
"1060" 135.823434583667 149.16907977938 0 1060 0
"1061" 134.644825731595 149.588607496932 0 1061 0
"1062" 133.909717257797 149.383054570228 0 1062 0
"1063" 131.88155065365 150.220355250787 0 1063 0
"1064" 139.635244124859 150.073851918675 0 1064 0
"1065" 128.241692748063 149.897870231795 0 1065 0
"1066" 135.415890012442 148.922953855785 0 1066 0
"1067" 131.270554433289 148.522498993127 0 1067 0
"1068" 133.415509201552 150.023710210208 0 1068 0
"1069" 132.445002775666 150.464495631334 0 1069 0
"1070" 133.906171835462 149.581166089005 0 1070 0
"1071" 135.747032813404 149.760255920549 0 1071 0
"1072" 138.764728717064 150.388124140021 0 1072 0
"1073" 128.30497669757 148.982147624881 0 1073 0
"1074" 134.656333291417 149.707796963654 0 1074 0
"1075" 138.099830474894 149.20320470119 0 1075 0
"1076" 133.140365293692 150.51875253297 0 1076 0
"1077" 129.358919547742 149.103361258738 0 1077 0
"1078" 134.341420456824 150.224690420235 0 1078 0
"1079" 134.61975683869 150.35087793938 0 1079 0
"1080" 135.32168017789 150.596861633487 0 1080 0
"1081" 134.573227700271 150.626325205965 0 1081 0
"1082" 131.931611750651 148.800251325342 0 1082 0
"1083" 133.135621686448 148.593929876025 0 1083 0
"1084" 127.41943396655 149.97993828601 0 1084 0
"1085" 132.451334363047 149.290150828387 0 1085 0
"1086" 137.61782647627 150.525856057701 0 1086 0
"1087" 133.363372104399 150.513020103112 0 1087 0
"1088" 136.331765061098 150.174579412355 0 1088 0
"1089" 137.366746813136 149.257361932678 0 1089 0
"1090" 135.839257123439 149.201970084076 0 1090 0
"1091" 134.684806604677 149.39216775387 0 1091 0
"1092" 132.938714714727 150.138854083903 0 1092 0
"1093" 134.912846465754 149.771689880231 0 1093 0
"1094" 129.304449870281 150.379091629491 0 1094 0
"1095" 129.685103350061 149.97142678964 0 1095 0
"1096" 133.69147461026 150.253948740662 0 1096 0
"1097" 136.584088674009 149.894053620195 0 1097 0
"1098" 133.138312429491 148.352496501451 0 1098 0
"1099" 134.615311830647 150.166003633334 0 1099 0
"1100" 130.835396109719 150.698097630274 0 1100 0
"1101" 136.028614466417 150.912035619924 0 1101 0
"1102" 138.246101831462 149.938935323451 0 1102 0
"1103" 132.308706376176 149.55391296814 0 1103 0
"1104" 129.306667837967 148.925140580019 0 1104 0
"1105" 135.252518692917 149.21826272225 0 1105 0
"1106" 136.119057578638 149.919901812876 0 1106 0
"1107" 133.157386423862 148.82440015355 0 1107 0
"1108" 134.285495752883 149.509706837054 0 1108 0
"1109" 131.926136655891 150.029704722681 0 1109 0
"1110" 139.457031692397 149.351064132222 0 1110 0
"1111" 136.204532199074 150.028975608615 0 1111 0
"1112" 137.995021273597 149.597846314895 0 1112 0
"1113" 135.324597979487 150.21667533684 0 1113 0
"1114" 136.801163071722 150.089508600505 0 1114 0
"1115" 138.905721660045 150.298465456142 0 1115 0
"1116" 128.457356812689 149.480018392317 0 1116 0
"1117" 132.977206322983 148.561585356643 0 1117 0
"1118" 132.555886315135 150.299818249005 0 1118 0
"1119" 135.324072706934 149.89147111798 0 1119 0
"1120" 133.335476881112 149.444616782405 0 1120 0
"1121" 135.342400290267 150.706868392487 0 1121 0
"1122" 131.472092058798 148.664882945125 0 1122 0
"1123" 132.600260433066 150.150862087953 0 1123 0
"1124" 136.211783371038 148.829343296207 0 1124 0
"1125" 134.713592182063 149.109162168664 0 1125 0
"1126" 138.36717039904 151.048873681673 0 1126 0
"1127" 131.58823671643 150.748974838361 0 1127 0
"1128" 137.038292694111 149.826033553023 0 1128 0
"1129" 130.813885516288 149.412870114869 0 1129 0
"1130" 134.438800948951 150.022083850533 0 1130 0
"1131" 133.673181873354 150.534623818854 0 1131 0
"1132" 130.336109014624 150.63856761614 0 1132 0
"1133" 139.649109828971 150.742624309983 0 1133 0
"1134" 135.113965240511 148.984839223849 0 1134 0
"1135" 129.39210822363 148.28841377967 0 1135 0
"1136" 131.770470439114 151.010910484921 0 1136 0
"1137" 133.133022398104 149.33608860468 0 1137 0
"1138" 135.349738145132 149.537797383521 0 1138 0
"1139" 135.300935880267 148.827311905066 0 1139 0
"1140" 134.585247768021 149.784929436994 0 1140 0
"1141" 133.631925586213 149.414335089798 0 1141 0
"1142" 136.044605321953 149.554990947491 0 1142 0
"1143" 133.076351713623 150.304506551405 0 1143 0
"1144" 134.451606945976 149.741363288312 0 1144 0
"1145" 134.112058583475 151.127108173685 0 1145 0
"1146" 136.770547122353 148.648887553704 0 1146 0
"1147" 136.652545290777 149.993087489148 0 1147 0
"1148" 133.436808570845 150.169544909842 0 1148 0
"1149" 136.580424310475 149.755306543634 0 1149 0
"1150" 133.002600665179 150.3592799184 0 1150 0
"1151" 130.09592571258 149.423271715331 0 1151 0
"1152" 133.732737719298 148.956785082603 0 1152 0
"1153" 134.823782144321 149.690302498797 0 1153 0
"1154" 132.00063899238 150.573658743462 0 1154 0
"1155" 133.468522367004 150.564417160553 0 1155 0
"1156" 135.848602574346 149.614085052338 0 1156 0
"1157" 134.936567890898 149.189355135978 0 1157 0
"1158" 124.639371257321 150.727898067967 0 1158 0
"1159" 133.684998145526 148.599230475581 0 1159 0
"1160" 133.538102757962 149.937414758415 0 1160 0
"1161" 137.218690688875 151.359342687625 0 1161 0
"1162" 136.037559929503 149.748588239557 0 1162 0
"1163" 134.218697120277 150.853009057336 0 1163 0
"1164" 137.478076142331 149.686631126111 0 1164 0
"1165" 131.351465573677 150.999815395647 0 1165 0
"1166" 133.549310108226 150.01308270693 0 1166 0
"1167" 135.309251629841 150.970022972841 0 1167 0
"1168" 132.939070879769 149.612371172296 0 1168 0
"1169" 133.644162560853 149.293587372905 0 1169 0
"1170" 138.619732627444 149.430679157024 0 1170 0
"1171" 131.149233756011 148.308913253427 0 1171 0
"1172" 133.152458918641 149.007954652951 0 1172 0
"1173" 136.859361717542 149.679812398872 0 1173 0
"1174" 133.074472300717 149.902187486059 0 1174 0
"1175" 135.14499385702 148.705404665006 0 1175 0
"1176" 135.538156918883 149.38577778219 0 1176 0
"1177" 137.199986633649 150.21732786748 0 1177 0
"1178" 138.320187261102 151.263217822031 0 1178 0
"1179" 131.763218797663 149.198327648597 0 1179 0
"1180" 133.320351895665 150.54130980042 0 1180 0
"1181" 132.308949152608 150.70567349747 0 1181 0
"1182" 135.70934487636 151.189623356089 0 1182 0
"1183" 135.484105830163 149.263127476495 0 1183 0
"1184" 135.657133393776 150.771173858084 0 1184 0
"1185" 131.681901329952 149.837527642681 0 1185 0
"1186" 137.148774767413 150.269292853953 0 1186 0
"1187" 131.012784217582 150.454547456668 0 1187 0
"1188" 130.394248550012 149.09852162715 0 1188 0
"1189" 131.598315494093 150.507196910451 0 1189 0
"1190" 137.289690153761 149.444513897867 0 1190 0
"1191" 129.416240051116 149.75300436255 0 1191 0
"1192" 133.938820169306 149.536343421711 0 1192 0
"1193" 131.663508666036 150.276674063558 0 1193 0
"1194" 132.173464929148 150.453591968161 0 1194 0
"1195" 132.809420231383 150.504147718725 0 1195 0
"1196" 135.151777138766 149.651638723192 0 1196 0
"1197" 133.284095110079 149.610247067762 0 1197 0
"1198" 131.38053480912 149.322014648335 0 1198 0
"1199" 134.026449424871 149.764671465935 0 1199 0
"1200" 133.3684191502 150.245220816564 0 1200 0
"1201" 131.135132436762 149.422888916957 0 1201 0
"1202" 141.882154036795 150.160604181797 0 1202 0
"1203" 139.305794271172 150.831038931023 0 1203 0
"1204" 129.345980803078 149.508341415563 0 1204 0
"1205" 132.940828523846 149.45007321217 0 1205 0
"1206" 133.696071959092 149.174792721798 0 1206 0
"1207" 134.028826597568 150.280233516187 0 1207 0
"1208" 134.054267659953 150.043669474076 0 1208 0
"1209" 139.466182735888 150.914893298839 0 1209 0
"1210" 133.254023976671 149.604249344481 0 1210 0
"1211" 132.920544080025 150.018463385451 0 1211 0
"1212" 135.362332677585 148.859982293579 0 1212 0
"1213" 137.848507055963 148.837667825365 0 1213 0
"1214" 137.998023463768 149.857081699421 0 1214 0
"1215" 137.066865017687 149.503895134311 0 1215 0
"1216" 132.174672597501 150.058035935525 0 1216 0
"1217" 134.127797753696 149.808745854676 0 1217 0
"1218" 133.038435907248 149.921177052779 0 1218 0
"1219" 137.206248680696 150.075491909731 0 1219 0
"1220" 126.709453620158 150.179493809326 0 1220 0
"1221" 139.651418006998 149.808626491819 0 1221 0
"1222" 132.04618605291 149.95465294679 0 1222 0
"1223" 136.515147470173 149.101593573802 0 1223 0
"1224" 128.26810232088 150.201883640431 0 1224 0
"1225" 134.225252717732 150.269439892443 0 1225 0
"1226" 129.482090577537 150.321849854867 0 1226 0
"1227" 130.443510010239 149.008737247317 0 1227 0
"1228" 131.130900891653 150.641000572574 0 1228 0
"1229" 132.694607142218 149.436898394186 0 1229 0
"1230" 132.128063385084 149.692100805783 0 1230 0
"1231" 130.833954761288 149.450525584597 0 1231 0
"1232" 135.744179702041 150.653746471352 0 1232 0
"1233" 134.760155096504 150.016979576874 0 1233 0
"1234" 135.40599546863 149.84718020163 0 1234 0
"1235" 132.848088875877 148.888311143241 0 1235 0
"1236" 131.423368148208 149.753295070502 0 1236 0
"1237" 134.257954983835 150.844053464871 0 1237 0
"1238" 134.389178592419 150.469789146543 0 1238 0
"1239" 132.812153654511 149.981306015175 0 1239 0
"1240" 128.743918444075 150.05360055993 0 1240 0
"1241" 133.9423505322 150.028131147856 0 1241 0
"1242" 138.638046714048 150.619265595971 0 1242 0
"1243" 131.273692175499 149.254784012681 0 1243 0
"1244" 133.583097093962 149.518469076468 0 1244 0
"1245" 135.530690230328 149.919141994167 0 1245 0
"1246" 134.465494588844 150.307644253667 0 1246 0
"1247" 133.082505018342 149.640074678394 0 1247 0
"1248" 136.08414151162 151.100937422272 0 1248 0
"1249" 132.111095859936 150.499541987801 0 1249 0
"1250" 132.571077258417 149.793690502613 0 1250 0
"1251" 135.09223768107 149.438906844073 0 1251 0
"1252" 135.977592456909 149.543573935673 0 1252 0
"1253" 134.855685904167 150.510419711049 0 1253 0
"1254" 128.14191549821 149.782068068311 0 1254 0
"1255" 129.421359431316 149.279894038586 0 1255 0
"1256" 132.984927934511 150.271920685514 0 1256 0
"1257" 135.876264281334 149.101109069551 0 1257 0
"1258" 136.057628396342 149.382709471077 0 1258 0
"1259" 134.383791786832 149.090481731136 0 1259 0
"1260" 134.213875978131 150.52507414075 0 1260 0
"1261" 135.633511284376 149.746923325591 0 1261 0
"1262" 135.415376496929 149.174092042042 0 1262 0
"1263" 132.464780272001 149.74866212848 0 1263 0
"1264" 138.231724531291 149.32690670399 0 1264 0
"1265" 131.375552469701 149.092948291025 0 1265 0
"1266" 137.508446795243 150.388541407552 0 1266 0
"1267" 136.376504584095 150.001381112468 0 1267 0
"1268" 133.298817734785 149.82952750237 0 1268 0
"1269" 138.283974562371 149.174447954725 0 1269 0
"1270" 137.634584216844 149.478058933844 0 1270 0
"1271" 130.600923816181 149.075297382278 0 1271 0
"1272" 136.234814707739 150.171767736218 0 1272 0
"1273" 133.984269888048 150.179057451835 0 1273 0
"1274" 131.529562674098 149.416850471129 0 1274 0
"1275" 135.277801044108 149.118188133391 0 1275 0
"1276" 134.224646780095 150.142877849544 0 1276 0
"1277" 134.986902700887 150.113023725732 0 1277 0
"1278" 136.21150555541 151.56046536339 0 1278 0
"1279" 138.707379831852 150.440804945675 0 1279 0
"1280" 137.022246575607 150.069000168306 0 1280 0
"1281" 137.155421397611 150.608856288887 0 1281 0
"1282" 136.608344056669 148.733648325909 0 1282 0
"1283" 140.827901678865 150.06215273688 0 1283 0
"1284" 134.365250866754 149.937456743322 0 1284 0
"1285" 135.098776481609 149.775256651773 0 1285 0
"1286" 133.716726356044 150.31374596751 0 1286 0
"1287" 134.389378704897 149.828370726573 0 1287 0
"1288" 132.079841396822 151.342541335203 0 1288 0
"1289" 131.139459813407 151.173757391618 0 1289 0
"1290" 135.169109520043 150.503625720804 0 1290 0
"1291" 132.551204161489 148.854106827257 0 1291 0
"1292" 132.211308966249 148.705902041712 0 1292 0
"1293" 131.902920104132 150.466347677687 0 1293 0
"1294" 134.393350377271 148.738246092139 0 1294 0
"1295" 132.849763993399 150.455942892975 0 1295 0
"1296" 134.325927543869 150.717392779914 0 1296 0
"1297" 131.046867949826 133.234005686062 0 1297 0
"1298" 131.306902435293 130.782781729634 0 1298 0
"1299" 131.18321782213 131.184936045436 0 1299 0
"1300" 130.881099486671 131.378732246101 0 1300 0
"1301" 130.869694937186 132.369959282581 0 1301 0
"1302" 131.15338559223 132.141998745387 0 1302 0
"1303" 130.914011261925 129.986235838634 0 1303 0
"1304" 130.829358952156 131.169840881117 0 1304 0
"1305" 130.834127661307 131.225747958437 0 1305 0
"1306" 130.996159695674 130.977661968434 0 1306 0
"1307" 130.999164553982 132.339921730451 0 1307 0
"1308" 130.877244464894 130.891188685702 0 1308 0
"1309" 131.400007057639 130.819694018452 0 1309 0
"1310" 131.071245618742 132.415440897752 0 1310 0
"1311" 130.992488072746 131.909026638874 0 1311 0
"1312" 131.044075607403 132.470890231877 0 1312 0
"1313" 131.07606273902 132.254159738748 0 1313 0
"1314" 131.048600285063 131.963012342144 0 1314 0
"1315" 131.539797603644 131.056447309611 0 1315 0
"1316" 130.864496753918 132.186345526178 0 1316 0
"1317" 130.81522870293 130.650511699556 0 1317 0
"1318" 131.075769165831 131.637924912412 0 1318 0
"1319" 131.14075179478 132.810157283799 0 1319 0
"1320" 131.103460430757 129.562041845284 0 1320 0
"1321" 130.899226774195 132.20366724276 0 1321 0
"1322" 130.888376303234 131.785162223146 0 1322 0
"1323" 130.917569804928 131.989824975531 0 1323 0
"1324" 130.784064287641 132.413151906903 0 1324 0
"1325" 130.998170969445 132.928159524397 0 1325 0
"1326" 131.045735994101 133.17079522779 0 1326 0
"1327" 131.010275240025 130.887569219102 0 1327 0
"1328" 130.964653434233 131.407954593967 0 1328 0
"1329" 130.874228278112 133.450464399844 0 1329 0
"1330" 130.975406461181 133.344755867895 0 1330 0
"1331" 131.172202633499 132.658632955806 0 1331 0
"1332" 131.438726661 132.10845023312 0 1332 0
"1333" 130.874210701254 129.930793218334 0 1333 0
"1334" 130.867553404791 132.294924681827 0 1334 0
"1335" 131.006989798336 130.224211303083 0 1335 0
"1336" 130.998803843737 132.161421760096 0 1336 0
"1337" 130.966544491482 131.682881190426 0 1337 0
"1338" 130.963261264504 130.710664932218 0 1338 0
"1339" 130.99879782887 131.835582810124 0 1339 0
"1340" 130.943574439453 131.260966841695 0 1340 0
"1341" 130.938385056954 131.889661267265 0 1341 0
"1342" 130.998748221646 131.480695009066 0 1342 0
"1343" 130.904731661551 132.456333096532 0 1343 0
"1344" 130.903810967352 131.493967257452 0 1344 0
"1345" 131.304314571159 131.852222324204 0 1345 0
"1346" 131.166118138131 132.219677348818 0 1346 0
"1347" 131.023347719793 132.473455180538 0 1347 0
"1348" 131.024768277343 130.591755351686 0 1348 0
"1349" 130.892711512979 130.388685213063 0 1349 0
"1350" 130.736147019347 132.749584433311 0 1350 0
"1351" 131.363524152618 130.970143212384 0 1351 0
"1352" 131.087106195004 130.329384122451 0 1352 0
"1353" 130.849705543451 132.856167129101 0 1353 0
"1354" 130.962525134272 131.403072079106 0 1354 0
"1355" 131.103371560348 131.325243039845 0 1355 0
"1356" 130.824143468911 132.9127009787 0 1356 0
"1357" 131.239391053033 131.339960614124 0 1357 0
"1358" 131.047332279164 131.819304061433 0 1358 0
"1359" 131.419835765181 131.363415143461 0 1359 0
"1360" 130.910143487589 130.270226928391 0 1360 0
"1361" 131.639606506238 130.958948217106 0 1361 0
"1362" 131.043162913457 131.419486484533 0 1362 0
"1363" 130.808484664682 132.974304663666 0 1363 0
"1364" 130.77515974725 131.384367074249 0 1364 0
"1365" 130.990796613383 132.255950709292 0 1365 0
"1366" 131.005197911321 133.038738867227 0 1366 0
"1367" 130.826103581411 129.520861056091 0 1367 0
"1368" 130.367985892602 131.882300362421 0 1368 0
"1369" 130.571033585248 131.868552873663 0 1369 0
"1370" 131.008556788693 131.076767202595 0 1370 0
"1371" 131.005440058229 132.672393323876 0 1371 0
"1372" 130.983877359985 131.680926457 0 1372 0
"1373" 131.085655836018 130.455460225403 0 1373 0
"1374" 131.001417166374 130.801074372529 0 1374 0
"1375" 130.826529665647 130.162302739813 0 1375 0
"1376" 130.760876458504 130.434291545016 0 1376 0
"1377" 131.181751091798 132.168948748318 0 1377 0
"1378" 131.079865967257 132.351729326025 0 1378 0
"1379" 131.095442067262 132.274378408903 0 1379 0
"1380" 130.967442978994 132.204407257485 0 1380 0
"1381" 130.798980048693 130.855536149205 0 1381 0
"1382" 131.220479773218 130.771029495845 0 1382 0
"1383" 131.078434669723 131.95313511009 0 1383 0
"1384" 130.835442870586 131.284979727624 0 1384 0
"1385" 131.070766655781 132.23155183165 0 1385 0
"1386" 131.066946093269 129.719933206493 0 1386 0
"1387" 130.965365229384 133.087546802602 0 1387 0
"1388" 131.126698622078 133.126189712253 0 1388 0
"1389" 130.995793194681 131.63492256708 0 1389 0
"1390" 131.023916596675 129.025309816487 0 1390 0
"1391" 130.998772792762 131.852564173618 0 1391 0
"1392" 130.931115425853 129.903480520471 0 1392 0
"1393" 131.131527674261 132.697068786101 0 1393 0
"1394" 131.30221174953 131.8053044182 0 1394 0
"1395" 131.367462706607 130.441481936109 0 1395 0
"1396" 130.979698370356 131.169554966738 0 1396 0
"1397" 130.9230919942 129.666728675788 0 1397 0
"1398" 131.153452405003 126.487937956317 0 1398 0
"1399" 153.804835102934 150.497395267575 0 1399 0
"1400" 173.385167000361 8.89660002300528 0 1400 0
"1401" 174.626657378819 156.834148913973 0 1401 0
"1402" 187.262977946835 49.9015542728577 0 1402 0
"1403" 178.105700511724 74.4242656035534 0 1403 0
"1404" 137.37204738114 47.4418562815102 0 1404 0
"1405" 199.534614285219 3.8587618535257 0 1405 0
"1406" 155.200863644509 10.4268530388313 0 1406 0
"1407" 159.358846265017 152.499702781716 0 1407 0
"1408" 169.268590571304 35.705741019075 0 1408 0
"1409" 178.070271613479 44.4703179192507 0 1409 0
"1410" 120.781295497167 52.0130546024234 0 1410 0
"1411" 118.610328087401 156.531633993177 0 1411 0
"1412" 169.830873727037 26.9319620840282 0 1412 0
"1413" 141.124413308568 145.108675003039 0 1413 0
"1414" 160.352305732762 127.493101160621 0 1414 0
"1415" 179.059556573377 19.3621115724307 0 1415 0
"1416" 133.282231763526 140.646208364811 0 1416 0
"1417" 189.399407294131 47.5985210329491 0 1417 0
"1418" 116.358121910694 81.6687795700514 0 1418 0
"1419" 204.022454270314 35.7179544934349 0 1419 0
"1420" 124.130329820185 56.6499447866552 0 1420 0
"1421" 154.447164663349 52.3351126976158 0 1421 0
"1422" 123.643802052935 12.6667880589402 0 1422 0
"1423" 143.288353644802 84.4593563589572 0 1423 0
"1424" 140.531091929809 107.688259350048 0 1424 0
"1425" 181.90185846759 14.9276604470238 0 1425 0
"1426" 151.945846136482 113.183813837981 0 1426 0
"1427" 129.471712733984 102.403927926847 0 1427 0
"1428" 181.695609648253 78.6753257335909 0 1428 0
"1429" 171.161220970321 117.227188403004 0 1429 0
"1430" 210.3471424868 14.0177535977091 0 1430 0
"1431" 151.741380657404 84.9608254177003 0 1431 0
"1432" 143.145299051743 157.163137397374 0 1432 0
"1433" 127.004833792567 155.484912690933 0 1433 0
"1434" 201.87045554164 41.7403384768246 0 1434 0
"1435" 136.332494016487 27.7566055869313 0 1435 0
"1436" 134.572306865502 147.02625066751 0 1436 0
"1437" 143.119264708218 38.4179225240476 0 1437 0
"1438" 184.022286261001 4.25351671929629 0 1438 0
"1439" 197.89197534482 51.8513488837915 0 1439 0
"1440" 168.295723044709 10.8775807207304 0 1440 0
"1441" 163.722440512885 112.997701441054 0 1441 0
"1442" 200.197250483863 28.9166023700045 0 1442 0
"1443" 199.699691528985 89.4242044191881 0 1443 0
"1444" 128.981118113807 49.3647848524831 0 1444 0
"1445" 175.736777906441 24.3310948769063 0 1445 0
"1446" 188.840181306372 159.04722639838 0 1446 0
"1447" 147.7172168112 104.217956011428 0 1447 0
"1448" 199.750039081546 121.309295865857 0 1448 0
"1449" 173.102628504299 19.9350668069607 0 1449 0
"1450" 202.636614589041 101.094791884479 0 1450 0
"1451" 147.599735372158 157.95158304813 0 1451 0
"1452" 198.347387131831 103.000369049819 0 1452 0
"1453" 187.139369749232 146.01859241472 0 1453 0
"1454" 206.460993963613 115.036204516241 0 1454 0
"1455" 157.904836104374 104.75564070748 0 1455 0
"1456" 195.269296464358 86.8607980436835 0 1456 0
"1457" 147.500398943979 32.2672664018322 0 1457 0
"1458" 122.659731392134 104.060884414709 0 1458 0
"1459" 171.48615202721 82.6786918785027 0 1459 0
"1460" 160.605881231111 38.2541932967074 0 1460 0
"1461" 190.49843213388 103.656183333198 0 1461 0
"1462" 206.676089027637 46.5385476883353 0 1462 0
"1463" 186.950374965923 81.6939892600451 0 1463 0
"1464" 163.206247986171 105.545438845999 0 1464 0
"1465" 144.305949925114 161.075593445883 0 1465 0
"1466" 147.39037526768 48.4011498841341 0 1466 0
"1467" 112.199505203865 152.912055521288 0 1467 0
"1468" 154.416128549387 160.667669599884 0 1468 0
"1469" 145.010744671296 106.225896179461 0 1469 0
"1470" 194.508404002275 90.5319150404487 0 1470 0
"1471" 195.713950083108 150.014934430418 0 1471 0
"1472" 111.273789860287 74.0700033569779 0 1472 0
"1473" 137.958181026753 97.0205827031851 0 1473 0
"1474" 124.919416677156 167.458085907008 0 1474 0
"1475" 187.235992578121 67.1297315688961 0 1475 0
"1476" 177.590172919276 79.2931933164826 0 1476 0
"1477" 175.995488115728 142.661743301687 0 1477 0
"1478" 205.236065755806 76.6565697796766 0 1478 0
"1479" 148.859018339364 91.8770904606304 0 1479 0
"1480" 166.534677760014 49.2596112505981 0 1480 0
"1481" 153.362275204356 38.87203408536 0 1481 0
"1482" 196.589355281023 151.603362127517 0 1482 0
"1483" 209.853978657033 132.002769967357 0 1483 0
"1484" 162.342320726422 118.242072324284 0 1484 0
"1485" 203.304987114645 146.870595515236 0 1485 0
"1486" 181.924054107819 144.436866228663 0 1486 0
"1487" 210.452574524303 119.130906009314 0 1487 0
"1488" 148.562819534787 135.938165379492 0 1488 0
"1489" 119.752297506252 106.650470198671 0 1489 0
"1490" 209.82217584072 154.585556675189 0 1490 0
"1491" 169.897292849741 47.1314727081482 0 1491 0
"1492" 151.34889436496 93.7744155439583 0 1492 0
"1493" 189.856652783972 9.4382823418761 0 1493 0
"1494" 151.302674040152 141.435600395861 0 1494 0
"1495" 153.333083222657 119.178693457202 0 1495 0
"1496" 117.249176657558 105.014719060009 0 1496 0
"1497" 150.952017884002 32.5919525070679 0 1497 0
"1498" 164.326538809707 54.9053413523989 0 1498 0
"1499" 160.887435490035 156.40945140827 0 1499 0
"1500" 146.918779666656 115.707534333883 0 1500 0
"1501" 145.864060887312 100.733491101933 0 1501 0
"1502" 179.46200512932 129.937602935138 0 1502 0
"1503" 182.14291021063 38.0468658425238 0 1503 0
"1504" 161.804832596332 26.8690404343814 0 1504 0
"1505" 180.981249211952 51.504291802289 0 1505 0
"1506" 202.957086808574 54.8864796836505 0 1506 0
"1507" 180.298274368309 65.3345572312884 0 1507 0
"1508" 111.961867570334 111.536154951111 0 1508 0
"1509" 133.048155224973 63.8138708849794 0 1509 0
"1510" 132.362206370698 4.79923984242679 0 1510 0
"1511" 177.149554123507 153.626562119574 0 1511 0
"1512" 147.482572540692 65.5331937604211 0 1512 0
"1513" 195.58860216345 110.714928645675 0 1513 0
"1514" 168.205914343515 141.946398975688 0 1514 0
"1515" 122.619136471478 166.12213205431 0 1515 0
"1516" 154.535866848102 52.9871620409022 0 1516 0
"1517" 131.186856857684 128.613305819108 0 1517 0
"1518" 136.956727792961 29.9877710855544 0 1518 0
"1519" 210.7282852417 18.3984021626955 0 1519 0
"1520" 190.705842421178 42.3653077757268 0 1520 0
"1521" 150.296461972172 107.111992386389 0 1521 0
"1522" 191.646693629387 66.3229258453152 0 1522 0
"1523" 185.10475138681 25.3794529188415 0 1523 0
"1524" 208.352165887607 137.748743919358 0 1524 0
"1525" 161.578628239818 82.6296150840587 0 1525 0
"1526" 179.261693901815 163.647821106237 0 1526 0
"1527" 186.187528955242 25.6110626716858 0 1527 0
"1528" 179.208843285443 22.2468261150889 0 1528 0
"1529" 144.753740531762 159.815046542806 0 1529 0
"1530" 168.95737171515 150.736012801263 0 1530 0
"1531" 117.939502142084 102.233434668575 0 1531 0
"1532" 191.948896820517 24.2977504170695 0 1532 0
"1533" 202.371831437065 68.782979423399 0 1533 0
"1534" 118.819296323333 124.000262857224 0 1534 0
"1535" 151.270660966479 21.6967766154743 0 1535 0
"1536" 142.614409229624 123.725466460349 0 1536 0
"1537" 170.518054784003 44.2983232904434 0 1537 0
"1538" 158.328967543288 64.75927680045 0 1538 0
"1539" 128.221722344824 157.736801009456 0 1539 0
"1540" 205.521498697518 109.078642826028 0 1540 0
"1541" 126.114209039618 149.0593102406 0 1541 0
"1542" 151.778862624211 85.0625340584743 0 1542 0
"1543" 114.149669335762 2.70778513749061 0 1543 0
"1544" 182.615923009302 39.4816211222146 0 1544 0
"1545" 121.459726422461 56.5160329264718 0 1545 0
"1546" 127.31826422148 62.8642146653647 0 1546 0
"1547" 158.325775742928 132.94964292567 0 1547 0
"1548" 207.688050239191 23.8346455441259 0 1548 0
"1549" 194.872362482462 89.0626376746936 0 1549 0
"1550" 138.875775967797 139.287986014102 0 1550 0
"1551" 144.651810836768 120.00883370119 0 1551 0
"1552" 144.928852535171 62.0663669937495 0 1552 0
"1553" 112.638743675824 135.762609757468 0 1553 0
"1554" 188.930340807323 1.26437640585149 0 1554 0
"1555" 122.551330118363 29.8809236980307 0 1555 0
"1556" 187.755160761 43.8088905534238 0 1556 0
"1557" 183.844675782731 141.000342931012 0 1557 0
"1558" 146.846310916839 96.336559211818 0 1558 0
"1559" 131.455994900338 1.24646236002831 0 1559 0
"1560" 137.674999845881 14.5715433401179 0 1560 0
"1561" 155.599580989841 11.4495821580105 0 1561 0
"1562" 201.502598887215 105.722840047451 0 1562 0
"1563" 196.781502904966 3.99168687023096 0 1563 0
"1564" 203.730260715483 53.2835052387799 0 1564 0
"1565" 136.030502658721 43.0659224929791 0 1565 0
"1566" 203.121657460037 62.293344876951 0 1566 0
"1567" 119.382128600278 145.151325296299 0 1567 0
"1568" 192.824391108962 87.9423068891211 0 1568 0
"1569" 198.045117864452 45.3365204132355 0 1569 0
"1570" 206.949663611837 81.0359866639705 0 1570 0
"1571" 168.129114064949 142.754893124659 0 1571 0
"1572" 205.689561470646 90.7734239055368 0 1572 0
"1573" 136.464803930018 148.871674261102 0 1573 0
"1574" 202.104848671412 160.912125908945 0 1574 0
"1575" 115.230625299506 102.578612308945 0 1575 0
"1576" 139.422083365108 8.88407798774037 0 1576 0
"1577" 161.642114907385 87.4032717634155 0 1577 0
"1578" 155.153717881388 151.69078396347 0 1578 0
"1579" 199.483391564208 114.50649196065 0 1579 0
"1580" 139.716362551506 97.4034309468825 0 1580 0
"1581" 133.910599813415 165.397788747174 0 1581 0
"1582" 191.736496698687 109.363283620534 0 1582 0
"1583" 173.890354575264 64.9454803366228 0 1583 0
"1584" 188.411140594498 12.8615167842033 0 1584 0
"1585" 117.134734146572 108.95427705428 0 1585 0
"1586" 207.30959440741 62.2429172256985 0 1586 0
"1587" 133.721674907305 36.2199939976467 0 1587 0
"1588" 159.052679356459 137.694446713983 0 1588 0
"1589" 134.865869364472 123.744841568852 0 1589 0
"1590" 186.975749450839 91.2317223191285 0 1590 0
"1591" 205.574807281862 140.884458856255 0 1591 0
"1592" 194.862382257163 129.391188209979 0 1592 0
"1593" 196.674061903814 61.6903932975131 0 1593 0
"1594" 195.281876121425 12.9994026183775 0 1594 0
"1595" 120.488700432359 106.952883767345 0 1595 0
"1596" 151.431234688565 27.3522808674007 0 1596 0
"1597" 186.179503692309 66.9889396859071 0 1597 0
"1598" 136.123109646196 24.0226584292548 0 1598 0
"1599" 184.471441593662 87.9694472399595 0 1599 0
"1600" 178.122441326965 86.536480805807 0 1600 0
"1601" 185.864578123122 15.7342787662595 0 1601 0
"1602" 114.143559982765 163.250012823336 0 1602 0
"1603" 206.326776993576 141.772876492765 0 1603 0
"1604" 152.580388248203 82.9857352198786 0 1604 0
"1605" 119.781934477073 5.11961153150544 0 1605 0
"1606" 172.920878931899 41.0537065468586 0 1606 0
"1607" 180.299127727656 102.458025651053 0 1607 0
"1608" 194.686726949848 13.7003268673405 0 1608 0
"1609" 132.584728025049 113.058904298507 0 1609 0
"1610" 183.222642778759 54.5416997629872 0 1610 0
"1611" 173.835731720184 159.445295828032 0 1611 0
"1612" 150.158688797401 31.3829503031907 0 1612 0
"1613" 185.177954577268 157.522113837921 0 1613 0
"1614" 139.775850551457 26.944682746153 0 1614 0
"1615" 194.394055796536 58.6973477819581 0 1615 0
"1616" 184.067689150062 40.0917699449504 0 1616 0
"1617" 201.467356953931 21.8786014293161 0 1617 0
"1618" 134.259229693057 63.814754434724 0 1618 0
"1619" 200.567715887016 139.101542960731 0 1619 0
"1620" 200.648592451352 59.9087202275312 0 1620 0
"1621" 136.117542368749 67.9291606054412 0 1621 0
"1622" 133.354371499511 53.5294248239571 0 1622 0
"1623" 169.290726346589 101.931789745075 0 1623 0
"1624" 181.21006380049 39.063102717553 0 1624 0
"1625" 158.595588593044 94.2197429828662 0 1625 0
"1626" 141.005091167387 144.642480948481 0 1626 0
"1627" 206.803740113649 95.850310057566 0 1627 0
"1628" 145.876674127152 26.1612867610095 0 1628 0
"1629" 159.920883958261 165.958872658129 0 1629 0
"1630" 149.206874401464 57.8380902771008 0 1630 0
"1631" 203.625325744736 70.4161941184184 0 1631 0
"1632" 132.892998017091 95.2640493863494 0 1632 0
"1633" 178.948785129941 37.5211206594447 0 1633 0
"1634" 170.163900990177 164.700738013221 0 1634 0
"1635" 140.540742886334 115.655271549073 0 1635 0
"1636" 181.523895901616 116.809285489199 0 1636 0
"1637" 135.124659347329 62.6109732630935 0 1637 0
"1638" 183.729260344747 127.81748425796 0 1638 0
"1639" 173.908416706903 103.663624675898 0 1639 0
"1640" 138.573778885431 1.78218055308631 0 1640 0
"1641" 155.140612441861 18.2314773922608 0 1641 0
"1642" 132.992906511234 63.1288210965878 0 1642 0
"1643" 119.178584897626 72.7364508505921 0 1643 0
"1644" 180.806798851743 145.288910336015 0 1644 0
"1645" 198.674813534751 78.7112065594065 0 1645 0
"1646" 207.018558612298 110.109812091713 0 1646 0
"1647" 132.130460879849 5.98586629367275 0 1647 0
"1648" 180.219589653517 142.779539125992 0 1648 0
"1649" 156.13557370154 85.2199309916226 0 1649 0
"1650" 163.659438906638 32.7112075689372 0 1650 0
"1651" 166.730187276774 54.91321148059 0 1651 0
"1652" 168.83189938395 91.4412607640301 0 1652 0
"1653" 129.493524432035 108.357778770264 0 1653 0
"1654" 164.036321748226 37.1627228967989 0 1654 0
"1655" 123.000288334749 37.8998731901083 0 1655 0
"1656" 153.742566708972 145.312179579441 0 1656 0
"1657" 140.816926636439 59.4846774720692 0 1657 0
"1658" 123.081190972666 128.131164377049 0 1658 0
"1659" 187.520702713805 71.1088324236642 0 1659 0
"1660" 130.820184453736 18.8687785261621 0 1660 0
"1661" 185.970554623356 66.3751409441456 0 1661 0
"1662" 192.49145075776 127.870140723925 0 1662 0
"1663" 190.038841111012 2.29893471563588 0 1663 0
"1664" 130.826225714127 167.405216795749 0 1664 0
"1665" 199.482395738812 152.823930821959 0 1665 0
"1666" 149.913862434134 48.7192292678037 0 1666 0
"1667" 116.105733884359 63.4783789737458 0 1667 0
"1668" 163.915249617794 156.655431921217 0 1668 0
"1669" 174.896422578016 35.9301484804313 0 1669 0
"1670" 159.084731760682 10.8496608905256 0 1670 0
"1671" 172.098439236349 163.071953726232 0 1671 0
"1672" 172.676935617096 20.3407403251916 0 1672 0
"1673" 203.307444868366 58.2880283832535 0 1673 0
"1674" 195.829696922105 53.6769979017246 0 1674 0
"1675" 163.654099801999 85.5415443412771 0 1675 0
"1676" 134.892010644445 97.640446340398 0 1676 0
"1677" 140.060843046645 36.4516613775213 0 1677 0
"1678" 113.093260408933 150.562965430682 0 1678 0
"1679" 150.296426813396 117.767007629112 0 1679 0
"1680" 148.888076059501 51.5748552466105 0 1680 0
"1681" 173.648897753064 69.8393049847598 0 1681 0
"1682" 161.057013543829 12.3825237817432 0 1682 0
"1683" 165.824486987668 156.917022602573 0 1683 0
"1684" 111.923426791028 95.4070865100838 0 1684 0
"1685" 131.998808391393 5.54588182021577 0 1685 0
"1686" 122.415900854263 74.3129006296417 0 1686 0
"1687" 117.560951425643 137.26982337784 0 1687 0
"1688" 179.846906906651 36.5472892404615 0 1688 0
"1689" 141.760520205995 125.042116345192 0 1689 0
"1690" 115.936196366293 59.7353406860491 0 1690 0
"1691" 113.143282261904 68.7831510618585 0 1691 0
"1692" 178.403697188236 17.0631277963692 0 1692 0
"1693" 188.190206346134 141.894443237327 0 1693 0
"1694" 117.239744348292 19.8328187865026 0 1694 0
"1695" 162.603083563916 106.065050555907 0 1695 0
"1696" 146.921413909552 155.911698477505 0 1696 0
"1697" 116.261626112293 80.0999742651004 0 1697 0
"1698" 132.995969728279 46.7633951188652 0 1698 0
"1699" 155.636372111036 89.7032257239282 0 1699 0
"1700" 152.684820242183 12.5067112747207 0 1700 0
"1701" 163.762961685865 23.373965899317 0 1701 0
"1702" 138.510608113788 1.9029356263622 0 1702 0
"1703" 139.109344453925 8.47542238718695 0 1703 0
"1704" 141.763946668588 22.3719236025601 0 1704 0
"1705" 201.638184894097 161.967198198893 0 1705 0
"1706" 171.47866443629 137.03432519841 0 1706 0
"1707" 155.707744403021 46.0076600694444 0 1707 0
"1708" 120.988277691024 146.652789144772 0 1708 0
"1709" 114.805725582236 161.954181479842 0 1709 0
"1710" 125.527344476196 65.29290655731 0 1710 0
"1711" 132.011484509122 72.7417251218269 0 1711 0
"1712" 117.576951473055 23.426021009357 0 1712 0
"1713" 169.380442805246 18.0958449147684 0 1713 0
"1714" 149.803551577616 53.6366457387078 0 1714 0
"1715" 170.227016856652 115.737559336977 0 1715 0
"1716" 129.907130812095 78.7627671021567 0 1716 0
"1717" 209.828267301447 1.5599952661304 0 1717 0
"1718" 141.780860820998 59.0084368981193 0 1718 0
"1719" 154.206325472144 31.03726380527 0 1719 0
"1720" 203.408712039451 156.895399729231 0 1720 0
"1721" 203.070202626211 34.9292837322375 0 1721 0
"1722" 178.164792819004 33.526245997247 0 1722 0
"1723" 187.732820406601 118.764260979852 0 1723 0
"1724" 178.117666779098 79.4300434950646 0 1724 0
"1725" 120.259042983436 43.0066663729147 0 1725 0
"1726" 121.734450144716 34.022924712014 0 1726 0
"1727" 134.360657871404 100.248080063715 0 1727 0
"1728" 143.468734898829 153.172184169159 0 1728 0
"1729" 165.556777383273 36.1004868369358 0 1729 0
"1730" 192.371281746657 139.136398460327 0 1730 0
"1731" 116.911862155993 120.45701822147 0 1731 0
"1732" 124.488164879229 157.190747851197 0 1732 0
"1733" 176.863120976037 1.47573693668088 0 1733 0
"1734" 182.147433710468 70.5018460201302 0 1734 0
"1735" 181.864098313053 1.21047140600649 0 1735 0
"1736" 129.299336764732 84.8812068020042 0 1736 0
"1737" 146.498120301719 93.6462193609758 0 1737 0
"1738" 136.18427437443 25.1253694008159 0 1738 0
"1739" 137.399853152195 131.61759808064 0 1739 0
"1740" 167.271478511031 86.8118401923621 0 1740 0
"1741" 117.077153017715 129.309905439037 0 1741 0
"1742" 199.702167638507 71.6042443534021 0 1742 0
"1743" 165.666306472703 117.924078022032 0 1743 0
"1744" 119.316790986553 17.4304891251574 0 1744 0
"1745" 199.096332539872 100.816601356482 0 1745 0
"1746" 160.623825880986 90.2900969931399 0 1746 0
"1747" 136.42312066331 66.4442132696414 0 1747 0
"1748" 192.030085688416 129.080760639699 0 1748 0
"1749" 116.454026499329 102.087156102049 0 1749 0
"1750" 202.405270561815 108.381050071799 0 1750 0
"1751" 177.912894883292 31.2909600882913 0 1751 0
"1752" 122.575180515535 46.549164575531 0 1752 0
"1753" 146.818472652308 148.829237273285 0 1753 0
"1754" 137.295673712718 125.962736036145 0 1754 0
"1755" 166.534703810419 99.2371088779979 0 1755 0
"1756" 148.180927900277 133.802442941224 0 1756 0
"1757" 170.570898586479 87.8930144593003 0 1757 0
"1758" 136.60903635366 62.756107754439 0 1758 0
"1759" 111.197896038468 156.434072401646 0 1759 0
"1760" 142.382631407534 117.390387570396 0 1760 0
"1761" 182.31468915281 63.4654200758858 0 1761 0
"1762" 174.593589101513 124.519449859026 0 1762 0
"1763" 122.951705303116 149.447215761027 0 1763 0
"1764" 172.434963580928 32.9492760537164 0 1764 0
"1765" 183.19784460111 25.6363724323379 0 1765 0
"1766" 134.475913646364 166.477118133665 0 1766 0
"1767" 201.43606965288 166.17777588378 0 1767 0
"1768" 140.872399722037 149.66706427967 0 1768 0
"1769" 198.179131460554 92.3638185327833 0 1769 0
"1770" 192.260449325806 74.3814425068664 0 1770 0
"1771" 173.402930409875 133.279266898526 0 1771 0
"1772" 144.865677846697 46.0754119826005 0 1772 0
"1773" 209.120216695013 87.3571139489193 0 1773 0
"1774" 200.783085917234 132.169748636928 0 1774 0
"1775" 196.66564101774 63.2095704291768 0 1775 0
"1776" 143.969145237388 76.7710754267409 0 1776 0
"1777" 139.567133201319 139.143349041296 0 1777 0
"1778" 122.345722407833 153.902616137071 0 1778 0
"1779" 205.562518351021 125.808806937692 0 1779 0
"1780" 115.185030138062 77.4328267698683 0 1780 0
"1781" 191.088079154023 115.048332715022 0 1781 0
"1782" 130.61013867201 83.8022352156867 0 1782 0
"1783" 121.598791548982 77.0705470267863 0 1783 0
"1784" 128.977260683885 45.0500772984075 0 1784 0
"1785" 177.241889180912 90.2033789913671 0 1785 0
"1786" 201.512096183434 80.7434863036405 0 1786 0
"1787" 166.904159737207 132.823656723767 0 1787 0
"1788" 164.062742027108 107.62049120502 0 1788 0
"1789" 152.046773725243 57.2045550540982 0 1789 0
"1790" 133.432535484324 141.445223566274 0 1790 0
"1791" 124.623884707319 40.152279064602 0 1791 0
"1792" 168.539540024318 131.120158448313 0 1792 0
"1793" 204.354368017705 164.283343762805 0 1793 0
"1794" 125.526746336652 161.264093714339 0 1794 0
"1795" 149.688606367981 25.9416619548476 0 1795 0
"1796" 144.590171152176 3.84697188347349 0 1796 0
"1797" 185.882008694679 95.0415741779593 0 1797 0
"1798" 122.443076571709 103.498634177706 0 1798 0
"1799" 145.236493215253 39.9017555301558 0 1799 0
"1800" 192.817753632677 87.224459282204 0 1800 0
"1801" 200.095010408957 104.887949146027 0 1801 0
"1802" 168.388889629182 82.4785863260835 0 1802 0
"1803" 188.045224069469 90.6005915490172 0 1803 0
"1804" 139.60343423189 32.3483308191408 0 1804 0
"1805" 163.47011429832 129.281920331853 0 1805 0
"1806" 180.314853921346 10.3689551536993 0 1806 0
"1807" 198.863818538903 93.385765609669 0 1807 0
"1808" 154.455482761571 76.2384851310316 0 1808 0
"1809" 124.273307559915 93.9032175485716 0 1809 0
"1810" 121.07813281478 5.45469286956413 0 1810 0
"1811" 143.023169724498 159.895928060308 0 1811 0
"1812" 144.949258901952 109.662916335504 0 1812 0
"1813" 144.184490260145 73.9937242354555 0 1813 0
"1814" 175.804120312044 158.749860942029 0 1814 0
"1815" 202.448616442307 49.0592452115756 0 1815 0
"1816" 172.939129094618 127.647858938875 0 1816 0
"1817" 138.209110253593 37.5044180627219 0 1817 0
"1818" 137.921686935797 12.6581765069688 0 1818 0
"1819" 199.252056830766 70.2218034665556 0 1819 0
"1820" 125.865924948637 111.939786359995 0 1820 0
"1821" 148.437875164639 21.1549044069955 0 1821 0
"1822" 122.501514930392 8.81297644519839 0 1822 0
"1823" 191.740243391212 39.4776686224475 0 1823 0
"1824" 172.440372748178 1.64462289009365 0 1824 0
"1825" 178.061205122354 45.0496393873421 0 1825 0
"1826" 198.913960144936 75.5267255635754 0 1826 0
"1827" 191.330058166322 13.0100003612834 0 1827 0
"1828" 159.873838155456 43.1452996498649 0 1828 0
"1829" 175.132340629885 40.1414058070194 0 1829 0
"1830" 165.262672043926 75.5372937939861 0 1830 0
"1831" 116.105184925383 113.008203113021 0 1831 0
"1832" 205.72630056056 31.8369160883092 0 1832 0
"1833" 118.756502656794 4.96598672241277 0 1833 0
"1834" 190.618353156253 154.043625558217 0 1834 0
"1835" 133.444663987316 149.754564595562 0 1835 0
"1836" 160.11471408144 138.313376669042 0 1836 0
"1837" 148.766834022025 89.2897133374519 0 1837 0
"1838" 188.56375014695 50.7423808749016 0 1838 0
"1839" 155.857177057614 58.9784797349321 0 1839 0
"1840" 182.553546450536 66.6155097337734 0 1840 0
"1841" 186.279990324663 91.0726211558725 0 1841 0
"1842" 168.065407521768 66.8604601053052 0 1842 0
"1843" 147.453775185544 31.7205039728799 0 1843 0
"1844" 167.690854267764 68.9076666871853 0 1844 0
"1845" 201.324344843427 133.177754011027 0 1845 0
"1846" 129.245183512235 164.658937718658 0 1846 0
"1847" 168.0484966836 152.805776598789 0 1847 0
"1848" 194.349248891604 147.502529491207 0 1848 0
"1849" 134.477008829488 114.433011749818 0 1849 0
"1850" 159.554944650715 98.040331138002 0 1850 0
"1851" 148.850926420769 123.728999261367 0 1851 0
"1852" 207.090327570368 27.2545535787412 0 1852 0
"1853" 122.865519624553 114.852527676821 0 1853 0
"1854" 154.928035993092 150.900178425212 0 1854 0
"1855" 183.051488142412 75.6550903949357 0 1855 0
"1856" 125.337550404354 108.773668582399 0 1856 0
"1857" 138.721152793214 62.8647309010393 0 1857 0
"1858" 200.734313510283 37.2011384188075 0 1858 0
"1859" 118.355613532782 151.805281533431 0 1859 0
"1860" 126.874382844269 88.507625144173 0 1860 0
"1861" 125.582496126683 124.383109081646 0 1861 0
"1862" 140.462513080213 57.7865001053586 0 1862 0
"1863" 166.459021937846 112.891714265104 0 1863 0
"1864" 196.020194656173 93.2460690674107 0 1864 0
"1865" 196.833363119247 29.0053365800262 0 1865 0
"1866" 166.489086839872 87.8266737870714 0 1866 0
"1867" 159.647709632506 21.2086027805411 0 1867 0
"1868" 167.623235018668 58.1495962960905 0 1868 0
"1869" 130.877489527102 37.2354171432821 0 1869 0
"1870" 144.64039306484 38.3844014552256 0 1870 0
"1871" 128.382033268387 117.259725734926 0 1871 0
"1872" 129.083964555922 19.9480394125981 0 1872 0
"1873" 200.377521093199 28.6905873319626 0 1873 0
"1874" 180.850689496261 80.9175739896812 0 1874 0
"1875" 123.492547098359 85.794688391146 0 1875 0
"1876" 162.128258454339 161.95279610118 0 1876 0
"1877" 112.177177457491 143.07970675494 0 1877 0
"1878" 122.956081678425 113.8167591994 0 1878 0
"1879" 120.745408074714 10.9103240188041 0 1879 0
"1880" 124.120619902601 136.087375196951 0 1880 0
"1881" 143.098929725109 107.665507002444 0 1881 0
"1882" 165.139817847943 20.716727146722 0 1882 0
"1883" 148.747002177918 36.9725548228675 0 1883 0
"1884" 130.448530860098 130.463364777244 0 1884 0
"1885" 169.165418661364 50.1818942424871 0 1885 0
"1886" 159.702524273262 123.519999924324 0 1886 0
"1887" 186.578579926003 8.38920229227591 0 1887 0
"1888" 113.665426471772 100.841704646164 0 1888 0
"1889" 145.377004278303 124.393016154497 0 1889 0
"1890" 192.744559411532 88.7992585749532 0 1890 0
"1891" 118.008570132066 136.847412352711 0 1891 0
"1892" 190.47669893469 150.447675372559 0 1892 0
"1893" 121.942601732903 114.493678450662 0 1893 0
"1894" 172.961584798541 64.8483948670719 0 1894 0
"1895" 138.084337111551 7.8089456275731 0 1895 0
"1896" 126.437177764009 156.957716023233 0 1896 0
"1897" 165.651194340825 24.6807231957307 0 1897 0
"1898" 163.90116399702 138.900610941946 0 1898 0
"1899" 156.90726660585 102.369858818754 0 1899 0
"1900" 132.099848293554 164.786189074636 0 1900 0
"1901" 175.174484321275 82.4277816138712 0 1901 0
"1902" 169.447184521887 20.0096377763202 0 1902 0
"1903" 162.408401309745 45.0395445994878 0 1903 0
"1904" 157.103649019762 146.708445089899 0 1904 0
"1905" 176.968179755737 152.209891165038 0 1905 0
"1906" 167.027273139354 150.438344337017 0 1906 0
"1907" 134.601209256624 43.7495045395479 0 1907 0
"1908" 125.913901033649 20.140117566292 0 1908 0
"1909" 188.370799897054 117.114016526567 0 1909 0
"1910" 141.376866066915 167.750929971412 0 1910 0
"1911" 158.219365053829 82.4301254108181 0 1911 0
"1912" 176.186448638483 126.155782355014 0 1912 0
"1913" 179.863602342273 67.0261730383172 0 1913 0
"1914" 204.434406496018 70.8877848434027 0 1914 0
"1915" 149.135445975955 157.195056636681 0 1915 0
"1916" 185.860141859694 10.2839968344596 0 1916 0
"1917" 145.75238238454 113.731945569052 0 1917 0
"1918" 138.260407139458 82.2822300643682 0 1918 0
"1919" 174.34519091254 128.006095858422 0 1919 0
"1920" 182.836505275907 13.5610055997594 0 1920 0
"1921" 149.536106903983 82.0618327298093 0 1921 0
"1922" 201.135513686327 59.5130973060761 0 1922 0
"1923" 154.92939849416 36.7875951218755 0 1923 0
"1924" 112.95437800607 136.573462187807 0 1924 0
"1925" 200.175016648735 66.6203307163796 0 1925 0
"1926" 186.591358020407 158.826401171471 0 1926 0
"1927" 174.090194508301 133.787075668417 0 1927 0
"1928" 181.352123634273 143.421897070637 0 1928 0
"1929" 156.049033120976 114.173072292574 0 1929 0
"1930" 150.402028920178 4.58955701929152 0 1930 0
"1931" 124.280672871532 159.757926273093 0 1931 0
"1932" 154.517698220369 153.147272788362 0 1932 0
"1933" 159.247426829349 4.3345428480255 0 1933 0
"1934" 182.321732959787 119.111021227784 0 1934 0
"1935" 161.446266781714 140.923046172052 0 1935 0
"1936" 208.587891435328 25.2040721583515 0 1936 0
"1937" 169.028649331065 120.938258445119 0 1937 0
"1938" 118.856897927319 97.0332918321374 0 1938 0
"1939" 147.518033654295 153.850731500524 0 1939 0
"1940" 134.659029683017 165.467171148032 0 1940 0
"1941" 125.370787406702 155.219676556257 0 1941 0
"1942" 133.745740683848 151.945523124879 0 1942 0
"1943" 179.876736706092 36.6563647825492 0 1943 0
"1944" 149.114279651189 127.393678573267 0 1944 0
"1945" 149.885526129434 122.694304728118 0 1945 0
"1946" 127.378438315857 100.110881948346 0 1946 0
"1947" 129.011131865261 156.464147653647 0 1947 0
"1948" 172.319297071738 33.9207584334015 0 1948 0
"1949" 199.399007280412 103.797664604779 0 1949 0
"1950" 157.656428366676 161.085237352707 0 1950 0
"1951" 135.315074920645 127.125447347471 0 1951 0
"1952" 154.298493867216 160.296226032846 0 1952 0
"1953" 197.317437350902 52.4664868715246 0 1953 0
"1954" 193.82887847327 146.505148460091 0 1954 0
"1955" 120.357973150452 87.9424039696978 0 1955 0
"1956" 164.69079014836 62.7593960677326 0 1956 0
"1957" 189.300666757375 159.784011047405 0 1957 0
"1958" 139.280818068673 151.905322058072 0 1958 0
"1959" 161.700847932302 81.7456449029282 0 1959 0
"1960" 185.8418007755 131.908271229188 0 1960 0
"1961" 130.668011685919 38.9478648111148 0 1961 0
"1962" 114.773939939722 97.5016697336844 0 1962 0
"1963" 142.797242814067 153.850324965901 0 1963 0
"1964" 196.218622884396 44.6403755963919 0 1964 0
"1965" 170.970727987439 22.5072943508178 0 1965 0
"1966" 124.188264761747 139.651839782822 0 1966 0
"1967" 144.950535673084 146.899992756489 0 1967 0
"1968" 210.634680528354 25.5681788025578 0 1968 0
"1969" 134.776953816706 95.6588391622954 0 1969 0
"1970" 151.205736126517 144.811760194726 0 1970 0
"1971" 114.534236328309 20.4986337672413 0 1971 0
"1972" 137.725294370571 82.7269064420966 0 1972 0
"1973" 113.314530160555 162.819392470481 0 1973 0
"1974" 157.002427645474 125.432052364129 0 1974 0
"1975" 193.18150753375 123.283072408147 0 1975 0
"1976" 114.295378474347 60.3366401870651 0 1976 0
"1977" 174.290393074758 54.124531710315 0 1977 0
"1978" 206.666927883617 57.0235024579957 0 1978 0
"1979" 147.591248131716 45.1530400649033 0 1979 0
"1980" 131.046964213631 60.8744761346553 0 1980 0
"1981" 123.143993770752 79.7287034238245 0 1981 0
"1982" 198.893021320859 34.0886564948659 0 1982 0
"1983" 128.304777385854 127.826583892239 0 1983 0
"1984" 127.962983582069 121.925248786783 0 1984 0
"1985" 126.699029503791 25.5378455103843 0 1985 0
"1986" 138.064389268978 69.8686363665496 0 1986 0
"1987" 203.499292286888 28.6344076177091 0 1987 0
"1988" 187.085291519119 57.9233273729245 0 1988 0
"1989" 123.620974319565 144.285728235623 0 1989 0
"1990" 202.476185187124 147.145662262101 0 1990 0
"1991" 178.380943990544 160.383390682936 0 1991 0
"1992" 168.069643122914 101.189587067897 0 1992 0
"1993" 116.529317662182 109.744637405834 0 1993 0
"1994" 166.158516333864 140.495622954413 0 1994 0
"1995" 199.922299353626 159.581777799402 0 1995 0
"1996" 126.415790173038 76.2748741930824 0 1996 0
"1997" 134.065908062656 155.223566691462 0 1997 0
"1998" 180.700189980249 69.4361136227137 0 1998 0
"1999" 116.779627172141 85.7642704835419 0 1999 0
"2000" 164.464241319278 98.5045779891853 0 2000 0
