"V1" "V2" "V3"
"1" 198.092188156956 146.365485851127 1
"2" 194.708306941 146.856252131707 1
"3" 195.355214618529 147.115244424875 1
"4" 194.842166393289 146.907856072642 1
"5" 196.060781681621 146.80665138208 1
"6" 196.61980635923 145.723387145585 1
"7" 193.864671243834 146.848850526775 1
"8" 200.797526071751 147.280526122313 1
"9" 198.121502025978 147.269197393317 1
"10" 197.201640675775 146.922488261714 1
"11" 192.82319243323 147.429603049784 1
"12" 196.217925580071 147.05592022826 1
"13" 198.00288246021 147.229325110627 1
"14" 203.135523728981 146.247820403778 1
"15" 199.426853355935 146.864338567293 1
"16" 195.901336334739 147.053555035775 1
"17" 200.187205079285 146.211458982885 1
"18" 194.536144085612 146.959458430738 1
"19" 193.396323092132 147.746858135639 1
"20" 196.315442225428 146.902458678688 1
"21" 194.338744128641 146.890941133425 1
"22" 197.362208855129 146.375906530827 1
"23" 196.181179572518 147.186475858727 1
"24" 196.230606061453 146.993841909469 1
"25" 196.340090013337 146.514721678533 1
"26" 196.116407211205 146.764152918707 1
"27" 133.038435907248 149.921177052779 1
"28" 193.82887847327 146.505148460091 1
"29" 196.296137450825 146.571241464778 2
"30" 193.876492279756 146.90102594062 2
"31" 200.022547199746 146.172226037755 2
"32" 191.141402884282 146.96800414291 2
"33" 192.870871689538 147.144402208112 2
"34" 193.693925253819 146.930083758342 2
"35" 201.877956702826 146.746845320536 2
"36" 198.087122945133 146.329652504925 2
"37" 199.685705095797 146.474672225483 2
"38" 195.799324354109 145.976233248905 2
"39" 192.752338191353 146.742671394621 2
"40" 198.123451635377 147.480795059103 2
"41" 197.521223239738 146.475213431142 2
"42" 198.247367899495 146.359660685068 2
"43" 198.327028434853 147.106683214176 2
"44" 194.554148844026 147.024904755349 2
"45" 195.279273531025 145.853261845475 2
"46" 195.39253683739 147.193936094671 2
"47" 194.727471850148 146.812218750697 2
"48" 198.070445157292 147.460662652884 2
"49" 192.094422620456 146.951304304904 2
"50" 203.159956660315 146.351108034953 2
"51" 196.738345421597 146.385143671752 2
"52" 193.789831701887 146.866247876091 2
"53" 195.850467826801 146.719821573626 2
"54" 198.922198211003 146.032026758758 2
"55" 195.815459018979 147.091329120844 2
"56" 196.619119656965 147.01683920866 2
"57" 199.729883753831 147.147407391447 2
"58" 196.457841627607 147.191443437284 2
"59" 203.257672642184 145.899655050894 2
"60" 201.024192584655 146.969346690959 2
"61" 193.34759252306 147.624995283805 2
"62" 195.593837730745 147.124039725435 2
"63" 196.698100768974 146.971368459438 2
"64" 200.17172846561 147.170261995592 2
"65" 194.605638508891 146.618158222284 2
"66" 197.404075529605 146.180611132081 2
"67" 199.706918803542 146.89366801566 2
"68" 194.53043707251 147.13420204073 2
"69" 193.708412432852 147.304186668882 2
"70" 201.43961159758 146.208217863117 2
"71" 194.54831953175 146.644090566663 2
"72" 199.170331622698 146.808346339983 2
"73" 195.071441366459 147.332241115379 2
"74" 195.917841495863 147.309362427917 2
"75" 199.212571879924 147.12199265842 2
"76" 197.912800766504 147.419175522317 2
"77" 197.393133305593 146.324078211801 2
"78" 196.56278643019 145.762130560628 2
"79" 195.381795494031 146.782496958139 2
"80" 196.403221513504 146.854807293599 2
"81" 199.262747413838 146.534105246098 2
"82" 195.526815900463 147.126649796932 2
"83" 194.895538058968 146.71924350569 2
"84" 200.724881653098 146.745950690263 2
"85" 193.950571661494 146.408831783018 2
"86" 200.808675509258 146.502278021414 2
"87" 193.207804946953 146.830310682639 2
"88" 195.911433822501 146.473290075391 2
"89" 195.149423830241 147.055424156887 2
"90" 196.921776635934 146.14229469691 2
"91" 200.803648967429 147.200949409803 2
"92" 197.94241041333 146.655435595366 2
"93" 203.174892269824 146.344409748665 2
"94" 194.979019942115 146.450076393298 2
"95" 198.374729193406 147.040811021495 2
"96" 194.404360941361 146.77225491115 2
"97" 198.741855508701 146.085049963259 2
"98" 193.937064553458 146.360441474597 2
"99" 202.595928479904 146.705601949933 2
"100" 196.220550113227 146.951035054671 2
"101" 201.33397107276 146.389879850705 2
"102" 200.153829319994 146.480852791362 2
"103" 203.039494746797 146.183128518234 2
"104" 192.824075715501 146.862325353005 2
"105" 197.427587445354 147.166627333952 2
"106" 200.322479549501 145.994691819698 2
"107" 196.644098664209 147.14801115127 2
"108" 196.459520668004 146.600773419491 2
"109" 194.016561646989 147.05066829213 2
"110" 200.490991556584 146.529900307485 2
"111" 197.908572095459 147.190221672881 2
"112" 193.452030795392 146.509789776886 2
"113" 202.911123940188 146.101326147823 2
"114" 199.262912620651 146.932481537123 2
"115" 194.290322372411 147.056462850991 2
"116" 196.659296802772 146.611020408023 2
"117" 198.126614599145 147.417540391398 2
"118" 198.161154770122 146.785319902246 2
"119" 191.77375111982 146.78310485456 2
"120" 201.382501750067 147.06764022255 2
"121" 196.982500771154 145.941029980832 2
"122" 197.260710471844 146.905039226974 2
"123" 194.287897547917 146.899609001623 2
"124" 195.919715169831 146.369482647379 2
"125" 195.315521179188 147.144796816121 2
"126" 195.853759867303 147.398627881569 2
"127" 194.496473284208 146.308965134806 2
"128" 198.363834674826 146.88412423361 2
"129" 195.865824903368 146.308946744229 2
"130" 194.987416203835 146.880875100701 2
"131" 196.348580803189 145.896551531169 2
"132" 133.090397762229 149.874859361393 2
"133" 135.747032813404 149.760255920549 2
"134" 132.451334363047 149.290150828387 2
"135" 132.555886315135 150.299818249005 2
"136" 133.335476881112 149.444616782405 2
"137" 133.673181873354 150.534623818854 2
"138" 133.002600665179 150.3592799184 2
"139" 133.538102757962 149.937414758415 2
"140" 133.074472300717 149.902187486059 2
"141" 131.681901329952 149.837527642681 2
"142" 133.3684191502 150.245220816564 2
"143" 132.940828523846 149.45007321217 2
"144" 133.254023976671 149.604249344481 2
"145" 132.920544080025 150.018463385451 2
"146" 132.128063385084 149.692100805783 2
"147" 130.833954761288 149.450525584597 2
"148" 132.812153654511 149.981306015175 2
"149" 133.082505018342 149.640074678394 2
"150" 132.571077258417 149.793690502613 2
"151" 132.984927934511 150.271920685514 2
"152" 131.375552469701 149.092948291025 2
"153" 133.984269888048 150.179057451835 2
"154" 134.986902700887 150.113023725732 2
"155" 136.21150555541 151.56046536339 2
"156" 130.996159695674 130.977661968434 2
"157" 127.004833792567 155.484912690933 2
"158" 203.304987114645 146.870595515236 2
"159" 114.146110407442 166.121517726647 3
"160" 192.045496891103 146.744149452831 3
"161" 195.059621373617 147.565368623222 3
"162" 194.030440893866 146.264352076707 3
"163" 194.0780347898 146.417364411657 3
"164" 201.394117499128 147.083993705258 3
"165" 201.831882793949 146.686676333988 3
"166" 191.896570483749 146.313947524117 3
"167" 195.5847073108 146.955457372072 3
"168" 193.076335314271 146.863764871541 3
"169" 204.323119059453 147.273369132044 3
"170" 202.55629266727 145.912020081069 3
"171" 193.715184738206 147.347563348171 3
"172" 201.378843257502 147.059184425677 3
"173" 193.144464078125 146.95917509752 3
"174" 197.414979661502 146.037008319568 3
"175" 197.462224802617 146.561100320283 3
"176" 192.372806800532 147.232142918682 3
"177" 201.524526258912 147.305259468793 3
"178" 201.652662266724 146.255890717178 3
"179" 200.540259317423 146.700794794254 3
"180" 197.51508575793 146.972581437072 3
"181" 195.762463552863 146.993709833365 3
"182" 203.432426241316 147.469979587441 3
"183" 196.550515198168 146.869487363777 3
"184" 194.655324737342 146.564342678819 3
"185" 195.339279922024 147.285170636177 3
"186" 195.794095749492 145.843506304558 3
"187" 191.845285699063 147.228283416689 3
"188" 200.698886122026 146.74769091247 3
"189" 194.215991015118 147.172028651865 3
"190" 194.391998418111 147.152329360649 3
"191" 195.938598527952 146.198335303053 3
"192" 193.217771981658 145.661457395616 3
"193" 191.611697391934 147.152051282922 3
"194" 197.849395053451 147.452242268964 3
"195" 199.215120324823 145.961083609135 3
"196" 198.860846069085 146.030057964094 3
"197" 196.684438137207 146.389388898942 3
"198" 193.395454586473 146.530206244795 3
"199" 200.058620648886 146.794724855913 3
"200" 198.352147321176 146.8139796 3
"201" 202.188544954169 147.268428071456 3
"202" 198.54505212525 146.683251064558 3
"203" 201.252103361067 146.57292798305 3
"204" 199.692633538075 147.174441714989 3
"205" 195.475789903346 146.351654826361 3
"206" 194.662013824064 147.236473930065 3
"207" 198.025789633704 146.741090244436 3
"208" 201.206812623123 147.036552877058 3
"209" 196.286414464888 146.042279425237 3
"210" 198.823786546447 146.161648519396 3
"211" 201.661330156985 146.643694456211 3
"212" 197.599464538341 145.941323965567 3
"213" 198.652084217072 146.731842182805 3
"214" 202.203385091816 146.433126999927 3
"215" 199.304175753003 146.802503553918 3
"216" 198.323828198785 148.045622712311 3
"217" 197.279669450846 146.683177355963 3
"218" 198.254367935479 147.508855922728 3
"219" 198.859960525831 146.48469378561 3
"220" 204.010603505911 146.296479772336 3
"221" 196.383034188279 147.306742124108 3
"222" 197.835749574694 146.508648446021 3
"223" 202.202140971431 146.855730981012 3
"224" 202.845162136009 145.980253270475 3
"225" 200.952027574708 147.015219751789 3
"226" 197.445414125032 146.871096644501 3
"227" 203.632443798885 146.400653505361 3
"228" 201.214037047941 147.490331122792 3
"229" 194.542738648848 146.248051719648 3
"230" 199.476415559192 147.25594451197 3
"231" 199.261724340469 147.300116028978 3
"232" 193.207900216817 146.423503179808 3
"233" 198.243417908587 146.473986376437 3
"234" 195.506599848095 146.771135724193 3
"235" 194.024578508092 146.470117897832 3
"236" 200.670541512469 146.763842721728 3
"237" 202.319367476479 146.974305129989 3
"238" 197.322703061594 145.653581723986 3
"239" 192.156573460177 146.867782955572 3
"240" 196.421895885745 145.960975485631 3
"241" 201.923037790298 147.053919480513 3
"242" 193.43227030524 146.442578665825 3
"243" 197.376946996365 146.856777725438 3
"244" 197.951171979796 146.766698336163 3
"245" 197.197784158422 146.317861640389 3
"246" 202.638303965195 145.94524193703 3
"247" 198.449979073603 146.845739704187 3
"248" 194.032946193956 146.412203658608 3
"249" 200.807599570834 146.827373734948 3
"250" 194.032525748545 146.378283761732 3
"251" 194.149733999198 146.868943394819 3
"252" 195.976017056555 147.90998905793 3
"253" 193.971811645681 147.301044299193 3
"254" 195.324673000584 146.74139816545 3
"255" 199.664774781421 147.07003761485 3
"256" 194.630155114175 147.238128908023 3
"257" 192.796137075244 146.605953372192 3
"258" 196.793892195186 146.939603582031 3
"259" 197.191737022083 147.203023191809 3
"260" 198.749667666196 146.429874842586 3
"261" 195.755641939695 146.956603429347 3
"262" 198.782745032931 145.631111402923 3
"263" 199.094681478926 146.202697418806 3
"264" 199.819374702912 146.332081865258 3
"265" 201.470967243634 146.138540200673 3
"266" 200.709939918702 146.461886646382 3
"267" 201.016317084476 147.529975450517 3
"268" 193.512867164542 146.813013501461 3
"269" 198.733117871908 146.203863989337 3
"270" 198.927450222802 145.865373183785 3
"271" 198.712135166993 147.090128958167 3
"272" 194.91310150931 146.515043249679 3
"273" 192.589059756586 147.033282675856 3
"274" 194.259822527866 147.18320171183 3
"275" 131.875711803911 149.176886458973 3
"276" 133.522342277361 149.401737124784 3
"277" 134.697190664824 149.845081879475 3
"278" 133.378239940511 149.67307821719 3
"279" 132.31651734032 150.426082973391 3
"280" 133.12551099594 149.517721353622 3
"281" 133.361816149967 149.447060916499 3
"282" 133.415509201552 150.023710210208 3
"283" 133.140365293692 150.51875253297 3
"284" 134.61975683869 150.35087793938 3
"285" 133.135621686448 148.593929876025 3
"286" 133.363372104399 150.513020103112 3
"287" 135.839257123439 149.201970084076 3
"288" 132.938714714727 150.138854083903 3
"289" 134.615311830647 150.166003633334 3
"290" 136.119057578638 149.919901812876 3
"291" 133.157386423862 148.82440015355 3
"292" 134.285495752883 149.509706837054 3
"293" 136.204532199074 150.028975608615 3
"294" 135.324597979487 150.21667533684 3
"295" 135.324072706934 149.89147111798 3
"296" 130.813885516288 149.412870114869 3
"297" 135.113965240511 148.984839223849 3
"298" 131.770470439114 151.010910484921 3
"299" 133.076351713623 150.304506551405 3
"300" 134.451606945976 149.741363288312 3
"301" 133.436808570845 150.169544909842 3
"302" 133.549310108226 150.01308270693 3
"303" 132.939070879769 149.612371172296 3
"304" 135.538156918883 149.38577778219 3
"305" 133.284095110079 149.610247067762 3
"306" 131.135132436762 149.422888916957 3
"307" 134.028826597568 150.280233516187 3
"308" 134.225252717732 150.269439892443 3
"309" 129.482090577537 150.321849854867 3
"310" 130.443510010239 149.008737247317 3
"311" 134.760155096504 150.016979576874 3
"312" 133.9423505322 150.028131147856 3
"313" 131.273692175499 149.254784012681 3
"314" 135.633511284376 149.746923325591 3
"315" 132.464780272001 149.74866212848 3
"316" 136.376504584095 150.001381112468 3
"317" 133.298817734785 149.82952750237 3
"318" 130.600923816181 149.075297382278 3
"319" 134.365250866754 149.937456743322 3
"320" 133.716726356044 150.31374596751 3
"321" 135.169109520043 150.503625720804 3
"322" 131.902920104132 150.466347677687 3
"323" 134.325927543869 150.717392779914 3
"324" 131.306902435293 130.782781729634 3
"325" 131.18321782213 131.184936045436 3
"326" 130.834127661307 131.225747958437 3
"327" 130.877244464894 130.891188685702 3
"328" 131.071245618742 132.415440897752 3
"329" 131.010275240025 130.887569219102 3
"330" 130.964653434233 131.407954593967 3
"331" 130.867553404791 132.294924681827 3
"332" 130.966544491482 131.682881190426 3
"333" 130.962525134272 131.403072079106 3
"334" 131.008556788693 131.076767202595 3
"335" 131.001417166374 130.801074372529 3
"336" 131.095442067262 132.274378408903 3
"337" 131.30221174953 131.8053044182 3
"338" 194.349248891604 147.502529491207 3
"339" 202.476185187124 147.145662262101 3
"340" 113.82872740213 165.847195493233 4
"341" 114.176829269736 166.275821498278 4
"342" 114.647797252245 164.85389315542 4
"343" 115.015742763248 165.937349879145 4
"344" 113.992002174207 166.472977331283 4
"345" 113.949002748586 166.098499690674 4
"346" 113.965993193107 165.21428031406 4
"347" 114.635096223127 165.597432928384 4
"348" 114.144001386046 165.901323037224 4
"349" 115.283337347363 167.842019045567 4
"350" 114.849029183977 165.628257014713 4
"351" 114.409922538073 166.248741764376 4
"352" 113.466578379575 166.343790460882 4
"353" 114.647523535961 166.793482738376 4
"354" 114.047149890541 165.885328638057 4
"355" 113.54153250191 166.096663315416 4
"356" 114.274260820333 166.137431404693 4
"357" 113.932427825988 165.537059074379 4
"358" 194.851677454789 146.165500614951 4
"359" 195.351343782322 146.281176689539 4
"360" 202.139198198528 146.374474396293 4
"361" 192.04064866378 146.663453170249 4
"362" 199.481222922913 145.554051705483 4
"363" 201.041840841852 147.694763763364 4
"364" 192.073284338153 146.616235196591 4
"365" 193.399647075601 147.091507924947 4
"366" 197.104520534729 147.127988329936 4
"367" 198.619852255646 147.16664003221 4
"368" 198.603705406793 146.641784473635 4
"369" 191.465301998257 147.043401512549 4
"370" 203.125093618099 146.857314485932 4
"371" 191.884322918941 147.254841346497 4
"372" 193.302768615145 146.404648738904 4
"373" 203.557135988118 147.348197273991 4
"374" 201.373684451343 147.699729577463 4
"375" 202.352336309808 146.711171378815 4
"376" 191.909182442774 146.423429765753 4
"377" 199.057664422784 145.368082179607 4
"378" 199.018222491255 147.437780524892 4
"379" 198.780339936521 146.97374289133 4
"380" 198.472450220096 145.762634164673 4
"381" 198.67024724473 146.912697390874 4
"382" 191.965874659364 146.364486062389 4
"383" 192.393253216378 147.02194840897 4
"384" 203.889178902044 146.44405312875 4
"385" 192.87503585651 146.662646782248 4
"386" 198.77659809947 147.139484735212 4
"387" 198.900525244723 147.085158051597 4
"388" 202.230221019598 146.784242704076 4
"389" 201.932743438944 147.130582689632 4
"390" 192.143035706649 146.798271273547 4
"391" 202.239504112978 147.242638938169 4
"392" 193.213338190496 146.312961428221 4
"393" 191.776327392643 146.154542691826 4
"394" 191.722669463545 146.037399981452 4
"395" 200.468144119153 145.55643392032 4
"396" 198.841795525334 146.769982011991 4
"397" 202.773810065758 147.551577881882 4
"398" 195.430887433211 146.249749033313 4
"399" 199.228735381129 147.406697345682 4
"400" 195.769360529959 146.168194916398 4
"401" 199.867936150841 146.572490305769 4
"402" 196.999522446442 146.807970227126 4
"403" 202.565767215264 145.896886330844 4
"404" 198.787974957488 146.448998091188 4
"405" 196.254972634672 146.101390307105 4
"406" 199.281112780395 145.721211241038 4
"407" 202.432221179749 147.150656210017 4
"408" 193.994827144668 147.283144610077 4
"409" 196.598837260317 146.815430315926 4
"410" 200.346689120848 146.825466044387 4
"411" 202.374849044038 146.337809226 4
"412" 201.610083708379 147.039826848416 4
"413" 201.736549002926 147.228768499881 4
"414" 201.834017015356 147.496074315182 4
"415" 198.535613646006 146.319651922139 4
"416" 196.007142698078 146.195479568818 4
"417" 197.637668708061 147.543475705907 4
"418" 202.185673093232 148.142177266373 4
"419" 204.274421412637 147.107321157871 4
"420" 199.953347672681 147.359429430878 4
"421" 192.705736307314 147.045023490545 4
"422" 192.66123708951 147.011472907601 4
"423" 198.7297924041 146.424127821008 4
"424" 192.20521094966 147.130140679646 4
"425" 193.174083046471 146.527392213278 4
"426" 189.343357420908 147.116568512539 4
"427" 134.714799377273 149.655316914911 4
"428" 133.235681484773 150.356996469538 4
"429" 134.305811351571 149.569676820101 4
"430" 133.284959406218 150.392160476224 4
"431" 133.613978963194 149.136668543427 4
"432" 133.779754188828 149.830478535458 4
"433" 134.034705116486 150.393339823644 4
"434" 135.825430722609 149.232578043137 4
"435" 135.238368606192 150.585713048356 4
"436" 131.727505136929 150.344454589897 4
"437" 128.337143263546 151.267992461088 4
"438" 134.774159103978 150.107789710514 4
"439" 135.889147636174 149.480798593094 4
"440" 135.694790444968 149.065868318752 4
"441" 135.531758272631 149.980780150828 4
"442" 135.538394493416 149.270679278278 4
"443" 133.769669552585 149.11791446904 4
"444" 135.823434583667 149.16907977938 4
"445" 131.88155065365 150.220355250787 4
"446" 135.415890012442 148.922953855785 4
"447" 132.445002775666 150.464495631334 4
"448" 134.656333291417 149.707796963654 4
"449" 135.32168017789 150.596861633487 4
"450" 134.573227700271 150.626325205965 4
"451" 133.69147461026 150.253948740662 4
"452" 132.308706376176 149.55391296814 4
"453" 131.926136655891 150.029704722681 4
"454" 136.801163071722 150.089508600505 4
"455" 132.977206322983 148.561585356643 4
"456" 131.472092058798 148.664882945125 4
"457" 132.600260433066 150.150862087953 4
"458" 134.438800948951 150.022083850533 4
"459" 133.133022398104 149.33608860468 4
"460" 134.585247768021 149.784929436994 4
"461" 133.631925586213 149.414335089798 4
"462" 136.044605321953 149.554990947491 4
"463" 133.468522367004 150.564417160553 4
"464" 135.848602574346 149.614085052338 4
"465" 134.936567890898 149.189355135978 4
"466" 136.037559929503 149.748588239557 4
"467" 136.859361717542 149.679812398872 4
"468" 131.763218797663 149.198327648597 4
"469" 133.320351895665 150.54130980042 4
"470" 132.308949152608 150.70567349747 4
"471" 135.484105830163 149.263127476495 4
"472" 130.394248550012 149.09852162715 4
"473" 131.598315494093 150.507196910451 4
"474" 133.938820169306 149.536343421711 4
"475" 132.173464929148 150.453591968161 4
"476" 131.38053480912 149.322014648335 4
"477" 134.026449424871 149.764671465935 4
"478" 134.054267659953 150.043669474076 4
"479" 135.362332677585 148.859982293579 4
"480" 132.174672597501 150.058035935525 4
"481" 134.127797753696 149.808745854676 4
"482" 135.40599546863 149.84718020163 4
"483" 132.848088875877 148.888311143241 4
"484" 134.257954983835 150.844053464871 4
"485" 134.389178592419 150.469789146543 4
"486" 133.583097093962 149.518469076468 4
"487" 135.530690230328 149.919141994167 4
"488" 132.111095859936 150.499541987801 4
"489" 134.855685904167 150.510419711049 4
"490" 135.876264281334 149.101109069551 4
"491" 134.213875978131 150.52507414075 4
"492" 134.224646780095 150.142877849544 4
"493" 135.098776481609 149.775256651773 4
"494" 134.389378704897 149.828370726573 4
"495" 132.211308966249 148.705902041712 4
"496" 132.849763993399 150.455942892975 4
"497" 130.881099486671 131.378732246101 4
"498" 130.869694937186 132.369959282581 4
"499" 131.15338559223 132.141998745387 4
"500" 130.829358952156 131.169840881117 4
"501" 130.999164553982 132.339921730451 4
"502" 131.400007057639 130.819694018452 4
"503" 131.044075607403 132.470890231877 4
"504" 131.07606273902 132.254159738748 4
"505" 131.048600285063 131.963012342144 4
"506" 130.864496753918 132.186345526178 4
"507" 131.075769165831 131.637924912412 4
"508" 130.899226774195 132.20366724276 4
"509" 130.888376303234 131.785162223146 4
"510" 130.917569804928 131.989824975531 4
"511" 130.784064287641 132.413151906903 4
"512" 130.998803843737 132.161421760096 4
"513" 130.963261264504 130.710664932218 4
"514" 130.943574439453 131.260966841695 4
"515" 130.938385056954 131.889661267265 4
"516" 130.998748221646 131.480695009066 4
"517" 130.904731661551 132.456333096532 4
"518" 130.903810967352 131.493967257452 4
"519" 131.304314571159 131.852222324204 4
"520" 131.166118138131 132.219677348818 4
"521" 131.023347719793 132.473455180538 4
"522" 131.363524152618 130.970143212384 4
"523" 130.849705543451 132.856167129101 4
"524" 131.103371560348 131.325243039845 4
"525" 131.047332279164 131.819304061433 4
"526" 131.419835765181 131.363415143461 4
"527" 131.043162913457 131.419486484533 4
"528" 130.808484664682 132.974304663666 4
"529" 130.77515974725 131.384367074249 4
"530" 130.990796613383 132.255950709292 4
"531" 131.005440058229 132.672393323876 4
"532" 130.983877359985 131.680926457 4
"533" 131.085655836018 130.455460225403 4
"534" 131.181751091798 132.168948748318 4
"535" 131.079865967257 132.351729326025 4
"536" 130.967442978994 132.204407257485 4
"537" 130.798980048693 130.855536149205 4
"538" 131.220479773218 130.771029495845 4
"539" 130.835442870586 131.284979727624 4
"540" 131.070766655781 132.23155183165 4
"541" 131.126698622078 133.126189712253 4
"542" 130.995793194681 131.63492256708 4
"543" 130.998772792762 131.852564173618 4
"544" 131.131527674261 132.697068786101 4
"545" 131.367462706607 130.441481936109 4
"546" 130.979698370356 131.169554966738 4
"547" 174.626657378819 156.834148913973 4
"548" 134.572306865502 147.02625066751 4
"549" 136.464803930018 148.871674261102 4
"550" 188.190206346134 141.894443237327 4
"551" 199.702167638507 71.6042443534021 4
"552" 133.444663987316 149.754564595562 4
"553" 130.448530860098 130.463364777244 4
"554" 115.35714263386 166.28964095615 5
"555" 113.80828717923 166.604128682776 5
"556" 114.158593549161 166.532138153225 5
"557" 113.684025979692 166.054286929914 5
"558" 113.420144581301 166.205135038683 5
"559" 114.585147814984 164.731588243539 5
"560" 114.612853458729 164.993687865185 5
"561" 113.103169297709 166.350180359677 5
"562" 114.530716487776 166.291678931275 5
"563" 114.543735911372 165.767962620101 5
"564" 113.687825916598 165.763482322156 5
"565" 113.979971919207 166.422782175851 5
"566" 113.955948924484 166.208902505788 5
"567" 113.491498981321 166.685721189465 5
"568" 113.945389564841 167.032833275825 5
"569" 113.813624306091 166.77610538576 5
"570" 114.96118706549 165.116863542885 5
"571" 113.692562027032 166.309930840444 5
"572" 114.533454066366 165.181942366889 5
"573" 113.952892668409 165.514200234989 5
"574" 113.875549327796 165.915776276779 5
"575" 113.581201100052 166.122603492727 5
"576" 113.66463470467 166.177766225342 5
"577" 114.285811410527 166.581167544314 5
"578" 115.150316502562 166.008315114853 5
"579" 113.740854822124 166.913426755995 5
"580" 114.649840147476 165.115773086482 5
"581" 114.688510171079 164.730645360697 5
"582" 113.396173008968 166.304029661594 5
"583" 113.998947971669 165.879389869567 5
"584" 113.374588400695 166.214437823219 5
"585" 114.676977149931 166.637336511143 5
"586" 114.519189971253 166.536129225457 5
"587" 113.929196339609 166.566212569643 5
"588" 114.920446282939 166.533621423117 5
"589" 115.273088120065 166.05763633396 5
"590" 114.362883023228 166.200439543819 5
"591" 113.981468332185 165.340631998194 5
"592" 114.563583166044 166.742411276262 5
"593" 113.854267958785 165.479435134242 5
"594" 114.226950122723 166.766420075408 5
"595" 114.583925037852 164.954786313373 5
"596" 114.224020235531 167.114324641155 5
"597" 113.554503192005 165.567911967146 5
"598" 113.137656668625 165.022020949935 5
"599" 114.507044617465 166.287802655675 5
"600" 114.842065404681 166.160654193414 5
"601" 202.715960475094 147.551494406272 5
"602" 201.82833233964 146.269578188995 5
"603" 194.924630505208 146.260930336385 5
"604" 204.78344960062 146.229773714678 5
"605" 196.9752227177 146.726120979374 5
"606" 195.529148720917 147.475484978165 5
"607" 203.508053222171 146.761791078057 5
"608" 188.660445573436 146.618644258048 5
"609" 203.487018009938 147.158355958277 5
"610" 198.842294845319 147.516570088839 5
"611" 198.124426652616 146.990108269781 5
"612" 203.664818402185 146.866483014796 5
"613" 203.839946460901 146.09299627192 5
"614" 202.56594090921 147.295077940702 5
"615" 192.274146812588 145.929929595488 5
"616" 190.607136814972 146.65966968121 5
"617" 193.304455567496 146.67258129581 5
"618" 200.903798126483 146.181299740088 5
"619" 196.808572864913 147.657748285205 5
"620" 199.01774029831 147.058437297738 5
"621" 205.007393079061 146.072790548816 5
"622" 202.455368824306 146.217642641947 5
"623" 195.01776242753 146.027382609204 5
"624" 194.881830680557 147.620327377393 5
"625" 195.658669856442 145.796373434534 5
"626" 202.994824042445 146.945630664751 5
"627" 202.962277144306 147.339757639298 5
"628" 204.332517658399 146.976069936223 5
"629" 204.24554324522 145.831622633805 5
"630" 202.701410223674 147.467019444707 5
"631" 191.450862936797 146.865755858996 5
"632" 204.208198100281 146.492197163295 5
"633" 201.130055421256 147.366716417931 5
"634" 192.852380141469 146.063520591275 5
"635" 196.31296921545 146.390337308989 5
"636" 137.154823687999 149.75768183535 5
"637" 131.900374009723 150.068991200798 5
"638" 130.850509315477 149.654980681368 5
"639" 135.989027479068 149.952394947327 5
"640" 131.01027714033 149.585871022035 5
"641" 136.467059873192 148.608954794062 5
"642" 133.971216912438 150.503833261775 5
"643" 134.644825731595 149.588607496932 5
"644" 133.906171835462 149.581166089005 5
"645" 134.341420456824 150.224690420235 5
"646" 131.931611750651 148.800251325342 5
"647" 134.684806604677 149.39216775387 5
"648" 136.584088674009 149.894053620195 5
"649" 133.138312429491 148.352496501451 5
"650" 135.252518692917 149.21826272225 5
"651" 135.342400290267 150.706868392487 5
"652" 137.038292694111 149.826033553023 5
"653" 135.349738145132 149.537797383521 5
"654" 135.300935880267 148.827311905066 5
"655" 134.112058583475 151.127108173685 5
"656" 136.580424310475 149.755306543634 5
"657" 133.732737719298 148.956785082603 5
"658" 134.823782144321 149.690302498797 5
"659" 132.00063899238 150.573658743462 5
"660" 134.218697120277 150.853009057336 5
"661" 133.644162560853 149.293587372905 5
"662" 133.152458918641 149.007954652951 5
"663" 131.012784217582 150.454547456668 5
"664" 131.663508666036 150.276674063558 5
"665" 132.809420231383 150.504147718725 5
"666" 135.151777138766 149.651638723192 5
"667" 129.345980803078 149.508341415563 5
"668" 133.696071959092 149.174792721798 5
"669" 137.066865017687 149.503895134311 5
"670" 132.04618605291 149.95465294679 5
"671" 136.515147470173 149.101593573802 5
"672" 128.26810232088 150.201883640431 5
"673" 132.694607142218 149.436898394186 5
"674" 134.465494588844 150.307644253667 5
"675" 135.977592456909 149.543573935673 5
"676" 135.415376496929 149.174092042042 5
"677" 136.234814707739 150.171767736218 5
"678" 131.529562674098 149.416850471129 5
"679" 132.079841396822 151.342541335203 5
"680" 132.551204161489 148.854106827257 5
"681" 131.046867949826 133.234005686062 5
"682" 130.992488072746 131.909026638874 5
"683" 131.539797603644 131.056447309611 5
"684" 131.14075179478 132.810157283799 5
"685" 130.998170969445 132.928159524397 5
"686" 131.045735994101 133.17079522779 5
"687" 130.874228278112 133.450464399844 5
"688" 131.172202633499 132.658632955806 5
"689" 131.006989798336 130.224211303083 5
"690" 130.99879782887 131.835582810124 5
"691" 131.024768277343 130.591755351686 5
"692" 130.892711512979 130.388685213063 5
"693" 130.736147019347 132.749584433311 5
"694" 131.087106195004 130.329384122451 5
"695" 130.824143468911 132.9127009787 5
"696" 131.239391053033 131.339960614124 5
"697" 131.005197911321 133.038738867227 5
"698" 130.826529665647 130.162302739813 5
"699" 130.760876458504 130.434291545016 5
"700" 131.078434669723 131.95313511009 5
"701" 130.965365229384 133.087546802602 5
"702" 183.844675782731 141.000342931012 5
"703" 114.805725582236 161.954181479842 5
"704" 125.370787406702 155.219676556257 5
"705" 114.700872244876 166.315346477233 6
"706" 111.947903343374 166.717530743456 6
"707" 113.305779108052 165.085909341078 6
"708" 113.702557232851 166.240243242608 6
"709" 113.945851843988 167.098769312055 6
"710" 113.299961027363 166.367764807757 6
"711" 113.311512787793 167.492281689051 6
"712" 112.862607858309 166.50983565676 6
"713" 112.316266105235 166.420981950773 6
"714" 114.250852022189 167.160683767158 6
"715" 113.46335790399 165.706555788726 6
"716" 114.490747131242 165.854284595523 6
"717" 115.460905726491 166.292094202885 6
"718" 113.680976037951 165.956104075645 6
"719" 112.489174623584 166.683773211179 6
"720" 113.111479059501 167.030076372934 6
"721" 112.498588857684 165.763677656201 6
"722" 113.292793392984 165.908387993627 6
"723" 113.414523551892 165.622968474509 6
"724" 113.745429453494 166.048449975803 6
"725" 114.704428965545 166.096605780815 6
"726" 114.235868818889 165.701504418646 6
"727" 113.202710364733 164.904455097337 6
"728" 114.918540127275 166.855495267637 6
"729" 113.685278837436 166.553859587972 6
"730" 113.84866203511 166.791496640204 6
"731" 192.307315332466 146.35585157339 6
"732" 203.813843945117 146.197181233151 6
"733" 195.633928621983 146.322411531887 6
"734" 205.827826488356 146.769689638949 6
"735" 193.250177132759 147.146383388616 6
"736" 191.957642470269 146.554057774272 6
"737" 190.969792167227 147.649397048408 6
"738" 198.578771550029 148.02477846562 6
"739" 190.473785213963 146.425798982921 6
"740" 205.022623852931 147.071037209906 6
"741" 196.974550544565 147.477107845998 6
"742" 200.420962166476 145.851023387388 6
"743" 202.012430953673 145.887420537805 6
"744" 201.687923241645 145.699063452284 6
"745" 188.338324753734 147.148517741684 6
"746" 136.744802164039 149.067557347074 6
"747" 138.642843577425 149.354975725249 6
"748" 137.2293696457 150.042400854477 6
"749" 133.93411683584 148.776299534981 6
"750" 129.89664862308 149.80428484279 6
"751" 130.660383294 149.66484761705 6
"752" 133.909717257797 149.383054570228 6
"753" 131.270554433289 148.522498993127 6
"754" 136.331765061098 150.174579412355 6
"755" 134.912846465754 149.771689880231 6
"756" 129.304449870281 150.379091629491 6
"757" 129.306667837967 148.925140580019 6
"758" 128.457356812689 149.480018392317 6
"759" 136.652545290777 149.993087489148 6
"760" 133.684998145526 148.599230475581 6
"761" 135.14499385702 148.705404665006 6
"762" 135.70934487636 151.189623356089 6
"763" 135.657133393776 150.771173858084 6
"764" 137.148774767413 150.269292853953 6
"765" 129.416240051116 149.75300436255 6
"766" 137.998023463768 149.857081699421 6
"767" 137.206248680696 150.075491909731 6
"768" 131.130900891653 150.641000572574 6
"769" 136.08414151162 151.100937422272 6
"770" 135.09223768107 149.438906844073 6
"771" 129.421359431316 149.279894038586 6
"772" 135.277801044108 149.118188133391 6
"773" 138.707379831852 150.440804945675 6
"774" 136.608344056669 148.733648325909 6
"775" 130.975406461181 133.344755867895 6
"776" 130.874210701254 129.930793218334 6
"777" 130.910143487589 130.270226928391 6
"778" 131.639606506238 130.958948217106 6
"779" 130.826103581411 129.520861056091 6
"780" 130.931115425853 129.903480520471 6
"781" 130.9230919942 129.666728675788 6
"782" 159.358846265017 152.499702781716 6
"783" 134.360657871404 100.248080063715 6
"784" 196.66564101774 63.2095704291768 6
"785" 142.797242814067 153.850324965901 6
"786" 114.302115245801 165.69722427171 7
"787" 113.43656837353 167.58372426557 7
"788" 112.956166152352 166.495887467962 7
"789" 112.155293281688 166.159343984159 7
"790" 112.645879150065 166.250930508693 7
"791" 115.261676758142 164.922449143549 7
"792" 113.382243306946 166.785349593242 7
"793" 112.970937846689 165.098507304675 7
"794" 112.0839286315 166.162757813588 7
"795" 112.95213475062 166.964408770983 7
"796" 112.470122357989 165.701323312185 7
"797" 112.152455793325 166.583647275088 7
"798" 113.561571763475 164.352942619897 7
"799" 113.233274828909 167.087230696452 7
"800" 114.784500039156 165.838973766418 7
"801" 114.051876556034 167.447176210218 7
"802" 113.255403273251 167.367567424214 7
"803" 114.296483309049 165.679262532082 7
"804" 112.747039569209 166.702653198753 7
"805" 114.90115180261 167.613517085475 7
"806" 114.152316677975 165.238155985891 7
"807" 113.498666801874 167.460868979668 7
"808" 114.271015716457 165.50373054 7
"809" 113.171207864357 167.651998310463 7
"810" 112.669134736204 166.633013622359 7
"811" 204.882203563877 145.852018230299 7
"812" 190.758839934505 146.38888695227 7
"813" 194.529376902925 145.637400610536 7
"814" 201.988167407333 147.459113345547 7
"815" 196.137145013767 145.751404034059 7
"816" 201.099116708875 146.780643547662 7
"817" 190.526917644665 147.618383824647 7
"818" 192.883289797176 147.76490280161 7
"819" 204.880423286134 147.2230474874 7
"820" 189.598458615241 146.356568767798 7
"821" 202.129837417639 145.850506897639 7
"822" 205.043040431859 146.220631820204 7
"823" 197.113148358758 147.642290502252 7
"824" 205.055590919447 147.171746899017 7
"825" 190.613127009156 147.039775401321 7
"826" 132.702427373425 149.61051813159 7
"827" 136.959600695942 149.34762400792 7
"828" 135.054808014956 149.39466377822 7
"829" 137.406296834812 150.097416709565 7
"830" 131.743779022086 148.688987124289 7
"831" 130.009474948931 149.821948955456 7
"832" 138.764728717064 150.388124140021 7
"833" 138.099830474894 149.20320470119 7
"834" 129.685103350061 149.97142678964 7
"835" 130.835396109719 150.698097630274 7
"836" 136.028614466417 150.912035619924 7
"837" 137.995021273597 149.597846314895 7
"838" 136.770547122353 148.648887553704 7
"839" 135.309251629841 150.970022972841 7
"840" 138.619732627444 149.430679157024 7
"841" 131.149233756011 148.308913253427 7
"842" 137.199986633649 150.21732786748 7
"843" 137.289690153761 149.444513897867 7
"844" 138.638046714048 150.619265595971 7
"845" 137.022246575607 150.069000168306 7
"846" 130.914011261925 129.986235838634 7
"847" 131.438726661 132.10845023312 7
"848" 130.367985892602 131.882300362421 7
"849" 131.066946093269 129.719933206493 7
"850" 131.023916596675 129.025309816487 7
"851" 199.482395738812 152.823930821959 7
"852" 146.498120301719 93.6462193609758 7
"853" 201.324344843427 133.177754011027 7
"854" 134.477008829488 114.433011749818 7
"855" 127.378438315857 100.110881948346 7
"856" 178.380943990544 160.383390682936 7
"857" 112.256812002079 165.986660418591 8
"858" 113.980579444712 167.468626297526 8
"859" 112.880290083352 165.408353348078 8
"860" 114.076071381034 167.264914138586 8
"861" 113.665688215381 167.422074682017 8
"862" 112.6688552006 166.726110490516 8
"863" 112.795988594894 165.992904939697 8
"864" 112.924419477537 166.767773637664 8
"865" 113.11098447742 165.630452346284 8
"866" 111.728040376128 166.282544285433 8
"867" 114.343683688511 165.296729266315 8
"868" 114.342055565451 165.577840830593 8
"869" 112.640061807728 165.777155310257 8
"870" 191.035101130252 146.504868749914 8
"871" 189.850225114941 146.130005194318 8
"872" 196.920228456215 147.220557028733 8
"873" 190.460443413731 147.033060768544 8
"874" 134.405382723156 149.139201576056 8
"875" 130.052103302853 149.219958716198 8
"876" 139.264833199578 150.793552865901 8
"877" 136.43059535079 150.479468064099 8
"878" 139.866415382988 149.823626673688 8
"879" 139.635244124859 150.073851918675 8
"880" 128.241692748063 149.897870231795 8
"881" 128.30497669757 148.982147624881 8
"882" 129.358919547742 149.103361258738 8
"883" 138.905721660045 150.298465456142 8
"884" 136.211783371038 148.829343296207 8
"885" 131.58823671643 150.748974838361 8
"886" 131.351465573677 150.999815395647 8
"887" 139.466182735888 150.914893298839 8
"888" 139.651418006998 149.808626491819 8
"889" 135.744179702041 150.653746471352 8
"890" 131.423368148208 149.753295070502 8
"891" 136.057628396342 149.382709471077 8
"892" 138.231724531291 149.32690670399 8
"893" 137.634584216844 149.478058933844 8
"894" 131.103460430757 129.562041845284 8
"895" 130.571033585248 131.868552873663 8
"896" 140.531091929809 107.688259350048 8
"897" 205.689561470646 90.7734239055368 8
"898" 146.921413909552 155.911698477505 8
"899" 175.804120312044 158.749860942029 8
"900" 135.315074920645 127.125447347471 8
"901" 112.777549852886 166.06699182417 9
"902" 113.517056539548 167.771074785024 9
"903" 112.84876566032 165.358470748722 9
"904" 114.240546020192 164.53545291627 9
"905" 111.709106112101 166.475870315751 9
"906" 113.946177881369 167.322029723727 9
"907" 113.062057700673 165.884141731312 9
"908" 112.76909018876 165.759836734797 9
"909" 205.358917845666 146.913192092509 9
"910" 128.571755750708 148.731517019791 9
"911" 134.758302494656 149.249782541071 9
"912" 131.89317867959 149.400503260976 9
"913" 134.713592182063 149.109162168664 9
"914" 139.649109828971 150.742624309983 9
"915" 130.09592571258 149.423271715331 9
"916" 139.305794271172 150.831038931023 9
"917" 128.14191549821 149.782068068311 9
"918" 134.383791786832 149.090481731136 9
"919" 138.283974562371 149.174447954725 9
"920" 137.155421397611 150.608856288887 9
"921" 130.81522870293 130.650511699556 9
"922" 160.887435490035 156.40945140827 9
"923" 126.437177764009 156.957716023233 9
"924" 201.135513686327 59.5130973060761 9
"925" 112.370798935821 166.201680959947 10
"926" 113.047002545011 167.195713524473 10
"927" 190.016707032818 146.739327144132 10
"928" 204.74375744791 146.566712301251 10
"929" 189.479546150283 145.982643580789 10
"930" 139.48610497181 149.775203342738 10
"931" 138.246101831462 149.938935323451 10
"932" 137.478076142331 149.686631126111 10
"933" 134.393350377271 148.738246092139 10
"934" 147.7172168112 104.217956011428 10
"935" 139.280818068673 151.905322058072 10
"936" 115.308366764845 164.089287239644 11
"937" 120.328972276058 5.07783728585362 11
"938" 202.796469504019 145.216613381557 11
"939" 190.557342843879 147.248727476065 11
"940" 203.737928505258 145.575820309649 11
"941" 131.291342417925 149.945312264872 11
"942" 137.61782647627 150.525856057701 11
"943" 137.366746813136 149.257361932678 11
"944" 138.36717039904 151.048873681673 11
"945" 129.39210822363 148.28841377967 11
"946" 137.848507055963 148.837667825365 11
"947" 117.249176657558 105.014719060009 11
"948" 191.646693629387 66.3229258453152 11
"949" 119.178584897626 72.7364508505921 11
"950" 180.219589653517 142.779539125992 11
"951" 168.0484966836 152.805776598789 11
"952" 154.517698220369 153.147272788362 11
"953" 113.314530160555 162.819392470481 11
"954" 115.465252408568 4.36762745824141 12
"955" 121.237721096455 4.91500672421149 12
"956" 123.720011264715 6.00267825309595 12
"957" 119.989054309039 5.01865688396831 12
"958" 120.58721496788 6.18014089519145 12
"959" 120.44075799327 4.03847511409392 12
"960" 120.311218938988 4.75732459813326 12
"961" 120.234554584517 3.82985815675349 12
"962" 122.313127676381 3.3813663135429 12
"963" 121.222558407301 4.6518421247344 12
"964" 120.362538959861 5.58500593060493 12
"965" 124.743943410597 4.30811144658089 12
"966" 127.320269651889 6.11829045142165 12
"967" 119.474085646561 5.7232852490559 12
"968" 119.975053034079 4.47055178050987 12
"969" 120.692516352872 5.94051365441859 12
"970" 120.51353123456 4.7585599948253 12
"971" 124.243316837475 6.28162013943419 12
"972" 120.603622650995 4.09870300646458 12
"973" 118.772661020726 4.79376642025665 12
"974" 120.914331337144 5.09789386533159 12
"975" 120.011498238592 6.52124875001755 12
"976" 120.151673946477 4.27626693664183 12
"977" 121.048046688686 4.73231440947303 12
"978" 192.229214390295 148.080643233195 12
"979" 187.747381507764 146.367464656518 12
"980" 138.090922638834 151.123308708243 12
"981" 138.596232435856 149.944520969673 12
"982" 127.41943396655 149.97993828601 12
"983" 128.743918444075 150.05360055993 12
"984" 137.508446795243 150.388541407552 12
"985" 118.610328087401 156.531633993177 12
"986" 122.501514930392 8.81297644519839 12
"987" 118.756502656794 4.96598672241277 12
"988" 118.975653061616 3.51024570780196 13
"989" 123.652531904909 6.07694266716848 13
"990" 119.493249880481 3.39933301809056 13
"991" 122.040440612102 3.63629913779549 13
"992" 127.499657919712 5.97524787705861 13
"993" 118.858062992027 5.05544310318482 13
"994" 122.260794868315 3.23378230313391 13
"995" 123.611813478391 2.70887026555704 13
"996" 119.008447431805 4.91224161011435 13
"997" 116.187909745313 3.66696581625823 13
"998" 116.770826063459 2.95429028413123 13
"999" 121.593261792534 4.63524618933992 13
"1000" 122.901469512335 5.20563204472039 13
"1001" 122.75184353267 4.067826082097 13
"1002" 125.659036951303 3.57725214838954 13
"1003" 120.557640601526 4.25675855906428 13
"1004" 122.021279712953 4.1441680939104 13
"1005" 122.175409993647 3.00507061430488 13
"1006" 120.233121961005 4.71495884023746 13
"1007" 120.310323577292 5.66551543392267 13
"1008" 126.532868762385 3.06992302248694 13
"1009" 122.977194317521 4.91976054153962 13
"1010" 118.436064403052 5.28203917861153 13
"1011" 117.751056093201 4.11857268238798 13
"1012" 120.589421578146 4.26889353323216 13
"1013" 121.022084705924 5.39176891700048 13
"1014" 120.769228265758 5.82970568350902 13
"1015" 124.521086722986 6.3919007070929 13
"1016" 120.880828742657 5.85503241068897 13
"1017" 119.340873525186 3.3627649343792 13
"1018" 120.857810314785 5.48838270177038 13
"1019" 122.327119019916 4.97307494997306 13
"1020" 124.53080906367 3.55506406310373 13
"1021" 121.994990509616 3.97990240864896 13
"1022" 120.042950653558 3.66381234346984 13
"1023" 125.452987278054 4.94110350571331 13
"1024" 119.576863335744 5.75758288250176 13
"1025" 120.406165839095 3.93376417334444 13
"1026" 120.570030065867 4.59181194179653 13
"1027" 121.383737424729 4.2411652887906 13
"1028" 118.782803517554 4.55564685074234 13
"1029" 122.282914883626 4.19781421298675 13
"1030" 114.976263507757 5.81128448323336 13
"1031" 119.92815287887 3.75199520521646 13
"1032" 118.083574632418 4.49243576217157 13
"1033" 122.381804983332 3.53040656874306 13
"1034" 119.85566240519 5.20550923296093 13
"1035" 114.185981461963 2.74539765068405 13
"1036" 119.721494926356 5.62954483645816 13
"1037" 116.913244536684 5.75086835322404 13
"1038" 122.619121878847 3.61422324208586 13
"1039" 120.399365254361 3.78292681533313 13
"1040" 119.727392607987 4.73112041667947 13
"1041" 113.032818625505 6.39479287605917 13
"1042" 131.603499080844 6.62526972599161 13
"1043" 119.512076660939 6.67265658086519 13
"1044" 120.557379562831 4.83372650455267 13
"1045" 119.824250648629 5.45323805063084 13
"1046" 127.358597337978 5.15124348129035 13
"1047" 120.652363488414 4.69322325376201 13
"1048" 118.675550090955 5.19731701427135 13
"1049" 121.224056417848 4.95991968547772 13
"1050" 122.464891590562 3.47410509767859 13
"1051" 121.978310382155 3.2588975473801 13
"1052" 123.655358372727 5.49042640454663 13
"1053" 119.528389415232 5.78228741170445 13
"1054" 121.813845992158 4.66352620327761 13
"1055" 121.14675626563 4.28109296003302 13
"1056" 119.918913312384 3.8512172604978 13
"1057" 201.07788996548 145.526358472034 13
"1058" 192.836027943382 145.680430994207 13
"1059" 139.457031692397 149.351064132222 13
"1060" 126.709453620158 150.179493809326 13
"1061" 119.781934477073 5.11961153150544 13
"1062" 167.027273139354 150.438344337017 13
"1063" 181.352123634273 143.421897070637 13
"1064" 113.701640179641 164.649980496053 14
"1065" 123.09054853599 3.0415196585121 14
"1066" 119.589627169958 6.86742940098828 14
"1067" 125.533550765325 4.83624887880963 14
"1068" 116.422071023519 5.25319022296935 14
"1069" 125.36492431474 5.50124883361663 14
"1070" 121.297055286051 6.24493796291234 14
"1071" 116.656224348934 3.25925692790863 14
"1072" 122.272803903163 5.16882829885483 14
"1073" 121.171484494004 4.24817432678938 14
"1074" 123.462445961197 5.80527625492781 14
"1075" 118.057287945818 5.86359707300648 14
"1076" 123.540976409542 5.53025485962954 14
"1077" 121.866622625045 4.58943591567878 14
"1078" 118.975001425379 3.32445721790876 14
"1079" 118.302819485929 5.54936314114196 14
"1080" 122.731896107945 6.85819578865071 14
"1081" 126.045043547983 6.15801715884007 14
"1082" 124.576206249982 4.49814022363034 14
"1083" 123.037483706771 4.7702465538859 14
"1084" 124.555179342292 4.88837437699441 14
"1085" 118.435767506334 3.57846726492194 14
"1086" 122.704165144482 3.57689020395117 14
"1087" 121.637748361724 6.05253842760283 14
"1088" 121.972458759031 1.81342663647793 14
"1089" 117.70242426359 4.80441959718079 14
"1090" 115.640283160405 5.27636368310458 14
"1091" 116.786868825807 5.98553551179286 14
"1092" 120.674167682659 3.55538267092681 14
"1093" 124.231761263109 6.53164600632496 14
"1094" 122.068399541737 2.74154228605585 14
"1095" 117.453160362032 4.34474779814352 14
"1096" 124.792396410536 5.44760559848252 14
"1097" 118.628242204077 3.71975238885466 14
"1098" 121.762107479666 3.51817137487401 14
"1099" 122.412502567788 5.53108762931419 14
"1100" 118.754975788739 4.63613588404075 14
"1101" 121.683027644851 4.58445815002971 14
"1102" 118.463818207293 5.07046265029368 14
"1103" 120.390391996264 4.40470067125772 14
"1104" 123.158924166552 2.99611644910175 14
"1105" 121.923039883739 4.67669275333931 14
"1106" 124.1969730542 6.85798096189244 14
"1107" 116.024620300288 5.29463436130643 14
"1108" 119.659211626826 4.72559332768269 14
"1109" 118.72739093691 3.4798822239147 14
"1110" 123.690332788404 5.21009864199947 14
"1111" 126.324216239864 5.46517530742404 14
"1112" 122.278999795757 3.04323707548299 14
"1113" 124.793815836553 3.45444961388856 14
"1114" 126.591892754332 5.26765121854556 14
"1115" 119.674270963505 4.07606173825522 14
"1116" 111.951305595936 5.48666855544988 14
"1117" 122.97376743883 4.58306980182379 14
"1118" 125.459401455239 4.54801170889158 14
"1119" 122.388164421424 4.79499354173855 14
"1120" 123.11453315311 3.50971269894295 14
"1121" 120.66526983462 4.60722589590091 14
"1122" 125.55508682503 5.01178543569117 14
"1123" 117.372441604899 5.61007101761207 14
"1124" 122.790365446607 5.17265172316703 14
"1125" 118.838198050586 3.40137309562692 14
"1126" 115.461824639217 5.63233405652707 14
"1127" 119.750163325516 6.03121211622588 14
"1128" 125.909835087313 3.71819124583699 14
"1129" 119.634360959211 4.56195591071539 14
"1130" 121.765737375544 4.25899800549484 14
"1131" 124.367182885509 5.1874597356659 14
"1132" 123.766653741635 5.01765301692029 14
"1133" 119.113505199684 3.68763952279624 14
"1134" 125.77871880731 4.53721692052313 14
"1135" 124.419188906045 3.61397788658033 14
"1136" 120.647469397128 4.51640188172121 14
"1137" 118.749236776307 5.16354406508815 14
"1138" 124.100823530997 4.24924620536362 14
"1139" 126.259468974125 3.86576887571519 14
"1140" 124.934307655877 3.12959633208073 14
"1141" 116.737684984129 5.55122626298107 14
"1142" 121.524334248674 4.67475596175497 14
"1143" 122.023017098977 4.06868243404209 14
"1144" 121.983130588334 3.4032090024644 14
"1145" 121.511210355127 5.26848333041407 14
"1146" 122.026022943297 4.55040703890066 14
"1147" 121.9622114717 6.86008192370987 14
"1148" 120.085836583708 3.54309991911046 14
"1149" 121.390691986205 3.76251956974874 14
"1150" 114.58073190966 3.73569703459355 14
"1151" 113.938740491825 6.40143154040689 14
"1152" 126.380071048681 3.4614877807928 14
"1153" 123.013032209749 5.10201135611776 14
"1154" 117.962269434762 3.58327308897338 14
"1155" 123.264981544485 5.33626947727385 14
"1156" 118.390730203546 5.44727496404363 14
"1157" 140.452098468778 150.239083955735 14
"1158" 150.296461972172 107.111992386389 14
"1159" 114.149669335762 2.70778513749061 14
"1160" 203.730260715483 53.2835052387799 14
"1161" 131.998808391393 5.54588182021577 14
"1162" 121.07813281478 5.45469286956413 14
"1163" 123.343431371013 3.04312553090548 15
"1164" 124.396375288329 6.92232270297757 15
"1165" 123.631653075156 6.46474190695185 15
"1166" 113.028507961631 6.63059688912107 15
"1167" 117.661575632821 6.05919502609316 15
"1168" 117.203286873422 3.15017653653771 15
"1169" 121.858927798388 6.11862368456471 15
"1170" 117.59354538341 2.16121453543404 15
"1171" 121.237236626097 3.77293431298154 15
"1172" 119.316121918781 5.3854447559777 15
"1173" 124.874426562152 5.27903360733098 15
"1174" 122.213174416487 3.61049756816174 15
"1175" 118.695344850622 3.25652516835977 15
"1176" 121.8020474312 6.87171359675061 15
"1177" 124.311619539631 4.024310150484 15
"1178" 116.148265417562 5.35665727301517 15
"1179" 121.99807463068 5.72922637584461 15
"1180" 120.367229719977 4.46287771326853 15
"1181" 125.928391227627 6.15685784906352 15
"1182" 120.209988313101 4.08747560034815 15
"1183" 124.080265476654 4.12122290010271 15
"1184" 123.025633962241 3.06932209824596 15
"1185" 130.606979329322 6.0311933269729 15
"1186" 126.653926056901 5.65553811312167 15
"1187" 120.140815799171 3.46795580427317 15
"1188" 116.51814131797 3.03825019275762 15
"1189" 129.703591519913 6.79712361017458 15
"1190" 122.071086595449 6.72906139857609 15
"1191" 123.826058575845 4.83847223472077 15
"1192" 123.773887409849 4.97885672544315 15
"1193" 124.346193278003 5.18692236619785 15
"1194" 123.391045915635 5.70920688746813 15
"1195" 121.686604813052 3.9660568493001 15
"1196" 125.025672002958 3.72684485767498 15
"1197" 125.395434827064 5.62023007269276 15
"1198" 125.174149798163 3.04756825424984 15
"1199" 122.412432601779 6.61570690212117 15
"1200" 118.133666993968 4.30813552904469 15
"1201" 115.844282125696 3.18791843205301 15
"1202" 117.89713340866 2.94576070022963 15
"1203" 122.791811266787 4.49769400887089 15
"1204" 128.140948726069 5.43636258792794 15
"1205" 124.827059064227 3.38198116793227 15
"1206" 119.658628487097 2.79363217025813 15
"1207" 123.209321945052 3.79730647957571 15
"1208" 124.09521287525 4.07132362656079 15
"1209" 120.016529919335 5.78797515281985 15
"1210" 125.588091859536 5.33018426890629 15
"1211" 126.632340565221 5.24866938538151 15
"1212" 122.764742983901 3.2563325993522 15
"1213" 125.175647198665 2.67900246778167 15
"1214" 124.999740047742 4.54835779270825 15
"1215" 124.010066021968 3.54653792559824 15
"1216" 125.974329758781 4.51051921914802 15
"1217" 123.430713462703 5.9143983618639 15
"1218" 116.175982243402 5.19153004947098 15
"1219" 120.399341148231 4.54049237273715 15
"1220" 123.602430023234 2.99277994300227 15
"1221" 122.626364561066 4.67279196052905 15
"1222" 125.514219983012 5.83637269035857 15
"1223" 122.934956449001 3.4564989990533 15
"1224" 121.663456552363 3.55935661417663 15
"1225" 123.03572867478 2.88992663787684 15
"1226" 121.697906727384 4.25476369548348 15
"1227" 125.467182070112 5.71894728877389 15
"1228" 126.539791050128 5.23363535087471 15
"1229" 121.85941216747 4.10323004877227 15
"1230" 124.100523447742 4.61050543985887 15
"1231" 125.285414746906 5.36631383842791 15
"1232" 114.344053849866 2.53628211363672 15
"1233" 123.85117127268 4.82483163403847 15
"1234" 125.539447151315 4.31003619468777 15
"1235" 116.348999321348 3.79843363264818 15
"1236" 120.826055561814 3.50679362067754 15
"1237" 125.12259572762 3.0716789384745 15
"1238" 131.611205889548 5.27739860745723 15
"1239" 116.404121927688 4.77678875807622 15
"1240" 120.660539865501 3.81480961299373 15
"1241" 126.00163040739 4.90861659948477 15
"1242" 121.35307445397 6.45387047948285 15
"1243" 123.027195016206 2.42352943383043 15
"1244" 120.824091251002 5.63590821144416 15
"1245" 122.490769140029 4.35545030295058 15
"1246" 114.058166235882 3.56801749095603 15
"1247" 125.095498495345 1.70994569011635 15
"1248" 127.30908348235 5.26699358319258 15
"1249" 124.9493801777 4.93451939596613 15
"1250" 123.043161087915 4.35262754885202 15
"1251" 123.992862007245 4.04830216311171 15
"1252" 115.581331297492 1.87048318298695 15
"1253" 122.930786135394 3.43681330712245 15
"1254" 126.599107719817 5.06975572271276 15
"1255" 118.974859485338 5.65272518501531 15
"1256" 124.16736035575 5.11989296933428 15
"1257" 119.245350120609 3.64572948726095 15
"1258" 114.134977814248 5.15666620590605 15
"1259" 122.356400607835 4.3881067361542 15
"1260" 121.256890966919 6.11913521722118 15
"1261" 115.725858289736 3.9463962221653 15
"1262" 129.613356256219 5.73382272519092 15
"1263" 138.320187261102 151.263217822031 15
"1264" 140.827901678865 150.06215273688 15
"1265" 131.139459813407 151.173757391618 15
"1266" 187.235992578121 67.1297315688961 15
"1267" 140.872399722037 149.66706427967 15
"1268" 198.913960144936 75.5267255635754 15
"1269" 114.295378474347 60.3366401870651 15
"1270" 115.574905352437 165.531612002644 16
"1271" 117.691865487555 6.27795099419073 16
"1272" 119.140976912783 5.21261695698676 16
"1273" 125.526405978262 4.27251095211156 16
"1274" 119.283818711538 5.43068180311223 16
"1275" 120.531155918235 3.53909265827542 16
"1276" 119.091721428773 3.91339888346154 16
"1277" 116.246134538208 3.23046095278077 16
"1278" 117.238638140624 4.47491628052153 16
"1279" 122.896790069899 2.27740405434362 16
"1280" 127.278811910446 5.34741636798591 16
"1281" 117.683897987805 3.50299255765521 16
"1282" 122.891644559038 3.37933918276958 16
"1283" 125.594710359435 4.66150556782961 16
"1284" 122.931956668945 4.32284704072838 16
"1285" 123.829159038004 4.10104420358421 16
"1286" 124.444573635314 7.29336984044591 16
"1287" 115.189518962179 5.88459743889274 16
"1288" 122.939717014394 3.14105063400621 16
"1289" 122.803150256821 4.8793468589084 16
"1290" 118.097316646131 4.05316239252441 16
"1291" 130.58105738802 5.87841247357288 16
"1292" 119.098399707598 4.38108623940855 16
"1293" 123.374112259728 3.42502744690194 16
"1294" 118.498702069323 3.05828586391233 16
"1295" 125.172686963421 6.48020664149167 16
"1296" 124.06049856124 2.0571048867674 16
"1297" 120.763820004778 3.28088257663253 16
"1298" 116.071219872922 4.21765289520912 16
"1299" 114.727069535741 4.17458401957134 16
"1300" 117.743867369432 6.25020554107367 16
"1301" 120.670082033744 2.68878353550291 16
"1302" 122.693447576923 4.90786164056461 16
"1303" 125.310439358451 3.07925048702777 16
"1304" 118.046556470649 4.32282312026765 16
"1305" 125.624485547985 5.2746871833077 16
"1306" 125.057680882577 4.92470546336219 16
"1307" 115.163560993942 4.90316246548107 16
"1308" 120.577252635221 3.39868805639921 16
"1309" 121.639707544801 6.22989109087835 16
"1310" 122.52052343766 2.86866843964412 16
"1311" 115.674909106616 3.16592961439918 16
"1312" 125.535882632929 5.67681432698858 16
"1313" 128.659171895961 6.22606416145351 16
"1314" 122.549806257378 3.91159009071522 16
"1315" 124.07071155684 5.33965949228374 16
"1316" 122.888186879111 1.05885826179176 16
"1317" 122.756476604823 4.62877202135041 16
"1318" 121.841845065984 6.41623709874205 16
"1319" 117.990266533257 5.68792839431292 16
"1320" 116.165748401812 4.25897818059045 16
"1321" 118.852235513684 5.76839492121057 16
"1322" 116.567080136524 3.97677694817384 16
"1323" 127.068578190253 3.15261918463797 16
"1324" 122.743787497267 3.14644603460173 16
"1325" 125.545905695879 5.238314791033 16
"1326" 124.2919672092 3.46469939112574 16
"1327" 124.973574354176 4.47787110848115 16
"1328" 118.69149209702 3.1701787165185 16
"1329" 121.107008549883 5.60364073554027 16
"1330" 116.301759189223 4.90175875168412 16
"1331" 115.544273087788 5.96478171382224 16
"1332" 115.211640828736 5.06112577854294 16
"1333" 207.361441134377 146.633280070554 16
"1334" 141.124413308568 145.108675003039 16
"1335" 205.236065755806 76.6565697796766 16
"1336" 131.186856857684 128.613305819108 16
"1337" 179.261693901815 163.647821106237 16
"1338" 116.454026499329 102.087156102049 16
"1339" 200.783085917234 132.169748636928 16
"1340" 122.865519624553 114.852527676821 16
"1341" 133.745740683848 151.945523124879 16
"1342" 134.776953816706 95.6588391622954 16
"1343" 123.143993770752 79.7287034238245 16
"1344" 112.193935853765 164.92961914397 17
"1345" 121.070163338295 3.31830927608823 17
"1346" 118.984967585636 4.17488543631004 17
"1347" 125.272863668699 6.14087038084955 17
"1348" 118.371757395338 5.69523402935117 17
"1349" 118.454066434741 4.31478572812332 17
"1350" 113.705892102709 3.64073269363362 17
"1351" 125.885733009085 6.69451260865749 17
"1352" 119.408643343231 4.46249778474592 17
"1353" 114.806920865302 5.03851395004717 17
"1354" 125.986404134931 4.76761526877559 17
"1355" 121.112656459891 3.48443595463453 17
"1356" 129.571815762197 5.43117041630501 17
"1357" 116.570310906139 3.5480833248293 17
"1358" 123.442769569081 3.96582066092943 17
"1359" 123.800174677052 1.98268825120254 17
"1360" 120.114717347638 2.42458516361957 17
"1361" 117.167636737773 4.47132515137903 17
"1362" 111.187891037473 5.22751849657499 17
"1363" 118.631922626221 7.0380965950328 17
"1364" 121.884894947989 4.99413431632192 17
"1365" 122.212000905524 4.67462412643897 17
"1366" 123.563043611585 3.62145684070785 17
"1367" 119.897262234303 3.3393673699427 17
"1368" 117.090388268316 4.94182712204171 17
"1369" 126.658382952058 4.42583040021687 17
"1370" 113.366791111 6.15529020809919 17
"1371" 120.775066250249 7.27651213806138 17
"1372" 117.576027090997 4.67345795465076 17
"1373" 119.083329526886 4.53217184974138 17
"1374" 124.01711070846 3.00830162976364 17
"1375" 126.072999301745 6.84638196270299 17
"1376" 117.838297710737 5.73123673308544 17
"1377" 116.6422325215 4.23337087248905 17
"1378" 118.02521842508 4.05748925022796 17
"1379" 123.60199031849 3.52067754765616 17
"1380" 207.284964340125 146.439071193122 17
"1381" 187.531089952332 146.791779031599 17
"1382" 127.585795820624 149.860111888372 17
"1383" 130.336109014624 150.63856761614 17
"1384" 181.924054107819 144.436866228663 17
"1385" 117.134734146572 108.95427705428 17
"1386" 196.218622884396 44.6403755963919 17
"1387" 119.341088732769 4.44808841522438 18
"1388" 114.62542924602 3.35236210761211 18
"1389" 115.036209531168 3.97135106750947 18
"1390" 123.536153188402 1.73501174723348 18
"1391" 126.972604131052 3.960976469527 18
"1392" 114.459429832679 4.79803213834722 18
"1393" 119.444634583384 4.68329854136463 18
"1394" 119.08314734687 6.68383601497209 18
"1395" 117.329604633836 5.22022147034419 18
"1396" 118.538923623543 6.29629979673479 18
"1397" 115.237596705856 4.40085128094821 18
"1398" 116.762562111122 4.30565806689649 18
"1399" 112.192883681913 7.26411825945414 18
"1400" 121.802446621462 5.68384785610866 18
"1401" 113.383183667212 5.84370260830528 18
"1402" 129.185224287728 3.43505255644993 18
"1403" 122.888313659899 6.65973452976003 18
"1404" 114.669399655132 4.68124734538513 18
"1405" 116.266624052802 5.98907462660201 18
"1406" 130.275986316308 4.30493265024941 18
"1407" 121.197963428522 3.11145111074356 18
"1408" 207.623490773175 146.628978394668 18
"1409" 205.906183975459 147.745613357018 18
"1410" 205.267991885212 147.358051298727 18
"1411" 126.114209039618 149.0593102406 18
"1412" 133.910599813415 165.397788747174 18
"1413" 143.468734898829 153.172184169159 18
"1414" 201.512096183434 80.7434863036405 18
"1415" 164.062742027108 107.62049120502 18
"1416" 168.065407521768 66.8604601053052 18
"1417" 122.391254243134 5.33187662648144 19
"1418" 123.301071494171 4.09416735021942 19
"1419" 116.987322144623 6.50055908528297 19
"1420" 120.945257393679 2.29972440662672 19
"1421" 127.308558251964 4.0589432147287 19
"1422" 118.759977532511 4.23927000860313 19
"1423" 120.947797906765 6.96140357890431 19
"1424" 130.891041964018 4.63583379911403 19
"1425" 122.525651347634 5.2843266026179 19
"1426" 117.596758389902 5.49448320114089 19
"1427" 126.752821382601 4.22391444024856 19
"1428" 116.250744993676 5.95098149239492 19
"1429" 121.814182846779 2.6028300049481 19
"1430" 126.920473280896 3.92442974611764 19
"1431" 128.94611151716 4.03259486792718 19
"1432" 114.143559982765 163.250012823336 19
"1433" 132.130460879849 5.98586629367275 19
"1434" 192.49145075776 127.870140723925 19
"1435" 122.951705303116 149.447215761027 19
"1436" 174.34519091254 128.006095858422 19
"1437" 130.755986498242 4.77723273733893 20
"1438" 111.368507193269 4.76057231213862 20
"1439" 127.521859862823 3.42513055834539 20
"1440" 127.551271071878 3.88417696049334 20
"1441" 125.240778955908 5.08879117563461 20
"1442" 129.276999901685 4.75508601505969 20
"1443" 118.739573040636 1.97167724752844 20
"1444" 114.710885650013 3.76694316644064 20
"1445" 116.932694175066 4.01884856755966 20
"1446" 141.882154036795 150.160604181797 20
"1447" 195.713950083108 150.014934430418 20
"1448" 132.362206370698 4.79923984242679 20
"1449" 172.961584798541 64.8483948670719 20
"1450" 129.660359572854 4.54236624280408 21
"1451" 117.911035911952 1.86871594694149 21
"1452" 124.29797646499 5.88002422841821 21
"1453" 129.516647620448 3.95267643333623 21
"1454" 206.88113826818 147.113924864486 21
"1455" 113.093260408933 150.562965430682 21
"1456" 166.489086839872 87.8266737870714 21
"1457" 119.548260829877 3.78431386446074 22
"1458" 123.643802052935 12.6667880589402 22
"1459" 199.699691528985 89.4242044191881 22
"1460" 115.230625299506 102.578612308945 22
"1461" 195.281876121425 12.9994026183775 22
"1462" 209.120216695013 87.3571139489193 22
"1463" 112.177177457491 143.07970675494 22
"1464" 156.90726660585 102.369858818754 22
"1465" 129.011131865261 156.464147653647 22
"1466" 126.980736772736 4.14123410829882 23
"1467" 132.892998017091 95.2640493863494 23
"1468" 205.562518351021 125.808806937692 23
"1469" 198.863818538903 93.385765609669 23
"1470" 114.479369757209 6.73480948833544 24
"1471" 112.397577816724 3.59340905019536 24
"1472" 117.790067521281 5.14747208081907 24
"1473" 210.730272604837 145.892923910476 24
"1474" 187.139369749232 146.01859241472 24
"1475" 130.826225714127 167.405216795749 24
"1476" 155.636372111036 89.7032257239282 24
"1477" 192.030085688416 129.080760639699 24
"1478" 121.495135375732 2.56159459457378 25
"1479" 128.195502015899 4.8334999147304 25
"1480" 193.989530046678 145.108864519135 25
"1481" 186.120141854821 147.037307675902 25
"1482" 119.752297506252 106.650470198671 25
"1483" 202.957086808574 54.8864796836505 25
"1484" 210.7282852417 18.3984021626955 25
"1485" 203.121657460037 62.293344876951 25
"1486" 144.949258901952 109.662916335504 25
"1487" 200.734313510283 37.2011384188075 25
"1488" 180.850689496261 80.9175739896812 25
"1489" 113.665426471772 100.841704646164 25
"1490" 157.103649019762 146.708445089899 25
"1491" 112.553999860745 3.93087512142249 26
"1492" 123.565201227622 4.55459401500883 26
"1493" 128.221722344824 157.736801009456 26
"1494" 111.197896038468 156.434072401646 26
"1495" 148.766834022025 89.2897133374519 26
"1496" 134.065908062656 155.223566691462 26
"1497" 126.387563999622 5.90891860865454 27
"1498" 124.919416677156 167.458085907008 27
"1499" 168.95737171515 150.736012801263 27
"1500" 194.862382257163 129.391188209979 27
"1501" 132.584728025049 113.058904298507 27
"1502" 122.415900854263 74.3129006296417 27
"1503" 155.707744403021 46.0076600694444 27
"1504" 178.117666779098 79.4300434950646 27
"1505" 137.295673712718 125.962736036145 27
"1506" 134.475913646364 166.477118133665 27
"1507" 125.865924948637 111.939786359995 27
"1508" 186.262938928392 146.312115893488 28
"1509" 177.590172919276 79.2931933164826 28
"1510" 169.290726346589 101.931789745075 28
"1511" 148.888076059501 51.5748552466105 28
"1512" 172.939129094618 127.647858938875 28
"1513" 199.252056830766 70.2218034665556 28
"1514" 186.279990324663 91.0726211558725 28
"1515" 198.893021320859 34.0886564948659 28
"1516" 166.158516333864 140.495622954413 28
"1517" 132.93466698536 2.17699716815044 29
"1518" 186.058774067293 146.252918296254 29
"1519" 112.199505203865 152.912055521288 29
"1520" 186.975749450839 91.2317223191285 29
"1521" 162.128258454339 161.95279610118 29
"1522" 125.3548071729 4.01469503338966 30
"1523" 196.674061903814 61.6903932975131 30
"1524" 173.835731720184 159.445295828032 30
"1525" 173.402930409875 133.279266898526 30
"1526" 128.977260683885 45.0500772984075 30
"1527" 176.968179755737 152.209891165038 30
"1528" 168.069643122914 101.189587067897 30
"1529" 208.552945677986 145.788012029253 31
"1530" 121.459726422461 56.5160329264718 31
"1531" 199.483391564208 114.50649196065 31
"1532" 207.30959440741 62.2429172256985 31
"1533" 148.180927900277 133.802442941224 31
"1534" 174.090194508301 133.787075668417 31
"1535" 112.397900166711 2.7515895142362 32
"1536" 206.460993963613 115.036204516241 32
"1537" 154.535866848102 52.9871620409022 32
"1538" 122.345722407833 153.902616137071 32
"1539" 137.921686935797 12.6581765069688 32
"1540" 120.745408074714 10.9103240188041 32
"1541" 190.47669893469 150.447675372559 32
"1542" 149.536106903983 82.0618327298093 32
"1543" 126.415790173038 76.2748741930824 32
"1544" 199.534614285219 3.8587618535257 33
"1545" 154.447164663349 52.3351126976158 33
"1546" 163.206247986171 105.545438845999 33
"1547" 177.149554123507 153.626562119574 33
"1548" 172.098439236349 163.071953726232 33
"1549" 166.534703810419 99.2371088779979 33
"1550" 122.956081678425 113.8167591994 33
"1551" 192.744559411532 88.7992585749532 33
"1552" 130.261366066911 6.59192816663479 34
"1553" 124.130329820185 56.6499447866552 34
"1554" 175.995488115728 142.661743301687 34
"1555" 210.452574524303 119.130906009314 34
"1556" 131.455994900338 1.24646236002831 34
"1557" 186.179503692309 66.9889396859071 34
"1558" 140.540742886334 115.655271549073 34
"1559" 162.603083563916 106.065050555907 34
"1560" 143.023169724498 159.895928060308 34
"1561" 210.600029912001 146.250508924131 35
"1562" 208.352165887607 137.748743919358 35
"1563" 133.354371499511 53.5294248239571 35
"1564" 198.674813534751 78.7112065594065 35
"1565" 140.816926636439 59.4846774720692 35
"1566" 192.371281746657 139.136398460327 35
"1567" 196.833363119247 29.0053365800262 35
"1568" 128.392514808063 3.45245079213026 36
"1569" 132.923867422633 4.06784143920768 36
"1570" 180.981249211952 51.504291802289 36
"1571" 184.471441593662 87.9694472399595 36
"1572" 185.970554623356 66.3751409441456 36
"1573" 120.988277691024 146.652789144772 36
"1574" 141.780860820998 59.0084368981193 36
"1575" 136.60903635366 62.756107754439 36
"1576" 163.90116399702 138.900610941946 36
"1577" 209.853978657033 132.002769967357 37
"1578" 117.939502142084 102.233434668575 37
"1579" 146.846310916839 96.336559211818 37
"1580" 141.005091167387 144.642480948481 37
"1581" 125.526746336652 161.264093714339 37
"1582" 189.300666757375 159.784011047405 37
"1583" 168.83189938395 91.4412607640301 38
"1584" 115.936196366293 59.7353406860491 38
"1585" 166.459021937846 112.891714265104 38
"1586" 189.5600067067 145.084005059891 39
"1587" 188.840181306372 159.04722639838 39
"1588" 152.580388248203 82.9857352198786 39
"1589" 194.686726949848 13.7003268673405 39
"1590" 183.222642778759 54.5416997629872 39
"1591" 135.124659347329 62.6109732630935 39
"1592" 170.227016856652 115.737559336977 39
"1593" 130.61013867201 83.8022352156867 39
"1594" 116.529317662182 109.744637405834 39
"1595" 210.3471424868 14.0177535977091 40
"1596" 137.958181026753 97.0205827031851 40
"1597" 137.674999845881 14.5715433401179 40
"1598" 198.045117864452 45.3365204132355 40
"1599" 136.42312066331 66.4442132696414 40
"1600" 178.061205122354 45.0496393873421 40
"1601" 139.716362551506 97.4034309468825 41
"1602" 120.488700432359 106.952883767345 41
"1603" 138.573778885431 1.78218055308631 41
"1604" 160.623825880986 90.2900969931399 41
"1605" 182.31468915281 63.4654200758858 41
"1606" 167.690854267764 68.9076666871853 41
"1607" 187.085291519119 57.9233273729245 41
"1608" 131.153452405003 126.487937956317 42
"1609" 133.282231763526 140.646208364811 42
"1610" 181.695609648253 78.6753257335909 42
"1611" 161.578628239818 82.6296150840587 42
"1612" 138.510608113788 1.9029356263622 42
"1613" 138.209110253593 37.5044180627219 42
"1614" 206.949663611837 81.0359866639705 43
"1615" 133.721674907305 36.2199939976467 43
"1616" 180.806798851743 145.288910336015 43
"1617" 124.488164879229 157.190747851197 43
"1618" 121.942601732903 114.493678450662 43
"1619" 151.741380657404 84.9608254177003 44
"1620" 199.750039081546 121.309295865857 44
"1621" 198.347387131831 103.000369049819 44
"1622" 192.824391108962 87.9423068891211 44
"1623" 148.850926420769 123.728999261367 44
"1624" 134.659029683017 165.467171148032 44
"1625" 147.599735372158 157.95158304813 45
"1626" 151.778862624211 85.0625340584743 45
"1627" 186.591358020407 158.826401171471 45
"1628" 147.518033654295 153.850731500524 45
"1629" 144.753740531762 159.815046542806 46
"1630" 205.521498697518 109.078642826028 46
"1631" 194.872362482462 89.0626376746936 46
"1632" 144.928852535171 62.0663669937495 46
"1633" 194.394055796536 58.6973477819581 46
"1634" 123.081190972666 128.131164377049 46
"1635" 129.299336764732 84.8812068020042 46
"1636" 161.700847932302 81.7456449029282 46
"1637" 151.945846136482 113.183813837981 47
"1638" 173.102628504299 19.9350668069607 47
"1639" 168.205914343515 141.946398975688 47
"1640" 173.890354575264 64.9454803366228 47
"1641" 136.117542368749 67.9291606054412 47
"1642" 171.47866443629 137.03432519841 47
"1643" 124.623884707319 40.152279064602 47
"1644" 169.028649331065 120.938258445119 47
"1645" 136.332494016487 27.7566055869313 48
"1646" 190.705842421178 42.3653077757268 48
"1647" 153.742566708972 145.312179579441 48
"1648" 172.676935617096 20.3407403251916 48
"1649" 195.829696922105 53.6769979017246 48
"1650" 165.666306472703 117.924078022032 48
"1651" 200.377521093199 28.6905873319626 48
"1652" 170.970727987439 22.5072943508178 48
"1653" 164.464241319278 98.5045779891853 48
"1654" 200.197250483863 28.9166023700045 49
"1655" 139.775850551457 26.944682746153 49
"1656" 207.018558612298 110.109812091713 49
"1657" 157.656428366676 161.085237352707 49
"1658" 197.89197534482 51.8513488837915 50
"1659" 168.129114064949 142.754893124659 50
"1660" 203.307444868366 58.2880283832535 50
"1661" 174.593589101513 124.519449859026 50
"1662" 121.598791548982 77.0705470267863 50
"1663" 188.045224069469 90.6005915490172 50
"1664" 128.304777385854 127.826583892239 50
