0.3877284595300261	0.29992167101827677	0.17493472584856398
0.45822454308093996	0.2998694516971281	0.1618798955613577
0.45822454308093996	0.31382506527415155	0.13185378590078328
0.45822454308093996	0.31960835509138386	0.19712793733681463
0.45822454308093996	0.3332245430809398	0.20757180156657964
0.45822454308093996	0.34130548302872055	0.20757180156657964
0.45822454308093996	0.3511096605744125	0.20757180156657964
0.45822454308093996	0.3588511749347258	0.20757180156657964
0.45822454308093996	0.35453002610966045	0.19321148825065274
0.489556135770235	0.34973890339425595	0.2154046997389034
0.489556135770235	0.364295039164491	0.2362924281984334
0.49216710182767626	0.39550913838120094	0.2362924281984334
0.5339425587467362	0.40727154046997394	0.2362924281984334
0.5496083550913838	0.4059921671018278	0.24151436031331594
0.5496083550913838	0.40291122715404726	0.2506527415143603
0.5496083550913838	0.40744125326370795	0.2506527415143603
0.5496083550913838	0.4223498694516973	0.2689295039164491
0.5626631853785901	0.44049608355091385	0.2597911227154047
0.5626631853785901	0.4724804177545694	0.26370757180156656
0.566579634464752	0.48052219321148826	0.30678851174934724
0.5953002610966057	0.49315926892950357	0.3668407310704961
0.5953002610966057	0.49557441253263695	0.3668407310704961
0.5953002610966057	0.5065143603133159	0.33550913838120106
0.6109660574412533	0.5333289817232374	0.3668407310704961
0.6109660574412533	0.531148825065274	0.3668407310704961
0.6109660574412533	0.5209138381201045	0.3681462140992167
0.6109660574412533	0.5230026109660575	0.40600522193211486
0.6109660574412533	0.5350522193211489	0.4086161879895561
0.6135770234986945	0.554503916449086	0.4281984334203655
0.6135770234986945	0.5597519582245433	0.4281984334203655
0.6161879895561357	0.5736684073107048	0.4321148825065274
0.6174934725848564	0.581710182767624	0.4412532637075718
0.6331592689295039	0.5807963446475201	0.5234986945169713
0.6331592689295039	0.5830809399477809	0.489556135770235
0.6331592689295039	0.5922976501305481	0.5261096605744126
0.6462140992167101	0.5939033942558747	0.52088772845953
0.6462140992167101	0.6002349869451699	0.5130548302872062
0.6462140992167101	0.5991383812010445	0.5130548302872062
0.6462140992167101	0.602206266318538	0.5052219321148825
0.6462140992167101	0.6071932114882508	0.5156657963446475
0.6462140992167101	0.5995822454308093	0.5195822454308094
0.6462140992167101	0.6098041775456917	0.5195822454308094
0.6501305483028721	0.6161488250652741	0.5300261096605744
0.6501305483028721	0.6187989556135772	0.5274151436031331
0.6501305483028721	0.6226762402088774	0.5287206266318538
0.6501305483028721	0.6235117493472586	0.5339425587467362
0.6501305483028721	0.6274412532637075	0.5404699738903395
0.6579634464751958	0.6315404699738908	0.5404699738903395
0.660574412532637	0.6314882506527418	0.5757180156657964
0.660574412532637	0.6365274151436032	0.6018276762402088
0.660574412532637	0.6392689295039166	0.608355091383812
0.6618798955613577	0.6411618798955611	0.6135770234986945
0.6618798955613577	0.6463446475195822	0.6174934725848564
0.6618798955613577	0.6468407310704961	0.6174934725848564
0.6618798955613577	0.6490731070496083	0.618798955613577
0.6618798955613577	0.6489033942558747	0.6279373368146214
0.6618798955613577	0.6510704960835509	0.6279373368146214
0.6631853785900783	0.6507571801566578	0.6240208877284595
0.6631853785900783	0.6513968668407312	0.6240208877284595
0.6631853785900783	0.6513707571801568	0.6240208877284595
0.6631853785900783	0.6523759791122713	0.6305483028720626
0.6631853785900783	0.6533550913838121	0.6305483028720626
0.6631853785900783	0.6555613577023499	0.6305483028720626
0.6631853785900783	0.65532637075718	0.6357702349869452
0.6631853785900783	0.6551827676240211	0.6357702349869452
0.6631853785900783	0.6542167101827675	0.6357702349869452
0.6631853785900783	0.6533812010443864	0.6370757180156658
0.6631853785900783	0.6540078328981725	0.6370757180156658
0.6631853785900783	0.6553394255874676	0.6409921671018277
0.6631853785900783	0.6562924281984334	0.6383812010443864
0.6631853785900783	0.6563577023498695	0.639686684073107
0.6631853785900783	0.6582898172323758	0.639686684073107
0.6631853785900783	0.6563707571801567	0.6409921671018277
0.6631853785900783	0.6575718015665799	0.6422976501305483
0.6631853785900783	0.6584464751958223	0.6475195822454308
0.6631853785900783	0.6586945169712792	0.6475195822454308
0.6631853785900783	0.6584073107049605	0.6462140992167101
0.6631853785900783	0.6595953002610966	0.6449086161879896
0.6631853785900783	0.6600783289817233	0.6449086161879896
0.6631853785900783	0.6608746736292429	0.6579634464751958
0.6631853785900783	0.6604699738903395	0.6540469973890339
0.6631853785900783	0.6608485639686684	0.6540469973890339
0.6631853785900783	0.6608746736292429	0.6540469973890339
0.6631853785900783	0.6613446475195823	0.6540469973890339
0.6631853785900783	0.6611096605744126	0.6566579634464752
0.6631853785900783	0.6610052219321149	0.6579634464751958
0.6631853785900783	0.6614229765013054	0.6553524804177546
0.6631853785900783	0.6615013054830285	0.6566579634464752
0.6631853785900783	0.6618929503916448	0.6579634464751958
0.6631853785900783	0.6619451697127938	0.6579634464751958
0.6631853785900783	0.6620234986945168	0.6579634464751958
0.6631853785900783	0.662167101827676	0.6579634464751958
0.6631853785900783	0.6618537859007833	0.6579634464751958
0.6631853785900783	0.661657963446475	0.6579634464751958
0.6631853785900783	0.6620104438642294	0.6592689295039165
0.6631853785900783	0.6620104438642297	0.6592689295039165
0.6631853785900783	0.6619973890339423	0.6592689295039165
0.6631853785900783	0.6619973890339423	0.6592689295039165
0.6631853785900783	0.6618798955613576	0.6579634464751958
0.6631853785900783	0.6618668407310706	0.6579634464751958
0.6631853785900783	0.6621671018276761	0.6579634464751958
0.6631853785900783	0.6623107049608354	0.6579634464751958
0.6631853785900783	0.6625848563968669	0.6579634464751958
0.6631853785900783	0.6624673629242821	0.6592689295039165
0.6631853785900783	0.6622323759791121	0.6592689295039165
0.6631853785900783	0.6622193211488252	0.6592689295039165
0.6631853785900783	0.6622976501305482	0.6592689295039165
0.6631853785900783	0.6625848563968668	0.6592689295039165
0.6631853785900783	0.6622845953002613	0.6592689295039165
0.6631853785900783	0.6624281984334204	0.6592689295039165
0.6631853785900783	0.662349869451697	0.6592689295039165
0.6631853785900783	0.6627545691906005	0.6592689295039165
0.6631853785900783	0.662780678851175	0.660574412532637
0.6631853785900783	0.6629112271540472	0.660574412532637
0.6631853785900783	0.6630026109660574	0.660574412532637
0.6631853785900783	0.6630026109660574	0.6592689295039165
0.6631853785900783	0.662963446475196	0.6592689295039165
0.6631853785900783	0.6629503916449085	0.6592689295039165
0.6631853785900783	0.6629112271540468	0.660574412532637
0.6631853785900783	0.6630417754569191	0.660574412532637
0.6631853785900783	0.6629112271540472	0.6592689295039165
0.6631853785900783	0.6629242819843342	0.660574412532637
0.6631853785900783	0.6630026109660575	0.660574412532637
0.6631853785900783	0.663041775456919	0.660574412532637
0.6631853785900783	0.662976501305483	0.660574412532637
0.6631853785900783	0.6629634464751959	0.660574412532637
0.6631853785900783	0.6630156657963445	0.6618798955613577
0.6631853785900783	0.6630678851174935	0.6618798955613577
0.664490861618799	0.6630678851174935	0.6618798955613577
0.664490861618799	0.663041775456919	0.6618798955613577
0.664490861618799	0.663028720626632	0.6618798955613577
0.664490861618799	0.6630809399477806	0.6618798955613577
0.664490861618799	0.6631723237597913	0.6618798955613577
0.664490861618799	0.6631592689295038	0.6618798955613577
0.664490861618799	0.6633812010443866	0.6618798955613577
0.664490861618799	0.6633289817232376	0.6618798955613577
0.664490861618799	0.6633550913838122	0.6618798955613577
0.664490861618799	0.6632898172323762	0.6618798955613577
0.664490861618799	0.6632375979112272	0.6618798955613577
0.664490861618799	0.663328981723238	0.6618798955613577
0.664490861618799	0.6634203655352482	0.6618798955613577
0.664490861618799	0.6636031331592693	0.6618798955613577
0.664490861618799	0.6636553524804181	0.6618798955613577
0.664490861618799	0.6637467362924288	0.6618798955613577
0.664490861618799	0.6638642297650138	0.6618798955613577
0.664490861618799	0.6639033942558755	0.6618798955613577
0.664490861618799	0.6639817232375989	0.6618798955613577
0.664490861618799	0.6637206266318545	0.6618798955613577
0.664490861618799	0.663759791122716	0.6618798955613577
0.664490861618799	0.6639295039164498	0.6618798955613577
0.664490861618799	0.664007832898173	0.6618798955613577
0.664490861618799	0.6640339425587476	0.6618798955613577
0.664490861618799	0.6640339425587476	0.6618798955613577
0.664490861618799	0.664295039164492	0.6631853785900783
0.664490861618799	0.6643994778067898	0.6631853785900783
0.664490861618799	0.6644386422976514	0.6631853785900783
0.664490861618799	0.664477806788513	0.6631853785900783
0.664490861618799	0.6644908616188002	0.664490861618799
0.664490861618799	0.6644908616188002	0.664490861618799
0.664490861618799	0.6644908616188002	0.664490861618799
0.664490861618799	0.6644908616188002	0.664490861618799
0.664490861618799	0.6644908616188002	0.664490861618799
0.664490861618799	0.6644908616188002	0.664490861618799
0.664490861618799	0.6644908616188002	0.664490861618799
0.664490861618799	0.6644908616188002	0.664490861618799
0.664490861618799	0.6644908616188002	0.664490861618799
0.664490861618799	0.6644908616188002	0.664490861618799
0.664490861618799	0.6644908616188002	0.664490861618799
0.664490861618799	0.6644908616188002	0.664490861618799
0.664490861618799	0.6644908616188002	0.664490861618799
0.664490861618799	0.6644908616188002	0.664490861618799
0.664490861618799	0.6644908616188002	0.664490861618799
0.664490861618799	0.6644908616188002	0.664490861618799
0.664490861618799	0.6644908616188002	0.664490861618799
0.664490861618799	0.6644908616188002	0.664490861618799
0.664490861618799	0.6644908616188002	0.664490861618799
0.664490861618799	0.6644908616188002	0.664490861618799
0.664490861618799	0.6644908616188002	0.664490861618799
0.664490861618799	0.6644908616188002	0.664490861618799
0.664490861618799	0.6644908616188002	0.664490861618799
0.664490861618799	0.6644908616188002	0.664490861618799
0.664490861618799	0.6644908616188002	0.664490861618799
0.664490861618799	0.6644908616188002	0.664490861618799
0.664490861618799	0.6644908616188002	0.664490861618799
0.664490861618799	0.6644908616188002	0.664490861618799
0.664490861618799	0.6644908616188002	0.664490861618799
0.664490861618799	0.6644908616188002	0.664490861618799
0.664490861618799	0.6644908616188002	0.664490861618799
0.664490861618799	0.6644908616188002	0.664490861618799
0.664490861618799	0.6644908616188002	0.664490861618799
0.664490861618799	0.6644908616188002	0.664490861618799
0.664490861618799	0.6644908616188002	0.664490861618799
0.664490861618799	0.6644908616188002	0.664490861618799
0.664490861618799	0.6644908616188002	0.664490861618799
0.664490861618799	0.6644908616188002	0.664490861618799
0.664490861618799	0.6644908616188002	0.664490861618799
0.664490861618799	0.6644908616188002	0.664490861618799
0.664490861618799	0.6644908616188002	0.664490861618799
0.664490861618799	0.6644908616188002	0.664490861618799
0.664490861618799	0.6644908616188002	0.664490861618799
0.664490861618799	0.6644908616188002	0.664490861618799
0.664490861618799	0.6644908616188002	0.664490861618799
0.664490861618799	0.6644908616188002	0.664490861618799
0.664490861618799	0.6644908616188002	0.664490861618799
0.664490861618799	0.6644908616188002	0.664490861618799
0.664490861618799	0.6644908616188002	0.664490861618799
0.664490861618799	0.6644908616188002	0.664490861618799
0.664490861618799	0.6644908616188002	0.664490861618799
0.664490861618799	0.6644908616188002	0.664490861618799
0.664490861618799	0.6644908616188002	0.664490861618799
0.664490861618799	0.6644908616188002	0.664490861618799
0.664490861618799	0.6644908616188002	0.664490861618799
0.664490861618799	0.6644908616188002	0.664490861618799
0.664490861618799	0.6644908616188002	0.664490861618799
0.664490861618799	0.6644908616188002	0.664490861618799
0.664490861618799	0.6644908616188002	0.664490861618799
0.664490861618799	0.6644908616188002	0.664490861618799
0.664490861618799	0.6644908616188002	0.664490861618799
0.664490861618799	0.6644908616188002	0.664490861618799
0.664490861618799	0.6644908616188002	0.664490861618799
0.664490861618799	0.6644908616188002	0.664490861618799
0.664490861618799	0.6644908616188002	0.664490861618799
0.664490861618799	0.6644908616188002	0.664490861618799
0.664490861618799	0.6644908616188002	0.664490861618799
0.664490861618799	0.6644908616188002	0.664490861618799
0.664490861618799	0.6644908616188002	0.664490861618799
0.664490861618799	0.6644908616188002	0.664490861618799
0.664490861618799	0.6644908616188002	0.664490861618799
0.664490861618799	0.6644908616188002	0.664490861618799
0.664490861618799	0.6644908616188002	0.664490861618799
0.664490861618799	0.6644908616188002	0.664490861618799
0.664490861618799	0.6644908616188002	0.664490861618799
0.664490861618799	0.6644908616188002	0.664490861618799
0.664490861618799	0.6644908616188002	0.664490861618799
0.664490861618799	0.6644908616188002	0.664490861618799
0.664490861618799	0.6644908616188002	0.664490861618799
0.664490861618799	0.6644908616188002	0.664490861618799
0.664490861618799	0.6644908616188002	0.664490861618799
0.664490861618799	0.6644908616188002	0.664490861618799
0.664490861618799	0.6644908616188002	0.664490861618799
0.664490861618799	0.6644908616188002	0.664490861618799
0.664490861618799	0.6644908616188002	0.664490861618799
0.664490861618799	0.6644908616188002	0.664490861618799
0.664490861618799	0.6644908616188002	0.664490861618799
0.664490861618799	0.6644908616188002	0.664490861618799
0.664490861618799	0.6644908616188002	0.664490861618799
0.664490861618799	0.6644908616188002	0.664490861618799
0.664490861618799	0.6644908616188002	0.664490861618799
0.664490861618799	0.6644908616188002	0.664490861618799
0.664490861618799	0.6644908616188002	0.664490861618799
0.664490861618799	0.6644908616188002	0.664490861618799
0.664490861618799	0.6644908616188002	0.664490861618799
0.664490861618799	0.6644908616188002	0.664490861618799
0.664490861618799	0.6644908616188002	0.664490861618799
0.664490861618799	0.6644908616188002	0.664490861618799
0.664490861618799	0.6644908616188002	0.664490861618799
0.664490861618799	0.6644908616188002	0.664490861618799
0.664490861618799	0.6644908616188002	0.664490861618799
0.664490861618799	0.6644908616188002	0.664490861618799
0.664490861618799	0.6644908616188002	0.664490861618799
0.664490861618799	0.6644908616188002	0.664490861618799
0.664490861618799	0.6644908616188002	0.664490861618799
0.664490861618799	0.6644908616188002	0.664490861618799
0.664490861618799	0.6644908616188002	0.664490861618799
0.664490861618799	0.6644908616188002	0.664490861618799
0.664490861618799	0.6644908616188002	0.664490861618799
0.664490861618799	0.6644908616188002	0.664490861618799
0.664490861618799	0.6644908616188002	0.664490861618799
0.664490861618799	0.6644908616188002	0.664490861618799
0.664490861618799	0.6644908616188002	0.664490861618799
0.664490861618799	0.6645691906005234	0.664490861618799
0.6723237597911227	0.6647258485639699	0.664490861618799
0.6723237597911227	0.6648825065274163	0.664490861618799
0.6723237597911227	0.6649608355091396	0.664490861618799
0.6723237597911227	0.6658224543080948	0.664490861618799
0.6723237597911227	0.6659791122715416	0.664490861618799
0.6723237597911227	0.6670757180156661	0.664490861618799
0.6723237597911227	0.6677023498694521	0.664490861618799
0.6723237597911227	0.6686422976501306	0.664490861618799
0.6723237597911227	0.6691906005221929	0.664490861618799
0.6723237597911227	0.6695039164490858	0.664490861618799
0.6723237597911227	0.6691906005221928	0.664490861618799
0.6723237597911227	0.6697389033942552	0.664490861618799
0.6723237597911227	0.6697389033942553	0.664490861618799
0.6723237597911227	0.6701305483028714	0.664490861618799
0.6723237597911227	0.6705221932114874	0.664490861618799
0.6723237597911227	0.6715404699738893	0.664490861618799
0.6723237597911227	0.6707571801566573	0.664490861618799
0.6723237597911227	0.6712271540469963	0.664490861618799
0.6723237597911227	0.6716187989556126	0.664490861618799
0.6723237597911227	0.6718537859007822	0.664490861618799
0.6723237597911227	0.6720104438642285	0.664490861618799
0.6723237597911227	0.6720104438642287	0.664490861618799
0.6723237597911227	0.6720887728459516	0.664490861618799
0.6723237597911227	0.6720887728459517	0.664490861618799
0.6723237597911227	0.6720104438642285	0.664490861618799
0.6723237597911227	0.6720887728459517	0.664490861618799
0.6723237597911227	0.672167101827675	0.664490861618799
0.6723237597911227	0.6720104438642285	0.664490861618799
0.6723237597911227	0.6722454308093981	0.664490861618799
0.6723237597911227	0.6723237597911214	0.6723237597911227
0.6723237597911227	0.6723237597911214	0.6723237597911227
0.6723237597911227	0.6723237597911214	0.6723237597911227
0.6723237597911227	0.6723237597911214	0.6723237597911227
0.6723237597911227	0.6723237597911214	0.6723237597911227
0.6723237597911227	0.6723237597911214	0.6723237597911227
0.6723237597911227	0.6723237597911214	0.6723237597911227
0.6723237597911227	0.6723237597911214	0.6723237597911227
0.6723237597911227	0.6723237597911214	0.6723237597911227
0.6723237597911227	0.6723237597911214	0.6723237597911227
0.6723237597911227	0.6723237597911214	0.6723237597911227
0.6723237597911227	0.6723237597911214	0.6723237597911227
0.6723237597911227	0.6723237597911214	0.6723237597911227
0.6723237597911227	0.6723237597911214	0.6723237597911227
0.6723237597911227	0.6723237597911214	0.6723237597911227
0.6723237597911227	0.6723237597911214	0.6723237597911227
0.6723237597911227	0.6723237597911214	0.6723237597911227
0.6723237597911227	0.6723237597911214	0.6723237597911227
0.6723237597911227	0.6723237597911214	0.6723237597911227
0.6723237597911227	0.6723237597911214	0.6723237597911227
0.6723237597911227	0.6723237597911214	0.6723237597911227
0.6723237597911227	0.6723237597911214	0.6723237597911227
0.6723237597911227	0.6723237597911214	0.6723237597911227
0.6723237597911227	0.6723237597911214	0.6723237597911227
0.6723237597911227	0.6723237597911214	0.6723237597911227
0.6723237597911227	0.6723237597911214	0.6723237597911227
0.6723237597911227	0.6723237597911214	0.6723237597911227
0.6723237597911227	0.6723237597911214	0.6723237597911227
0.6723237597911227	0.6723237597911214	0.6723237597911227
0.6723237597911227	0.6723237597911214	0.6723237597911227
0.6723237597911227	0.6723237597911214	0.6723237597911227
0.6723237597911227	0.6723237597911214	0.6723237597911227
0.6723237597911227	0.6723237597911214	0.6723237597911227
0.6723237597911227	0.6723237597911214	0.6723237597911227
0.6723237597911227	0.6723237597911214	0.6723237597911227
0.6723237597911227	0.6723237597911214	0.6723237597911227
0.6723237597911227	0.6723237597911214	0.6723237597911227
0.6723237597911227	0.6723237597911214	0.6723237597911227
0.6723237597911227	0.6723237597911214	0.6723237597911227
0.6723237597911227	0.6723237597911214	0.6723237597911227
0.6723237597911227	0.6723237597911214	0.6723237597911227
0.6723237597911227	0.6723237597911214	0.6723237597911227
0.6723237597911227	0.6723237597911214	0.6723237597911227
0.6723237597911227	0.6723237597911214	0.6723237597911227
0.6723237597911227	0.6723237597911214	0.6723237597911227
0.6723237597911227	0.6723237597911214	0.6723237597911227
0.6723237597911227	0.6723237597911214	0.6723237597911227
0.6723237597911227	0.6723237597911214	0.6723237597911227
0.6723237597911227	0.6723237597911214	0.6723237597911227
0.6723237597911227	0.6723237597911214	0.6723237597911227
0.6723237597911227	0.6723237597911214	0.6723237597911227
0.6723237597911227	0.6723237597911214	0.6723237597911227
0.6723237597911227	0.6723237597911214	0.6723237597911227
0.6723237597911227	0.6723237597911214	0.6723237597911227
0.6723237597911227	0.6723237597911214	0.6723237597911227
0.6723237597911227	0.6723237597911214	0.6723237597911227
0.6723237597911227	0.6723237597911214	0.6723237597911227
0.6723237597911227	0.6723237597911214	0.6723237597911227
0.6723237597911227	0.6723237597911214	0.6723237597911227
0.6723237597911227	0.6723237597911214	0.6723237597911227
0.6723237597911227	0.6723237597911214	0.6723237597911227
0.6723237597911227	0.6723237597911214	0.6723237597911227
0.6723237597911227	0.6723237597911214	0.6723237597911227
0.6723237597911227	0.6723237597911214	0.6723237597911227
0.6723237597911227	0.6723237597911214	0.6723237597911227
0.6723237597911227	0.6723237597911214	0.6723237597911227
0.6723237597911227	0.6723237597911214	0.6723237597911227
0.6723237597911227	0.6723237597911214	0.6723237597911227
0.6723237597911227	0.6723237597911214	0.6723237597911227
0.6723237597911227	0.6723237597911214	0.6723237597911227
0.6723237597911227	0.6723237597911214	0.6723237597911227
0.6723237597911227	0.6723237597911214	0.6723237597911227
0.6723237597911227	0.6723237597911214	0.6723237597911227
0.6723237597911227	0.6723237597911214	0.6723237597911227
0.6723237597911227	0.6723237597911214	0.6723237597911227
0.6723237597911227	0.6723237597911214	0.6723237597911227
0.6723237597911227	0.6723237597911214	0.6723237597911227
0.6723237597911227	0.6723237597911214	0.6723237597911227
0.6723237597911227	0.6723237597911214	0.6723237597911227
0.6723237597911227	0.6723237597911214	0.6723237597911227
0.6723237597911227	0.6723237597911214	0.6723237597911227
0.6723237597911227	0.6723237597911214	0.6723237597911227
0.6723237597911227	0.6723237597911214	0.6723237597911227
0.6723237597911227	0.6723237597911214	0.6723237597911227
0.6723237597911227	0.6723237597911214	0.6723237597911227
0.6723237597911227	0.6723237597911214	0.6723237597911227
0.6723237597911227	0.6723237597911214	0.6723237597911227
0.6723237597911227	0.6723237597911214	0.6723237597911227
0.6723237597911227	0.6723237597911214	0.6723237597911227
0.6723237597911227	0.6723237597911214	0.6723237597911227
0.6723237597911227	0.6723237597911214	0.6723237597911227
0.6723237597911227	0.6723237597911214	0.6723237597911227
0.6723237597911227	0.6723237597911214	0.6723237597911227
0.6723237597911227	0.6723237597911214	0.6723237597911227
0.6723237597911227	0.6723237597911214	0.6723237597911227
0.6723237597911227	0.6723237597911214	0.6723237597911227
0.6723237597911227	0.6723237597911214	0.6723237597911227
0.6723237597911227	0.6723237597911214	0.6723237597911227
0.6723237597911227	0.6723237597911214	0.6723237597911227
0.6723237597911227	0.6723237597911214	0.6723237597911227
0.6723237597911227	0.6723237597911214	0.6723237597911227
0.6723237597911227	0.6723237597911214	0.6723237597911227
0.6723237597911227	0.6723237597911214	0.6723237597911227
0.6723237597911227	0.6723237597911214	0.6723237597911227
0.6723237597911227	0.6723237597911214	0.6723237597911227
0.6723237597911227	0.6723237597911214	0.6723237597911227
0.6723237597911227	0.6723237597911214	0.6723237597911227
0.6723237597911227	0.6723237597911214	0.6723237597911227
0.6723237597911227	0.6723237597911214	0.6723237597911227
0.6723237597911227	0.6723237597911214	0.6723237597911227
0.6723237597911227	0.6723237597911214	0.6723237597911227
0.6723237597911227	0.6723237597911214	0.6723237597911227
0.6723237597911227	0.6723237597911214	0.6723237597911227
0.6723237597911227	0.6723237597911214	0.6723237597911227
0.6723237597911227	0.6723237597911214	0.6723237597911227
0.6723237597911227	0.6723237597911214	0.6723237597911227
0.6723237597911227	0.6723237597911214	0.6723237597911227
0.6723237597911227	0.6723237597911214	0.6723237597911227
0.6723237597911227	0.6723237597911214	0.6723237597911227
0.6723237597911227	0.6723237597911214	0.6723237597911227
0.6723237597911227	0.6723237597911214	0.6723237597911227
0.6723237597911227	0.6723237597911214	0.6723237597911227
0.6723237597911227	0.6723237597911214	0.6723237597911227
0.6723237597911227	0.6723237597911214	0.6723237597911227
0.6723237597911227	0.6723237597911214	0.6723237597911227
0.6723237597911227	0.6723237597911214	0.6723237597911227
0.6723237597911227	0.6723237597911214	0.6723237597911227
0.6723237597911227	0.6723237597911214	0.6723237597911227
0.6723237597911227	0.6723237597911214	0.6723237597911227
0.6723237597911227	0.6723237597911214	0.6723237597911227
0.6723237597911227	0.6723237597911214	0.6723237597911227
0.6723237597911227	0.6723237597911214	0.6723237597911227
0.6723237597911227	0.6723237597911214	0.6723237597911227
0.6723237597911227	0.6723237597911214	0.6723237597911227
0.6723237597911227	0.6723237597911214	0.6723237597911227
0.6723237597911227	0.6723237597911214	0.6723237597911227
0.6723237597911227	0.6723237597911214	0.6723237597911227
0.6723237597911227	0.6723237597911214	0.6723237597911227
0.6723237597911227	0.6723237597911214	0.6723237597911227
0.6723237597911227	0.6723237597911214	0.6723237597911227
0.6723237597911227	0.6723237597911214	0.6723237597911227
0.6723237597911227	0.6723237597911214	0.6723237597911227
0.6723237597911227	0.6723237597911214	0.6723237597911227
0.6723237597911227	0.6723237597911214	0.6723237597911227
0.6723237597911227	0.6723237597911214	0.6723237597911227
0.6723237597911227	0.6723237597911214	0.6723237597911227
0.6723237597911227	0.6723237597911214	0.6723237597911227
0.6723237597911227	0.6723237597911214	0.6723237597911227
0.6723237597911227	0.6723237597911214	0.6723237597911227
0.6723237597911227	0.6723237597911214	0.6723237597911227
0.6723237597911227	0.6723237597911214	0.6723237597911227
0.6723237597911227	0.6723237597911214	0.6723237597911227
0.6723237597911227	0.6723237597911214	0.6723237597911227
0.6723237597911227	0.6723237597911214	0.6723237597911227
0.6723237597911227	0.6723237597911214	0.6723237597911227
0.6723237597911227	0.6723237597911214	0.6723237597911227
0.6723237597911227	0.6723237597911214	0.6723237597911227
0.6723237597911227	0.6723237597911214	0.6723237597911227
0.6723237597911227	0.6723237597911214	0.6723237597911227
0.6723237597911227	0.6723237597911214	0.6723237597911227
0.6723237597911227	0.6723237597911214	0.6723237597911227
0.6723237597911227	0.6723237597911214	0.6723237597911227
0.6723237597911227	0.6723237597911214	0.6723237597911227
0.6723237597911227	0.6723237597911214	0.6723237597911227
0.6723237597911227	0.6723237597911214	0.6723237597911227
0.6723237597911227	0.6723237597911214	0.6723237597911227
0.6723237597911227	0.6723237597911214	0.6723237597911227
0.6723237597911227	0.6723237597911214	0.6723237597911227
0.6723237597911227	0.6723237597911214	0.6723237597911227
0.6723237597911227	0.6723237597911214	0.6723237597911227
0.6723237597911227	0.6723237597911214	0.6723237597911227
0.6723237597911227	0.6723237597911214	0.6723237597911227
0.6723237597911227	0.6723237597911214	0.6723237597911227
0.6723237597911227	0.6723237597911214	0.6723237597911227
0.6723237597911227	0.6723237597911214	0.6723237597911227
0.6723237597911227	0.6723237597911214	0.6723237597911227
0.6723237597911227	0.6723237597911214	0.6723237597911227
0.6723237597911227	0.6723237597911214	0.6723237597911227
0.6723237597911227	0.6723237597911214	0.6723237597911227
0.6723237597911227	0.6723237597911214	0.6723237597911227
0.6723237597911227	0.6723237597911214	0.6723237597911227
0.6723237597911227	0.6723237597911214	0.6723237597911227
0.6723237597911227	0.6723237597911214	0.6723237597911227
0.6723237597911227	0.6723237597911214	0.6723237597911227
0.6723237597911227	0.6723237597911214	0.6723237597911227
0.6723237597911227	0.6723237597911214	0.6723237597911227
0.6723237597911227	0.6723237597911214	0.6723237597911227
0.6723237597911227	0.6723237597911214	0.6723237597911227
0.6723237597911227	0.6723237597911214	0.6723237597911227
0.6723237597911227	0.6723237597911214	0.6723237597911227
0.6723237597911227	0.6723237597911214	0.6723237597911227
0.6723237597911227	0.6723237597911214	0.6723237597911227
0.6723237597911227	0.6723237597911214	0.6723237597911227
0.6723237597911227	0.6723237597911214	0.6723237597911227
0.6723237597911227	0.6723237597911214	0.6723237597911227
0.6723237597911227	0.6723237597911214	0.6723237597911227
0.6723237597911227	0.6723237597911214	0.6723237597911227
0.6723237597911227	0.6723237597911214	0.6723237597911227
0.6723237597911227	0.6723237597911214	0.6723237597911227
0.6723237597911227	0.6723237597911214	0.6723237597911227
0.6723237597911227	0.6723237597911214	0.6723237597911227
0.6723237597911227	0.6723237597911214	0.6723237597911227
0.6723237597911227	0.6723237597911214	0.6723237597911227
0.6723237597911227	0.6723237597911214	0.6723237597911227
0.6723237597911227	0.6723237597911214	0.6723237597911227
0.6723237597911227	0.6723237597911214	0.6723237597911227
0.6723237597911227	0.6723237597911214	0.6723237597911227
0.6723237597911227	0.6723237597911214	0.6723237597911227
0.6723237597911227	0.6723237597911214	0.6723237597911227
0.6723237597911227	0.6723237597911214	0.6723237597911227
0.6723237597911227	0.6723237597911214	0.6723237597911227
0.6723237597911227	0.6723237597911214	0.6723237597911227
0.6723237597911227	0.6723237597911214	0.6723237597911227
0.6723237597911227	0.6723237597911214	0.6723237597911227
0.6723237597911227	0.6723237597911214	0.6723237597911227
0.6723237597911227	0.6723237597911214	0.6723237597911227
0.6723237597911227	0.6723237597911214	0.6723237597911227
0.6723237597911227	0.6723237597911214	0.6723237597911227
0.6723237597911227	0.6723237597911214	0.6723237597911227
0.6723237597911227	0.6723237597911214	0.6723237597911227
0.6723237597911227	0.6723237597911214	0.6723237597911227
0.6723237597911227	0.6723237597911214	0.6723237597911227
0.6723237597911227	0.6723237597911214	0.6723237597911227
0.6723237597911227	0.6723237597911214	0.6723237597911227
0.6723237597911227	0.6723237597911214	0.6723237597911227
0.6723237597911227	0.6723237597911214	0.6723237597911227
0.6723237597911227	0.6723237597911214	0.6723237597911227
0.6723237597911227	0.6723237597911214	0.6723237597911227
0.6723237597911227	0.6723237597911214	0.6723237597911227
0.6723237597911227	0.6723237597911214	0.6723237597911227
0.6723237597911227	0.6723237597911214	0.6723237597911227
0.6723237597911227	0.6723237597911214	0.6723237597911227
0.6723237597911227	0.6723237597911214	0.6723237597911227
0.6723237597911227	0.6723237597911214	0.6723237597911227
0.6723237597911227	0.6723237597911214	0.6723237597911227
0.6723237597911227	0.6723107049608342	0.6710182767624021
0.6723237597911227	0.6723237597911214	0.6723237597911227
0.6723237597911227	0.6723237597911214	0.6723237597911227
0.6723237597911227	0.6723237597911214	0.6723237597911227
0.6723237597911227	0.6723237597911214	0.6723237597911227
0.6723237597911227	0.6723237597911214	0.6723237597911227
0.6723237597911227	0.6723237597911214	0.6723237597911227
0.6723237597911227	0.6723237597911214	0.6723237597911227
0.6723237597911227	0.6723237597911214	0.6723237597911227
0.6723237597911227	0.6723237597911214	0.6723237597911227
0.6723237597911227	0.6723237597911214	0.6723237597911227
0.6723237597911227	0.6723237597911214	0.6723237597911227
0.6723237597911227	0.6723237597911214	0.6723237597911227
0.6723237597911227	0.6723237597911214	0.6723237597911227
0.6723237597911227	0.6723237597911214	0.6723237597911227
0.6723237597911227	0.6723237597911214	0.6723237597911227
0.6723237597911227	0.6723237597911214	0.6723237597911227
0.6723237597911227	0.6723237597911214	0.6723237597911227
0.6723237597911227	0.6723237597911214	0.6723237597911227
0.6723237597911227	0.6723237597911214	0.6723237597911227
0.6723237597911227	0.6723237597911214	0.6723237597911227
0.6723237597911227	0.6723237597911214	0.6723237597911227
0.6723237597911227	0.6723237597911214	0.6723237597911227
0.6723237597911227	0.6723237597911214	0.6723237597911227
0.6723237597911227	0.6723237597911214	0.6723237597911227
0.6723237597911227	0.6723237597911214	0.6723237597911227
0.6723237597911227	0.6723237597911214	0.6723237597911227
0.6723237597911227	0.6723237597911214	0.6723237597911227
0.6723237597911227	0.6723237597911214	0.6723237597911227
0.6723237597911227	0.6723237597911214	0.6723237597911227
0.6723237597911227	0.6723237597911214	0.6723237597911227
0.6723237597911227	0.6723237597911214	0.6723237597911227
0.6723237597911227	0.6723237597911214	0.6723237597911227
0.6723237597911227	0.6723237597911214	0.6723237597911227
0.6723237597911227	0.6723237597911214	0.6723237597911227
0.6723237597911227	0.6723237597911214	0.6723237597911227
0.6723237597911227	0.6723237597911214	0.6723237597911227
0.6723237597911227	0.6723237597911214	0.6723237597911227
0.6723237597911227	0.6723237597911214	0.6723237597911227
0.6723237597911227	0.6723237597911214	0.6723237597911227
0.6723237597911227	0.6723237597911214	0.6723237597911227
0.6723237597911227	0.6723237597911214	0.6723237597911227
0.6723237597911227	0.6723237597911214	0.6723237597911227
0.6723237597911227	0.6723237597911214	0.6723237597911227
0.6723237597911227	0.6723237597911214	0.6723237597911227
0.6723237597911227	0.6723237597911214	0.6723237597911227
0.6723237597911227	0.6723237597911214	0.6723237597911227
0.6723237597911227	0.6723237597911214	0.6723237597911227
0.6723237597911227	0.6723237597911214	0.6723237597911227
0.6723237597911227	0.6723237597911214	0.6723237597911227
0.6723237597911227	0.6723237597911214	0.6723237597911227
0.6723237597911227	0.6723237597911214	0.6723237597911227
0.6723237597911227	0.6723237597911214	0.6723237597911227
0.6723237597911227	0.6723237597911214	0.6723237597911227
0.6723237597911227	0.6723237597911214	0.6723237597911227
0.6723237597911227	0.6723237597911214	0.6723237597911227
0.6723237597911227	0.6723237597911214	0.6723237597911227
0.6723237597911227	0.6723237597911214	0.6723237597911227
0.6723237597911227	0.6723237597911214	0.6723237597911227
0.6723237597911227	0.6723237597911214	0.6723237597911227
0.6723237597911227	0.6723237597911214	0.6723237597911227
0.6723237597911227	0.6723237597911214	0.6723237597911227
0.6723237597911227	0.6723237597911214	0.6723237597911227
0.6723237597911227	0.6723237597911214	0.6723237597911227
0.6723237597911227	0.6723237597911214	0.6723237597911227
0.6723237597911227	0.6723237597911214	0.6723237597911227
0.6723237597911227	0.6723237597911214	0.6723237597911227
0.6723237597911227	0.6723237597911214	0.6723237597911227
0.6723237597911227	0.6723237597911214	0.6723237597911227
0.6723237597911227	0.6723237597911214	0.6723237597911227
0.6723237597911227	0.6723237597911214	0.6723237597911227
0.6723237597911227	0.6723237597911214	0.6723237597911227
0.6723237597911227	0.6723237597911214	0.6723237597911227
0.6723237597911227	0.6723237597911214	0.6723237597911227
0.6723237597911227	0.6723237597911214	0.6723237597911227
0.6723237597911227	0.6723237597911214	0.6723237597911227
0.6723237597911227	0.6723237597911214	0.6723237597911227
0.6723237597911227	0.6723237597911214	0.6723237597911227
0.6723237597911227	0.6723237597911214	0.6723237597911227
0.6723237597911227	0.6723237597911214	0.6723237597911227
0.6723237597911227	0.6723237597911214	0.6723237597911227
0.6723237597911227	0.6723237597911214	0.6723237597911227
0.6723237597911227	0.6723237597911214	0.6723237597911227
0.6723237597911227	0.6723237597911214	0.6723237597911227
0.6723237597911227	0.6723237597911214	0.6723237597911227
0.6723237597911227	0.6723237597911214	0.6723237597911227
0.6723237597911227	0.6723237597911214	0.6723237597911227
0.6723237597911227	0.6723237597911214	0.6723237597911227
0.6723237597911227	0.6723237597911214	0.6723237597911227
0.6723237597911227	0.6723237597911214	0.6723237597911227
0.6723237597911227	0.6723237597911214	0.6723237597911227
0.6723237597911227	0.6723237597911214	0.6723237597911227
0.6723237597911227	0.6723237597911214	0.6723237597911227
0.6723237597911227	0.6723237597911214	0.6723237597911227
0.6723237597911227	0.6723237597911214	0.6723237597911227
0.6723237597911227	0.6723237597911214	0.6723237597911227
0.6723237597911227	0.6723237597911214	0.6723237597911227
0.6723237597911227	0.6723237597911214	0.6723237597911227
0.6723237597911227	0.6723237597911214	0.6723237597911227
0.6723237597911227	0.6723237597911214	0.6723237597911227
0.6723237597911227	0.6723237597911214	0.6723237597911227
0.6723237597911227	0.6723237597911214	0.6723237597911227
0.6723237597911227	0.6723237597911214	0.6723237597911227
0.6723237597911227	0.6723237597911214	0.6723237597911227
0.6723237597911227	0.6723237597911214	0.6723237597911227
0.6723237597911227	0.6723237597911214	0.6723237597911227
0.6723237597911227	0.6723237597911214	0.6723237597911227
0.6723237597911227	0.6723237597911214	0.6723237597911227
0.6723237597911227	0.6723237597911214	0.6723237597911227
0.6723237597911227	0.6723237597911214	0.6723237597911227
0.6723237597911227	0.6723237597911214	0.6723237597911227
0.6723237597911227	0.6723237597911214	0.6723237597911227
0.6723237597911227	0.6723237597911214	0.6723237597911227
0.6723237597911227	0.6723237597911214	0.6723237597911227
0.6723237597911227	0.6723237597911214	0.6723237597911227
0.6723237597911227	0.6723237597911214	0.6723237597911227
0.6723237597911227	0.6723237597911214	0.6723237597911227
0.6723237597911227	0.6723237597911214	0.6723237597911227
0.6723237597911227	0.6723237597911214	0.6723237597911227
0.6723237597911227	0.6723237597911214	0.6723237597911227
0.6723237597911227	0.6723237597911214	0.6723237597911227
0.6723237597911227	0.6723237597911214	0.6723237597911227
0.6723237597911227	0.6723237597911214	0.6723237597911227
0.6723237597911227	0.6723237597911214	0.6723237597911227
0.6723237597911227	0.6723237597911214	0.6723237597911227
0.6723237597911227	0.6723237597911214	0.6723237597911227
0.6723237597911227	0.6723237597911214	0.6723237597911227
0.6723237597911227	0.6723237597911214	0.6723237597911227
0.6723237597911227	0.6723237597911214	0.6723237597911227
0.6723237597911227	0.6723237597911214	0.6723237597911227
0.6723237597911227	0.6723237597911214	0.6723237597911227
0.6723237597911227	0.6723237597911214	0.6723237597911227
0.6723237597911227	0.6723237597911214	0.6723237597911227
0.6723237597911227	0.6723237597911214	0.6723237597911227
0.6723237597911227	0.6723237597911214	0.6723237597911227
0.6723237597911227	0.6723237597911214	0.6723237597911227
0.6723237597911227	0.6723237597911214	0.6723237597911227
0.6723237597911227	0.6723237597911214	0.6723237597911227
0.6723237597911227	0.6723237597911214	0.6723237597911227
0.6723237597911227	0.6723237597911214	0.6723237597911227
0.6723237597911227	0.6723237597911214	0.6723237597911227
0.6723237597911227	0.6723237597911214	0.6723237597911227
0.6723237597911227	0.6723237597911214	0.6723237597911227
0.6723237597911227	0.6723237597911214	0.6723237597911227
0.6723237597911227	0.6723237597911214	0.6723237597911227
0.6723237597911227	0.6723237597911214	0.6723237597911227
0.6723237597911227	0.6723237597911214	0.6723237597911227
0.6723237597911227	0.6723237597911214	0.6723237597911227
0.6723237597911227	0.6723237597911214	0.6723237597911227
0.6723237597911227	0.6723237597911214	0.6723237597911227
0.6723237597911227	0.6723237597911214	0.6723237597911227
0.6723237597911227	0.6723237597911214	0.6723237597911227
0.6723237597911227	0.6723237597911214	0.6723237597911227
0.6723237597911227	0.6723237597911214	0.6723237597911227
0.6723237597911227	0.6723237597911214	0.6723237597911227
0.6723237597911227	0.6723237597911214	0.6723237597911227
0.6723237597911227	0.6723237597911214	0.6723237597911227
0.6723237597911227	0.6723237597911214	0.6723237597911227
0.6723237597911227	0.6723237597911214	0.6723237597911227
0.6723237597911227	0.6723237597911214	0.6723237597911227
0.6723237597911227	0.6723237597911214	0.6723237597911227
0.6723237597911227	0.6723237597911214	0.6723237597911227
0.6723237597911227	0.6723237597911214	0.6723237597911227
0.6723237597911227	0.6723237597911214	0.6723237597911227
0.6723237597911227	0.6723237597911214	0.6723237597911227
0.6723237597911227	0.6723237597911214	0.6723237597911227
0.6723237597911227	0.6723237597911214	0.6723237597911227
0.6723237597911227	0.6723237597911214	0.6723237597911227
0.6723237597911227	0.6723237597911214	0.6723237597911227
0.6723237597911227	0.6723237597911214	0.6723237597911227
0.6723237597911227	0.6723237597911214	0.6723237597911227
0.6723237597911227	0.6723237597911214	0.6723237597911227
0.6723237597911227	0.6723237597911214	0.6723237597911227
0.6723237597911227	0.6723237597911214	0.6723237597911227
0.6723237597911227	0.6723237597911214	0.6723237597911227
0.6723237597911227	0.6723237597911214	0.6723237597911227
0.6723237597911227	0.6723237597911214	0.6723237597911227
0.6723237597911227	0.6723237597911214	0.6723237597911227
0.6723237597911227	0.6723237597911214	0.6723237597911227
0.6723237597911227	0.6723237597911214	0.6723237597911227
0.6723237597911227	0.6723237597911214	0.6723237597911227
0.6723237597911227	0.6723237597911214	0.6723237597911227
0.6723237597911227	0.6723237597911214	0.6723237597911227
0.6723237597911227	0.6723237597911214	0.6723237597911227
0.6723237597911227	0.6723237597911214	0.6723237597911227
0.6723237597911227	0.6723237597911214	0.6723237597911227
0.6723237597911227	0.6723237597911214	0.6723237597911227
0.6723237597911227	0.6723237597911214	0.6723237597911227
0.6723237597911227	0.6723237597911214	0.6723237597911227
0.6723237597911227	0.6723237597911214	0.6723237597911227
0.6723237597911227	0.6723237597911214	0.6723237597911227
0.6723237597911227	0.6723237597911214	0.6723237597911227
0.6723237597911227	0.6723237597911214	0.6723237597911227
0.6723237597911227	0.6723237597911214	0.6723237597911227
0.6723237597911227	0.6723237597911214	0.6723237597911227
0.6723237597911227	0.6723237597911214	0.6723237597911227
0.6723237597911227	0.6712532637075703	0.5652741514360313
0.6723237597911227	0.6701827676240195	0.5652741514360313
0.6723237597911227	0.6648302872062649	0.5652741514360313
0.6723237597911227	0.6712532637075703	0.5652741514360313
0.6723237597911227	0.6723237597911214	0.6723237597911227
0.6723237597911227	0.6723237597911214	0.6723237597911227
0.6723237597911227	0.6723237597911214	0.6723237597911227
0.6723237597911227	0.6723237597911214	0.6723237597911227
0.6723237597911227	0.6723237597911214	0.6723237597911227
0.6723237597911227	0.6723237597911214	0.6723237597911227
0.6723237597911227	0.6723237597911214	0.6723237597911227
0.6723237597911227	0.6723237597911214	0.6723237597911227
0.6723237597911227	0.6723237597911214	0.6723237597911227
0.6723237597911227	0.6723237597911214	0.6723237597911227
0.6723237597911227	0.6723237597911214	0.6723237597911227
0.6723237597911227	0.6723237597911214	0.6723237597911227
0.6723237597911227	0.6723237597911214	0.6723237597911227
0.6723237597911227	0.6723237597911214	0.6723237597911227
0.6723237597911227	0.6723237597911214	0.6723237597911227
0.6723237597911227	0.6723237597911214	0.6723237597911227
0.6723237597911227	0.6723237597911214	0.6723237597911227
0.6723237597911227	0.6723237597911214	0.6723237597911227
0.6723237597911227	0.6723237597911214	0.6723237597911227
0.6723237597911227	0.6723237597911214	0.6723237597911227
0.6723237597911227	0.6723237597911214	0.6723237597911227
0.6723237597911227	0.6723237597911214	0.6723237597911227
0.6723237597911227	0.6723237597911214	0.6723237597911227
0.6723237597911227	0.6723237597911214	0.6723237597911227
0.6723237597911227	0.6723237597911214	0.6723237597911227
0.6723237597911227	0.6723237597911214	0.6723237597911227
0.6723237597911227	0.6723237597911214	0.6723237597911227
0.6723237597911227	0.6723237597911214	0.6723237597911227
0.6723237597911227	0.6723237597911214	0.6723237597911227
0.6723237597911227	0.6723237597911214	0.6723237597911227
0.6723237597911227	0.6723237597911214	0.6723237597911227
0.6723237597911227	0.6723237597911214	0.6723237597911227
0.6723237597911227	0.6723237597911214	0.6723237597911227
0.6723237597911227	0.6723237597911214	0.6723237597911227
0.6723237597911227	0.6723237597911214	0.6723237597911227
0.6723237597911227	0.6723237597911214	0.6723237597911227
0.6723237597911227	0.6723237597911214	0.6723237597911227
0.6723237597911227	0.6723237597911214	0.6723237597911227
0.6723237597911227	0.6723237597911214	0.6723237597911227
0.6723237597911227	0.6723237597911214	0.6723237597911227
0.6723237597911227	0.6723237597911214	0.6723237597911227
0.6723237597911227	0.6723237597911214	0.6723237597911227
0.6723237597911227	0.6723237597911214	0.6723237597911227
0.6723237597911227	0.6723237597911214	0.6723237597911227
0.6723237597911227	0.6723237597911214	0.6723237597911227
0.6723237597911227	0.6723237597911214	0.6723237597911227
0.6723237597911227	0.6723237597911214	0.6723237597911227
0.6723237597911227	0.6723237597911214	0.6723237597911227
0.6723237597911227	0.6723237597911214	0.6723237597911227
0.6723237597911227	0.6723237597911214	0.6723237597911227
0.6723237597911227	0.6723237597911214	0.6723237597911227
0.6723237597911227	0.6723368146214085	0.6723237597911227
0.6736292428198434	0.6723498694516958	0.6723237597911227
0.6736292428198434	0.672362924281983	0.6723237597911227
0.6736292428198434	0.6723890339425574	0.6723237597911227
0.6736292428198434	0.6723890339425574	0.6723237597911227
0.6736292428198434	0.6723890339425574	0.6723237597911227
0.6736292428198434	0.6724412532637062	0.6723237597911227
0.6736292428198434	0.672428198433419	0.6723237597911227
0.6736292428198434	0.6724934725848551	0.6723237597911227
0.6736292428198434	0.6725848563968657	0.6723237597911227
0.6736292428198434	0.6726370757180143	0.6723237597911227
0.6736292428198434	0.6727284595300249	0.6723237597911227
0.6736292428198434	0.6727676240208867	0.6723237597911227
0.6736292428198434	0.6727676240208865	0.6723237597911227
0.6736292428198434	0.672806788511748	0.6723237597911227
0.6736292428198434	0.6727023498694505	0.6723237597911227
0.6736292428198434	0.6727676240208865	0.6723237597911227
0.6736292428198434	0.6727806788511738	0.6723237597911227
0.6736292428198434	0.6728328981723227	0.6723237597911227
0.6736292428198434	0.6728459530026101	0.6723237597911227
0.6736292428198434	0.6727676240208865	0.6723237597911227
0.6736292428198434	0.672728459530025	0.6723237597911227
0.6736292428198434	0.6726892950391634	0.6723237597911227
0.6736292428198434	0.6727023498694504	0.6723237597911227
0.6736292428198434	0.6729112271540459	0.6723237597911227
0.6736292428198434	0.6730417754569182	0.6723237597911227
0.6736292428198434	0.6732114882506518	0.6723237597911227
0.6736292428198434	0.6732898172323751	0.6723237597911227
0.6736292428198434	0.673276762402088	0.6723237597911227
0.6736292428198434	0.6733420365535239	0.6723237597911227
0.6736292428198434	0.6733028720626625	0.6723237597911227
0.6736292428198434	0.673394255874673	0.6723237597911227
0.6736292428198434	0.6734073107049601	0.6723237597911227
0.6736292428198434	0.6735117493472578	0.6723237597911227
0.6736292428198434	0.6735117493472578	0.6723237597911227
0.6736292428198434	0.6735117493472577	0.6723237597911227
0.6736292428198434	0.6735378590078323	0.6723237597911227
0.6736292428198434	0.6734856396866833	0.6723237597911227
0.6736292428198434	0.673524804177545	0.6723237597911227
0.6736292428198434	0.6735248041775449	0.6723237597911227
0.6736292428198434	0.6734856396866833	0.6723237597911227
0.6736292428198434	0.6735378590078323	0.6723237597911227
0.6736292428198434	0.6734986945169704	0.6723237597911227
0.6736292428198434	0.673472584856396	0.6723237597911227
0.6736292428198434	0.673590078328981	0.6723237597911227
0.6736292428198434	0.6735770234986939	0.6723237597911227
0.6736292428198434	0.6735639686684065	0.6723237597911227
0.6736292428198434	0.6735509138381193	0.6723237597911227
0.6736292428198434	0.6735117493472578	0.6723237597911227
0.6736292428198434	0.6735378590078323	0.6723237597911227
0.6736292428198434	0.6735248041775449	0.6723237597911227
0.6736292428198434	0.673459530026109	0.6723237597911227
0.6736292428198434	0.6734856396866833	0.6723237597911227
0.6736292428198434	0.6733681462140985	0.6723237597911227
0.6736292428198434	0.6734725848563962	0.6723237597911227
0.6736292428198434	0.6734986945169704	0.6723237597911227
0.6736292428198434	0.6734203655352473	0.6723237597911227
0.6736292428198434	0.6733812010443856	0.6723237597911227
0.6736292428198434	0.6733550913838111	0.6723237597911227
0.6736292428198434	0.673459530026109	0.6723237597911227
0.6736292428198434	0.6735117493472577	0.6723237597911227
0.6736292428198434	0.6735639686684067	0.6723237597911227
0.6736292428198434	0.673590078328981	0.6723237597911227
0.6736292428198434	0.6735509138381194	0.6723237597911227
0.6736292428198434	0.6735509138381194	0.6723237597911227
0.6736292428198434	0.6735770234986939	0.6723237597911227
0.6736292428198434	0.673590078328981	0.6723237597911227
0.6736292428198434	0.6735639686684065	0.6723237597911227
0.6736292428198434	0.6736161879895555	0.6723237597911227
0.6736292428198434	0.6736292428198426	0.6736292428198434
0.6736292428198434	0.6736292428198426	0.6736292428198434
0.6736292428198434	0.6736292428198426	0.6736292428198434
0.6736292428198434	0.6736292428198426	0.6736292428198434
0.6736292428198434	0.6736292428198426	0.6736292428198434
0.6736292428198434	0.6736292428198426	0.6736292428198434
0.6736292428198434	0.6736292428198426	0.6736292428198434
0.6736292428198434	0.6736292428198426	0.6736292428198434
0.6736292428198434	0.6736292428198426	0.6736292428198434
0.6736292428198434	0.6736292428198426	0.6736292428198434
0.6736292428198434	0.6736292428198426	0.6736292428198434
0.6736292428198434	0.6736292428198426	0.6736292428198434
0.6736292428198434	0.6736292428198426	0.6736292428198434
0.6736292428198434	0.6736292428198426	0.6736292428198434
0.6736292428198434	0.6736292428198426	0.6736292428198434
0.6736292428198434	0.6736292428198426	0.6736292428198434
0.6736292428198434	0.6736292428198426	0.6736292428198434
0.6736292428198434	0.6736292428198426	0.6736292428198434
0.6736292428198434	0.6736292428198426	0.6736292428198434
0.6736292428198434	0.6736292428198426	0.6736292428198434
0.6736292428198434	0.6736292428198426	0.6736292428198434
0.6736292428198434	0.6736292428198426	0.6736292428198434
0.6736292428198434	0.6736292428198426	0.6736292428198434
0.6736292428198434	0.6736292428198426	0.6736292428198434
0.6736292428198434	0.6736292428198426	0.6736292428198434
0.6736292428198434	0.6736292428198426	0.6736292428198434
0.6736292428198434	0.6736292428198426	0.6736292428198434
0.6736292428198434	0.6736292428198426	0.6736292428198434
0.6736292428198434	0.6736292428198426	0.6736292428198434
0.6736292428198434	0.6736292428198426	0.6736292428198434
0.6736292428198434	0.6736161879895555	0.6723237597911227
0.6736292428198434	0.6736292428198426	0.6736292428198434
0.6736292428198434	0.6736292428198426	0.6736292428198434
0.6736292428198434	0.6736292428198426	0.6736292428198434
0.6736292428198434	0.6736292428198426	0.6736292428198434
0.6736292428198434	0.6736292428198426	0.6736292428198434
0.6736292428198434	0.6736292428198426	0.6736292428198434
0.6736292428198434	0.6736292428198426	0.6736292428198434
0.6736292428198434	0.6736292428198426	0.6736292428198434
0.6736292428198434	0.6736292428198426	0.6736292428198434
0.6736292428198434	0.6736292428198426	0.6736292428198434
0.6736292428198434	0.6736292428198426	0.6736292428198434
0.6736292428198434	0.6736292428198426	0.6736292428198434
0.6736292428198434	0.6736292428198426	0.6736292428198434
0.6736292428198434	0.6736292428198426	0.6736292428198434
0.6736292428198434	0.6736292428198426	0.6736292428198434
0.6736292428198434	0.6736292428198426	0.6736292428198434
0.6736292428198434	0.6736292428198426	0.6736292428198434
0.6736292428198434	0.6736292428198426	0.6736292428198434
0.6736292428198434	0.6736292428198426	0.6736292428198434
0.6736292428198434	0.6736292428198426	0.6736292428198434
0.6736292428198434	0.6736292428198426	0.6736292428198434
0.6736292428198434	0.6736292428198426	0.6736292428198434
0.6736292428198434	0.6736292428198426	0.6736292428198434
0.6736292428198434	0.6736292428198426	0.6736292428198434
0.6736292428198434	0.6736292428198426	0.6736292428198434
0.6736292428198434	0.6736292428198426	0.6736292428198434
0.6736292428198434	0.6736292428198426	0.6736292428198434
0.6736292428198434	0.6736292428198426	0.6736292428198434
0.6736292428198434	0.6736292428198426	0.6736292428198434
0.6736292428198434	0.6736292428198426	0.6736292428198434
0.6736292428198434	0.6736292428198426	0.6736292428198434
0.6736292428198434	0.6736292428198426	0.6736292428198434
0.6736292428198434	0.6736292428198426	0.6736292428198434
0.6736292428198434	0.6736292428198426	0.6736292428198434
0.6736292428198434	0.6736292428198426	0.6736292428198434
0.6736292428198434	0.6736292428198426	0.6736292428198434
0.6736292428198434	0.6736292428198426	0.6736292428198434
0.6736292428198434	0.6736292428198426	0.6736292428198434
0.6736292428198434	0.6736292428198426	0.6736292428198434
0.6736292428198434	0.6736292428198426	0.6736292428198434
0.6736292428198434	0.6736292428198426	0.6736292428198434
0.6736292428198434	0.6736292428198426	0.6736292428198434
0.6736292428198434	0.6736292428198426	0.6736292428198434
0.6736292428198434	0.6736292428198426	0.6736292428198434
0.6736292428198434	0.6736292428198426	0.6736292428198434
0.6736292428198434	0.6736292428198426	0.6736292428198434
0.6736292428198434	0.6736292428198426	0.6736292428198434
0.6736292428198434	0.6736292428198426	0.6736292428198434
0.6736292428198434	0.6736292428198426	0.6736292428198434
0.6736292428198434	0.6736292428198426	0.6736292428198434
0.6736292428198434	0.6736292428198426	0.6736292428198434
0.6736292428198434	0.6736292428198426	0.6736292428198434
0.6736292428198434	0.6736292428198426	0.6736292428198434
0.6736292428198434	0.6736292428198426	0.6736292428198434
0.6736292428198434	0.6736292428198426	0.6736292428198434
0.6736292428198434	0.6736292428198426	0.6736292428198434
0.6736292428198434	0.6736292428198426	0.6736292428198434
0.6736292428198434	0.6736292428198426	0.6736292428198434
0.6736292428198434	0.6736292428198426	0.6736292428198434
0.6736292428198434	0.6736292428198426	0.6736292428198434
0.6736292428198434	0.6736292428198426	0.6736292428198434
0.6736292428198434	0.6736292428198426	0.6736292428198434
0.6736292428198434	0.6736292428198426	0.6736292428198434
0.6736292428198434	0.6736292428198426	0.6736292428198434
0.6736292428198434	0.6736292428198426	0.6736292428198434
0.6736292428198434	0.6736292428198426	0.6736292428198434
0.6736292428198434	0.6736292428198426	0.6736292428198434
0.6736292428198434	0.6736292428198426	0.6736292428198434
0.6736292428198434	0.6736292428198426	0.6736292428198434
0.6736292428198434	0.6736292428198426	0.6736292428198434
0.6736292428198434	0.6736292428198426	0.6736292428198434
0.6736292428198434	0.6736292428198426	0.6736292428198434
0.6736292428198434	0.6736292428198426	0.6736292428198434
0.6736292428198434	0.6736292428198426	0.6736292428198434
0.6736292428198434	0.6736292428198426	0.6736292428198434
0.6736292428198434	0.6736292428198426	0.6736292428198434
0.6736292428198434	0.6736292428198426	0.6736292428198434
0.6736292428198434	0.6736292428198426	0.6736292428198434
0.6736292428198434	0.6736292428198426	0.6736292428198434
0.6736292428198434	0.6736292428198426	0.6736292428198434
0.6736292428198434	0.6736292428198426	0.6736292428198434
0.6736292428198434	0.6736292428198426	0.6736292428198434
0.6736292428198434	0.6736292428198426	0.6736292428198434
0.6736292428198434	0.6736292428198426	0.6736292428198434
0.6736292428198434	0.6736292428198426	0.6736292428198434
0.6736292428198434	0.6736292428198426	0.6736292428198434
0.6736292428198434	0.6736292428198426	0.6736292428198434
0.6736292428198434	0.6736292428198426	0.6736292428198434
0.6736292428198434	0.6736292428198426	0.6736292428198434
0.6736292428198434	0.6736292428198426	0.6736292428198434
0.6736292428198434	0.6736292428198426	0.6736292428198434
0.6736292428198434	0.6736292428198426	0.6736292428198434
0.6736292428198434	0.6736292428198426	0.6736292428198434
0.6736292428198434	0.6736292428198426	0.6736292428198434
0.6736292428198434	0.6736292428198426	0.6736292428198434
0.6736292428198434	0.6736292428198426	0.6736292428198434
0.6736292428198434	0.6736292428198426	0.6736292428198434
0.6736292428198434	0.6736161879895555	0.6723237597911227
0.6736292428198434	0.6736292428198426	0.6736292428198434
0.6736292428198434	0.6736292428198426	0.6736292428198434
0.6736292428198434	0.6736292428198426	0.6736292428198434
0.6736292428198434	0.6736292428198426	0.6736292428198434
0.6736292428198434	0.6736292428198426	0.6736292428198434
0.6736292428198434	0.6736292428198426	0.6736292428198434
0.6736292428198434	0.6736292428198426	0.6736292428198434
0.6736292428198434	0.6736292428198426	0.6736292428198434
0.6736292428198434	0.6736292428198426	0.6736292428198434
0.6736292428198434	0.6736292428198426	0.6736292428198434
0.6736292428198434	0.6736292428198426	0.6736292428198434
0.6736292428198434	0.6736292428198426	0.6736292428198434
0.6736292428198434	0.6736292428198426	0.6736292428198434
0.6736292428198434	0.6736292428198426	0.6736292428198434
0.6736292428198434	0.6736292428198426	0.6736292428198434
0.6736292428198434	0.6736292428198426	0.6736292428198434
