0.5091383812010444	0.2914960835509137	0.17232375979112272
0.5091383812010444	0.30434986945169756	0.16449086161879894
0.5091383812010444	0.3201279373368144	0.15535248041775457
0.5091383812010444	0.33344386422976535	0.14490861618798956
0.5104438642297651	0.3431879895561356	0.19451697127937337
0.5339425587467362	0.35217232375979124	0.17754569190600522
0.5443864229765013	0.36318276762402063	0.2010443864229765
0.5861618798955613	0.3693550913838117	0.17885117493472585
0.643603133159269	0.3772402088772847	0.1422976501305483
0.643603133159269	0.39061879895561413	0.21801566579634465
0.6618798955613577	0.3940496083550914	0.20234986945169714
0.6736292428198434	0.40782506527415124	0.2010443864229765
0.6736292428198434	0.42505744125326345	0.2206266318537859
0.7114882506527415	0.42694255874673653	0.18276762402088773
0.7114882506527415	0.44876501305482985	0.18407310704960836
0.7114882506527415	0.46403394255874697	0.21409921671018275
0.7127937336814621	0.47905221932114905	0.20887728459530025
0.7467362924281984	0.5068328981723238	0.24281984334203655
0.7467362924281984	0.5275953002610968	0.24804177545691905
0.7467362924281984	0.5639086161879896	0.26109660574412535
0.7728459530026109	0.5800522193211481	0.27154046997389036
0.8067885117493473	0.5913864229765012	0.30548302872062666
0.8067885117493473	0.6092793733681462	0.2924281984334204
0.8067885117493473	0.6348381201044384	0.36945169712793735
0.8067885117493473	0.6515456919060052	0.32114882506527415
0.8067885117493473	0.6540704960835503	0.3472584856396867
0.8067885117493473	0.6711044386422975	0.34073107049608353
0.8107049608355091	0.6853263707571805	0.34073107049608353
0.8107049608355091	0.6971357702349874	0.33159268929503916
0.8159268929503917	0.7113368146214094	0.33159268929503916
0.8159268929503917	0.7206945169712791	0.40600522193211486
0.8159268929503917	0.7326631853785895	0.5691906005221932
0.8159268929503917	0.7355274151436038	0.5404699738903395
0.8159268929503917	0.7390652741514363	0.5195822454308094
0.8159268929503917	0.7545143603133161	0.556135770234987
0.8159268929503917	0.7606109660574415	0.5835509138381201
0.8185378590078329	0.764313315926893	0.6109660574412533
0.8211488250652742	0.7694986945169718	0.5953002610966057
0.8211488250652742	0.7698172323759795	0.5887728459530026
0.8211488250652742	0.7723185378590086	0.587467362924282
0.825065274151436	0.7791436031331601	0.618798955613577
0.825065274151436	0.7847885117493482	0.6671018276762402
0.8263707571801566	0.7860208877284597	0.6775456919060052
0.8263707571801566	0.7895744125326368	0.6697127937336814
0.8263707571801566	0.7933446475195829	0.7010443864229765
0.8263707571801566	0.7947702349869454	0.695822454308094
0.8289817232375979	0.7961122715404699	0.7010443864229765
0.8289817232375979	0.7969973890339427	0.7010443864229765
0.8289817232375979	0.7985117493472582	0.716710182767624
0.8289817232375979	0.8020678851174934	0.720626631853786
0.8289817232375979	0.8029268929503915	0.720626631853786
0.8302872062663186	0.8032663185378596	0.7101827676240209
0.8302872062663186	0.802655352480418	0.720626631853786
0.8315926892950392	0.8022532637075732	0.6906005221932114
0.8328981723237598	0.8034438642297649	0.6945169712793734
0.8328981723237598	0.8044412532637074	0.7101827676240209
0.8328981723237598	0.8059268929503918	0.6997389033942559
0.8328981723237598	0.80533681462141	0.6997389033942559
0.8328981723237598	0.8060861618798952	0.6997389033942559
0.8328981723237598	0.8089921671018268	0.685378590078329
0.8342036553524804	0.8110757180156658	0.685378590078329
0.8342036553524804	0.8153550913838126	0.720626631853786
0.8342036553524804	0.8167519582245427	0.737597911227154
0.8342036553524804	0.8169999999999992	0.7402088772845953
0.8342036553524804	0.8174986945169699	0.716710182767624
0.8342036553524804	0.8179295039164484	0.7114882506527415
0.835509138381201	0.8181540469973893	0.7389033942558747
0.835509138381201	0.8194177545691903	0.7114882506527415
0.835509138381201	0.8175691906005211	0.7193211488250653
0.835509138381201	0.8176631853785903	0.6971279373368147
0.8368146214099217	0.8212663185378593	0.7193211488250653
0.8368146214099217	0.8231174934725849	0.7127937336814621
0.8368146214099217	0.8250234986945163	0.7389033942558747
0.8381201044386423	0.8260652741514358	0.7389033942558747
0.8381201044386423	0.8277075718015661	0.7650130548302873
0.8381201044386423	0.8291227154047	0.7702349869451697
0.8381201044386423	0.8294438642297649	0.7702349869451697
0.8381201044386423	0.8297441253263703	0.7702349869451697
0.8381201044386423	0.8306109660574414	0.8107049608355091
0.8381201044386423	0.8308563968668421	0.804177545691906
0.8381201044386423	0.8311879895561366	0.8002610966057441
0.8381201044386423	0.8316083550913861	0.8054830287206266
0.8381201044386423	0.8319608355091407	0.8120104438642297
0.8381201044386423	0.8326762402088801	0.8120104438642297
0.8381201044386423	0.8328093994778087	0.814621409921671
0.8381201044386423	0.8333838120104459	0.814621409921671
0.8381201044386423	0.8339242819843377	0.814621409921671
0.8381201044386423	0.8339530026109686	0.8172323759791122
0.8381201044386423	0.8342297650130579	0.8185378590078329
0.8381201044386423	0.8341409921671055	0.8237597911227154
0.8381201044386423	0.8342637075718053	0.8263707571801566
0.8381201044386423	0.8343812010443906	0.8263707571801566
0.8381201044386423	0.8342872062663228	0.825065274151436
0.8381201044386423	0.8343028720626674	0.8263707571801566
0.8381201044386423	0.834814621409926	0.825065274151436
0.8381201044386423	0.8346449086161914	0.825065274151436
0.8381201044386423	0.8348981723237632	0.8263707571801566
0.8381201044386423	0.8352767624020927	0.8276762402088773
0.8381201044386423	0.835485639686688	0.8276762402088773
0.8381201044386423	0.8358015665796388	0.8276762402088773
0.8381201044386423	0.8357075718015706	0.8263707571801566
0.8381201044386423	0.8359399477806825	0.8276762402088773
0.8381201044386423	0.8359190600522235	0.8276762402088773
0.8381201044386423	0.8359712793733723	0.8263707571801566
0.8381201044386423	0.8358746736292477	0.8263707571801566
0.8381201044386423	0.8359268929503955	0.8276762402088773
0.8381201044386423	0.8359817232376016	0.8276762402088773
0.8381201044386423	0.8360261096605781	0.8276762402088773
0.8381201044386423	0.8363838120104478	0.8263707571801566
0.839425587467363	0.8364177545691945	0.8263707571801566
0.839425587467363	0.8365039164490894	0.8276762402088773
0.839425587467363	0.8365013054830327	0.8276762402088773
0.8407310704960835	0.8364934725848605	0.8276762402088773
0.8407310704960835	0.8364986945169754	0.8289817232375979
0.8420365535248042	0.836712793733686	0.8289817232375979
0.8420365535248042	0.8367571801566619	0.8302872062663186
0.8420365535248042	0.8369268929503957	0.8315926892950392
0.8420365535248042	0.8369321148825101	0.8302872062663186
0.8420365535248042	0.8369399477806819	0.8276762402088773
0.8420365535248042	0.8371932114882541	0.8276762402088773
0.8420365535248042	0.837587467362927	0.8315926892950392
0.8420365535248042	0.8375456919060075	0.8315926892950392
0.8420365535248042	0.8377232375979132	0.8315926892950392
0.8420365535248042	0.8373942558746768	0.8315926892950392
0.8420365535248042	0.8377493472584877	0.8289817232375979
0.8420365535248042	0.8380078328981742	0.8302872062663186
0.8420365535248042	0.8382010443864241	0.8302872062663186
0.8420365535248042	0.8383211488250655	0.8263707571801566
0.8420365535248042	0.8387232375979117	0.8315926892950392
0.8420365535248042	0.8388485639686676	0.8315926892950392
0.8420365535248042	0.8389608355091371	0.8302872062663186
0.8420365535248042	0.8393420365535239	0.8315926892950392
0.8420365535248042	0.839451697127936	0.8315926892950392
0.8420365535248042	0.8396840731070477	0.8315926892950392
0.8420365535248042	0.839751958224541	0.8315926892950392
0.8420365535248042	0.8395822454308077	0.8315926892950392
0.8420365535248042	0.839746736292426	0.8315926892950392
0.8446475195822454	0.8400026109660546	0.8315926892950392
0.8446475195822454	0.8402140992167069	0.8315926892950392
0.8446475195822454	0.8403785900783257	0.8315926892950392
0.8446475195822454	0.8402088772845924	0.8342036553524804
0.8446475195822454	0.8404046997389	0.8342036553524804
0.8446475195822454	0.8407467362924244	0.8342036553524804
0.8446475195822454	0.8410731070496033	0.8342036553524804
0.8446475195822454	0.8414699738903341	0.8342036553524804
0.8446475195822454	0.841485639686679	0.8342036553524804
0.8446475195822454	0.841885117493467	0.8328981723237598
0.8446475195822454	0.8419660574412466	0.8342036553524804
0.8446475195822454	0.8418590078328919	0.8342036553524804
0.8446475195822454	0.8419295039164427	0.8342036553524804
0.8446475195822454	0.8418955613576967	0.8342036553524804
0.8446475195822454	0.8419530026109601	0.8368146214099217
0.8446475195822454	0.8419321148825005	0.835509138381201
0.8446475195822454	0.8422167101827609	0.8368146214099217
0.8446475195822454	0.8420678851174873	0.8368146214099217
0.8446475195822454	0.8421853785900719	0.8368146214099217
0.8446475195822454	0.8422715404699673	0.8368146214099217
0.8446475195822454	0.842488250652735	0.8368146214099217
0.8446475195822454	0.8423890339425527	0.8368146214099217
0.8446475195822454	0.8425404699738843	0.8381201044386423
0.8446475195822454	0.8424595300261035	0.8381201044386423
0.8446475195822454	0.8426866840731005	0.8381201044386423
0.8446475195822454	0.8427806788511687	0.8381201044386423
0.8446475195822454	0.8429347258485573	0.8381201044386423
0.8446475195822454	0.8430835509138318	0.8381201044386423
0.8446475195822454	0.8431566579634395	0.8381201044386423
0.8446475195822454	0.8432872062663113	0.8381201044386423
0.8446475195822454	0.8432793733681391	0.8381201044386423
0.8446475195822454	0.843355091383805	0.8381201044386423
0.8472584856396866	0.8431879895561292	0.8381201044386423
0.8472584856396866	0.8434203655352409	0.8381201044386423
0.8472584856396866	0.8435378590078253	0.8381201044386423
0.8472584856396866	0.8436840731070425	0.8381201044386423
0.8472584856396866	0.8437441253263634	0.8420365535248042
0.8472584856396866	0.8438328981723165	0.8420365535248042
0.8472584856396866	0.8439686684073042	0.8420365535248042
0.8472584856396866	0.8442140992167044	0.8420365535248042
0.8472584856396866	0.8444778067885066	0.8420365535248042
0.8472584856396866	0.8447650130548271	0.8420365535248042
0.8472584856396866	0.8448328981723212	0.8420365535248042
0.8472584856396866	0.8450443864229735	0.8420365535248042
0.8472584856396866	0.8451331592689278	0.8420365535248042
0.8472584856396866	0.8454778067885109	0.8420365535248042
0.8472584856396866	0.8456187989556125	0.8420365535248042
0.8472584856396866	0.8457232375979119	0.8420365535248042
0.8472584856396866	0.845738903394256	0.8420365535248042
0.8472584856396866	0.8457597911227165	0.8420365535248042
0.8472584856396866	0.8457441253263711	0.8420365535248042
0.8472584856396866	0.8458067885117504	0.8420365535248042
0.8472584856396866	0.8458067885117508	0.8420365535248042
0.8472584856396866	0.8456657963446476	0.8420365535248042
0.8472584856396866	0.8458746736292456	0.8420365535248042
0.8472584856396866	0.8459007832898201	0.8420365535248042
0.8472584856396866	0.8462558746736338	0.8420365535248042
0.8472584856396866	0.8463080939947825	0.8420365535248042
0.8472584856396866	0.8464125326370803	0.8420365535248042
0.8472584856396866	0.8464543080939997	0.8420365535248042
0.8472584856396866	0.8464073107049667	0.8420365535248042
0.8472584856396866	0.8464386422976544	0.8420365535248042
0.8472584856396866	0.8464856396866892	0.8420365535248042
0.8472584856396866	0.8464647519582295	0.8420365535248042
0.8472584856396866	0.8465483028720677	0.8420365535248042
0.8472584856396866	0.8465430809399528	0.8420365535248042
0.8472584856396866	0.846579634464758	0.8420365535248042
0.8472584856396866	0.8465953002611029	0.8420365535248042
0.8472584856396866	0.8466318537859069	0.8420365535248042
0.8472584856396866	0.846548302872068	0.8420365535248042
0.8472584856396866	0.8465535248041837	0.8420365535248042
0.8472584856396866	0.8465117493472639	0.8420365535248042
0.8472584856396866	0.8465483028720673	0.8420365535248042
0.8472584856396866	0.8466579634464807	0.8420365535248042
0.8472584856396866	0.8467049608355149	0.8420365535248042
0.8472584856396866	0.8466370757180213	0.8420365535248042
0.8472584856396866	0.8466997389033999	0.8420365535248042
0.8472584856396866	0.8467519582245496	0.8420365535248042
0.8472584856396866	0.8466527415143665	0.8420365535248042
0.8472584856396866	0.8466370757180222	0.8420365535248042
0.8472584856396866	0.84668929503917	0.8420365535248042
0.8472584856396866	0.8466370757180209	0.8420365535248042
0.8472584856396866	0.8465535248041823	0.8420365535248042
0.8472584856396866	0.8466266318537914	0.8446475195822454
0.8472584856396866	0.8466422976501361	0.8420365535248042
0.8472584856396866	0.8466736292428266	0.8420365535248042
0.8472584856396866	0.8465848563968718	0.8420365535248042
0.8472584856396866	0.8465535248041826	0.8446475195822454
0.8472584856396866	0.8465274151436082	0.8420365535248042
0.8472584856396866	0.846600522193217	0.8420365535248042
0.8472584856396866	0.8465430809399522	0.8420365535248042
0.8472584856396866	0.8466161879895623	0.8420365535248042
0.8472584856396866	0.8466057441253313	0.8420365535248042
0.8472584856396866	0.8466396866840783	0.8446475195822454
0.8485639686684073	0.8466762402088838	0.8420365535248042
0.8485639686684073	0.8466266318537915	0.8420365535248042
0.8485639686684073	0.8465639686684134	0.8420365535248042
0.8485639686684073	0.8465509138381246	0.8420365535248042
0.8485639686684073	0.8466318537859062	0.8420365535248042
0.8485639686684073	0.8467859007832953	0.8420365535248042
0.8485639686684073	0.8468563968668452	0.8446475195822454
0.8485639686684073	0.8469530026109704	0.8433420365535248
0.8485639686684073	0.84703655352481	0.8420365535248042
0.8485639686684073	0.8471488250652796	0.8420365535248042
0.8485639686684073	0.8472323759791173	0.8420365535248042
0.8485639686684073	0.847297650130555	0.8446475195822454
0.8485639686684073	0.8473263707571865	0.8446475195822454
0.8485639686684073	0.8474125326370827	0.8446475195822454
0.8485639686684073	0.8474386422976566	0.8446475195822454
0.8485639686684073	0.8475953002611044	0.8446475195822454
0.8485639686684073	0.8476318537859084	0.8446475195822454
0.8485639686684073	0.8476161879895636	0.8420365535248042
0.8485639686684073	0.8476945169712864	0.8446475195822454
0.8485639686684073	0.8477650130548373	0.8446475195822454
0.8485639686684073	0.8478720626631929	0.8446475195822454
0.8485639686684073	0.8478798955613644	0.8446475195822454
0.8485639686684073	0.8478590078329054	0.8446475195822454
0.8485639686684073	0.8478381201044456	0.8446475195822454
0.8485639686684073	0.8478459530026177	0.8446475195822454
0.8485639686684073	0.8478642297650192	0.8446475195822454
0.8485639686684073	0.8479216710182833	0.8446475195822454
0.8485639686684073	0.8478955613577086	0.8446475195822454
0.8485639686684073	0.8478407310705027	0.8446475195822454
0.8485639686684073	0.8479373368146277	0.8446475195822454
0.8485639686684073	0.8479660574412591	0.8446475195822454
0.8485639686684073	0.8479399477806847	0.8446475195822454
0.8485639686684073	0.8480000000000066	0.8446475195822454
0.8485639686684073	0.8479530026109731	0.8446475195822454
0.8485639686684073	0.8479738903394329	0.8446475195822454
0.8485639686684073	0.8479530026109737	0.8446475195822454
0.8485639686684073	0.8479347258485718	0.8446475195822454
0.8485639686684073	0.8479582245430887	0.8446475195822454
0.8485639686684073	0.8479843342036628	0.8446475195822454
0.8485639686684073	0.8480574412532709	0.8446475195822454
0.8485639686684073	0.848044386422984	0.8446475195822454
0.8485639686684073	0.8480992167101902	0.8472584856396866
0.8485639686684073	0.8481671018276835	0.8472584856396866
0.8485639686684073	0.8481906005222004	0.8472584856396866
0.8485639686684073	0.848224543080947	0.8472584856396866
0.8485639686684073	0.8482793733681531	0.8472584856396866
0.8485639686684073	0.8483002610966125	0.8472584856396866
0.8485639686684073	0.8482976501305551	0.8472584856396866
0.8485639686684073	0.8483159268929572	0.8472584856396866
0.8485639686684073	0.8483446475195889	0.8472584856396866
0.8485639686684073	0.848362924281991	0.8472584856396866
0.8485639686684073	0.8483916449086226	0.8472584856396866
0.8485639686684073	0.8484360313315991	0.8472584856396866
0.8485639686684073	0.8484908616188052	0.8472584856396866
0.8485639686684073	0.8485248041775519	0.8472584856396866
0.8485639686684073	0.8485091383812073	0.8472584856396866
0.8485639686684073	0.8484960835509201	0.8472584856396866
0.8485639686684073	0.8485065274151498	0.8472584856396866
0.8485639686684073	0.8484699738903457	0.8472584856396866
0.8485639686684073	0.8484856396866903	0.8472584856396866
0.8485639686684073	0.8484934725848627	0.8472584856396866
0.8485639686684073	0.8485274151436092	0.8472584856396866
0.8485639686684073	0.8485509138381262	0.8472584856396866
0.8485639686684073	0.8485456919060114	0.8472584856396866
0.8485639686684073	0.8485587467362985	0.8472584856396866
0.8485639686684073	0.8485535248041837	0.8472584856396866
0.8485639686684073	0.8485535248041837	0.8472584856396866
0.8485639686684073	0.8485509138381262	0.8459530026109661
0.8485639686684073	0.8485352480417814	0.8459530026109661
0.8485639686684073	0.8485535248041837	0.8459530026109661
0.8485639686684073	0.8485535248041834	0.8459530026109661
0.8485639686684073	0.8485483028720687	0.8459530026109661
0.8485639686684073	0.8485483028720688	0.8459530026109661
0.8485639686684073	0.8485430809399538	0.8459530026109661
0.8485639686684073	0.8485639686684134	0.8485639686684073
0.8485639686684073	0.8485639686684134	0.8485639686684073
0.8485639686684073	0.8485639686684134	0.8485639686684073
0.8485639686684073	0.8485639686684134	0.8485639686684073
0.8485639686684073	0.8485639686684134	0.8485639686684073
0.8485639686684073	0.8485639686684134	0.8485639686684073
0.8485639686684073	0.8485639686684134	0.8485639686684073
0.8485639686684073	0.8485639686684134	0.8485639686684073
0.8485639686684073	0.8485639686684134	0.8485639686684073
0.8485639686684073	0.8485639686684134	0.8485639686684073
0.8485639686684073	0.8485639686684134	0.8485639686684073
0.8485639686684073	0.8485639686684134	0.8485639686684073
0.8485639686684073	0.8485639686684134	0.8485639686684073
0.8485639686684073	0.8485639686684134	0.8485639686684073
0.8485639686684073	0.8485639686684134	0.8485639686684073
0.8485639686684073	0.8485639686684134	0.8485639686684073
0.8485639686684073	0.8485639686684134	0.8485639686684073
0.8485639686684073	0.8485639686684134	0.8485639686684073
0.8485639686684073	0.8485639686684134	0.8485639686684073
0.8485639686684073	0.8485639686684134	0.8485639686684073
0.8485639686684073	0.8485639686684134	0.8485639686684073
0.8485639686684073	0.8485639686684134	0.8485639686684073
0.8485639686684073	0.8485639686684134	0.8485639686684073
0.8485639686684073	0.8485639686684134	0.8485639686684073
0.8485639686684073	0.8485639686684134	0.8485639686684073
0.8485639686684073	0.8485639686684134	0.8485639686684073
0.8485639686684073	0.8485639686684134	0.8485639686684073
0.8485639686684073	0.8485639686684134	0.8485639686684073
0.8485639686684073	0.8485639686684134	0.8485639686684073
0.8485639686684073	0.8485639686684134	0.8485639686684073
0.8485639686684073	0.8485665796344708	0.8485639686684073
0.8498694516971279	0.8485665796344708	0.8485639686684073
0.8498694516971279	0.8485665796344708	0.8485639686684073
0.8498694516971279	0.8485691906005283	0.8485639686684073
0.8498694516971279	0.8485744125326431	0.8485639686684073
0.8498694516971279	0.8485744125326431	0.8485639686684073
0.8498694516971279	0.8485770234987006	0.8485639686684073
0.8498694516971279	0.8485900783289877	0.8485639686684073
0.8498694516971279	0.848657963446481	0.8485639686684073
0.8498694516971279	0.8487336814621468	0.8485639686684073
0.8498694516971279	0.8487911227154106	0.8485639686684073
0.8498694516971279	0.8488511749347316	0.8485639686684073
0.8498694516971279	0.8488616187989615	0.8485639686684073
0.8498694516971279	0.8488903394255932	0.8485639686684073
0.8498694516971279	0.848919060052225	0.8485639686684073
0.8498694516971279	0.8489503916449144	0.8485639686684073
0.8498694516971279	0.8489765013054886	0.8485639686684073
0.8498694516971279	0.8490000000000054	0.8485639686684073
0.8498694516971279	0.8490966057441309	0.8485639686684073
0.8498694516971279	0.8491514360313367	0.8485639686684073
0.8498694516971279	0.8491801566579688	0.8485639686684073
0.8498694516971279	0.8491201044386475	0.8485639686684073
0.8498694516971279	0.8491488250652794	0.8485639686684073
0.8498694516971279	0.8491775456919114	0.8485639686684073
0.8498694516971279	0.849216710182773	0.8485639686684073
0.8498694516971279	0.8492637075718067	0.8485639686684073
0.8498694516971279	0.849271540469979	0.8485639686684073
0.8498694516971279	0.8493159268929555	0.8485639686684073
0.8498694516971279	0.8493524804177596	0.8485639686684073
0.8498694516971279	0.8493733681462191	0.8485639686684073
0.8498694516971279	0.8494125326370806	0.8485639686684073
0.8498694516971279	0.8494203655352531	0.8485639686684073
0.8498694516971279	0.8494725848564016	0.8485639686684073
0.8498694516971279	0.8495378590078378	0.8485639686684073
0.8498694516971279	0.8495744125326421	0.8485639686684073
0.8498694516971279	0.8495770234986992	0.8485639686684073
0.8498694516971279	0.8496370757180204	0.8485639686684073
0.8498694516971279	0.8496579634464799	0.8485639686684073
0.8498694516971279	0.8496344647519629	0.8485639686684073
0.8498694516971279	0.849610966057446	0.8485639686684073
0.8498694516971279	0.8496135770235033	0.8485639686684073
0.8498694516971279	0.8495926892950442	0.8485639686684073
0.8498694516971279	0.8495796344647567	0.8485639686684073
0.8498694516971279	0.8495587467362973	0.8485639686684073
0.8498694516971279	0.8495691906005269	0.8485639686684073
0.8498694516971279	0.849592689295044	0.8485639686684073
0.8498694516971279	0.8496135770235034	0.8485639686684073
0.8498694516971279	0.8496292428198482	0.8485639686684073
0.8498694516971279	0.849671018276767	0.8485639686684073
0.8498694516971279	0.8496657963446522	0.8485639686684073
0.8498694516971279	0.8496919060052266	0.8485639686684073
0.8498694516971279	0.8497101827676286	0.8485639686684073
0.8498694516971279	0.8496892950391692	0.8485639686684073
0.8498694516971279	0.8497310704960881	0.8485639686684073
0.8498694516971279	0.8497284595300307	0.8485639686684073
0.8498694516971279	0.8497467362924328	0.8485639686684073
0.8498694516971279	0.8497624020887774	0.8485639686684073
0.8498694516971279	0.8497650130548348	0.8485639686684073
0.8498694516971279	0.8497676240208923	0.8485639686684073
0.8498694516971279	0.8497963446475241	0.8485639686684073
0.8498694516971279	0.8498224543080984	0.8485639686684073
0.8498694516971279	0.8497885117493517	0.8485639686684073
0.8498694516971279	0.8498146214099261	0.8485639686684073
0.8498694516971279	0.8498355091383857	0.8485639686684073
0.8498694516971279	0.8498381201044429	0.8485639686684073
0.8498694516971279	0.849838120104443	0.8485639686684073
0.8498694516971279	0.8498302872062706	0.8485639686684073
0.8498694516971279	0.8498355091383858	0.8485639686684073
0.8498694516971279	0.8498407310705005	0.8485639686684073
0.8498694516971279	0.8498537859007876	0.8485639686684073
0.8498694516971279	0.849866840731075	0.8485639686684073
0.8498694516971279	0.8498694516971323	0.8498694516971279
0.8498694516971279	0.849866840731075	0.8485639686684073
0.8498694516971279	0.84986161879896	0.8485639686684073
0.8498694516971279	0.8498668407310749	0.8485639686684073
0.8498694516971279	0.8498694516971323	0.8498694516971279
0.8498694516971279	0.8498746736292473	0.8498694516971279
0.8524804177545692	0.8498798955613621	0.8498694516971279
0.8524804177545692	0.8498433420365579	0.8289817232375979
0.8524804177545692	0.8498642297650173	0.8289817232375979
0.8524804177545692	0.8499660574412576	0.8485639686684073
0.8524804177545692	0.8500339425587511	0.8485639686684073
0.8524804177545692	0.8501671018276804	0.8485639686684073
0.8524804177545692	0.8502819843342081	0.8498694516971279
0.8524804177545692	0.8503812010443909	0.8498694516971279
0.8524804177545692	0.850454308093999	0.8498694516971279
0.8524804177545692	0.8505430809399525	0.8498694516971279
0.8524804177545692	0.8506449086161926	0.8498694516971279
0.8524804177545692	0.8506527415143652	0.8498694516971279
0.8524804177545692	0.8507362924282034	0.8498694516971279
0.8524804177545692	0.850746736292433	0.8498694516971279
0.8524804177545692	0.8508511749347303	0.8498694516971279
0.8524804177545692	0.8508668407310753	0.8498694516971279
0.8524804177545692	0.8510809399477847	0.8498694516971279
0.8524804177545692	0.8512010443864277	0.8498694516971279
0.8524804177545692	0.8512637075718058	0.8498694516971279
0.8524804177545692	0.8513577023498747	0.8498694516971279
0.8524804177545692	0.8515039164490911	0.8498694516971279
0.8524804177545692	0.8516710182767673	0.8498694516971279
0.8524804177545692	0.8517650130548353	0.8498694516971279
0.8524804177545692	0.8519216710182819	0.8498694516971279
0.8524804177545692	0.8519060052219366	0.8498694516971279
0.8524804177545692	0.8519582245430861	0.8498694516971279
0.8524804177545692	0.8520313315926945	0.8498694516971279
0.8524804177545692	0.8521148825065324	0.8498694516971279
0.8524804177545692	0.8520835509138428	0.8498694516971279
0.8524804177545692	0.8521566579634512	0.8498694516971279
0.8524804177545692	0.8521932114882553	0.8498694516971279
0.8524804177545692	0.852261096605749	0.8498694516971279
0.8524804177545692	0.8523028720626684	0.8498694516971279
0.8524804177545692	0.8523655352480467	0.8498694516971279
0.8524804177545692	0.8523916449086211	0.8498694516971279
0.8524804177545692	0.8523864229765062	0.8498694516971279
0.8524804177545692	0.8523864229765062	0.8498694516971279
0.8524804177545692	0.8524020887728511	0.8498694516971279
0.8524804177545692	0.85244386422977	0.8498694516971279
0.8524804177545692	0.8524490861618849	0.8472584856396866
0.8524804177545692	0.8524543080939998	0.8498694516971279
0.8524804177545692	0.8524751958224593	0.8498694516971279
0.8524804177545692	0.852449086161885	0.8498694516971279
0.8524804177545692	0.8524647519582296	0.8498694516971279
0.8524804177545692	0.8524490861618849	0.8498694516971279
0.8524804177545692	0.8524751958224593	0.8498694516971279
0.8524804177545692	0.8524647519582295	0.8498694516971279
0.8524804177545692	0.85244386422977	0.8498694516971279
0.8524804177545692	0.8524281984334253	0.8498694516971279
0.8524804177545692	0.8524334203655403	0.8498694516971279
0.8524804177545692	0.8524281984334253	0.8498694516971279
0.8524804177545692	0.8524386422976552	0.8498694516971279
0.8524804177545692	0.8524595300261145	0.8498694516971279
0.8524804177545692	0.8524751958224593	0.8498694516971279
0.8524804177545692	0.8524751958224593	0.8498694516971279
0.8524804177545692	0.8524647519582296	0.8498694516971279
0.8524804177545692	0.8524699738903445	0.8498694516971279
0.8524804177545692	0.8524804177545742	0.8524804177545692
0.8524804177545692	0.8524804177545742	0.8524804177545692
0.8524804177545692	0.8524804177545742	0.8524804177545692
0.8524804177545692	0.8524804177545742	0.8524804177545692
0.8524804177545692	0.8524804177545742	0.8524804177545692
0.8524804177545692	0.8524804177545742	0.8524804177545692
0.8524804177545692	0.8524804177545742	0.8524804177545692
0.8524804177545692	0.8524804177545742	0.8524804177545692
0.8524804177545692	0.8524804177545742	0.8524804177545692
0.8524804177545692	0.8524804177545742	0.8524804177545692
0.8524804177545692	0.8524804177545742	0.8524804177545692
0.8524804177545692	0.8524804177545742	0.8524804177545692
0.8524804177545692	0.8524804177545742	0.8524804177545692
0.8524804177545692	0.8524804177545742	0.8524804177545692
0.8524804177545692	0.8524804177545742	0.8524804177545692
0.8524804177545692	0.8524804177545742	0.8524804177545692
0.8524804177545692	0.8524804177545742	0.8524804177545692
0.8524804177545692	0.8524804177545742	0.8524804177545692
0.8524804177545692	0.8524804177545742	0.8524804177545692
0.8524804177545692	0.8524804177545742	0.8524804177545692
0.8524804177545692	0.8524804177545742	0.8524804177545692
0.8524804177545692	0.8524804177545742	0.8524804177545692
0.8524804177545692	0.8524804177545742	0.8524804177545692
0.8524804177545692	0.8524804177545742	0.8524804177545692
0.8524804177545692	0.8524804177545742	0.8524804177545692
0.8524804177545692	0.8524804177545742	0.8524804177545692
0.8524804177545692	0.8524804177545742	0.8524804177545692
0.8524804177545692	0.8524804177545742	0.8524804177545692
0.8524804177545692	0.8524804177545742	0.8524804177545692
0.8524804177545692	0.8524804177545742	0.8524804177545692
0.8524804177545692	0.8524804177545742	0.8524804177545692
0.8524804177545692	0.8524804177545742	0.8524804177545692
0.8524804177545692	0.8524804177545742	0.8524804177545692
0.8524804177545692	0.8524804177545742	0.8524804177545692
0.8524804177545692	0.8524804177545742	0.8524804177545692
0.8524804177545692	0.8524804177545742	0.8524804177545692
0.8524804177545692	0.8524804177545742	0.8524804177545692
0.8524804177545692	0.8524804177545742	0.8524804177545692
0.8524804177545692	0.8524804177545742	0.8524804177545692
0.8524804177545692	0.8524804177545742	0.8524804177545692
0.8524804177545692	0.8524804177545742	0.8524804177545692
0.8524804177545692	0.8524804177545742	0.8524804177545692
0.8524804177545692	0.8524804177545742	0.8524804177545692
0.8524804177545692	0.8524804177545742	0.8524804177545692
0.8524804177545692	0.8524804177545742	0.8524804177545692
0.8524804177545692	0.8524804177545742	0.8524804177545692
0.8524804177545692	0.8524804177545742	0.8524804177545692
0.8524804177545692	0.8524804177545742	0.8524804177545692
0.8524804177545692	0.8524804177545742	0.8524804177545692
0.8524804177545692	0.8524804177545742	0.8524804177545692
0.8524804177545692	0.8524804177545742	0.8524804177545692
0.8524804177545692	0.8524804177545742	0.8524804177545692
0.8524804177545692	0.8524804177545742	0.8524804177545692
0.8524804177545692	0.8524804177545742	0.8524804177545692
0.8524804177545692	0.8524804177545742	0.8524804177545692
0.8524804177545692	0.8524804177545742	0.8524804177545692
0.8524804177545692	0.8524804177545742	0.8524804177545692
0.8524804177545692	0.8524804177545742	0.8524804177545692
0.8524804177545692	0.8524804177545742	0.8524804177545692
0.8524804177545692	0.8524804177545742	0.8524804177545692
0.8524804177545692	0.8524804177545742	0.8524804177545692
0.8524804177545692	0.8524804177545742	0.8524804177545692
0.8524804177545692	0.8524804177545742	0.8524804177545692
0.8524804177545692	0.8524804177545742	0.8524804177545692
0.8524804177545692	0.8524804177545742	0.8524804177545692
0.8524804177545692	0.8524804177545742	0.8524804177545692
0.8524804177545692	0.8524804177545742	0.8524804177545692
0.8524804177545692	0.8524804177545742	0.8524804177545692
0.8524804177545692	0.8524804177545742	0.8524804177545692
0.8524804177545692	0.8524804177545742	0.8524804177545692
0.8524804177545692	0.8524804177545742	0.8524804177545692
0.8524804177545692	0.8524804177545742	0.8524804177545692
0.8524804177545692	0.8524804177545742	0.8524804177545692
0.8524804177545692	0.8524804177545742	0.8524804177545692
0.8524804177545692	0.8524804177545742	0.8524804177545692
0.8524804177545692	0.8524804177545742	0.8524804177545692
0.8524804177545692	0.8524804177545742	0.8524804177545692
0.8524804177545692	0.8524804177545742	0.8524804177545692
0.8524804177545692	0.8524804177545742	0.8524804177545692
0.8524804177545692	0.8524804177545742	0.8524804177545692
0.8524804177545692	0.8524804177545742	0.8524804177545692
0.8524804177545692	0.8524804177545742	0.8524804177545692
0.8524804177545692	0.8524804177545742	0.8524804177545692
0.8524804177545692	0.8524804177545742	0.8524804177545692
0.8524804177545692	0.8524804177545742	0.8524804177545692
0.8524804177545692	0.8524804177545742	0.8524804177545692
0.8524804177545692	0.8524804177545742	0.8524804177545692
0.8524804177545692	0.8524804177545742	0.8524804177545692
0.8524804177545692	0.8524804177545742	0.8524804177545692
0.8524804177545692	0.8524804177545742	0.8524804177545692
0.8524804177545692	0.8524804177545742	0.8524804177545692
0.8524804177545692	0.8524804177545742	0.8524804177545692
0.8524804177545692	0.8524804177545742	0.8524804177545692
0.8524804177545692	0.8524804177545742	0.8524804177545692
0.8524804177545692	0.8524804177545742	0.8524804177545692
0.8524804177545692	0.8524804177545742	0.8524804177545692
0.8524804177545692	0.8524804177545742	0.8524804177545692
0.8524804177545692	0.8524804177545742	0.8524804177545692
0.8524804177545692	0.8524804177545742	0.8524804177545692
0.8524804177545692	0.8524804177545742	0.8524804177545692
0.8524804177545692	0.8524804177545742	0.8524804177545692
0.8524804177545692	0.8524804177545742	0.8524804177545692
0.8524804177545692	0.8524804177545742	0.8524804177545692
0.8524804177545692	0.8524804177545742	0.8524804177545692
0.8524804177545692	0.8524804177545742	0.8524804177545692
0.8524804177545692	0.8524804177545742	0.8524804177545692
0.8524804177545692	0.8524804177545742	0.8524804177545692
0.8524804177545692	0.8524778067885168	0.8511749347258486
0.8524804177545692	0.8524804177545742	0.8524804177545692
0.8524804177545692	0.8524804177545742	0.8524804177545692
0.8524804177545692	0.8524804177545742	0.8524804177545692
0.8524804177545692	0.8524804177545742	0.8524804177545692
0.8524804177545692	0.8524804177545742	0.8524804177545692
0.8524804177545692	0.8524804177545742	0.8524804177545692
0.8524804177545692	0.8524751958224593	0.8498694516971279
0.8524804177545692	0.8524804177545742	0.8524804177545692
0.8524804177545692	0.8524804177545742	0.8524804177545692
0.8524804177545692	0.8524804177545742	0.8524804177545692
0.8524804177545692	0.8524804177545742	0.8524804177545692
0.8524804177545692	0.8524804177545742	0.8524804177545692
0.8524804177545692	0.8524804177545742	0.8524804177545692
0.8524804177545692	0.8524804177545742	0.8524804177545692
0.8524804177545692	0.8524804177545742	0.8524804177545692
0.8524804177545692	0.8524804177545742	0.8524804177545692
0.8524804177545692	0.8524804177545742	0.8524804177545692
0.8524804177545692	0.8524804177545742	0.8524804177545692
0.8524804177545692	0.8524804177545742	0.8524804177545692
0.8524804177545692	0.8524804177545742	0.8524804177545692
0.8524804177545692	0.8524804177545742	0.8524804177545692
0.8524804177545692	0.8524804177545742	0.8524804177545692
0.8524804177545692	0.8524804177545742	0.8524804177545692
0.8524804177545692	0.8524804177545742	0.8524804177545692
0.8524804177545692	0.8524804177545742	0.8524804177545692
0.8524804177545692	0.8524804177545742	0.8524804177545692
0.8524804177545692	0.8524804177545742	0.8524804177545692
0.8524804177545692	0.8524804177545742	0.8524804177545692
0.8524804177545692	0.8524804177545742	0.8524804177545692
0.8524804177545692	0.8524804177545742	0.8524804177545692
0.8524804177545692	0.8524804177545742	0.8524804177545692
0.8524804177545692	0.8524804177545742	0.8524804177545692
0.8524804177545692	0.8524804177545742	0.8524804177545692
0.8524804177545692	0.8524804177545742	0.8524804177545692
0.8524804177545692	0.8524804177545742	0.8524804177545692
0.8524804177545692	0.8524804177545742	0.8524804177545692
0.8524804177545692	0.8524804177545742	0.8524804177545692
0.8524804177545692	0.8524804177545742	0.8524804177545692
0.8524804177545692	0.8524804177545742	0.8524804177545692
0.8524804177545692	0.8524804177545742	0.8524804177545692
0.8524804177545692	0.8524804177545742	0.8524804177545692
0.8524804177545692	0.8524804177545742	0.8524804177545692
0.8524804177545692	0.8524804177545742	0.8524804177545692
0.8524804177545692	0.8524804177545742	0.8524804177545692
0.8524804177545692	0.8524804177545742	0.8524804177545692
0.8524804177545692	0.8524804177545742	0.8524804177545692
0.8524804177545692	0.8524804177545742	0.8524804177545692
0.8524804177545692	0.8524804177545742	0.8524804177545692
0.8524804177545692	0.8524804177545742	0.8524804177545692
0.8524804177545692	0.8524804177545742	0.8524804177545692
0.8524804177545692	0.8524804177545742	0.8524804177545692
0.8524804177545692	0.8524804177545742	0.8524804177545692
0.8524804177545692	0.8524804177545742	0.8524804177545692
0.8524804177545692	0.8524804177545742	0.8524804177545692
0.8524804177545692	0.8524804177545742	0.8524804177545692
0.8524804177545692	0.8524804177545742	0.8524804177545692
0.8524804177545692	0.8524804177545742	0.8524804177545692
0.8524804177545692	0.8524804177545742	0.8524804177545692
0.8524804177545692	0.8524804177545742	0.8524804177545692
0.8524804177545692	0.8524804177545742	0.8524804177545692
0.8524804177545692	0.8524804177545742	0.8524804177545692
0.8524804177545692	0.8524804177545742	0.8524804177545692
0.8524804177545692	0.8524804177545742	0.8524804177545692
0.8524804177545692	0.8524804177545742	0.8524804177545692
0.8524804177545692	0.8524804177545742	0.8524804177545692
0.8524804177545692	0.8524804177545742	0.8524804177545692
0.8524804177545692	0.8524804177545742	0.8524804177545692
0.8524804177545692	0.8524804177545742	0.8524804177545692
0.8524804177545692	0.8524804177545742	0.8524804177545692
0.8524804177545692	0.8524804177545742	0.8524804177545692
0.8524804177545692	0.8524804177545742	0.8524804177545692
0.8524804177545692	0.8524804177545742	0.8524804177545692
0.8524804177545692	0.8524804177545742	0.8524804177545692
0.8524804177545692	0.8524804177545742	0.8524804177545692
0.8524804177545692	0.8524804177545742	0.8524804177545692
0.8524804177545692	0.8524804177545742	0.8524804177545692
0.8524804177545692	0.8524804177545742	0.8524804177545692
0.8524804177545692	0.8524804177545742	0.8524804177545692
0.8524804177545692	0.8524804177545742	0.8524804177545692
0.8524804177545692	0.8524804177545742	0.8524804177545692
0.8524804177545692	0.8524804177545742	0.8524804177545692
0.8524804177545692	0.8524804177545742	0.8524804177545692
0.8524804177545692	0.8524804177545742	0.8524804177545692
0.8524804177545692	0.8524804177545742	0.8524804177545692
0.8524804177545692	0.8524804177545742	0.8524804177545692
0.8524804177545692	0.8524804177545742	0.8524804177545692
0.8524804177545692	0.8524804177545742	0.8524804177545692
0.8524804177545692	0.8524804177545742	0.8524804177545692
0.8524804177545692	0.8524804177545742	0.8524804177545692
0.8524804177545692	0.8524804177545742	0.8524804177545692
0.8524804177545692	0.8524804177545742	0.8524804177545692
0.8524804177545692	0.8524804177545742	0.8524804177545692
0.8524804177545692	0.8524804177545742	0.8524804177545692
0.8524804177545692	0.8524804177545742	0.8524804177545692
0.8524804177545692	0.8524804177545742	0.8524804177545692
0.8524804177545692	0.8524804177545742	0.8524804177545692
0.8524804177545692	0.8524804177545742	0.8524804177545692
0.8524804177545692	0.8524804177545742	0.8524804177545692
0.8524804177545692	0.8524804177545742	0.8524804177545692
0.8524804177545692	0.8524804177545742	0.8524804177545692
0.8524804177545692	0.8524804177545742	0.8524804177545692
0.8524804177545692	0.8524804177545742	0.8524804177545692
0.8524804177545692	0.8524804177545742	0.8524804177545692
0.8524804177545692	0.8524804177545742	0.8524804177545692
0.8524804177545692	0.8524804177545742	0.8524804177545692
0.8524804177545692	0.8524804177545742	0.8524804177545692
0.8524804177545692	0.8524804177545742	0.8524804177545692
0.8524804177545692	0.8524804177545742	0.8524804177545692
0.8524804177545692	0.8524804177545742	0.8524804177545692
0.8524804177545692	0.8524804177545742	0.8524804177545692
0.8524804177545692	0.8524804177545742	0.8524804177545692
0.8524804177545692	0.8524804177545742	0.8524804177545692
0.8524804177545692	0.8524804177545742	0.8524804177545692
0.8524804177545692	0.8524804177545742	0.8524804177545692
0.8524804177545692	0.8524804177545742	0.8524804177545692
0.8524804177545692	0.8524804177545742	0.8524804177545692
0.8524804177545692	0.8524804177545742	0.8524804177545692
0.8524804177545692	0.8524804177545742	0.8524804177545692
0.8524804177545692	0.8524804177545742	0.8524804177545692
0.8524804177545692	0.8524804177545742	0.8524804177545692
0.8524804177545692	0.8524804177545742	0.8524804177545692
0.8524804177545692	0.8524804177545742	0.8524804177545692
0.8524804177545692	0.8524804177545742	0.8524804177545692
0.8524804177545692	0.8524804177545742	0.8524804177545692
0.8524804177545692	0.8524804177545742	0.8524804177545692
0.8524804177545692	0.8524804177545742	0.8524804177545692
0.8524804177545692	0.8524804177545742	0.8524804177545692
0.8524804177545692	0.8524804177545742	0.8524804177545692
0.8524804177545692	0.8524804177545742	0.8524804177545692
0.8524804177545692	0.8524804177545742	0.8524804177545692
0.8524804177545692	0.8524804177545742	0.8524804177545692
0.8524804177545692	0.8524804177545742	0.8524804177545692
0.8524804177545692	0.8524751958224593	0.8498694516971279
0.8524804177545692	0.8524699738903445	0.8498694516971279
0.8524804177545692	0.8524699738903444	0.8498694516971279
0.8524804177545692	0.8524804177545742	0.8524804177545692
0.8524804177545692	0.8524804177545742	0.8524804177545692
0.8524804177545692	0.8524804177545742	0.8524804177545692
0.8524804177545692	0.8524804177545742	0.8524804177545692
0.8524804177545692	0.8524804177545742	0.8524804177545692
0.8524804177545692	0.8524804177545742	0.8524804177545692
0.8524804177545692	0.8524804177545742	0.8524804177545692
0.8524804177545692	0.8524804177545742	0.8524804177545692
0.8524804177545692	0.8524804177545742	0.8524804177545692
0.8524804177545692	0.8524804177545742	0.8524804177545692
0.8524804177545692	0.8524804177545742	0.8524804177545692
0.8524804177545692	0.8524804177545742	0.8524804177545692
0.8524804177545692	0.8524804177545742	0.8524804177545692
0.8524804177545692	0.8524804177545742	0.8524804177545692
0.8524804177545692	0.8524804177545742	0.8524804177545692
0.8524804177545692	0.8524804177545742	0.8524804177545692
0.8524804177545692	0.8524804177545742	0.8524804177545692
0.8524804177545692	0.8524804177545742	0.8524804177545692
0.8524804177545692	0.8524804177545742	0.8524804177545692
0.8524804177545692	0.8524804177545742	0.8524804177545692
0.8524804177545692	0.8524882506527465	0.8524804177545692
0.856396866840731	0.8524960835509188	0.8524804177545692
0.856396866840731	0.8525221932114933	0.8524804177545692
0.856396866840731	0.8525456919060102	0.8524804177545692
0.856396866840731	0.8526031331592738	0.8524804177545692
0.856396866840731	0.8526579634464801	0.8524804177545692
0.856396866840731	0.8528198433420411	0.8524804177545692
0.856396866840731	0.8529425587467407	0.8524804177545692
0.856396866840731	0.8529973890339467	0.8524804177545692
0.856396866840731	0.8532036553524841	0.8524804177545692
0.856396866840731	0.8531357702349909	0.8524804177545692
0.856396866840731	0.8533864229765046	0.8524804177545692
0.856396866840731	0.8535874673629271	0.8524804177545692
0.8577023498694517	0.8536109660574441	0.8524804177545692
0.8577023498694517	0.8537362924282009	0.8524804177545692
0.8577023498694517	0.8537545691906033	0.8524804177545692
0.8577023498694517	0.8538015665796368	0.8524804177545692
0.8577023498694517	0.8539242819843363	0.8524804177545692
0.8577023498694517	0.8539608355091405	0.8498694516971279
0.8577023498694517	0.8540469973890358	0.8524804177545692
0.8577023498694517	0.8541984334203672	0.8524804177545692
0.8577023498694517	0.8544360313315936	0.8524804177545692
0.8577023498694517	0.854804177545692	0.8524804177545692
0.8577023498694517	0.8547415143603136	0.8524804177545692
0.8590078328981723	0.8546292428198439	0.8524804177545692
0.8590078328981723	0.8548929503916449	0.8524804177545692
0.8590078328981723	0.8549791122715403	0.8524804177545692
0.8590078328981723	0.8551566579634458	0.8524804177545692
0.8590078328981723	0.855242819843341	0.8524804177545692
0.8590078328981723	0.8554046997389021	0.8524804177545692
0.8590078328981723	0.8556109660574396	0.8524804177545692
0.8590078328981723	0.8556892950391626	0.8524804177545692
0.8590078328981723	0.8559582245430783	0.8524804177545692
0.860313315926893	0.85610966057441	0.8524804177545692
0.860313315926893	0.8561201044386395	0.8524804177545692
0.860313315926893	0.8562924281984303	0.8524804177545692
0.860313315926893	0.8566501305482997	0.8524804177545692
0.860313315926893	0.8567206266318503	0.8524804177545692
0.860313315926893	0.8569791122715361	0.8524804177545692
0.860313315926893	0.8571462140992131	0.8524804177545692
0.860313315926893	0.8573315926892909	0.8524804177545692
0.860313315926893	0.8574621409921634	0.8524804177545692
0.860313315926893	0.8575900783289785	0.8524804177545692
0.860313315926893	0.8577963446475161	0.8524804177545692
0.860313315926893	0.8580913838120064	0.8524804177545692
0.860313315926893	0.858281984334199	0.8524804177545692
0.860313315926893	0.8582715404699692	0.8524804177545692
0.860313315926893	0.8584308093994729	0.8524804177545692
0.860313315926893	0.8586814621409872	0.8524804177545692
0.860313315926893	0.8586475195822401	0.8524804177545692
0.860313315926893	0.8587284595300214	0.8524804177545692
0.860313315926893	0.8588825065274098	0.8524804177545692
0.860313315926893	0.8590130548302827	0.8537859007832899
0.860313315926893	0.8590600522193159	0.8537859007832899
0.860313315926893	0.8592767624020838	0.8537859007832899
0.860313315926893	0.8591514360313263	0.8524804177545692
0.860313315926893	0.8591932114882455	0.8524804177545692
0.860313315926893	0.8593315926892898	0.8524804177545692
0.860313315926893	0.8593864229764959	0.8524804177545692
0.860313315926893	0.8594543080939894	0.8524804177545692
0.860313315926893	0.859404699738898	0.8524804177545692
0.860313315926893	0.8594360313315874	0.8524804177545692
0.860313315926893	0.8594308093994728	0.8524804177545692
0.860313315926893	0.8594360313315879	0.8537859007832899
0.860313315926893	0.8596684073106997	0.8537859007832899
0.860313315926893	0.8597806788511695	0.8550913838120104
0.860313315926893	0.8597937336814572	0.8537859007832899
0.860313315926893	0.8597624020887679	0.8537859007832899
0.860313315926893	0.8598041775456868	0.8537859007832899
0.860313315926893	0.8599060052219267	0.8537859007832899
0.860313315926893	0.8599060052219264	0.8537859007832899
0.860313315926893	0.859919060052214	0.8537859007832899
0.860313315926893	0.8599321148825015	0.856396866840731
0.860313315926893	0.8599164490861567	0.856396866840731
0.860313315926893	0.8599425587467311	0.8537859007832899
0.860313315926893	0.8599164490861567	0.8550913838120104
0.860313315926893	0.8600496083550861	0.8537859007832899
0.860313315926893	0.8600156657963393	0.8550913838120104
0.860313315926893	0.8600234986945113	0.8537859007832899
0.860313315926893	0.8601018276762347	0.8537859007832899
0.860313315926893	0.8601122715404644	0.856396866840731
0.860313315926893	0.86008616187989	0.856396866840731
0.860313315926893	0.8601331592689239	0.856396866840731
0.860313315926893	0.8601932114882451	0.8550913838120104
0.860313315926893	0.8602114882506471	0.8577023498694517
0.860313315926893	0.8602245430809343	0.8577023498694517
0.860313315926893	0.8602245430809341	0.8577023498694517
0.860313315926893	0.8602114882506471	0.8577023498694517
0.860313315926893	0.8601514360313259	0.856396866840731
0.860313315926893	0.8601932114882449	0.8577023498694517
0.860313315926893	0.86018798955613	0.8577023498694517
0.860313315926893	0.8602010443864173	0.8577023498694517
0.860313315926893	0.8602088772845898	0.8577023498694517
0.860313315926893	0.8599373368146159	0.7349869451697127
0.860313315926893	0.8596631853785842	0.7349869451697127
0.860313315926893	0.8596553524804119	0.7349869451697127
0.860313315926893	0.8586161879895507	0.7349869451697127
0.860313315926893	0.8583159268929452	0.7349869451697127
0.860313315926893	0.8590861618798903	0.7349869451697127
0.860313315926893	0.8589347258485582	0.7349869451697127
0.860313315926893	0.8594360313315871	0.7349869451697127
0.860313315926893	0.8599686684073051	0.7349869451697127
0.860313315926893	0.8602193211488192	0.8577023498694517
0.860313315926893	0.8602088772845895	0.8577023498694517
0.860313315926893	0.8602402088772788	0.8577023498694517
0.860313315926893	0.8602715404699681	0.8577023498694517
0.860313315926893	0.8602898172323703	0.8577023498694517
0.860313315926893	0.8602924281984278	0.8577023498694517
0.860313315926893	0.8602872062663128	0.8577023498694517
0.860313315926893	0.8603002610966001	0.8590078328981723
0.860313315926893	0.8602872062663128	0.8590078328981723
0.860313315926893	0.8602872062663128	0.8590078328981723
0.860313315926893	0.8603028720626574	0.8590078328981723
0.860313315926893	0.8603107049608297	0.8590078328981723
0.860313315926893	0.8603133159268872	0.860313315926893
0.860313315926893	0.8603133159268872	0.860313315926893
0.860313315926893	0.8603133159268872	0.860313315926893
0.860313315926893	0.8603133159268872	0.860313315926893
0.860313315926893	0.8603133159268872	0.860313315926893
0.860313315926893	0.8603133159268872	0.860313315926893
0.860313315926893	0.8603133159268872	0.860313315926893
0.860313315926893	0.8603133159268872	0.860313315926893
0.860313315926893	0.8603133159268872	0.860313315926893
0.860313315926893	0.8603133159268872	0.860313315926893
0.860313315926893	0.8603133159268872	0.860313315926893
0.860313315926893	0.8603133159268872	0.860313315926893
0.860313315926893	0.8603133159268872	0.860313315926893
0.860313315926893	0.8603133159268872	0.860313315926893
0.860313315926893	0.8603133159268872	0.860313315926893
0.860313315926893	0.8603133159268872	0.860313315926893
0.860313315926893	0.8603133159268872	0.860313315926893
0.860313315926893	0.8603107049608297	0.8590078328981723
0.860313315926893	0.8603133159268872	0.860313315926893
0.860313315926893	0.8603133159268872	0.860313315926893
0.860313315926893	0.8603133159268872	0.860313315926893
0.860313315926893	0.8603133159268872	0.860313315926893
0.860313315926893	0.8603133159268872	0.860313315926893
0.860313315926893	0.8603133159268872	0.860313315926893
0.860313315926893	0.8603133159268872	0.860313315926893
0.860313315926893	0.8600626631853728	0.7349869451697127
0.860313315926893	0.8603133159268872	0.860313315926893
0.860313315926893	0.8603133159268872	0.860313315926893
0.860313315926893	0.8603133159268872	0.860313315926893
0.860313315926893	0.8603133159268872	0.860313315926893
0.860313315926893	0.8603133159268872	0.860313315926893
0.860313315926893	0.8603080939947724	0.8577023498694517
0.860313315926893	0.8603133159268872	0.860313315926893
0.860313315926893	0.8603133159268872	0.860313315926893
0.860313315926893	0.8603133159268872	0.860313315926893
0.860313315926893	0.8603133159268872	0.860313315926893
0.860313315926893	0.8603133159268872	0.860313315926893
0.860313315926893	0.8603133159268872	0.860313315926893
0.860313315926893	0.8603133159268872	0.860313315926893
0.860313315926893	0.8603133159268872	0.860313315926893
0.860313315926893	0.8603133159268872	0.860313315926893
0.860313315926893	0.8603133159268872	0.860313315926893
0.860313315926893	0.8603133159268872	0.860313315926893
0.860313315926893	0.8603133159268872	0.860313315926893
0.860313315926893	0.8603133159268872	0.860313315926893
0.860313315926893	0.8603133159268872	0.860313315926893
0.860313315926893	0.8603133159268872	0.860313315926893
0.860313315926893	0.8603133159268872	0.860313315926893
0.860313315926893	0.8603133159268872	0.860313315926893
0.860313315926893	0.8603133159268872	0.860313315926893
0.860313315926893	0.8603133159268872	0.860313315926893
0.860313315926893	0.8603133159268872	0.860313315926893
0.860313315926893	0.8603133159268872	0.860313315926893
0.860313315926893	0.8603133159268872	0.860313315926893
0.860313315926893	0.8603133159268872	0.860313315926893
0.860313315926893	0.8603133159268872	0.860313315926893
0.860313315926893	0.8603133159268872	0.860313315926893
0.860313315926893	0.8603133159268872	0.860313315926893
0.860313315926893	0.8603133159268872	0.860313315926893
0.860313315926893	0.8603133159268872	0.860313315926893
0.860313315926893	0.8603133159268872	0.860313315926893
0.860313315926893	0.8603133159268872	0.860313315926893
0.860313315926893	0.8603133159268872	0.860313315926893
0.860313315926893	0.8603133159268872	0.860313315926893
0.860313315926893	0.8603133159268872	0.860313315926893
0.860313315926893	0.8603133159268872	0.860313315926893
0.860313315926893	0.8603107049608297	0.8590078328981723
0.860313315926893	0.8603159268929447	0.8590078328981723
0.8642297650130548	0.8603498694516915	0.8590078328981723
0.8642297650130548	0.8603916449086105	0.860313315926893
0.8642297650130548	0.8604308093994719	0.860313315926893
0.8642297650130548	0.8605169712793679	0.860313315926893
0.8642297650130548	0.8606344647519526	0.860313315926893
0.8642297650130548	0.8608537859007788	0.860313315926893
0.8642297650130548	0.8610731070496047	0.860313315926893
0.8642297650130548	0.8611279373368105	0.860313315926893
0.8642297650130548	0.861120104438639	0.860313315926893
0.8642297650130548	0.8613315926892924	0.860313315926893
0.8642297650130548	0.8613159268929474	0.860313315926893
0.8642297650130548	0.8614960835509119	0.860313315926893
0.8642297650130548	0.8616370757180136	0.860313315926893
0.8642297650130548	0.8616762402088758	0.860313315926893
0.8642297650130548	0.8617310704960821	0.860313315926893
0.8642297650130548	0.861832898172323	0.860313315926893
0.8642297650130548	0.86209138381201	0.860313315926893
0.8642297650130548	0.8621775456919064	0.860313315926893
0.8642297650130548	0.8622010443864233	0.860313315926893
0.8642297650130548	0.8622323759791125	0.860313315926893
0.8642297650130548	0.8623342036553535	0.860313315926893
0.8642297650130548	0.862396866840732	0.860313315926893
0.8642297650130548	0.8626396866840752	0.860313315926893
0.8642297650130548	0.8626240208877309	0.860313315926893
0.8642297650130548	0.8628355091383839	0.860313315926893
0.8642297650130548	0.8628668407310731	0.860313315926893
0.8642297650130548	0.8629608355091418	0.860313315926893
0.8642297650130548	0.8627963446475221	0.860313315926893
0.8642297650130548	0.8629060052219361	0.860313315926893
0.8642297650130548	0.8628903394255902	0.860313315926893
0.8642297650130548	0.8627702349869473	0.860313315926893
0.8642297650130548	0.8630156657963479	0.860313315926893
0.8642297650130548	0.8632271540470012	0.860313315926893
0.8642297650130548	0.8631488250652788	0.860313315926893
0.8642297650130548	0.8633446475195871	0.860313315926893
0.8642297650130548	0.8634621409921723	0.860313315926893
0.8642297650130548	0.8633733681462183	0.860313315926893
0.8642297650130548	0.8635326370757231	0.860313315926893
0.8642297650130548	0.8634386422976548	0.860313315926893
0.8642297650130548	0.8634778067885169	0.860313315926893
0.8642297650130548	0.8634308093994826	0.860313315926893
0.8642297650130548	0.8633838120104481	0.860313315926893
0.8642297650130548	0.8633681462141043	0.860313315926893
0.8642297650130548	0.8634621409921722	0.860313315926893
0.8642297650130548	0.8634856396866891	0.860313315926893
0.8642297650130548	0.863485639686688	0.860313315926893
0.8642297650130548	0.8634229765013105	0.860313315926893
0.8642297650130548	0.8634621409921721	0.860313315926893
0.8642297650130548	0.863524804177551	0.860313315926893
0.8642297650130548	0.8637206266318594	0.860313315926893
0.8642297650130548	0.8637284595300317	0.860313315926893
0.8642297650130548	0.8637597911227219	0.860313315926893
0.8642297650130548	0.8639164490861685	0.860313315926893
0.8681462140992167	0.8640339425587541	0.860313315926893
0.8681462140992167	0.8640261096605816	0.860313315926893
0.8681462140992167	0.8641122715404771	0.860313315926893
0.8681462140992167	0.8641122715404771	0.860313315926893
0.8681462140992167	0.8641592689295113	0.860313315926893
0.8681462140992167	0.8642532637075793	0.860313315926893
0.8681462140992167	0.8643002610966127	0.860313315926893
0.8681462140992167	0.8644569190600597	0.860313315926893
0.8681462140992167	0.8646684073107126	0.860313315926893
0.8681462140992167	0.8648720626631927	0.860313315926893
0.8681462140992167	0.8649973890339497	0.860313315926893
0.8681462140992167	0.8652558746736368	0.860313315926893
0.8681462140992167	0.86545691906006	0.860313315926893
0.8681462140992167	0.8657441253263777	0.860313315926893
0.8681462140992167	0.865890339425595	0.860313315926893
0.8681462140992167	0.8657806788511815	0.860313315926893
0.8681462140992167	0.8660078328981795	0.8642297650130548
0.8681462140992167	0.8662114882506599	0.8642297650130548
0.8681462140992167	0.8662271540470047	0.8642297650130548
0.8681462140992167	0.8661018276762471	0.8642297650130548
0.8681462140992167	0.8661331592689366	0.8642297650130548
0.8681462140992167	0.8662898172323831	0.8642297650130548
0.8681462140992167	0.8662349869451769	0.8642297650130548
0.8681462140992167	0.8663368146214174	0.8642297650130548
0.8681462140992167	0.8666814621409987	0.8642297650130548
0.8681462140992167	0.8666892950391714	0.8642297650130548
0.8681462140992167	0.8667206266318607	0.8642297650130548
0.8681462140992167	0.8668224543081009	0.8642297650130548
0.8681462140992167	0.867073107049615	0.8642297650130548
0.8681462140992167	0.8671592689295109	0.8642297650130548
0.8681462140992167	0.8672062663185447	0.8642297650130548
0.8681462140992167	0.8673629242819911	0.8642297650130548
0.8681462140992167	0.8674099216710247	0.8642297650130548
