0.37597911227154046	0.2772371231901257	0.2010443864229765
0.37597911227154046	0.30829483832094806	0.2193211488250653
0.37597911227154046	0.3252393385552655	0.2206266318537859
0.4425587467362924	0.3795883888803563	0.2584856396866841
0.4660574412532637	0.37075718015665793	0.21018276762402088
0.4660574412532637	0.3772224294417506	0.24934725848563968
0.4660574412532637	0.40163469179248484	0.2741514360313316
0.46736292428198434	0.41592689295039165	0.34464751958224543
0.47127937336814624	0.4165457886084519	0.37467362924281983
0.47127937336814624	0.4209507517781578	0.3785900783289817
0.47127937336814624	0.43561020803503747	0.3563968668407311
0.47780678851174935	0.4449323522430572	0.3577023498694517
0.47911227154047	0.4412159641924656	0.3577023498694517
0.4830287206266319	0.4487686119539907	0.37597911227154046
0.4830287206266319	0.45367208944232434	0.38511749347258484
0.4830287206266319	0.46347831624530356	0.42297650130548303
0.4830287206266319	0.464326917238448	0.4164490861618799
0.4830287206266319	0.4666376559326952	0.4164490861618799
0.4830287206266319	0.4703349813899227	0.42950391644908614
0.4830287206266319	0.4730111365695104	0.4281984334203655
0.4830287206266319	0.47555419034454527	0.4308093994778068
0.4856396866840731	0.473594758362481	0.4255874673629243
0.4856396866840731	0.4765962497032994	0.4281984334203655
0.4856396866840731	0.47657001511611946	0.4281984334203655
0.4856396866840731	0.4782493251316549	0.4699738903394256
0.4856396866840731	0.4793476865128623	0.47127937336814624
0.4856396866840731	0.4799618716067803	0.4725848563968668
0.4856396866840731	0.4804378389234787	0.4751958224543081
0.4856396866840731	0.4809438447449437	0.4751958224543081
0.4856396866840731	0.4817232375979113	0.4751958224543081
0.4856396866840731	0.48177839885264595	0.47389033942558745
0.4856396866840731	0.4816695876104297	0.47389033942558745
0.4856396866840731	0.4816013925152309	0.4751958224543081
0.4856396866840731	0.4812824251466551	0.4765013054830287
0.4869451697127937	0.4813927355653239	0.4751958224543081
0.4869451697127937	0.48190052541662665	0.4765013054830287
0.4869451697127937	0.48208499795526766	0.4751958224543081
0.4869451697127937	0.48278298264475517	0.4751958224543081
0.4869451697127937	0.4834488760841512	0.47780678851174935
0.4869451697127937	0.48383547980168395	0.47780678851174935
0.4869451697127937	0.48443462542679266	0.47780678851174935
0.4869451697127937	0.48469917740531754	0.47780678851174935
0.4869451697127937	0.48498007420640393	0.47780678851174935
0.4869451697127937	0.48493984011197555	0.4804177545691906
0.4869451697127937	0.48519133897724	0.48172323759791125
0.4869451697127937	0.4852519194478199	0.48172323759791125
0.4869451697127937	0.4856650358690974	0.48172323759791125
0.4869451697127937	0.48576401840109473	0.48172323759791125
0.489556135770235	0.4857738952197367	0.48172323759791125
0.489556135770235	0.48615469375044984	0.48172323759791125
0.489556135770235	0.48640415872791937	0.48433420365535246
0.489556135770235	0.4863790753021104	0.4830287206266319
0.489556135770235	0.48657055284368345	0.48433420365535246
0.489556135770235	0.4864876927540121	0.4830287206266319
0.489556135770235	0.4868244948109802	0.4830287206266319
0.489556135770235	0.4868264894374563	0.48433420365535246
0.489556135770235	0.48694516971279433	0.4830287206266319
0.489556135770235	0.48674673629242876	0.4830287206266319
0.489556135770235	0.48708908122777156	0.4830287206266319
0.489556135770235	0.4876130912623725	0.4830287206266319
0.489556135770235	0.48759292846750313	0.48172323759791125
0.489556135770235	0.487985629871023	0.48433420365535246
0.489556135770235	0.48826999323082915	0.48433420365535246
0.489556135770235	0.4885555830839898	0.4856396866840731
0.489556135770235	0.4885887634539893	0.4856396866840731
0.489556135770235	0.4885747088124741	0.48433420365535246
0.489556135770235	0.48876189085066424	0.4856396866840731
0.489556135770235	0.48888088592779355	0.4856396866840731
0.489556135770235	0.489032166391361	0.4869451697127937
0.489556135770235	0.4892144321586908	0.4869451697127937
0.489556135770235	0.48909791987273715	0.4869451697127937
0.489556135770235	0.4891295073294769	0.4869451697127937
0.489556135770235	0.4890844773856651	0.4856396866840731
0.489556135770235	0.48932331077148217	0.4869451697127937
0.489556135770235	0.4894329769939404	0.4869451697127937
0.489556135770235	0.4893858553751842	0.4869451697127937
0.489556135770235	0.48924378093514215	0.4869451697127937
0.489556135770235	0.4891684468707963	0.4856396866840731
0.489556135770235	0.48894638920592215	0.4856396866840731
0.489556135770235	0.48916989818777284	0.4869451697127937
0.489556135770235	0.48939581329302306	0.4869451697127937
0.489556135770235	0.48935993600869254	0.4869451697127937
0.489556135770235	0.4893770980977239	0.4869451697127937
0.489556135770235	0.48926848696729575	0.4856396866840731
0.489556135770235	0.4893008737255122	0.4869451697127937
0.489556135770235	0.489195505099317	0.4869451697127937
0.489556135770235	0.48916377748291395	0.4856396866840731
0.489556135770235	0.48913273586902745	0.4856396866840731
0.489556135770235	0.4893327376048913	0.4856396866840731
0.489556135770235	0.4892798430657427	0.4856396866840731
0.489556135770235	0.48922122127595474	0.4856396866840731
0.489556135770235	0.4890420595516703	0.4856396866840731
0.489556135770235	0.4889536051415937	0.4856396866840731
0.489556135770235	0.488873573577553	0.4856396866840731
0.489556135770235	0.48899851739113226	0.4856396866840731
0.489556135770235	0.4890040658327152	0.4856396866840731
0.489556135770235	0.4889902120927588	0.4856396866840731
0.489556135770235	0.4890466789785376	0.4856396866840731
0.489556135770235	0.4890074544972931	0.4856396866840731
0.489556135770235	0.489181355953376	0.4856396866840731
0.489556135770235	0.48919109549206036	0.4856396866840731
0.489556135770235	0.48933549075129473	0.4856396866840731
0.489556135770235	0.48933147124901194	0.4856396866840731
0.489556135770235	0.4893876863471728	0.4856396866840731
0.489556135770235	0.4893594191494671	0.4856396866840731
0.489556135770235	0.4893966423685343	0.4856396866840731
0.489556135770235	0.4894449062745126	0.4869451697127937
0.489556135770235	0.48941688424716967	0.4869451697127937
0.489556135770235	0.48949287447809237	0.48825065274151436
0.489556135770235	0.4894763245807043	0.48825065274151436
0.489556135770235	0.4894205011698465	0.48825065274151436
0.489556135770235	0.4894048566209822	0.48825065274151436
0.489556135770235	0.4893450363868654	0.48825065274151436
0.489556135770235	0.4894129182227784	0.48825065274151436
0.489556135770235	0.48939772987971897	0.48825065274151436
0.489556135770235	0.48959947130645604	0.48825065274151436
0.5182767624020888	0.48963134878423314	0.48825065274151436
0.5182767624020888	0.4900143869558245	0.48825065274151436
0.5182767624020888	0.49002124713269185	0.489556135770235
0.5182767624020888	0.4903635429446222	0.489556135770235
0.5182767624020888	0.49127250787970594	0.489556135770235
0.5182767624020888	0.492280622091041	0.489556135770235
0.5182767624020888	0.49383607228792087	0.489556135770235
0.5182767624020888	0.49279698468978084	0.489556135770235
0.5182767624020888	0.4938808633325586	0.489556135770235
0.5182767624020888	0.49516821223852675	0.489556135770235
0.5182767624020888	0.49862005976431745	0.489556135770235
0.5182767624020888	0.49974382974530746	0.489556135770235
0.5182767624020888	0.5017064178914735	0.48825065274151436
0.5182767624020888	0.5046055888262299	0.48825065274151436
0.5182767624020888	0.5055543244727484	0.48825065274151436
0.5182767624020888	0.5065991449803467	0.489556135770235
0.5182767624020888	0.5099216710182778	0.489556135770235
0.5182767624020888	0.5109151577419395	0.489556135770235
0.5182767624020888	0.5124091074988082	0.489556135770235
0.5182767624020888	0.5135751651598651	0.489556135770235
0.5182767624020888	0.5152321730064876	0.489556135770235
0.5182767624020888	0.5160597315743681	0.489556135770235
0.5182767624020888	0.516275325006142	0.489556135770235
0.5182767624020888	0.5169848311003113	0.489556135770235
0.5182767624020888	0.5178819771562916	0.489556135770235
0.5182767624020888	0.5171985136206892	0.489556135770235
0.5182767624020888	0.5170111076691608	0.489556135770235
0.5182767624020888	0.5175998452760869	0.489556135770235
0.5182767624020888	0.5179885955796968	0.489556135770235
0.5182767624020888	0.5181813450378646	0.489556135770235
0.5182767624020888	0.5181819748554501	0.489556135770235
0.5182767624020888	0.5182767624020899	0.5182767624020888
0.5182767624020888	0.5182767624020899	0.5182767624020888
0.5182767624020888	0.5182767624020898	0.5182767624020888
0.5182767624020888	0.5182767624020898	0.5182767624020888
0.5182767624020888	0.5182767624020896	0.5182767624020888
0.5182767624020888	0.5182767624020896	0.5182767624020888
0.5182767624020888	0.5182767624020895	0.5182767624020888
0.5182767624020888	0.5182767624020895	0.5182767624020888
0.5182767624020888	0.5182767624020894	0.5182767624020888
0.5182767624020888	0.5182767624020894	0.5182767624020888
0.5182767624020888	0.5182767624020893	0.5182767624020888
0.5182767624020888	0.5182767624020893	0.5182767624020888
0.5182767624020888	0.5182767624020892	0.5182767624020888
0.5182767624020888	0.5182767624020892	0.5182767624020888
0.5182767624020888	0.5182767624020891	0.5182767624020888
0.5182767624020888	0.5182728654378241	0.5169712793733682
0.5182767624020888	0.5182767624020891	0.5182767624020888
0.5182767624020888	0.518276762402089	0.5182767624020888
0.5182767624020888	0.518276762402089	0.5182767624020888
0.5182767624020888	0.5182767624020889	0.5182767624020888
0.5182767624020888	0.5182767624020889	0.5182767624020888
0.5182767624020888	0.5182767624020889	0.5182767624020888
0.5182767624020888	0.5182767624020888	0.5182767624020888
0.5182767624020888	0.5182767624020888	0.5182767624020888
0.5182767624020888	0.5182767624020886	0.5182767624020888
0.5182767624020888	0.5182767624020886	0.5182767624020888
0.5182767624020888	0.5182767624020886	0.5182767624020888
0.5182767624020888	0.5182767624020885	0.5182767624020888
0.5182767624020888	0.5182767624020885	0.5182767624020888
0.5182767624020888	0.5182767624020885	0.5182767624020888
0.5182767624020888	0.5182767624020884	0.5182767624020888
0.5182767624020888	0.5182767624020884	0.5182767624020888
0.5182767624020888	0.5182767624020884	0.5182767624020888
0.5182767624020888	0.5182767624020883	0.5182767624020888
0.5182767624020888	0.5182767624020883	0.5182767624020888
0.5182767624020888	0.5182767624020882	0.5182767624020888
0.5182767624020888	0.5182767624020882	0.5182767624020888
0.5182767624020888	0.5182767624020882	0.5182767624020888
0.5182767624020888	0.5182767624020881	0.5182767624020888
0.5182767624020888	0.5182767624020881	0.5182767624020888
0.5182767624020888	0.5182767624020881	0.5182767624020888
0.5182767624020888	0.5182767624020881	0.5182767624020888
0.5182767624020888	0.518276762402088	0.5182767624020888
0.5182767624020888	0.518276762402088	0.5182767624020888
0.5182767624020888	0.518276762402088	0.5182767624020888
0.5182767624020888	0.5182767624020879	0.5182767624020888
0.5182767624020888	0.5182767624020879	0.5182767624020888
0.5182767624020888	0.5182767624020879	0.5182767624020888
0.5182767624020888	0.5182767624020878	0.5182767624020888
0.5182767624020888	0.5182767624020878	0.5182767624020888
0.5182767624020888	0.5182767624020878	0.5182767624020888
0.5182767624020888	0.5182767624020876	0.5182767624020888
0.5182767624020888	0.5182767624020876	0.5182767624020888
0.5182767624020888	0.5182767624020876	0.5182767624020888
0.5182767624020888	0.5182767624020876	0.5182767624020888
0.5182767624020888	0.5182767624020875	0.5182767624020888
0.5182767624020888	0.5182767624020875	0.5182767624020888
0.5182767624020888	0.5182767624020875	0.5182767624020888
0.5182767624020888	0.5182767624020875	0.5182767624020888
0.5182767624020888	0.5182767624020874	0.5182767624020888
0.5182767624020888	0.5182767624020874	0.5182767624020888
0.5182767624020888	0.5182767624020874	0.5182767624020888
0.5182767624020888	0.5182767624020873	0.5182767624020888
0.5182767624020888	0.5182767624020873	0.5182767624020888
0.5182767624020888	0.5182767624020873	0.5182767624020888
0.5182767624020888	0.5182767624020873	0.5182767624020888
0.5182767624020888	0.5182767624020872	0.5182767624020888
0.5182767624020888	0.5182767624020872	0.5182767624020888
0.5182767624020888	0.5182767624020872	0.5182767624020888
0.5182767624020888	0.5182767624020872	0.5182767624020888
0.5182767624020888	0.5182767624020872	0.5182767624020888
0.5182767624020888	0.5182767624020871	0.5182767624020888
0.5182767624020888	0.5182767624020871	0.5182767624020888
0.5182767624020888	0.5182767624020871	0.5182767624020888
0.5182767624020888	0.5182767624020871	0.5182767624020888
0.5182767624020888	0.518276762402087	0.5182767624020888
0.5182767624020888	0.518276762402087	0.5182767624020888
0.5182767624020888	0.518276762402087	0.5182767624020888
0.5182767624020888	0.518276762402087	0.5182767624020888
0.5182767624020888	0.5182767624020869	0.5182767624020888
0.5182767624020888	0.5182767624020869	0.5182767624020888
0.5182767624020888	0.5182767624020869	0.5182767624020888
0.5182767624020888	0.5182767624020869	0.5182767624020888
0.5182767624020888	0.5182767624020869	0.5182767624020888
0.5182767624020888	0.5182767624020868	0.5182767624020888
0.5182767624020888	0.5182767624020868	0.5182767624020888
0.5182767624020888	0.5182767624020868	0.5182767624020888
0.5182767624020888	0.5182767624020868	0.5182767624020888
0.5182767624020888	0.5182767624020866	0.5182767624020888
0.5182767624020888	0.5182767624020866	0.5182767624020888
0.5182767624020888	0.5182794541196717	0.5169712793733682
0.52088772845953	0.5182821237286933	0.5182767624020888
0.52088772845953	0.5182981199976485	0.5182767624020888
0.52088772845953	0.5183086683009556	0.5182767624020888
0.52088772845953	0.5183191310196515	0.5182767624020888
0.52088772845953	0.5183558825856455	0.5182767624020888
0.52088772845953	0.5184238590813791	0.5182767624020888
0.52088772845953	0.5184912906753433	0.5182767624020888
0.52088772845953	0.518631145020662	0.5182767624020888
0.52088772845953	0.5187387424798456	0.5182767624020888
0.52088772845953	0.5188403174521096	0.5182767624020888
0.52088772845953	0.5190080388915487	0.5182767624020888
0.52088772845953	0.519225738277583	0.5182767624020888
0.52088772845953	0.5192654550285368	0.5169712793733682
0.52088772845953	0.5193277653082516	0.5169712793733682
0.52088772845953	0.5194732439352083	0.5143603133159269
0.52088772845953	0.5194837660534013	0.5143603133159269
0.52088772845953	0.5197029837456051	0.5143603133159269
0.52088772845953	0.5196549114727158	0.5182767624020888
0.52088772845953	0.5198543250677713	0.5182767624020888
0.52088772845953	0.5198383687678734	0.5182767624020888
0.52088772845953	0.5198819863159622	0.5182767624020888
0.52088772845953	0.5200116481661552	0.5182767624020888
0.52088772845953	0.5200690357127062	0.5182767624020888
0.52088772845953	0.5199790338935735	0.5182767624020888
0.52088772845953	0.5200263536760951	0.5182767624020888
0.52088772845953	0.5201389597950133	0.5182767624020888
0.52088772845953	0.5201659586217601	0.5182767624020888
0.52088772845953	0.5201251912375798	0.5182767624020888
0.52088772845953	0.5201376166640233	0.5182767624020888
0.52088772845953	0.5202409753994313	0.5182767624020888
0.52088772845953	0.5202958458432202	0.5182767624020888
0.52088772845953	0.5204121426567191	0.5182767624020888
0.52088772845953	0.5205039022333018	0.5182767624020888
0.52088772845953	0.5205572264269442	0.5182767624020888
0.52088772845953	0.5205913485286872	0.5182767624020888
0.52088772845953	0.520587725178246	0.5182767624020888
0.52088772845953	0.5206028108754461	0.5182767624020888
0.52088772845953	0.5205107440555158	0.5182767624020888
0.52088772845953	0.5205213584443664	0.5182767624020888
0.52088772845953	0.5204995494350625	0.5182767624020888
0.52088772845953	0.5205653869709583	0.5182767624020888
0.52088772845953	0.520621584291989	0.5182767624020888
0.52088772845953	0.520627089115794	0.5182767624020888
0.52088772845953	0.5206758437794774	0.5182767624020888
0.52088772845953	0.5207356113066194	0.5182767624020888
0.52088772845953	0.5207384011113588	0.5182767624020888
0.52088772845953	0.5206983319579552	0.5182767624020888
0.52088772845953	0.5207124656777063	0.5182767624020888
0.52088772845953	0.5207488949298902	0.5182767624020888
0.52088772845953	0.5207225904353852	0.5182767624020888
0.52088772845953	0.52071425712011	0.5182767624020888
0.52088772845953	0.5206838160000363	0.5182767624020888
0.52088772845953	0.5207463563548982	0.5182767624020888
0.52088772845953	0.5207820569833448	0.5182767624020888
0.52088772845953	0.5207692476468404	0.5182767624020888
0.52088772845953	0.5208002589098681	0.5182767624020888
0.52088772845953	0.52082670421111	0.5182767624020888
0.52088772845953	0.5208399403952515	0.5182767624020888
0.52088772845953	0.5208054592139396	0.5182767624020888
0.52088772845953	0.5208057311783879	0.5182767624020888
0.52088772845953	0.5208404127649147	0.5182767624020888
0.52088772845953	0.5208577173554223	0.5182767624020888
0.52088772845953	0.5208535423245724	0.5182767624020888
0.52088772845953	0.5208664318358973	0.5182767624020888
0.52088772845953	0.5208834829862664	0.5182767624020888
0.52088772845953	0.5208750333247294	0.5182767624020888
0.52088772845953	0.5208750743429355	0.5182767624020888
0.52088772845953	0.5208751150969342	0.5156657963446475
0.52088772845953	0.5208751555892698	0.5156657963446475
0.52088772845953	0.5208877284595304	0.52088772845953
0.52088772845953	0.5208877284595304	0.52088772845953
0.52088772845953	0.5208815019903947	0.5169712793733682
0.52088772845953	0.5209477268871576	0.52088772845953
0.5587467362924282	0.5210671550369371	0.52088772845953
0.5587467362924282	0.5213050718529636	0.52088772845953
0.5587467362924282	0.5217136462940266	0.5169712793733682
0.5587467362924282	0.5229613830356669	0.52088772845953
0.5587467362924282	0.5258489712956665	0.52088772845953
0.5587467362924282	0.527658779627156	0.52088772845953
0.5587467362924282	0.529105187524035	0.52088772845953
0.5587467362924282	0.5294349094636428	0.52088772845953
0.5613577023498695	0.5309835979836421	0.52088772845953
0.5613577023498695	0.5329880120160597	0.52088772845953
0.5613577023498695	0.5355639166889917	0.52088772845953
0.5613577023498695	0.5377194905626543	0.52088772845953
0.5613577023498695	0.5391764130810602	0.52088772845953
0.5613577023498695	0.5418447921330305	0.52088772845953
0.5613577023498695	0.5438590947334352	0.52088772845953
0.5613577023498695	0.5446364928779324	0.52088772845953
0.5613577023498695	0.5450813718369045	0.52088772845953
0.5613577023498695	0.5478057315989552	0.52088772845953
0.5613577023498695	0.5493956530732536	0.52088772845953
0.5613577023498695	0.5496044639348187	0.52088772845953
0.5613577023498695	0.5509448748637322	0.52088772845953
0.5613577023498695	0.5520820036746961	0.52088772845953
0.5613577023498695	0.5543539883759986	0.52088772845953
0.5613577023498695	0.5548725856254633	0.52088772845953
0.5613577023498695	0.5549932329587538	0.52088772845953
0.5613577023498695	0.5560746055835728	0.52088772845953
0.5613577023498695	0.5565626727144567	0.52088772845953
0.5613577023498695	0.5574317519316264	0.52088772845953
0.5613577023498695	0.558267364440088	0.52088772845953
0.5613577023498695	0.5586919475690862	0.52088772845953
0.5613577023498695	0.5586977571311832	0.52088772845953
0.5613577023498695	0.5591787666472622	0.52088772845953
0.5613577023498695	0.5587017842225782	0.52088772845953
0.5613577023498695	0.5587971626755178	0.52088772845953
0.5613577023498695	0.5591787934431662	0.52088772845953
0.5613577023498695	0.5592982703742693	0.52088772845953
0.5613577023498695	0.5593429994629988	0.52088772845953
0.5613577023498695	0.5596201358293293	0.52088772845953
0.5613577023498695	0.5592843964396651	0.52088772845953
0.5613577023498695	0.5601385170741084	0.52088772845953
0.5613577023498695	0.560440385382991	0.5234986945169713
0.5613577023498695	0.5605543281783557	0.5234986945169713
0.5613577023498695	0.5606385031917941	0.5234986945169713
0.5613577023498695	0.5608602025586807	0.5234986945169713
0.5613577023498695	0.5608905530830105	0.5234986945169713
0.5613577023498695	0.5609586542871552	0.52088772845953
0.5613577023498695	0.5610948050778857	0.5587467362924282
0.5613577023498695	0.5611386254179589	0.5587467362924282
0.5613577023498695	0.561182205317209	0.5587467362924282
0.5613577023498695	0.561175541927264	0.5587467362924282
0.5613577023498695	0.5611831630090649	0.5587467362924282
0.5613577023498695	0.5612085042894513	0.5587467362924282
0.5613577023498695	0.561205366474069	0.5587467362924282
0.5613577023498695	0.561241109819571	0.5587467362924282
0.5613577023498695	0.5612484716511169	0.5587467362924282
0.5613577023498695	0.5612522797634387	0.5587467362924282
0.5613577023498695	0.5612455534722415	0.5587467362924282
0.5613577023498695	0.5612598348135869	0.5587467362924282
0.5613577023498695	0.5613019273740166	0.5587467362924282
0.5613577023498695	0.5612707860363797	0.5587467362924282
0.5613577023498695	0.5612640820529962	0.5587467362924282
0.5613577023498695	0.5612781629865373	0.5587467362924282
0.5613577023498695	0.5612714749371472	0.5587467362924282
0.5613577023498695	0.5612648221343945	0.5587467362924282
0.5613577023498695	0.5612856520381732	0.5587467362924282
0.5613577023498695	0.5612961068203431	0.5587467362924282
0.5613577023498695	0.5612996808819334	0.5587467362924282
0.5613577023498695	0.5612930239208135	0.5587467362924282
0.5613577023498695	0.5612931921351934	0.5587467362924282
0.5613577023498695	0.5613102918118686	0.5587467362924282
0.5639686684073107	0.5613171698884416	0.5587467362924282
0.5639686684073107	0.5613139054998808	0.5587467362924282
0.5639686684073107	0.5613593825082147	0.5587467362924282
0.5639686684073107	0.5613828400205196	0.5587467362924282
0.5639686684073107	0.561392804966526	0.5587467362924282
0.5639686684073107	0.5615144270046654	0.5587467362924282
0.5639686684073107	0.5616886464552463	0.5587467362924282
0.5639686684073107	0.561805580898484	0.5587467362924282
0.5639686684073107	0.5619335047503763	0.5613577023498695
0.5639686684073107	0.5620541800213296	0.5613577023498695
0.5639686684073107	0.562072178559793	0.5613577023498695
0.5639686684073107	0.562168908156401	0.5613577023498695
0.5639686684073107	0.5622618762919753	0.5613577023498695
0.5639686684073107	0.562279219781913	0.5613577023498695
0.5639686684073107	0.5623747078553947	0.5613577023498695
0.5639686684073107	0.562554259646435	0.5613577023498695
0.5639686684073107	0.5625642605776608	0.5613577023498695
0.5639686684073107	0.5625742119379759	0.5613577023498695
0.5639686684073107	0.5626260702863074	0.5613577023498695
0.5639686684073107	0.5626261618155115	0.5613577023498695
0.5639686684073107	0.5626969063424362	0.5613577023498695
0.5639686684073107	0.5627833218536301	0.5613577023498695
0.5639686684073107	0.5627526676914567	0.5600522193211488
0.5639686684073107	0.5629118488126361	0.5600522193211488
0.5639686684073107	0.5628365077295452	0.5600522193211488
0.5639686684073107	0.5628709840137855	0.5613577023498695
0.5639686684073107	0.5629685892871313	0.5613577023498695
0.5639686684073107	0.5630467795454368	0.5613577023498695
0.5639686684073107	0.5631119943812297	0.5613577023498695
0.5639686684073107	0.5631611855231237	0.5613577023498695
0.5639686684073107	0.5630440165622423	0.5613577023498695
0.5639686684073107	0.5629805662825825	0.5613577023498695
0.5639686684073107	0.5630047633753561	0.5613577023498695
0.5639686684073107	0.5630257331088586	0.5613577023498695
0.5639686684073107	0.5631645777903378	0.5613577023498695
0.5639686684073107	0.5631881660983282	0.5613577023498695
0.5639686684073107	0.5631220356265583	0.5613577023498695
0.5639686684073107	0.563287412800827	0.5613577023498695
0.5639686684073107	0.5632797916147736	0.5613577023498695
0.5639686684073107	0.5632016396007804	0.5613577023498695
0.5639686684073107	0.5632891438296446	0.5613577023498695
0.5639686684073107	0.5632754645534672	0.5613577023498695
0.5639686684073107	0.5633974243749098	0.5600522193211488
0.5639686684073107	0.5634762627014865	0.5613577023498695
0.5639686684073107	0.5634895364246473	0.5613577023498695
0.5639686684073107	0.5635330031555504	0.5613577023498695
0.5639686684073107	0.5635400473897914	0.5613577023498695
0.5639686684073107	0.5635771740734409	0.5613577023498695
0.5639686684073107	0.5636081207353995	0.5613577023498695
0.5639686684073107	0.5636808925846788	0.5613577023498695
0.5639686684073107	0.5636875334595475	0.5613577023498695
0.5639686684073107	0.5637239835882156	0.5613577023498695
0.5639686684073107	0.5637602674677223	0.5613577023498695
0.5639686684073107	0.5637696527920131	0.5613577023498695
0.5639686684073107	0.563764177308603	0.5613577023498695
0.5639686684073107	0.5637971666730754	0.5613577023498695
0.5639686684073107	0.5637828030269526	0.5613577023498695
0.5639686684073107	0.5637802785226722	0.5613577023498695
0.5639686684073107	0.5638130090135621	0.5613577023498695
0.5639686684073107	0.5638338710575458	0.5613577023498695
0.5639686684073107	0.5638604872828722	0.5613577023498695
0.5639686684073107	0.5638753154309573	0.5613577023498695
0.5639686684073107	0.5638580589199294	0.5613577023498695
0.5639686684073107	0.563893156596975	0.5613577023498695
0.5639686684073107	0.563893324214756	0.5613577023498695
0.5639686684073107	0.5638848167842054	0.5613577023498695
0.5639686684073107	0.5639138525453331	0.5613577023498695
0.5639686684073107	0.5638995800000595	0.5613577023498695
0.5639686684073107	0.563911221409349	0.5613577023498695
0.5639686684073107	0.563919945659808	0.5613577023498695
0.5639686684073107	0.563928631687921	0.5613577023498695
0.5639686684073107	0.5639144516257915	0.5613577023498695
0.5639686684073107	0.5639430427862465	0.5613577023498695
0.5639686684073107	0.5639544629336587	0.5613577023498695
0.5639686684073107	0.5639544937815927	0.5613577023498695
0.5639686684073107	0.563954524495841	0.5613577023498695
0.5639686684073107	0.5639517324112632	0.5613577023498695
0.5639686684073107	0.5639461357984014	0.5613577023498695
0.5639686684073107	0.5639489948202261	0.5613577023498695
0.5639686684073107	0.563963059457671	0.5613577023498695
0.5639686684073107	0.5639686684073109	0.5639686684073107
0.5639686684073107	0.5639686684073107	0.5639686684073107
0.5639686684073107	0.563967275149009	0.5626631853785901
0.5639686684073107	0.5639686684073105	0.5639686684073107
0.5639686684073107	0.5639686684073104	0.5639686684073107
0.5639686684073107	0.5639631308334875	0.5587467362924282
0.5639686684073107	0.5639686684073102	0.5639686684073107
0.5639686684073107	0.5639686684073101	0.5639686684073107
0.5639686684073107	0.56396866840731	0.5639686684073107
0.5639686684073107	0.5639686684073099	0.5639686684073107
0.5639686684073107	0.5639686684073097	0.5639686684073107
0.5639686684073107	0.5639686684073096	0.5639686684073107
0.5639686684073107	0.5639686684073095	0.5639686684073107
0.5639686684073107	0.5639686684073094	0.5639686684073107
0.5639686684073107	0.5639686684073093	0.5639686684073107
0.5639686684073107	0.5639686684073092	0.5639686684073107
0.5639686684073107	0.5639686684073091	0.5639686684073107
0.5639686684073107	0.563968668407309	0.5639686684073107
0.5639686684073107	0.5639686684073089	0.5639686684073107
0.5639686684073107	0.5639686684073087	0.5639686684073107
0.5639686684073107	0.5639686684073086	0.5639686684073107
0.5639686684073107	0.5639686684073085	0.5639686684073107
0.5639686684073107	0.5639686684073084	0.5639686684073107
0.5639686684073107	0.5639686684073083	0.5639686684073107
0.5639686684073107	0.5639686684073082	0.5639686684073107
0.5639686684073107	0.5639686684073081	0.5639686684073107
0.5639686684073107	0.563968668407308	0.5639686684073107
0.5639686684073107	0.5639686684073079	0.5639686684073107
0.5639686684073107	0.5639686684073077	0.5639686684073107
0.5639686684073107	0.5639686684073076	0.5639686684073107
0.5639686684073107	0.5639686684073075	0.5639686684073107
0.5639686684073107	0.5639686684073074	0.5639686684073107
0.5639686684073107	0.5639673589960449	0.5626631853785901
0.5639686684073107	0.5639686684073072	0.5639686684073107
0.5639686684073107	0.5639686684073071	0.5639686684073107
0.5639686684073107	0.563968668407307	0.5639686684073107
0.5639686684073107	0.5639673694192187	0.5626631853785901
0.5639686684073107	0.5639673719991354	0.5626631853785901
0.5639686684073107	0.5639686684073068	0.5639686684073107
0.5639686684073107	0.5639686684073066	0.5639686684073107
0.5639686684073107	0.5639686684073065	0.5639686684073107
0.5639686684073107	0.5639686684073064	0.5639686684073107
0.5639686684073107	0.5639686684073063	0.5639686684073107
0.5639686684073107	0.5639686684073062	0.5639686684073107
0.5639686684073107	0.5639571607214506	0.5522193211488251
0.5639686684073107	0.5639456980314341	0.5522193211488251
0.5639686684073107	0.5639228172960532	0.5522193211488251
0.5639686684073107	0.5639343470423834	0.5522193211488251
0.5639686684073107	0.5639001590938452	0.5522193211488251
0.5639686684073107	0.5639002919926103	0.5522193211488251
0.5639686684073107	0.5639004243767627	0.5522193211488251
0.5639686684073107	0.5638665001702752	0.5522193211488251
0.5639686684073107	0.5638440369513331	0.5522193211488251
0.5639686684073107	0.5638782018259119	0.5522193211488251
0.5639686684073107	0.5638558024394044	0.5522193211488251
0.5639686684073107	0.5638334889565844	0.5522193211488251
0.5639686684073107	0.5637325571226847	0.5522193211488251
0.5639686684073107	0.5638003396500203	0.5522193211488251
0.5639686684073107	0.5638106166011585	0.5522193211488251
0.5639686684073107	0.5639127723689674	0.5522193211488251
0.5639686684073107	0.5639463524580957	0.5522193211488251
0.5639686684073107	0.5639686684073045	0.5639686684073107
0.5639686684073107	0.5639686684073044	0.5639686684073107
0.5639686684073107	0.5639686684073043	0.5639686684073107
0.5639686684073107	0.5639686684073042	0.5639686684073107
0.5639686684073107	0.5639686684073041	0.5639686684073107
0.5639686684073107	0.5639686684073041	0.5639686684073107
0.5639686684073107	0.563968668407304	0.5639686684073107
0.5639686684073107	0.5639686684073039	0.5639686684073107
0.5639686684073107	0.5639686684073038	0.5639686684073107
0.5639686684073107	0.5639686684073036	0.5639686684073107
0.5639686684073107	0.5639686684073036	0.5639686684073107
0.5639686684073107	0.5639710927026215	0.5639686684073107
0.566579634464752	0.5639807674159106	0.5639686684073107
0.566579634464752	0.5639879910053234	0.5639686684073107
0.566579634464752	0.5640277345831181	0.5639686684073107
0.5783289817232375	0.5640565027493277	0.5639686684073107
0.5783289817232375	0.5641163909579315	0.5639686684073107
0.5783289817232375	0.5642779563975793	0.5639686684073107
0.5783289817232375	0.5644640579342434	0.5639686684073107
0.5783289817232375	0.5647044209651197	0.5639686684073107
0.5783289817232375	0.5648282604289571	0.5639686684073107
0.5783289817232375	0.5650171009946368	0.5639686684073107
0.5783289817232375	0.5654630247768508	0.5639686684073107
0.5783289817232375	0.566209688320368	0.5639686684073107
0.5809399477806788	0.5668388373507758	0.5626631853785901
0.5809399477806788	0.5676110251290679	0.5626631853785901
0.5809399477806788	0.5685313728681197	0.5626631853785901
0.5809399477806788	0.5689433945383926	0.5626631853785901
0.5809399477806788	0.569948509211231	0.5626631853785901
0.5809399477806788	0.5712667056082965	0.5626631853785901
0.5809399477806788	0.5719151377489484	0.5626631853785901
0.5809399477806788	0.5722071194990295	0.5626631853785901
0.5809399477806788	0.5729647181253291	0.5626631853785901
0.5809399477806788	0.5734587497641723	0.5626631853785901
0.5809399477806788	0.5735650730396242	0.5626631853785901
0.5809399477806788	0.5739448796054547	0.5626631853785901
0.5809399477806788	0.5740476460762546	0.5639686684073107
0.5809399477806788	0.5750554454483863	0.5639686684073107
0.5809399477806788	0.5757838092401899	0.5639686684073107
0.5809399477806788	0.5759415493882802	0.5639686684073107
0.5809399477806788	0.5763310750969084	0.5639686684073107
0.5809399477806788	0.5764631858378673	0.5639686684073107
0.5809399477806788	0.5768607431281648	0.5639686684073107
0.5809399477806788	0.576935398612828	0.5639686684073107
0.5809399477806788	0.5767162590315926	0.5639686684073107
0.5809399477806788	0.576786345445636	0.5639686684073107
0.5809399477806788	0.576733264891273	0.5639686684073107
0.5809399477806788	0.5767087738912516	0.5639686684073107
0.5809399477806788	0.5772537446153115	0.5639686684073107
0.5809399477806788	0.5772612709720859	0.5639686684073107
0.5809399477806788	0.5775400404643278	0.5639686684073107
0.5809399477806788	0.577611360974525	0.5639686684073107
0.5809399477806788	0.5778851850767244	0.5639686684073107
0.5809399477806788	0.5785561200279842	0.5639686684073107
0.5809399477806788	0.5784547032187022	0.5639686684073107
0.5809399477806788	0.5787346339604946	0.5639686684073107
0.5809399477806788	0.5791176411364835	0.5639686684073107
0.5809399477806788	0.5795071550297471	0.5639686684073107
0.5835509138381201	0.5792320058507127	0.5639686684073107
0.5835509138381201	0.5795242833198748	0.5639686684073107
0.5835509138381201	0.5796911282706598	0.5639686684073107
0.5835509138381201	0.5798163672300564	0.5639686684073107
0.5835509138381201	0.5800962004796835	0.5639686684073107
0.5835509138381201	0.5801761130873389	0.5639686684073107
0.5835509138381201	0.5803605914069964	0.5639686684073107
0.5835509138381201	0.5805752938714003	0.5639686684073107
0.5835509138381201	0.5807661766614493	0.5639686684073107
0.5835509138381201	0.5808565022717036	0.5639686684073107
0.5835509138381201	0.5809311787930896	0.5639686684073107
0.5835509138381201	0.5810701677978031	0.5639686684073107
0.5835509138381201	0.5810065875001458	0.5639686684073107
0.5835509138381201	0.580971576024493	0.5639686684073107
0.5835509138381201	0.5811892852398858	0.5639686684073107
0.5835509138381201	0.5813845294282705	0.5639686684073107
0.5835509138381201	0.5814337090259644	0.5639686684073107
0.5835509138381201	0.5814968094211548	0.5639686684073107
0.5835509138381201	0.5817749377543189	0.5639686684073107
0.5835509138381201	0.5818610205875525	0.5639686684073107
0.5835509138381201	0.581968379497782	0.5639686684073107
0.5835509138381201	0.5820032760843787	0.5639686684073107
0.5835509138381201	0.5819574724129513	0.5639686684073107
0.5835509138381201	0.5819558002278528	0.5639686684073107
0.5835509138381201	0.5820462348755766	0.5639686684073107
0.5835509138381201	0.5821759333508784	0.5639686684073107
0.5861618798955613	0.5823607146745785	0.5639686684073107
0.5861618798955613	0.5825161187190385	0.5639686684073107
0.5861618798955613	0.5825763234108217	0.5639686684073107
0.5861618798955613	0.5826023407342671	0.5691906005221932
0.5861618798955613	0.5826028213704812	0.5691906005221932
0.5861618798955613	0.582764235905981	0.566579634464752
0.5861618798955613	0.5828109639433086	0.566579634464752
0.5861618798955613	0.5828744266745006	0.566579634464752
0.5861618798955613	0.5831410406354078	0.5691906005221932
0.5861618798955613	0.583282663900721	0.5691906005221932
0.5861618798955613	0.5834794956193418	0.5783289817232375
0.5861618798955613	0.5835530109996213	0.5783289817232375
0.5861618798955613	0.5836597913321049	0.5783289817232375
0.5861618798955613	0.5838665710636485	0.5783289817232375
0.5861618798955613	0.5840142507404084	0.5783289817232375
0.5861618798955613	0.5840843594173025	0.5783289817232375
0.5861618798955613	0.5841147160704527	0.5783289817232375
0.5861618798955613	0.5841283589964172	0.5783289817232375
0.5861618798955613	0.5842311337482481	0.5783289817232375
0.5861618798955613	0.5843998401533946	0.5783289817232375
0.5861618798955613	0.584456379501754	0.5783289817232375
0.5861618798955613	0.5844941640264691	0.5783289817232375
0.5861618798955613	0.5846214717440801	0.5783289817232375
0.5861618798955613	0.5846753369668848	0.5783289817232375
0.5861618798955613	0.5847177342320125	0.5783289817232375
0.5861618798955613	0.5848112741227292	0.5783289817232375
0.5861618798955613	0.5849444529770212	0.5783289817232375
0.5861618798955613	0.5850025864307538	0.5783289817232375
0.5861618798955613	0.5851513809132126	0.5783289817232375
0.5861618798955613	0.5852232773433034	0.5783289817232375
0.5861618798955613	0.5852573012419972	0.5809399477806788
0.587467362924282	0.5854192276823431	0.5809399477806788
0.587467362924282	0.5856090529719845	0.5809399477806788
0.587467362924282	0.585633204844372	0.5809399477806788
0.587467362924282	0.585693685749714	0.5809399477806788
0.587467362924282	0.5858074912311586	0.5809399477806788
0.587467362924282	0.5858715485347398	0.5783289817232375
0.587467362924282	0.5859464802285298	0.5809399477806788
0.587467362924282	0.5859829915359712	0.5809399477806788
0.587467362924282	0.5860545111914349	0.5809399477806788
0.587467362924282	0.5860636931443631	0.5809399477806788
0.5887728459530026	0.5861108610185789	0.5809399477806788
0.5887728459530026	0.5862937266895865	0.5809399477806788
0.5900783289817232	0.5863473801578536	0.5809399477806788
0.5900783289817232	0.5864337310525702	0.5809399477806788
0.5900783289817232	0.5866013494299809	0.5809399477806788
0.5900783289817232	0.5867734217554027	0.5809399477806788
0.5900783289817232	0.586996516729412	0.5809399477806788
0.5900783289817232	0.5871169906785133	0.5809399477806788
0.5900783289817232	0.5872202995199063	0.5822454308093995
0.5900783289817232	0.5873726339970273	0.5809399477806788
0.5900783289817232	0.5874870683284878	0.5809399477806788
0.5900783289817232	0.5875795144429509	0.5835509138381201
0.5900783289817232	0.5876991868481177	0.5809399477806788
0.5900783289817232	0.5877419949663873	0.5718015665796344
0.5900783289817232	0.5878453947690577	0.5718015665796344
0.5900783289817232	0.5880110697137708	0.5835509138381201
0.5900783289817232	0.5882123767993093	0.5835509138381201
0.5900783289817232	0.5882200387257526	0.5822454308093995
0.5900783289817232	0.5882851151570354	0.5835509138381201
0.5900783289817232	0.588316947560991	0.5835509138381201
0.5900783289817232	0.5883816863540602	0.5835509138381201
0.5900783289817232	0.588436541119321	0.5835509138381201
0.5900783289817232	0.5885667170537278	0.5835509138381201
0.5900783289817232	0.588692642332436	0.5822454308093995
0.5900783289817232	0.588826879249089	0.5835509138381201
0.5900783289817232	0.5889597564382942	0.5822454308093995
0.5900783289817232	0.5888594292047213	0.5809399477806788
0.5900783289817232	0.5889832218053114	0.5822454308093995
0.5900783289817232	0.5890423835952278	0.5835509138381201
0.5900783289817232	0.589031452275639	0.5822454308093995
0.5900783289817232	0.5890616780956193	0.5822454308093995
0.5900783289817232	0.5889896306256576	0.5822454308093995
0.5900783289817232	0.5889931283340345	0.5809399477806788
0.5900783289817232	0.589074697244106	0.5809399477806788
0.5900783289817232	0.5891132413821932	0.5809399477806788
0.5900783289817232	0.5891326845478256	0.5809399477806788
0.5900783289817232	0.5890401997758759	0.5822454308093995
0.5900783289817232	0.5890577991014007	0.5822454308093995
0.5900783289817232	0.5890082299313849	0.5822454308093995
0.5900783289817232	0.5890182729865994	0.5796344647519582
0.5900783289817232	0.5890923829542519	0.5796344647519582
0.5900783289817232	0.5890938046500388	0.5796344647519582
0.5900783289817232	0.5892080069625719	0.5796344647519582
0.5900783289817232	0.5891454388806789	0.5796344647519582
0.5900783289817232	0.5890699300306048	0.5796344647519582
0.5900783289817232	0.5890152259561794	0.5796344647519582
0.5900783289817232	0.5890475861179532	0.5796344647519582
0.5900783289817232	0.5891013163076145	0.5796344647519582
0.5900783289817232	0.5891250747787334	0.5796344647519582
0.5900783289817232	0.5890706040208439	0.5796344647519582
0.5900783289817232	0.5890859760460077	0.5796344647519582
0.5900783289817232	0.5891291398286405	0.5796344647519582
0.5900783289817232	0.5891545769734612	0.5796344647519582
0.5900783289817232	0.5891910446269741	0.5796344647519582
0.5926892950391645	0.589218169958547	0.5822454308093995
0.5926892950391645	0.5893503953353145	0.5822454308093995
0.6018276762402088	0.5893855108888458	0.5822454308093995
0.6018276762402088	0.5895180476818648	0.5822454308093995
0.6018276762402088	0.5896704229544453	0.5809399477806788
0.6018276762402088	0.589919616006334	0.5822454308093995
0.6018276762402088	0.5902643030552813	0.5822454308093995
0.6018276762402088	0.5906967638292387	0.5835509138381201
0.6044386422976501	0.5910869036938972	0.5835509138381201
0.6044386422976501	0.5915553220100155	0.5835509138381201
0.6044386422976501	0.5921745721422771	0.5835509138381201
0.6070496083550914	0.5928512295193742	0.5822454308093995
0.6070496083550914	0.5931626121289018	0.5848563968668408
0.6070496083550914	0.5938351081491451	0.5822454308093995
0.6070496083550914	0.5941741574153347	0.5822454308093995
0.6070496083550914	0.594933857335937	0.5835509138381201
0.6070496083550914	0.5957836060241853	0.5835509138381201
0.6070496083550914	0.596445152570989	0.5835509138381201
0.6096605744125326	0.5970300936812357	0.5835509138381201
0.6096605744125326	0.5973965915286564	0.5848563968668408
0.6096605744125326	0.5979489630709025	0.5848563968668408
0.6096605744125326	0.5987689878244525	0.5848563968668408
0.6096605744125326	0.599449672150819	0.5848563968668408
0.6096605744125326	0.5999253754046532	0.5848563968668408
0.6096605744125326	0.6006070808827499	0.5848563968668408
0.6096605744125326	0.6012726451780902	0.5848563968668408
0.6096605744125326	0.6018838164660066	0.5848563968668408
0.6096605744125326	0.6027042275580508	0.5848563968668408
0.6096605744125326	0.603428203765539	0.5848563968668408
0.6305483028720626	0.6038591178804023	0.5861618798955613
0.6305483028720626	0.6043012696775077	0.5848563968668408
0.6305483028720626	0.6050661592246646	0.5848563968668408
0.6331592689295039	0.6048443408150261	0.5887728459530026
0.6331592689295039	0.6050944731903627	0.5848563968668408
0.6331592689295039	0.6054929013809266	0.5848563968668408
0.6331592689295039	0.6066138604796812	0.5848563968668408
0.6331592689295039	0.6079357544109396	0.5887728459530026
0.6331592689295039	0.6098765453775961	0.5887728459530026
0.6331592689295039	0.610514530403102	0.5887728459530026
0.6331592689295039	0.6117190523471439	0.5900783289817232
0.6331592689295039	0.6131573102677493	0.5900783289817232
0.6331592689295039	0.6149287878655477	0.5900783289817232
0.6331592689295039	0.6159952629366556	0.5900783289817232
0.6331592689295039	0.6173410646261904	0.5900783289817232
0.6331592689295039	0.6175282622724884	0.5900783289817232
0.6331592689295039	0.6182977821554368	0.5900783289817232
0.6331592689295039	0.6200836203082758	0.5900783289817232
0.6331592689295039	0.6206527934911137	0.5900783289817232
0.6331592689295039	0.6221331713807576	0.5900783289817232
0.6331592689295039	0.6222618119862433	0.5900783289817232
0.6331592689295039	0.6231140386450494	0.5887728459530026
0.6331592689295039	0.6236451843617695	0.5887728459530026
0.6331592689295039	0.6240045369192578	0.5900783289817232
0.6331592689295039	0.6247230468031477	0.5926892950391645
0.6331592689295039	0.6248800517729932	0.5926892950391645
0.6331592689295039	0.6248994958075297	0.5926892950391645
0.6331592689295039	0.6255121345717497	0.5926892950391645
0.6331592689295039	0.6264429135440139	0.5900783289817232
0.6331592689295039	0.6263611944529263	0.5900783289817232
0.6331592689295039	0.6270181266872698	0.5900783289817232
0.6331592689295039	0.6277040019484217	0.5926892950391645
0.6331592689295039	0.6280172817036673	0.5926892950391645
0.6331592689295039	0.628635519670571	0.5926892950391645
0.6331592689295039	0.6286770257041795	0.5926892950391645
0.6331592689295039	0.6292462085079108	0.5926892950391645
0.6331592689295039	0.6298232225378904	0.597911227154047
0.6331592689295039	0.629779377593001	0.6044386422976501
0.6331592689295039	0.6305094843721691	0.6044386422976501
0.6331592689295039	0.6307252889508341	0.6044386422976501
0.6331592689295039	0.6308092311369815	0.6044386422976501
0.6331592689295039	0.630634046123135	0.6044386422976501
0.6331592689295039	0.6305449447163523	0.6044386422976501
0.6331592689295039	0.6307428257125562	0.6044386422976501
0.6331592689295039	0.6310038402470527	0.6044386422976501
0.6331592689295039	0.6310634710627595	0.6044386422976501
0.6331592689295039	0.6312499060352817	0.6044386422976501
0.6331592689295039	0.6314825782664097	0.6044386422976501
0.6331592689295039	0.6319270995616089	0.6044386422976501
0.6344647519582245	0.63187541914408	0.6044386422976501
0.6344647519582245	0.6320490682125182	0.6018276762402088
0.6344647519582245	0.6316131056221161	0.6018276762402088
0.6344647519582245	0.6319416469808025	0.6018276762402088
0.6344647519582245	0.6321220018178989	0.6018276762402088
0.6344647519582245	0.6323192621168414	0.6044386422976501
0.6344647519582245	0.6324937285619128	0.6044386422976501
0.6344647519582245	0.6325069397597444	0.6044386422976501
0.6344647519582245	0.6327968635461308	0.6044386422976501
0.6344647519582245	0.633035054728279	0.6044386422976501
0.6344647519582245	0.6331313353719332	0.6044386422976501
0.6344647519582245	0.6332962995176828	0.6044386422976501
0.6344647519582245	0.6333272689426154	0.6044386422976501
0.6344647519582245	0.6333450649467567	0.6044386422976501
0.6344647519582245	0.6335622765269743	0.6044386422976501
0.6344647519582245	0.6336809722786942	0.6044386422976501
0.6344647519582245	0.6337545235272376	0.6044386422976501
0.6344647519582245	0.6338132320437075	0.6044386422976501
0.6344647519582245	0.633890502102606	0.6044386422976501
0.6344647519582245	0.6339318354262818	0.6122715404699739
0.6344647519582245	0.6339235728530986	0.6109660574412533
0.6344647519582245	0.6340279702372636	0.6279373368146214
0.6344647519582245	0.6340552203943556	0.6279373368146214
0.6344647519582245	0.6340824030587986	0.6292428198433421
0.6344647519582245	0.6341192066667716	0.6331592689295039
0.6344647519582245	0.6341365669102474	0.6331592689295039
0.6344647519582245	0.634157105741718	0.6331592689295039
0.6344647519582245	0.6341743764971318	0.6331592689295039
0.6344647519582245	0.6341626832697422	0.6331592689295039
0.6344647519582245	0.634183114255049	0.6331592689295039
0.6344647519582245	0.634212310488592	0.6331592689295039
0.6344647519582245	0.6342526409817718	0.6331592689295039
0.6344647519582245	0.6342672906550547	0.6331592689295039
0.6344647519582245	0.634281904488158	0.6331592689295039
0.6344647519582245	0.6343044574629566	0.6331592689295039
0.6344647519582245	0.6343086356228914	0.6331592689295039
0.6344647519582245	0.6343151902218558	0.6331592689295039
0.6344647519582245	0.6343479497639439	0.6331592689295039
0.6344647519582245	0.6343465045592823	0.6331592689295039
0.6344647519582245	0.6343371364344809	0.6331592689295039
0.6344647519582245	0.634318290854346	0.6331592689295039
0.6344647519582245	0.6343532600702585	0.6331592689295039
0.6344647519582245	0.6343549744984702	0.6331592689295039
0.6344647519582245	0.634364572898026	0.6331592689295039
0.6344647519582245	0.6343812388616491	0.6331592689295039
0.6344647519582245	0.6343718966252708	0.6331592689295039
0.6344647519582245	0.6343641488109291	0.6331592689295039
0.6344647519582245	0.6343658398345923	0.6331592689295039
0.6344647519582245	0.6343730153129734	0.6331592689295039
0.6344647519582245	0.6343754747745076	0.6331592689295039
0.6344647519582245	0.634389661262755	0.6331592689295039
0.6344647519582245	0.6343999074989992	0.6331592689295039
0.6344647519582245	0.6343804769031838	0.5926892950391645
0.6344647519582245	0.6343735629944385	0.5926892950391645
0.6344647519582245	0.6343760071369628	0.5926892950391645
0.6344647519582245	0.6344087693626023	0.6331592689295039
0.6357702349869452	0.6344189319114212	0.6331592689295039
0.6357702349869452	0.6344220891141595	0.6331592689295039
0.6370757180156658	0.6344252388220544	0.6305483028720626
0.6370757180156658	0.6344245118174557	0.6305483028720626
0.6370757180156658	0.6344353805224195	0.6305483028720626
0.6370757180156658	0.6345303735179252	0.6305483028720626
0.6383812010443864	0.6346467330537883	0.6305483028720626
0.6383812010443864	0.6347813027103283	0.6305483028720626
0.6383812010443864	0.6349401724130029	0.6305483028720626
0.639686684073107	0.6351209511969156	0.6305483028720626
0.639686684073107	0.6352583260039075	0.6305483028720626
0.639686684073107	0.6355126646418825	0.6305483028720626
0.639686684073107	0.6356408352028714	0.6305483028720626
0.639686684073107	0.6357534097809545	0.6305483028720626
0.639686684073107	0.635971901177458	0.6292428198433421
0.639686684073107	0.6362257425077835	0.6305483028720626
0.639686684073107	0.6364462206533094	0.6292428198433421
0.6409921671018277	0.6365748388128147	0.6305483028720626
0.643603133159269	0.636780710784952	0.6305483028720626
0.643603133159269	0.6370643263662062	0.6305483028720626
0.643603133159269	0.637244118499329	0.6305483028720626
0.643603133159269	0.6374197048380975	0.6305483028720626
0.643603133159269	0.6376766186097605	0.6305483028720626
0.643603133159269	0.637964686192726	0.6305483028720626
0.643603133159269	0.6382437817782087	0.6305483028720626
0.643603133159269	0.6385222324287733	0.6305483028720626
0.643603133159269	0.6388723579599814	0.6305483028720626
0.643603133159269	0.6392231811649272	0.6305483028720626
0.643603133159269	0.6394431742853648	0.6305483028720626
0.643603133159269	0.6396453950756474	0.6305483028720626
0.643603133159269	0.63974742165227	0.6305483028720626
0.643603133159269	0.6400828977978265	0.6305483028720626
0.643603133159269	0.6403674803803432	0.6305483028720626
0.643603133159269	0.6405826624082116	0.6305483028720626
0.643603133159269	0.640614480187851	0.6305483028720626
0.643603133159269	0.6408564744055181	0.6344647519582245
0.643603133159269	0.6411053635766434	0.6344647519582245
0.643603133159269	0.6413008710658762	0.6344647519582245
0.643603133159269	0.6414372350211162	0.6344647519582245
0.643603133159269	0.6414975871942342	0.6344647519582245
0.643603133159269	0.6418024413496259	0.6344647519582245
0.643603133159269	0.6417556117998369	0.6344647519582245
0.643603133159269	0.6418545995162587	0.6344647519582245
0.643603133159269	0.6419932590678127	0.6344647519582245
0.643603133159269	0.6421721938756552	0.6344647519582245
0.643603133159269	0.6422106670715925	0.6344647519582245
0.643603133159269	0.6423661272437172	0.6344647519582245
0.643603133159269	0.6424756371124799	0.6344647519582245
0.643603133159269	0.6425724113307278	0.6344647519582245
0.643603133159269	0.6426168660481832	0.6344647519582245
0.643603133159269	0.6427205943795938	0.6344647519582245
0.643603133159269	0.642729638345311	0.5731070496083551
0.643603133159269	0.6428607996723378	0.6370757180156658
0.643603133159269	0.6428287559849737	0.6370757180156658
0.643603133159269	0.6429573240589677	0.6370757180156658
0.6462140992167101	0.643004695656979	0.6370757180156658
0.6462140992167101	0.6430730764694026	0.6370757180156658
0.6462140992167101	0.6431151225117517	0.6370757180156658
0.6462140992167101	0.6431599808790561	0.6370757180156658
0.6462140992167101	0.6432054651771888	0.6370757180156658
0.6462140992167101	0.6432291024858414	0.6370757180156658
0.6462140992167101	0.6432085195981628	0.6370757180156658
0.6462140992167101	0.6433138294409823	0.6370757180156658
0.6462140992167101	0.6434239633799982	0.6370757180156658
0.6462140992167101	0.6436067414595059	0.6370757180156658
0.6462140992167101	0.6437278424712257	0.6370757180156658
0.6462140992167101	0.6438508365028263	0.6370757180156658
0.6462140992167101	0.6438699839601771	0.6370757180156658
0.6462140992167101	0.6440097943558833	0.6370757180156658
0.6462140992167101	0.6440890111199263	0.6370757180156658
0.6462140992167101	0.6441924286285735	0.6370757180156658
0.6462140992167101	0.6442225751888035	0.6370757180156658
0.6462140992167101	0.6443048749955278	0.6370757180156658
0.6462140992167101	0.644474169728513	0.6370757180156658
0.6618798955613577	0.6445917028666396	0.6370757180156658
0.6618798955613577	0.6446968584274623	0.6370757180156658
0.6618798955613577	0.6448566247744102	0.6370757180156658
0.6618798955613577	0.6449015018390615	0.6370757180156658
0.6618798955613577	0.6450479056129402	0.6383812010443864
0.6618798955613577	0.6451535273597776	0.639686684073107
0.6618798955613577	0.6452376461311369	0.6383812010443864
0.6618798955613577	0.6452727064087012	0.639686684073107
0.6618798955613577	0.6453529757229738	0.639686684073107
0.6618798955613577	0.6454514483298791	0.6383812010443864
0.664490861618799	0.6454430946372859	0.6383812010443864
0.664490861618799	0.6455708790534581	0.639686684073107
0.664490861618799	0.6457371364479909	0.639686684073107
0.664490861618799	0.6462563250828731	0.639686684073107
0.6671018276762402	0.6471779210973702	0.639686684073107
0.6671018276762402	0.6483173384157569	0.639686684073107
0.6671018276762402	0.6493701272372477	0.639686684073107
0.6671018276762402	0.650141760180738	0.639686684073107
0.6671018276762402	0.6509012382839041	0.639686684073107
0.6671018276762402	0.6514185503055001	0.639686684073107
0.6671018276762402	0.6521841171120984	0.639686684073107
0.6671018276762402	0.6529243238491033	0.639686684073107
0.6671018276762402	0.6533242072658204	0.639686684073107
0.6671018276762402	0.6540205395996536	0.639686684073107
0.6671018276762402	0.6550902709868401	0.6409921671018277
0.6671018276762402	0.655601904796313	0.6409921671018277
0.6671018276762402	0.6561124506019391	0.6409921671018277
0.6671018276762402	0.6569186440724992	0.6409921671018277
0.6671018276762402	0.6575215906808616	0.6422976501305483
0.6671018276762402	0.6581398631007006	0.6422976501305483
0.6671018276762402	0.6586441774351177	0.643603133159269
0.6671018276762402	0.6593041381948042	0.6409921671018277
0.6671018276762402	0.6600882183777271	0.6409921671018277
0.6671018276762402	0.6609402233443805	0.6409921671018277
0.6671018276762402	0.6612453908947914	0.6409921671018277
0.6671018276762402	0.6617960256669396	0.6409921671018277
0.6671018276762402	0.6622012874905772	0.643603133159269
0.6671018276762402	0.6629061712371165	0.639686684073107
0.6671018276762402	0.6630743611356703	0.639686684073107
0.6671018276762402	0.6634763226316147	0.639686684073107
0.6671018276762402	0.6639280473010256	0.639686684073107
0.6671018276762402	0.6645243355426144	0.639686684073107
0.6671018276762402	0.6645556921926284	0.639686684073107
0.6671018276762402	0.664879438812729	0.639686684073107
0.6671018276762402	0.6648082090843135	0.639686684073107
0.6671018276762402	0.6648493762389875	0.639686684073107
0.6710182767624021	0.6648775455559938	0.643603133159269
0.6710182767624021	0.6653462483146891	0.643603133159269
0.6710182767624021	0.6653087382591358	0.6422976501305483
0.6710182767624021	0.6652022042135914	0.643603133159269
0.6710182767624021	0.6650965678451933	0.639686684073107
0.6710182767624021	0.6650087280092749	0.643603133159269
0.6710182767624021	0.6649980616987672	0.643603133159269
0.6710182767624021	0.6654367464799227	0.643603133159269
0.6710182767624021	0.6657235557125212	0.643603133159269
0.6710182767624021	0.6658717516094722	0.643603133159269
0.6710182767624021	0.6660626873983619	0.643603133159269
0.6710182767624021	0.6663567012331943	0.643603133159269
0.6710182767624021	0.6663776034150697	0.643603133159269
0.6710182767624021	0.666785346942012	0.643603133159269
0.6710182767624021	0.667161441831999	0.643603133159269
0.6710182767624021	0.6672744645913753	0.643603133159269
0.6710182767624021	0.6673371221084602	0.643603133159269
0.6710182767624021	0.6674617536877477	0.643603133159269
0.6710182767624021	0.6675741230182702	0.643603133159269
0.6710182767624021	0.6678875165434602	0.643603133159269
0.6710182767624021	0.6679785850188442	0.643603133159269
0.6710182767624021	0.6682357291352268	0.643603133159269
0.6710182767624021	0.6685714095894987	0.6462140992167101
0.6710182767624021	0.6687597313904075	0.643603133159269
0.6710182767624021	0.6690278958318817	0.643603133159269
0.6710182767624021	0.6693173734555886	0.643603133159269
0.6710182767624021	0.669428935538398	0.643603133159269
0.6710182767624021	0.6694616121889279	0.6462140992167101
0.6710182767624021	0.6696989266909017	0.643603133159269
0.6710182767624021	0.66972532742624	0.6462140992167101
0.6723237597911227	0.6698505251587347	0.6462140992167101
0.6723237597911227	0.6699195116716782	0.6462140992167101
0.6723237597911227	0.6699903321911875	0.6475195822454308
0.6723237597911227	0.6699762555829747	0.643603133159269
0.6723237597911227	0.6700068391820975	0.6462140992167101
0.6723237597911227	0.6701389936175087	0.6488250652741514
0.6723237597911227	0.6702630224061141	0.6462140992167101
0.6723237597911227	0.6703645536818704	0.6462140992167101
0.6762402088772846	0.6704737262551956	0.6462140992167101
0.6762402088772846	0.670461862785194	0.6462140992167101
0.6762402088772846	0.6705309225283076	0.6462140992167101
0.6762402088772846	0.670728893604778	0.6462140992167101
0.6762402088772846	0.6709941855544052	0.6462140992167101
0.6762402088772846	0.6712784627173185	0.6462140992167101
0.6762402088772846	0.6715829680277012	0.6462140992167101
