"V1" "V2" "V3" "V4" "V5"
"1" 83.3371001623733 160.885221562436 0 1 0
"2" 91.5783155734574 164.699539729346 0 2 0
"3" 83.6736031328364 159.149819656912 0 3 0
"4" 88.1762420410349 167.671057307026 0 4 0
"5" 72.3307451239219 176.713892426129 0 5 0
"6" 84.4736094259565 163.790282182973 0 6 0
"7" 82.4964761001042 162.083874398119 0 7 0
"8" 89.0434224826494 169.055398725968 0 8 0
"9" 80.6513070762829 163.465721497349 0 9 0
"10" 81.6061575828176 158.934844816094 0 10 0
"11" 85.5159958599099 161.146073376489 0 11 0
"12" 82.9664892612702 163.673722448281 0 12 0
"13" 81.8084546574372 162.365660272838 0 13 0
"14" 94.4997915089248 167.449509444599 0 14 0
"15" 75.8376809324104 163.277235741591 0 15 0
"16" 81.1596452870054 160.238096227242 0 16 0
"17" 78.1630340609665 165.135764810214 0 17 0
"18" 82.5983995589406 159.343371832571 0 18 0
"19" 74.6736595159082 160.646330073548 0 19 0
"20" 86.3739147436496 154.501184682893 0 20 0
"21" 88.728149719052 172.096949153639 0 21 0
"22" 89.0046387197796 164.577543244967 0 22 0
"23" 77.2113357370202 165.850378497246 0 23 0
"24" 87.8477560044069 165.042402186696 0 24 0
"25" 87.1009845871016 163.806216291498 0 25 0
"26" 88.6408880865247 160.983292366211 0 26 0
"27" 84.5031613508226 170.166357507376 0 27 0
"28" 84.4130084786476 175.767982456282 0 28 0
"29" 83.0040373645551 169.355976865881 0 29 0
"30" 79.2210732107817 165.955657034357 0 30 0
"31" 81.0382003975613 164.341522429057 0 31 0
"32" 85.2629972323613 164.464849909993 0 32 0
"33" 85.2542289445631 161.902917288569 0 33 0
"34" 82.0994856723524 156.583298367475 0 34 0
"35" 85.4460283157455 166.144508885893 0 35 0
"36" 85.1051291261859 164.594996673905 0 36 0
"37" 85.1718474250482 165.495490229275 0 37 0
"38" 84.5049701407549 157.315813451147 0 38 0
"39" 85.2748670225174 162.726477118865 0 39 0
"40" 83.6316288595419 169.024275953442 0 40 0
"41" 82.0083652395508 164.791437546908 0 41 0
"42" 87.3279322946059 162.811496760695 0 42 0
"43" 82.5302298794494 157.229201237647 0 43 0
"44" 84.7042990666924 163.799325034973 0 44 0
"45" 78.2986696580211 163.136740898042 0 45 0
"46" 83.9236501634942 159.723558081751 0 46 0
"47" 87.697515448616 162.543543463389 0 47 0
"48" 84.6116860598372 170.30074358393 0 48 0
"49" 83.3983838315107 163.053878257339 0 49 0
"50" 76.5424816976919 163.229789416007 0 50 0
"51" 79.6440295974923 167.614335899301 0 51 0
"52" 77.3167780163975 166.799523436707 0 52 0
"53" 84.9518516868303 159.809463077931 0 53 0
"54" 83.1640382894157 164.994254612438 0 54 0
"55" 92.3291483514167 162.350752576834 0 55 0
"56" 80.2465844327988 162.755655029155 0 56 0
"57" 83.6778903233352 163.360378312421 0 57 0
"58" 91.5489430597584 164.807570432442 0 58 0
"59" 87.1953287470398 159.985606032666 0 59 0
"60" 85.8296113578647 161.323763786664 0 60 0
"61" 86.0114997849782 165.711768944712 0 61 0
"62" 77.0654755498702 172.104467872484 0 62 0
"63" 84.5530985734513 155.156266947785 0 63 0
"64" 88.0472607216093 167.38954108229 0 64 0
"65" 79.3921349935447 164.543463414383 0 65 0
"66" 81.0808432413723 168.588419912443 0 66 0
"67" 88.8624040507605 165.937586616679 0 67 0
"68" 83.5591058259944 163.130617605018 0 68 0
"69" 89.6362109938999 164.789308224175 0 69 0
"70" 85.5611609757499 169.420535872291 0 70 0
"71" 84.7112487521155 162.090314903136 0 71 0
"72" 83.2336706796929 163.286004630967 0 72 0
"73" 83.9808727996102 169.737838371261 0 73 0
"74" 87.8725679867973 159.579481398704 0 74 0
"75" 86.8006617724253 168.756929273223 0 75 0
"76" 82.2890145718886 163.192293755004 0 76 0
"77" 91.3855453112994 159.569819190667 0 77 0
"78" 90.718614590065 159.532354684874 0 78 0
"79" 88.1774226757739 167.075738149919 0 79 0
"80" 80.3219412932287 162.19900506804 0 80 0
"81" 75.134921155678 167.545683694571 0 81 0
"82" 82.302724596424 164.404349597547 0 82 0
"83" 83.7042854748353 161.625508784099 0 83 0
"84" 89.7497385963527 163.294049093256 0 84 0
"85" 88.9626455959007 158.271109373147 0 85 0
"86" 86.8492467254376 158.066576861974 0 86 0
"87" 92.4316798666983 158.043369958979 0 87 0
"88" 85.4283421956891 160.489729001721 0 88 0
"89" 89.9026078484874 157.778689633008 0 89 0
"90" 80.4827236074261 154.883490059198 0 90 0
"91" 85.1704713269753 166.599518761194 0 91 0
"92" 82.0346773765438 169.43402530009 0 92 0
"93" 78.7193229375662 156.38294968077 0 93 0
"94" 82.2681675697415 174.363995962776 0 94 0
"95" 89.2632294205244 167.028428207846 0 95 0
"96" 76.8522513068145 172.979968594335 0 96 0
"97" 82.6003620373173 159.885599461666 0 97 0
"98" 79.9282191288848 164.384963840859 0 98 0
"99" 82.3280450624559 166.573948305853 0 99 0
"100" 81.1932539527446 167.782175846353 0 100 0
"101" 79.7593434493585 157.689551837441 0 101 0
"102" 82.5368975938842 158.62615784353 0 102 0
"103" 88.1126607052705 163.674030297365 0 103 0
"104" 81.3870530616584 163.232425591208 0 104 0
"105" 86.3221407535909 163.316330934068 0 105 0
"106" 88.6281783864201 165.262868219668 0 106 0
"107" 80.2757573971882 160.703821745033 0 107 0
"108" 87.3265117619452 164.944002818162 0 108 0
"109" 76.7367911053418 166.549155893942 0 109 0
"110" 75.552703519414 159.454942686121 0 110 0
"111" 86.989296150109 159.971018181455 0 111 0
"112" 87.2448484556279 161.241314231259 0 112 0
"113" 89.7767556799206 156.080497828185 0 113 0
"114" 81.3903975424403 154.357965904166 0 114 0
"115" 87.4529546247928 152.329827274889 0 115 0
"116" 84.7195047633125 169.899009640657 0 116 0
"117" 86.0734224036877 162.409431143757 0 117 0
"118" 91.6806332425188 163.448500028994 0 118 0
"119" 77.8879995110885 163.329886690338 0 119 0
"120" 81.2715307576882 157.495199993448 0 120 0
"121" 79.3530177210959 161.925437082771 0 121 0
"122" 84.298055242636 162.400356302958 0 122 0
"123" 95.3609758337761 163.249971501189 0 123 0
"124" 84.3472313873341 160.105021123834 0 124 0
"125" 87.6416196295262 166.46609171763 0 125 0
"126" 77.9029657767542 155.813287708225 0 126 0
"127" 84.3854101241859 154.276324200391 0 127 0
"128" 87.2119218402711 169.907652614516 0 128 0
"129" 75.9334674567119 163.677063495474 0 129 0
"130" 87.3635049065749 164.881794813435 0 130 0
"131" 83.5674495024813 167.76329844895 0 131 0
"132" 80.0144232669896 166.679835832615 0 132 0
"133" 82.8468825450888 155.233047629307 0 133 0
"134" 84.3859724242861 161.169315532037 0 134 0
"135" 91.1859635192021 161.399026029913 0 135 0
"136" 85.3904280000498 166.711816829806 0 136 0
"137" 77.7491941517569 162.967264721352 0 137 0
"138" 82.2927050709963 169.771223643335 0 138 0
"139" 81.3306544966164 162.972685190693 0 139 0
"140" 85.9525549542476 157.965768013588 0 140 0
"141" 79.6754081833841 159.627976607674 0 141 0
"142" 78.003583687666 160.645250740201 0 142 0
"143" 80.9463162338677 164.773550614089 0 143 0
"144" 87.6774554694437 168.413559244075 0 144 0
"145" 81.6357247889589 156.324403451326 0 145 0
"146" 76.2441109594071 159.844374128641 0 146 0
"147" 82.9001008218715 164.51533797094 0 147 0
"148" 77.3252576544636 173.558572356145 0 148 0
"149" 82.1556765840082 157.318958198353 0 149 0
"150" 83.329307433408 164.254618362864 0 150 0
"151" 79.3805758127127 166.390017185139 0 151 0
"152" 79.0688357232573 169.935568518323 0 152 0
"153" 86.392145889849 156.780133909987 0 153 0
"154" 84.4497805021941 165.719938152385 0 154 0
"155" 87.6968032635721 158.704851446714 0 155 0
"156" 95.6869249129111 153.318231731687 0 156 0
"157" 84.3089508746882 167.556933358066 0 157 0
"158" 84.4858824826052 161.125878045787 0 158 0
"159" 79.5342943249109 170.85302008167 0 159 0
"160" 86.9894466593112 163.67196766916 0 160 0
"161" 90.4169522459244 169.654625964512 0 161 0
"162" 86.538787126012 171.105263519605 0 162 0
"163" 84.1376743120426 161.335132282616 0 163 0
"164" 85.3522319845485 157.300648626817 0 164 0
"165" 85.537874992099 164.689041630997 0 165 0
"166" 92.3236560329995 170.092203513498 0 166 0
"167" 81.8347601599103 168.300624791452 0 167 0
"168" 82.8908086736171 167.95606285461 0 168 0
"169" 79.8581184857643 163.359919610752 0 169 0
"170" 88.0617453358445 157.53472833014 0 170 0
"171" 80.1486662099441 164.492090066653 0 171 0
"172" 86.0463590511065 160.265542820868 0 172 0
"173" 80.1242022234052 160.158754769398 0 173 0
"174" 78.6343850074317 166.488679499193 0 174 0
"175" 84.0609966872155 161.013388470155 0 175 0
"176" 86.1910256717051 160.653498030543 0 176 0
"177" 80.9007037460992 158.612750729739 0 177 0
"178" 85.1879054644694 167.13193733092 0 178 0
"179" 91.3501016606672 160.575236095869 0 179 0
"180" 91.5023013530742 166.814315632616 0 180 0
"181" 87.5128478576533 163.280001179487 0 181 0
"182" 80.1648919275732 165.045092354813 0 182 0
"183" 78.2201754363891 158.403798746699 0 183 0
"184" 86.6603707661624 164.842470251968 0 184 0
"185" 78.6965411942173 164.711957392125 0 185 0
"186" 86.3073649129513 154.775174603304 0 186 0
"187" 90.4221515963082 162.783999381628 0 187 0
"188" 87.8015359730932 163.60697392897 0 188 0
"189" 95.0217788304169 161.52181522273 0 189 0
"190" 83.2664900527103 167.097698213458 0 190 0
"191" 81.2019398497768 159.418796160466 0 191 0
"192" 84.3367356768577 163.577486183367 0 192 0
"193" 88.2471403878518 162.038674388216 0 193 0
"194" 80.4837255889912 161.43274590617 0 194 0
"195" 79.7633717403867 166.773113930593 0 195 0
"196" 79.6998369857877 164.375416811975 0 196 0
"197" 73.5876454276116 163.203455435771 0 197 0
"198" 84.5829709496263 160.412540486555 0 198 0
"199" 82.0922323812087 163.562734665234 0 199 0
"200" 85.5437710095108 158.703706888931 0 200 0
"201" 77.581528912926 167.47144751416 0 201 0
"202" 83.8481107538036 155.812174373206 0 202 0
"203" 81.892478465239 166.359423243241 0 203 0
"204" 93.3509691485014 161.777806948764 0 204 0
"205" 86.9509402209413 162.740925292468 0 205 0
"206" 85.3831558124141 163.703865689281 0 206 0
"207" 83.8037716147683 163.532707573626 0 207 0
"208" 91.0796407660619 165.322201190641 0 208 0
"209" 85.6639972186509 173.020169769429 0 209 0
"210" 85.4674221145281 163.479028066651 0 210 0
"211" 81.584937597466 170.367915802779 0 211 0
"212" 79.2883541374496 164.281710079994 0 212 0
"213" 84.03992223151 163.971693100517 0 213 0
"214" 86.0124679229732 164.470970582849 0 214 0
"215" 84.6711103104428 166.059392786173 0 215 0
"216" 82.0828405103786 164.718575809107 0 216 0
"217" 88.138488993522 162.970625867826 0 217 0
"218" 89.8113065019486 165.623854608243 0 218 0
"219" 89.3252433434715 162.286827644155 0 219 0
"220" 86.8536769218258 162.012938661079 0 220 0
"221" 85.0312516650419 167.569863064722 0 221 0
"222" 84.1627105028323 155.167685998663 0 222 0
"223" 90.7462300105253 162.507082802268 0 223 0
"224" 84.8914148823234 165.019545511724 0 224 0
"225" 87.2075437647758 157.476432480429 0 225 0
"226" 86.708672508461 170.300143595546 0 226 0
"227" 86.8793787818834 164.889364782792 0 227 0
"228" 87.0752070835489 168.507968870107 0 228 0
"229" 86.3088788195933 160.598814287189 0 229 0
"230" 97.5574293340549 158.615369813557 0 230 0
"231" 82.1891645088303 152.945305595768 0 231 0
"232" 85.6877031197087 168.591475220133 0 232 0
"233" 89.3033554158141 161.790988498704 0 233 0
"234" 78.4647754074881 163.521097410247 0 234 0
"235" 76.1797744994394 166.208315836469 0 235 0
"236" 82.8436380850399 160.344359672225 0 236 0
"237" 91.7707291495155 162.3967295716 0 237 0
"238" 72.9439193537648 162.72086031514 0 238 0
"239" 83.2877658160003 153.991448415648 0 239 0
"240" 84.9801871721742 166.004733886968 0 240 0
"241" 91.7882798202173 167.014820677581 0 241 0
"242" 85.2001242414206 165.100742605287 0 242 0
"243" 82.4700480009696 165.046367635678 0 243 0
"244" 80.1107629728447 164.7411727416 0 244 0
"245" 83.8423941208127 165.898682833039 0 245 0
"246" 86.3610160018827 162.23946624505 0 246 0
"247" 77.1343934338877 157.049291152551 0 247 0
"248" 82.3156465385242 157.746273957482 0 248 0
"249" 82.0728002253326 167.175356745256 0 249 0
"250" 91.5834083510495 163.961905120685 0 250 0
"251" 94.6638119050476 168.137404820673 0 251 0
"252" 82.9788122694985 166.772366079078 0 252 0
"253" 78.5682853666464 168.433622717772 0 253 0
"254" 87.7086940736743 161.751977069787 0 254 0
"255" 82.4704567133297 166.230867438653 0 255 0
"256" 83.087520741315 160.082478857744 0 256 0
"257" 78.3655488509296 155.39534758914 0 257 0
"258" 77.7470988881856 164.214923615423 0 258 0
"259" 86.1342532319128 156.398318110738 0 259 0
"260" 87.538231620337 155.420675030924 0 260 0
"261" 81.1149230732139 169.222945069316 0 261 0
"262" 87.3981140034509 167.853838460333 0 262 0
"263" 91.9398777850264 162.833065314857 0 263 0
"264" 85.4510970553343 160.286752413015 0 264 0
"265" 84.7471396116232 153.124387670472 0 265 0
"266" 84.6347049813961 156.070326249112 0 266 0
"267" 90.4597456898496 156.891488320312 0 267 0
"268" 86.7994025058491 163.955439125627 0 268 0
"269" 83.3110823741852 159.115869149873 0 269 0
"270" 78.8552523949723 159.869960680416 0 270 0
"271" 89.7667315331337 171.164835936723 0 271 0
"272" 86.7826860518485 164.952544162514 0 272 0
"273" 87.3705993588377 160.495573840247 0 273 0
"274" 84.0601019892819 163.067597451121 0 274 0
"275" 80.8044966005162 168.415146042334 0 275 0
"276" 83.4929013207683 165.541760576262 0 276 0
"277" 93.056224320571 160.905501335272 0 277 0
"278" 82.0757025629216 165.661863450844 0 278 0
"279" 85.5427573170525 164.51489120978 0 279 0
"280" 88.4031216586532 157.716326085176 0 280 0
"281" 81.7863258014658 163.716238073631 0 281 0
"282" 83.420905255277 157.461465660954 0 282 0
"283" 90.9923545226419 163.749178567706 0 283 0
"284" 82.9900343129832 168.354013698858 0 284 0
"285" 78.3719877601224 163.649567693073 0 285 0
"286" 76.3417450043156 170.345818682946 0 286 0
"287" 83.1264976001648 166.642516462817 0 287 0
"288" 79.6470965330414 164.470708345623 0 288 0
"289" 83.8254692915948 165.728182172202 0 289 0
"290" 87.9022034481789 174.727586838623 0 290 0
"291" 87.8320034589521 165.365792282068 0 291 0
"292" 77.4445672637017 159.233796350622 0 292 0
"293" 81.0687469072853 163.066691130308 0 293 0
"294" 69.5424201253101 164.984155507368 0 294 0
"295" 83.8892351141145 167.228969003712 0 295 0
"296" 80.4416065076503 166.199923519338 0 296 0
"297" 86.6465203580729 166.397562514852 0 297 0
"298" 83.8347842234924 176.164122870251 0 298 0
"299" 76.1069212022663 157.915128056267 0 299 0
"300" 77.1047720992838 167.472767154186 0 300 0
"301" 83.4994833099826 163.329732271498 0 301 0
"302" 89.1473688785118 163.866364899757 0 302 0
"303" 81.4986994147564 166.701421548582 0 303 0
"304" 85.0603568688003 164.160369824818 0 304 0
"305" 84.2841200359509 163.952156447568 0 305 0
"306" 85.5375135607602 164.632246627547 0 306 0
"307" 83.248926262942 155.539734613536 0 307 0
"308" 83.7979739663876 164.548231387106 0 308 0
"309" 93.2457724141264 161.385934123897 0 309 0
"310" 89.0184653481023 158.408007458497 0 310 0
"311" 84.889816636622 166.281054915906 0 311 0
"312" 80.2863868754213 158.141022918639 0 312 0
"313" 79.2330877444063 163.830912430348 0 313 0
"314" 78.9705459711895 161.70938176471 0 314 0
"315" 77.4625282838627 168.026086009227 0 315 0
"316" 80.2503272865753 168.095980268354 0 316 0
"317" 84.5787216988232 159.661884292357 0 317 0
"318" 79.6425675262494 159.822603481384 0 318 0
"319" 85.6826281215166 167.244014168415 0 319 0
"320" 76.2562866331784 167.40229616071 0 320 0
"321" 91.3640734752493 158.057129981403 0 321 0
"322" 79.2755916035088 162.245188402482 0 322 0
"323" 73.857893555556 166.634205033214 0 323 0
"324" 83.7964506987151 160.700266572347 0 324 0
"325" 83.4353190103547 162.895121951846 0 325 0
"326" 87.2531772033509 168.694466952051 0 326 0
"327" 82.3005588284267 162.538072342578 0 327 0
"328" 74.3935164223656 167.415045370972 0 328 0
"329" 83.8548939488628 168.770715146891 0 329 0
"330" 84.8255070740936 156.654987777827 0 330 0
"331" 89.1172176878068 166.70347605036 0 331 0
"332" 95.5109113720362 160.688851409483 0 332 0
"333" 83.5410883602549 166.510782098479 0 333 0
"334" 82.7790151423873 162.984316496543 0 334 0
"335" 83.0926383513629 164.619277256231 0 335 0
"336" 78.6563422859559 161.020078978458 0 336 0
"337" 80.7612086054655 163.141637030653 0 337 0
"338" 81.4265753052276 163.993503578799 0 338 0
"339" 83.2265922375672 158.152443120405 0 339 0
"340" 80.5106051799297 162.300505350065 0 340 0
"341" 91.2925720155357 159.998330554605 0 341 0
"342" 84.9984768442642 168.520821023097 0 342 0
"343" 80.3292557018748 165.151039558008 0 343 0
"344" 87.9391889669525 165.179969305939 0 344 0
"345" 76.2618194362435 165.054869069997 0 345 0
"346" 86.1440779406852 158.680318269745 0 346 0
"347" 83.8075626399134 167.998525061674 0 347 0
"348" 88.4241358038918 157.656299335887 0 348 0
"349" 87.1542133541531 158.57355257735 0 349 0
"350" 88.0400992944796 163.251596366659 0 350 0
"351" 80.0085503985404 164.892881931253 0 351 0
"352" 86.7161712043575 164.984242053249 0 352 0
"353" 81.2339593077874 163.346833312017 0 353 0
"354" 81.5719411822381 161.851348573588 0 354 0
"355" 85.1321009805172 167.69200448603 0 355 0
"356" 85.8556406155684 159.714739075333 0 356 0
"357" 79.453462761907 166.112259067665 0 357 0
"358" 81.6810337288905 163.164171350822 0 358 0
"359" 83.0796267829523 162.257590708892 0 359 0
"360" 93.8542583102151 171.438750563413 0 360 0
"361" 86.0947208994431 164.044458283974 0 361 0
"362" 86.6433083314556 165.90189882585 0 362 0
"363" 85.9218915448436 163.816622359385 0 363 0
"364" 80.9145961842237 166.088941512934 0 364 0
"365" 80.3917241380388 170.97101879033 0 365 0
"366" 99.1720649005725 159.483783562907 0 366 0
"367" 87.1962613579167 158.78730828983 0 367 0
"368" 75.2870445081261 158.606733104998 0 368 0
"369" 83.3871714309629 163.667098159222 0 369 0
"370" 94.9055533987897 159.373712777133 0 370 0
"371" 77.0613260108865 161.049115015227 0 371 0
"372" 78.7080249749989 150.654481523403 0 372 0
"373" 80.331976535998 165.814567875069 0 373 0
"374" 92.2205472577975 161.309646097241 0 374 0
"375" 93.3586963926297 168.720920132063 0 375 0
"376" 80.2679530177341 160.621619787954 0 376 0
"377" 78.908329931382 161.911127927155 0 377 0
"378" 87.7828161793307 167.533868994808 0 378 0
"379" 81.8108565089587 159.678335816355 0 379 0
"380" 78.1432596936114 164.846651711653 0 380 0
"381" 81.9984296376252 165.310275003243 0 381 0
"382" 81.9552225774923 164.414847413549 0 382 0
"383" 89.858466941583 163.174044412949 0 383 0
"384" 80.8318765293366 162.125215636253 0 384 0
"385" 81.4097427437506 167.63305629404 0 385 0
"386" 83.1501168104772 165.078512437924 0 386 0
"387" 82.914478773192 162.979322968059 0 387 0
"388" 82.72996018322 163.187061344062 0 388 0
"389" 85.489659696176 162.938843351299 0 389 0
"390" 73.2911796367635 170.219653876044 0 390 0
"391" 88.7999153155922 160.411147908767 0 391 0
"392" 84.1024051017086 163.637126161539 0 392 0
"393" 80.6858087142388 164.035138057945 0 393 0
"394" 84.7597348412535 162.756190804194 0 394 0
"395" 78.8234032004197 163.010673676271 0 395 0
"396" 86.7670852943297 159.7266692664 0 396 0
"397" 81.1632694470406 160.649485888346 0 397 0
"398" 84.5828831271255 166.86647819113 0 398 0
"399" 85.877160266073 169.307233120497 0 399 0
"400" 83.1795278047696 164.441563284 0 400 0
"401" 79.2340271303427 155.871385206878 0 401 0
"402" 80.203547213248 171.441721466761 0 402 0
"403" 80.7535943541909 157.955095718038 0 403 0
"404" 81.6439355240395 166.173060817293 0 404 0
"405" 79.2605154948276 168.283965110332 0 405 0
"406" 86.0814890504202 166.691360795288 0 406 0
"407" 84.0263630821614 159.098910748816 0 407 0
"408" 93.5234035093241 172.124703702307 0 408 0
"409" 84.6074925799762 162.029733086869 0 409 0
"410" 82.6731711635608 159.006361746313 0 410 0
"411" 80.5986671554396 164.330094898176 0 411 0
"412" 92.4572692812535 156.419659645501 0 412 0
"413" 89.8150839866078 168.223902817538 0 413 0
"414" 84.8561211114783 156.097090161077 0 414 0
"415" 93.2316942244655 164.692342103112 0 415 0
"416" 80.2655570479754 160.225595936642 0 416 0
"417" 82.5825165314929 177.05986806756 0 417 0
"418" 85.3728189434191 159.637482281674 0 418 0
"419" 82.1479050009883 157.969538244991 0 419 0
"420" 83.5420175975325 168.442418161871 0 420 0
"421" 82.4801813632454 161.481526324251 0 421 0
"422" 81.3344512503728 159.665404360804 0 422 0
"423" 78.8200379968355 164.240814138139 0 423 0
"424" 86.565514522681 154.960040679793 0 424 0
"425" 88.7314918768304 170.005205047493 0 425 0
"426" 82.6676117142194 165.99474347257 0 426 0
"427" 77.0621571984841 161.684942306284 0 427 0
"428" 88.0780857660141 170.048871202685 0 428 0
"429" 79.6982414975784 162.463907707962 0 429 0
"430" 85.6021333009988 169.611457227116 0 430 0
"431" 84.4197926831722 153.273454524211 0 431 0
"432" 72.3887540551854 172.897539729676 0 432 0
"433" 88.1948428023522 155.614001195019 0 433 0
"434" 83.338901228686 161.210622975101 0 434 0
"435" 83.2967817323717 160.631357456028 0 435 0
"436" 82.1931702703942 168.22326902836 0 436 0
"437" 86.7872079435815 160.776291080192 0 437 0
"438" 86.0980252612569 168.711946703941 0 438 0
"439" 87.9715069171133 161.907656991342 0 439 0
"440" 86.9392857561298 164.793052147056 0 440 0
"441" 87.6169983534298 162.404483770288 0 441 0
"442" 82.3241947648437 159.802270686984 0 442 0
"443" 82.0310179052943 160.981138269573 0 443 0
"444" 83.1823641692721 153.157159256901 0 444 0
"445" 84.8630670692888 159.340441975888 0 445 0
"446" 76.1497966736709 163.613565557979 0 446 0
"447" 79.0105998136895 165.717142171592 0 447 0
"448" 91.9661090101854 159.401906473759 0 448 0
"449" 83.9433140484615 158.70368794235 0 449 0
"450" 85.6853736112291 165.007881595328 0 450 0
"451" 81.4127720179346 167.375033897278 0 451 0
"452" 85.891938956129 162.960342121803 0 452 0
"453" 88.1560117062317 165.29096930398 0 453 0
"454" 82.437763384271 164.901245909047 0 454 0
"455" 83.9391065008211 166.782039232308 0 455 0
"456" 82.0464753857057 165.81404679757 0 456 0
"457" 76.4843435218136 161.325869141996 0 457 0
"458" 85.4577136818858 162.333347673184 0 458 0
"459" 77.9516544376843 163.194804796092 0 459 0
"460" 85.3457438062239 164.846101112591 0 460 0
"461" 86.4443176690591 164.968094909712 0 461 0
"462" 88.0269631041602 162.277611280692 0 462 0
"463" 82.6518024672898 158.969982717369 0 463 0
"464" 83.2410503103143 168.891244639014 0 464 0
"465" 82.6916847985465 156.591808337925 0 465 0
"466" 83.8457403274728 162.98105488434 0 466 0
"467" 87.2089049259666 163.255932640958 0 467 0
"468" 89.7310999004675 157.903204254326 0 468 0
"469" 86.115327041437 168.24427062555 0 469 0
"470" 79.9313442424106 160.705088895774 0 470 0
"471" 79.4212432659379 160.94308179721 0 471 0
"472" 78.1292989640612 164.378965827317 0 472 0
"473" 88.7497901336733 151.944317460015 0 473 0
"474" 90.2613860442672 161.188671641004 0 474 0
"475" 79.6075330912813 160.883057102006 0 475 0
"476" 83.7677751202935 170.851069457963 0 476 0
"477" 88.826240570266 163.596236081378 0 477 0
"478" 81.2093001779702 169.019838273347 0 478 0
"479" 91.419755631497 168.424962690569 0 479 0
"480" 83.8637628100198 162.847649225103 0 480 0
"481" 89.600928229219 158.120031935316 0 481 0
"482" 86.0214902271465 159.061291111205 0 482 0
"483" 79.5070422242217 163.445205038944 0 483 0
"484" 93.9303051598412 166.31962681262 0 484 0
"485" 79.1708877244906 160.480942197413 0 485 0
"486" 81.353430145663 158.137617207178 0 486 0
"487" 77.2194287602704 166.273200481153 0 487 0
"488" 76.9737621121932 159.100776701651 0 488 0
"489" 89.5887506967893 166.804437622166 0 489 0
"490" 89.9231648480017 169.61398294391 0 490 0
"491" 80.2469591253127 161.10976211189 0 491 0
"492" 82.832378819518 163.823599907429 0 492 0
"493" 90.4806647719738 160.583376097529 0 493 0
"494" 87.075508993708 161.253284521247 0 494 0
"495" 88.5487575106497 163.171846607191 0 495 0
"496" 93.6855784313674 168.514763023229 0 496 0
"497" 86.7558283752558 174.601051758414 0 497 0
"498" 87.164717670283 162.539174271375 0 498 0
"499" 82.4564613569472 167.2560321277 0 499 0
"500" 73.3821317302428 165.270980603248 0 500 0
"501" 83.620887381632 157.847808407797 0 501 0
"502" 84.8239280579257 161.394318534737 0 502 0
"503" 89.7137277099056 160.739242768154 0 503 0
"504" 89.3898319952144 162.204019604298 0 504 0
"505" 79.7646833562116 162.496504560591 0 505 0
"506" 90.497800955033 160.729706103558 0 506 0
"507" 83.4874165524352 172.658508662407 0 507 0
"508" 82.6516345037411 159.083847036958 0 508 0
"509" 86.6805131089861 164.45885220071 0 509 0
"510" 93.3060804950556 158.980667366565 0 510 0
"511" 92.4782966863952 168.023427214668 0 511 0
"512" 82.1833982241362 162.488454268952 0 512 0
"513" 74.7737279362343 171.174541211363 0 513 0
"514" 84.2678583509067 163.89290401289 0 514 0
"515" 82.4128371938603 165.291333182412 0 515 0
"516" 88.9895125000145 161.392253118585 0 516 0
"517" 82.8596187911346 166.789751270222 0 517 0
"518" 86.12643381795 166.893084048294 0 518 0
"519" 82.4871271245668 166.52268679814 0 519 0
"520" 81.6753905028715 164.78421125232 0 520 0
"521" 85.4974875149857 162.974828193063 0 521 0
"522" 81.4409617790527 166.392982658109 0 522 0
"523" 83.1877709217878 161.134746346996 0 523 0
"524" 83.6714626639262 162.458579503964 0 524 0
"525" 92.723678538769 162.620837114047 0 525 0
"526" 33.6729129370145 30.154084695881 0 526 0
"527" 33.6866189630071 29.5434238259369 0 527 0
"528" 34.4331589674692 32.0484526816145 0 528 0
"529" 33.7284585444919 29.1929985652852 0 529 0
"530" 33.0672500098784 34.461647665804 0 530 0
"531" 34.1544737915836 35.3891069992545 0 531 0
"532" 33.722521023401 31.8465923195654 0 532 0
"533" 32.9848112645251 31.7558724426477 0 533 0
"534" 33.3234202283326 38.0862738718074 0 534 0
"535" 33.5964330655112 35.6073013010791 0 535 0
"536" 33.4509490270706 30.6991334804677 0 536 0
"537" 33.3473307576727 33.1863478896613 0 537 0
"538" 33.9099982624404 30.1459414004069 0 538 0
"539" 33.8452188384923 37.3763065486068 0 539 0
"540" 33.1389263714736 32.4217187736554 0 540 0
"541" 33.4926032516027 29.7546278759965 0 541 0
"542" 33.5317214026513 30.6790172797809 0 542 0
"543" 33.7553229498565 33.0068160026798 0 543 0
"544" 33.4875763135678 33.6248305527593 0 544 0
"545" 33.4620262194726 31.5754744333163 0 545 0
"546" 33.5507566962264 36.7758791946636 0 546 0
"547" 33.5233653569049 36.1743579595731 0 547 0
"548" 32.9194604525038 29.8549248189485 0 548 0
"549" 32.927312506703 28.4921076825308 0 549 0
"550" 33.5671545497824 28.8630012598072 0 550 0
"551" 32.7723152841336 33.8431706538628 0 551 0
"552" 33.4331797150154 31.8647922982048 0 552 0
"553" 33.3552950641859 30.852533219323 0 553 0
"554" 33.2844789034072 36.3710133159375 0 554 0
"555" 33.6157734546638 34.0173082488814 0 555 0
"556" 33.6325309435126 28.9694588465055 0 556 0
"557" 33.3468646863159 23.9747690232667 0 557 0
"558" 32.8801054740304 36.6549537175413 0 558 0
"559" 33.4076550187233 30.3153929218879 0 559 0
"560" 32.7655165491252 33.2410042366068 0 560 0
"561" 33.6169395377705 34.1938522305827 0 561 0
"562" 32.9524409566829 38.0949067327735 0 562 0
"563" 33.0806781669309 26.1679170889914 0 563 0
"564" 33.5737976123695 33.4777858469428 0 564 0
"565" 33.268589358783 32.2230396198866 0 565 0
"566" 33.6001953382845 28.7655903713568 0 566 0
"567" 33.8575437891127 30.4227726430926 0 567 0
"568" 34.0542246721653 29.8613534805616 0 568 0
"569" 33.1333579135657 32.4904308660632 0 569 0
"570" 34.1467654347227 33.8433941272802 0 570 0
"571" 33.3701751350587 26.0234870897909 0 571 0
"572" 33.0823823884498 33.9791707359679 0 572 0
"573" 33.5367202980605 33.0226044836978 0 573 0
"574" 33.9071780191883 35.1165057816446 0 574 0
"575" 33.2916889646068 31.6386010001184 0 575 0
"576" 33.5994409027554 33.8094600633956 0 576 0
"577" 33.3566314353419 40.5797497598989 0 577 0
"578" 32.9120928445121 33.3204167416002 0 578 0
"579" 33.3433954342876 38.0676045741717 0 579 0
"580" 32.6514825986813 27.6842181716783 0 580 0
"581" 33.4806091837542 41.3236099738153 0 581 0
"582" 33.5784079316617 35.4660155748795 0 582 0
"583" 33.3156001178354 33.3976439377162 0 583 0
"584" 33.752031184959 26.7894184041742 0 584 0
"585" 33.3367690738628 34.3462636377985 0 585 0
"586" 33.7052839837888 33.247646595408 0 586 0
"587" 33.3426701333594 29.8231485751678 0 587 0
"588" 32.9535116465147 33.014675968295 0 588 0
"589" 32.9852513315337 30.6664876564971 0 589 0
"590" 32.7851361879987 29.5441044286981 0 590 0
"591" 33.6082300981335 25.7449871021109 0 591 0
"592" 33.9602197337175 29.4594161285114 0 592 0
"593" 33.4131540864749 32.5669099430823 0 593 0
"594" 33.7379207139025 34.1280798074087 0 594 0
"595" 33.2659457108723 32.8082966052833 0 595 0
"596" 33.9542154860096 32.608124713055 0 596 0
"597" 33.3229260998044 36.2015176895216 0 597 0
"598" 33.205666749227 35.6251621824113 0 598 0
"599" 33.6919213488194 37.1995227989192 0 599 0
"600" 33.1188952320491 33.8441386500976 0 600 0
"601" 33.3940147608734 30.0820356031138 0 601 0
"602" 33.4699370441209 28.4540716354694 0 602 0
"603" 33.1946413755772 33.4766487308104 0 603 0
"604" 32.8757627289384 27.5997170160279 0 604 0
"605" 33.1235105610148 32.9684549440631 0 605 0
"606" 33.7637314158554 30.3469124153817 0 606 0
"607" 33.5335373737078 32.6091581240777 0 607 0
"608" 33.3514083837208 33.5646607735928 0 608 0
"609" 33.6075120431748 27.7783873489908 0 609 0
"610" 33.2574372515876 32.5220491192246 0 610 0
"611" 33.5715608761081 30.9706371731421 0 611 0
"612" 33.7426171540647 31.7237313380159 0 612 0
"613" 33.2728915898648 24.9442992024108 0 613 0
"614" 33.46430711049 27.1884490383353 0 614 0
"615" 32.9135293653125 32.4886216579926 0 615 0
"616" 33.5246252759946 30.7587716407539 0 616 0
"617" 33.9261949159564 34.1254227060847 0 617 0
"618" 33.8408304849954 35.1752639890591 0 618 0
"619" 33.5475833853995 31.3200856419943 0 619 0
"620" 33.1732593041234 32.1293419787616 0 620 0
"621" 33.4707697548389 32.6771696493266 0 621 0
"622" 33.2161547780047 29.5865376974501 0 622 0
"623" 33.6717873428606 40.6954645188488 0 623 0
"624" 33.2017482671553 35.0700548473408 0 624 0
"625" 33.4894167821196 30.511031202985 0 625 0
"626" 33.5336322159467 35.6414984108658 0 626 0
"627" 33.9279641348243 29.6876369263592 0 627 0
"628" 33.7843536803597 34.5761595216729 0 628 0
"629" 33.7394426239115 27.7589749471257 0 629 0
"630" 33.5325472364012 27.9241482083828 0 630 0
"631" 33.2793828741431 29.4001802257806 0 631 0
"632" 32.8076909696533 25.4902715071291 0 632 0
"633" 33.5893352739189 32.5472122529765 0 633 0
"634" 33.3554725427761 31.688180206859 0 634 0
"635" 33.6477279900556 33.8989307921883 0 635 0
"636" 33.7362252895447 34.4825534277784 0 636 0
"637" 32.9361118565075 28.6131614181685 0 637 0
"638" 33.3634351655904 35.289015668677 0 638 0
"639" 33.7382658512592 28.3421015592297 0 639 0
"640" 33.315159240511 29.7791598279431 0 640 0
"641" 33.4716090059779 25.4183420973505 0 641 0
"642" 33.5784412889212 32.3256339893565 0 642 0
"643" 33.4284249908233 29.3637239451749 0 643 0
"644" 33.3898506893479 30.9734143625586 0 644 0
"645" 33.6826290127118 26.187331896128 0 645 0
"646" 33.4901897326853 31.8819361782439 0 646 0
"647" 33.3279893610557 36.9687899393592 0 647 0
"648" 33.1640683007274 24.8927541732406 0 648 0
"649" 33.0715480735698 32.2871035894081 0 649 0
"650" 33.872232556582 34.7327957528339 0 650 0
"651" 33.8900500995145 29.8657388488501 0 651 0
"652" 34.0212941869173 26.3994348106825 0 652 0
"653" 33.2639510970395 34.7184359480443 0 653 0
"654" 33.0423065709873 31.3028604424145 0 654 0
"655" 33.4614804870278 29.9069696870754 0 655 0
"656" 33.3008565039072 25.8520956318879 0 656 0
"657" 33.3546252565227 31.8436097767428 0 657 0
"658" 32.8514596480295 34.7919127180059 0 658 0
"659" 33.9650652391583 27.1106072249196 0 659 0
"660" 33.727886025847 29.9441147731233 0 660 0
"661" 32.6927523569715 34.5117850065606 0 661 0
"662" 33.5755567921529 31.6051376791506 0 662 0
"663" 33.2076077966823 32.264264179545 0 663 0
"664" 33.77378414616 27.1604855943613 0 664 0
"665" 33.7081425865831 28.6215079063995 0 665 0
"666" 33.5108381168886 29.3314765461044 0 666 0
"667" 33.2620976227001 37.7634642840938 0 667 0
"668" 33.6370746877217 32.5143534549368 0 668 0
"669" 33.840224753829 32.3419096730061 0 669 0
"670" 33.7126488161422 31.4062066385826 0 670 0
"671" 33.2597552570723 28.1481502780778 0 671 0
"672" 33.6870489417346 31.6379778952674 0 672 0
"673" 33.7383027460632 33.1798748585645 0 673 0
"674" 33.4669397243923 34.1875708743332 0 674 0
"675" 33.0144078097573 33.5546766977731 0 675 0
"676" 32.819234854957 39.0146431406026 0 676 0
"677" 34.049493071686 30.2285858886423 0 677 0
"678" 33.1459798234595 33.4328628779522 0 678 0
"679" 33.5330237507146 32.715372383444 0 679 0
"680" 33.3050401409917 34.686349867602 0 680 0
"681" 33.415452706218 33.1192303066257 0 681 0
"682" 33.3466018941099 26.6316048682006 0 682 0
"683" 34.1523467341832 35.3152725418047 0 683 0
"684" 34.0696332384519 37.6661220870193 0 684 0
"685" 34.0889146801715 32.7967245531979 0 685 0
"686" 33.7908600822485 34.7832150168865 0 686 0
"687" 33.1122446464854 29.1107310577003 0 687 0
"688" 32.8293722290157 32.7205460348824 0 688 0
"689" 33.7621068882931 29.5473343766046 0 689 0
"690" 33.8396168611522 27.9019991405358 0 690 0
"691" 33.3767854027187 34.8539185660921 0 691 0
"692" 34.0900813382905 25.9160225774123 0 692 0
"693" 33.4126500951627 30.7188995529628 0 693 0
"694" 33.8872682110982 34.6371019293256 0 694 0
"695" 33.5027511523937 33.9168666099031 0 695 0
"696" 33.0395626365256 28.7970969830351 0 696 0
"697" 33.0463082286908 32.6071936941863 0 697 0
"698" 33.8763405316554 30.0335325216312 0 698 0
"699" 33.6661214848105 32.9786108785956 0 699 0
"700" 34.0335227018822 26.1563024380978 0 700 0
"701" 32.9402986227128 27.2497621322834 0 701 0
"702" 33.4940122246379 30.9179205586575 0 702 0
"703" 33.5762377755876 29.024769310355 0 703 0
"704" 33.4753307242291 29.3350182109372 0 704 0
"705" 33.8495975040426 32.7562507313323 0 705 0
"706" 33.742841109058 33.0868978025369 0 706 0
"707" 33.3375643417695 33.1568893195005 0 707 0
"708" 33.6950953550417 31.0970672075219 0 708 0
"709" 33.4951255949986 32.2755348159459 0 709 0
"710" 33.892779444331 31.2499625639791 0 710 0
"711" 33.6371794631109 37.867060357423 0 711 0
"712" 32.9371539550026 27.7803231996177 0 712 0
"713" 33.6870567906505 32.2851138887064 0 713 0
"714" 33.4702655608277 33.953665264394 0 714 0
"715" 33.7479181476715 33.2865035063396 0 715 0
"716" 33.9229380774873 29.542862764015 0 716 0
"717" 33.7159877960557 34.1173438105616 0 717 0
"718" 33.3605241537885 31.7216763945133 0 718 0
"719" 33.5221915302687 30.8879455474269 0 719 0
"720" 33.6824265317202 32.9244141726104 0 720 0
"721" 33.8606868519006 32.5557757843765 0 721 0
"722" 33.3345767902496 34.7598984486332 0 722 0
"723" 33.5159766661054 35.8639202162292 0 723 0
"724" 33.2885943336305 28.4513075530387 0 724 0
"725" 33.4582970813604 36.9524837170212 0 725 0
"726" 33.4477040081041 32.907716192064 0 726 0
"727" 33.1241290366854 30.1974291104357 0 727 0
"728" 33.2960832808012 33.789603469276 0 728 0
"729" 33.7558096021321 28.5615455113854 0 729 0
"730" 33.6139800477916 29.5653144797925 0 730 0
"731" 33.3998046460478 36.8856542853223 0 731 0
"732" 33.443187800883 30.130166143073 0 732 0
"733" 33.5577877565887 35.447699144262 0 733 0
"734" 33.6303226399752 20.8943549107203 0 734 0
"735" 191.564742277455 12.7794926731218 0 735 0
"736" 191.943249737653 13.1492414885588 0 736 0
"737" 193.083259923099 12.3851242660599 0 737 0
"738" 190.655142250643 12.7983698702566 0 738 0
"739" 192.38910002692 13.1817116590463 0 739 0
"740" 189.66359748922 13.258428653071 0 740 0
"741" 188.428538448832 12.4857472099042 0 741 0
"742" 191.901356059018 13.8921460385887 0 742 0
"743" 188.231752064888 13.3783290375958 0 743 0
"744" 191.970762317764 13.7682740985246 0 744 0
"745" 192.467646785874 12.9549678464769 0 745 0
"746" 192.01051149895 14.1313312821482 0 746 0
"747" 191.203689594524 13.5100032026014 0 747 0
"748" 190.221442274748 14.182133053564 0 748 0
"749" 192.731856907451 12.5818135106499 0 749 0
"750" 192.940443971984 13.5866812054136 0 750 0
"751" 190.207067631266 14.078100432114 0 751 0
"752" 190.506474583765 14.008201063517 0 752 0
"753" 188.634069477233 14.2665169006219 0 753 0
"754" 189.704584868487 13.7847829370095 0 754 0
"755" 188.045243554191 13.569071871466 0 755 0
"756" 191.46108786402 13.28971195102 0 756 0
"757" 190.374918048347 13.5674018225576 0 757 0
"758" 194.143785944872 14.34580973937 0 758 0
"759" 190.227220519241 12.6935820911893 0 759 0
"760" 189.875796829002 14.2399425806652 0 760 0
"761" 190.37826161434 13.6426387849753 0 761 0
"762" 190.716620012328 13.0516988922721 0 762 0
"763" 190.093715478894 14.4838225888715 0 763 0
"764" 191.777601564891 14.1700697135247 0 764 0
"765" 188.442753574212 13.5105729439361 0 765 0
"766" 191.190460247188 12.4884353905067 0 766 0
"767" 191.795367900803 12.7056088484898 0 767 0
"768" 192.079598796021 13.3026320563289 0 768 0
"769" 193.656923499043 13.0794397419572 0 769 0
"770" 192.275831040799 13.5243082831035 0 770 0
"771" 189.083239339215 13.7981882106143 0 771 0
"772" 190.660738415485 13.6195190639403 0 772 0
"773" 192.182034354237 13.0719095939249 0 773 0
"774" 191.97433426766 13.5700837857326 0 774 0
"775" 189.00905262865 13.0023400300997 0 775 0
"776" 190.687609181225 12.5374139487703 0 776 0
"777" 192.687611835483 13.4645659415929 0 777 0
"778" 189.930982952372 13.2497373422097 0 778 0
"779" 188.899422103564 14.0629458013712 0 779 0
"780" 192.921053568224 13.8067737231723 0 780 0
"781" 190.193327906636 14.1426653633838 0 781 0
"782" 188.281690644053 12.9855479048514 0 782 0
"783" 189.883865999311 14.0973240262422 0 783 0
"784" 191.207628812428 13.9000048975483 0 784 0
"785" 190.245797742077 13.8697745877881 0 785 0
"786" 191.195910909913 12.8873152539729 0 786 0
"787" 192.534943308737 13.932883066281 0 787 0
"788" 190.218435485091 14.3984679342465 0 788 0
"789" 193.234280031654 13.0352581211913 0 789 0
"790" 191.313443007247 13.7727869974926 0 790 0
"791" 188.454320123932 14.4301235416296 0 791 0
"792" 191.448864764819 12.6151140308979 0 792 0
"793" 192.683997819919 13.0611980972141 0 793 0
"794" 190.203377989197 12.1722245616941 0 794 0
"795" 189.307652836072 13.709276456329 0 795 0
"796" 192.890767936802 13.1286328343701 0 796 0
"797" 190.032095649304 14.3856265487752 0 797 0
"798" 191.340980184735 12.9489433550663 0 798 0
"799" 188.693469694475 14.5575917967491 0 799 0
"800" 187.24671738594 12.6419111085577 0 800 0
"801" 190.173356188841 12.2710965813423 0 801 0
"802" 191.118581557335 13.8232808486269 0 802 0
"803" 194.531678920449 14.116184001987 0 803 0
"804" 191.83329052465 12.9624042856621 0 804 0
"805" 192.860140893808 13.2305121705316 0 805 0
"806" 190.452754217464 13.3530246264016 0 806 0
"807" 192.201947453594 13.670833258622 0 807 0
"808" 189.913725102109 13.8007020439448 0 808 0
"809" 192.023938910355 13.79103423453 0 809 0
"810" 191.469181812723 12.7904880657444 0 810 0
"811" 190.471511425543 13.5060560706755 0 811 0
"812" 191.103753638355 13.5112444618364 0 812 0
"813" 190.510453751582 13.0343502894317 0 813 0
"814" 192.012760442649 12.7300522092832 0 814 0
"815" 190.819336038341 13.5662857614548 0 815 0
"816" 193.681487795815 13.5925080041757 0 816 0
"817" 189.472597382988 13.1874762943627 0 817 0
"818" 191.742511461403 13.2471819446756 0 818 0
"819" 191.177938994373 12.9732975064029 0 819 0
"820" 190.434734854519 13.4453070216335 0 820 0
"821" 189.166323611288 13.4817241242472 0 821 0
"822" 189.689104757424 13.0827724541526 0 822 0
"823" 190.011256026356 14.0434515794665 0 823 0
"824" 190.506578639866 13.6054972442639 0 824 0
"825" 194.173003549183 13.1161426233857 0 825 0
"826" 190.667358510139 14.3493362258598 0 826 0
"827" 189.819006457192 13.7552325723663 0 827 0
"828" 191.294717560948 14.072416938671 0 828 0
"829" 188.092898334785 12.8096736072321 0 829 0
"830" 188.437579932749 14.4190799828381 0 830 0
"831" 191.288420016168 12.8297202874843 0 831 0
"832" 191.226608091777 13.6701958698996 0 832 0
"833" 193.414355941901 13.4251138516729 0 833 0
"834" 191.766613325434 13.541062981692 0 834 0
"835" 193.483004804731 13.6243764077496 0 835 0
"836" 191.214590908355 13.5214155583729 0 836 0
"837" 191.757968234147 13.2378510071407 0 837 0
"838" 190.592719362646 13.2272640679697 0 838 0
"839" 190.10308274233 12.4572541046321 0 839 0
"840" 188.900450365088 13.0626684524414 0 840 0
"841" 190.98273404241 13.6104928724446 0 841 0
"842" 186.931472812384 12.6076516387814 0 842 0
"843" 191.49554557761 13.2209851790301 0 843 0
"844" 189.942781998639 14.7779873104553 0 844 0
"845" 191.529661160384 12.8565917923287 0 845 0
"846" 192.896688355692 13.1794214831063 0 846 0
"847" 192.272513711815 13.9015954436518 0 847 0
"848" 190.1784152642 13.6572674157753 0 848 0
"849" 187.417984435062 13.6243300808058 0 849 0
"850" 190.460504980183 12.7291145655089 0 850 0
"851" 188.357314243941 14.0593803312388 0 851 0
"852" 193.312646052601 13.4266197727647 0 852 0
"853" 187.58691528455 13.4719851443615 0 853 0
"854" 194.598488454428 13.5515095168561 0 854 0
"855" 190.271881640576 13.052092774252 0 855 0
"856" 191.275794657582 12.880542221774 0 856 0
"857" 104.471822964758 13.0443298658374 0 857 0
"858" 104.550034841297 21.5324766111903 0 858 0
"859" 104.443574553518 22.5619627415293 0 859 0
"860" 104.563036871237 20.9840005317948 0 860 0
"861" 104.481266738129 14.0176891687239 0 861 0
"862" 104.509474289435 17.7017628601067 0 862 0
"863" 104.628834728376 19.844046558469 0 863 0
"864" 104.536683840792 22.7762527946938 0 864 0
"865" 104.528571363408 13.9971544104324 0 865 0
"866" 104.651074894421 22.8821387373784 0 866 0
"867" 104.595842614483 14.4201273397852 0 867 0
"868" 104.548827019263 18.7599131700581 0 868 0
"869" 104.429689737634 18.5788606913386 0 869 0
"870" 104.629768210394 20.4335059665806 0 870 0
"871" 104.686675036711 18.5980599992527 0 871 0
"872" 104.47472329571 18.6870024871254 0 872 0
"873" 104.575636866451 16.9080358846716 0 873 0
"874" 104.649973872526 17.5987513303653 0 874 0
"875" 104.714153102888 17.2789603814432 0 875 0
"876" 104.660400043855 14.2222637632409 0 876 0
"877" 104.520587870758 17.6821121269415 0 877 0
"878" 104.664570168658 22.2314595818976 0 878 0
"879" 104.535827377344 21.778954632797 0 879 0
"880" 104.210441799251 22.5213279450322 0 880 0
"881" 104.547728323702 26.7300460323046 0 881 0
"882" 104.453762476264 9.82377463449854 0 882 0
"883" 104.579004641838 25.9251952226442 0 883 0
"884" 104.755013272367 14.3280784555187 0 884 0
"885" 104.510504423964 20.8164538723695 0 885 0
"886" 104.487193644273 17.6143576243941 0 886 0
"887" 104.59117818523 18.9253588237715 0 887 0
"888" 104.58424796191 22.3119020695892 0 888 0
"889" 104.479151082657 16.3174686823926 0 889 0
"890" 104.613946286413 13.2241885407524 0 890 0
"891" 104.628244116017 16.0363321444567 0 891 0
"892" 104.688676612989 24.0419185839833 0 892 0
"893" 104.540658763997 17.3556690639722 0 893 0
"894" 104.70367578635 21.2618862009005 0 894 0
"895" 104.42471185956 18.7708682254166 0 895 0
"896" 104.653005948424 15.5396987034339 0 896 0
"897" 104.522814225515 19.4299232760927 0 897 0
"898" 104.582948684839 19.253154827015 0 898 0
"899" 104.662635070413 21.3904683446617 0 899 0
"900" 104.337986172383 25.6024369035937 0 900 0
"901" 104.618571373213 18.4039907054233 0 901 0
"902" 104.554583347601 15.1975764317881 0 902 0
"903" 104.445706984045 22.4730465196031 0 903 0
"904" 104.699191388095 15.5065164348849 0 904 0
"905" 104.563649362059 22.6067336910752 0 905 0
"906" 104.621381275459 18.4854094639067 0 906 0
"907" 104.641326353774 21.0947886744551 0 907 0
"908" 104.64806792421 18.4884995528575 0 908 0
"909" 104.61893764571 19.1942912732895 0 909 0
"910" 104.329631379207 17.0251718260997 0 910 0
"911" 104.573897664784 18.6712207524451 0 911 0
"912" 104.566358693712 15.711201079959 0 912 0
"913" 104.535060004656 26.0448693296721 0 913 0
"914" 104.568411183902 22.9808489729944 0 914 0
"915" 104.594398374457 25.7830737774335 0 915 0
"916" 104.500894771067 22.1204947319861 0 916 0
"917" 104.510311481534 18.6195212425906 0 917 0
"918" 104.532736441335 18.3801711297153 0 918 0
"919" 104.50878615987 15.9163251572815 0 919 0
"920" 104.498938343462 16.4316187462907 0 920 0
"921" 104.57042516257 20.879977155592 0 921 0
"922" 104.652104706956 20.3896455717342 0 922 0
"923" 104.571937904494 17.9583065400793 0 923 0
"924" 104.610262140684 20.349072800192 0 924 0
"925" 104.593694913778 14.7095183250029 0 925 0
"926" 104.421380280625 21.6478839156012 0 926 0
"927" 104.572500068078 18.9102591859522 0 927 0
"928" 104.540449656007 21.0414383226002 0 928 0
"929" 104.431289525567 19.4053962715116 0 929 0
"930" 104.604602509336 14.0347675492708 0 930 0
"931" 104.392116366439 15.8537788375302 0 931 0
"932" 104.544994977934 19.3618653407628 0 932 0
"933" 104.479116358329 18.795100625192 0 933 0
"934" 104.611183388452 20.0142066579598 0 934 0
"935" 104.610300063648 16.2152523060477 0 935 0
"936" 104.563122265909 14.5003613519108 0 936 0
"937" 104.463049967106 21.2473309680255 0 937 0
"938" 104.616181772641 22.1027227308987 0 938 0
"939" 104.446366553852 23.2928265643276 0 939 0
"940" 104.372409225471 15.1486386217044 0 940 0
"941" 104.488836938472 19.4322351168548 0 941 0
"942" 104.424168310941 20.6401796233363 0 942 0
"943" 104.348683006361 16.5177782004199 0 943 0
"944" 104.539533316149 12.7287690085341 0 944 0
"945" 104.635823066459 26.6910061062381 0 945 0
"946" 104.720288054795 19.1853186305363 0 946 0
"947" 104.403906710448 16.8584075305444 0 947 0
"948" 104.395612032339 18.3204171425314 0 948 0
"949" 104.45429093267 17.8104468805793 0 949 0
"950" 104.526017679315 17.7057320815204 0 950 0
"951" 104.575972507598 24.3040293695743 0 951 0
"952" 104.602820486121 11.3834992321535 0 952 0
"953" 104.513493657086 18.1253605408579 0 953 0
"954" 104.643056453124 16.7914595789471 0 954 0
"955" 104.483796230725 17.0949010248964 0 955 0
"956" 104.717457840961 20.763262511698 0 956 0
"957" 104.3572657718 18.2727564110753 0 957 0
"958" 104.577875862345 17.972251990427 0 958 0
"959" 104.539250807904 13.9463888038254 0 959 0
"960" 104.368931480948 18.8994053920051 0 960 0
"961" 104.377386857037 19.32659168599 0 961 0
"962" 104.586667694159 20.1380554146764 0 962 0
"963" 104.455580169464 15.1270765695933 0 963 0
"964" 104.53291640144 21.7589118646634 0 964 0
"965" 104.4941974087 21.5012330969239 0 965 0
"966" 104.441134442345 19.0525501797911 0 966 0
"967" 104.446985240398 20.4943629947049 0 967 0
"968" 104.689101807669 19.9600261185626 0 968 0
"969" 104.6538569252 17.6240934817846 0 969 0
"970" 104.449550031781 11.6630103445158 0 970 0
"971" 104.588006571137 20.541969770639 0 971 0
"972" 104.614763131089 21.5465037248705 0 972 0
"973" 104.527508293707 25.5150697147965 0 973 0
"974" 104.566990180046 25.5877305309315 0 974 0
"975" 104.477612076777 15.1156295730761 0 975 0
"976" 104.672623473536 16.545118329076 0 976 0
"977" 104.522975174709 18.7694179913117 0 977 0
"978" 104.481787471287 14.5005879349138 0 978 0
"979" 104.553152595467 22.8111824944534 0 979 0
"980" 104.56011812886 22.5169108579705 0 980 0
"981" 104.609502493577 19.3681364572396 0 981 0
"982" 104.351958569697 12.8447232998891 0 982 0
"983" 104.678489289157 22.1724546863918 0 983 0
"984" 104.587508451323 18.192901638501 0 984 0
"985" 104.543084488249 20.4195529852246 0 985 0
"986" 104.495862289521 20.8101844198649 0 986 0
"987" 104.442551102419 18.5010144925897 0 987 0
"988" 104.392763617951 24.5668360449851 0 988 0
"989" 104.617968182592 19.3180773347066 0 989 0
"990" 104.55973050527 22.1478395642172 0 990 0
"991" 104.56426264254 17.0871210921004 0 991 0
"992" 104.479370910523 15.5140482201933 0 992 0
"993" 104.711286457395 18.7530994904918 0 993 0
"994" 104.607375199257 20.4423014565382 0 994 0
"995" 104.53004285913 21.9285729637573 0 995 0
"996" 104.452432751855 18.4492705185981 0 996 0
"997" 104.440065667223 17.7961580665984 0 997 0
"998" 104.452686468471 19.0095144013008 0 998 0
"999" 104.548359820431 19.3605611576815 0 999 0
"1000" 104.486519137129 20.2851865663441 0 1000 0
"1001" 104.614409535747 24.0258707816877 0 1001 0
"1002" 104.45514773176 19.9516036102803 0 1002 0
"1003" 104.41011308099 19.5371009946913 0 1003 0
"1004" 104.55367209577 22.4595002147643 0 1004 0
"1005" 104.753004790067 23.850448277165 0 1005 0
"1006" 104.446761343315 11.8815397828573 0 1006 0
"1007" 104.396402126469 18.5390186553374 0 1007 0
"1008" 104.576709900127 18.0456464693557 0 1008 0
"1009" 104.543978809785 17.9175966923119 0 1009 0
"1010" 104.424951597996 15.9898810833829 0 1010 0
"1011" 104.44091792126 22.9025601105091 0 1011 0
"1012" 104.502878056051 18.413217783074 0 1012 0
"1013" 104.542661806661 23.6370110212044 0 1013 0
"1014" 104.558390712426 19.2825934634908 0 1014 0
"1015" 104.489692363452 24.6866272623935 0 1015 0
"1016" 104.53674296087 23.2589420727752 0 1016 0
"1017" 104.489005148615 19.8206672510658 0 1017 0
"1018" 104.598448411393 15.4049264220211 0 1018 0
"1019" 104.610816831846 17.9170770608727 0 1019 0
"1020" 104.562376282449 17.1045731650265 0 1020 0
"1021" 104.510750555818 19.6675538650778 0 1021 0
"1022" 104.465521556883 23.3233029493531 0 1022 0
"1023" 104.622058306135 17.5224995104263 0 1023 0
"1024" 104.546175764593 19.5828077634796 0 1024 0
"1025" 104.682996807479 15.5438080967184 0 1025 0
"1026" 104.569544534366 23.3872930581562 0 1026 0
"1027" 104.55916548786 16.1337252805295 0 1027 0
"1028" 104.394253456803 15.7845365695782 0 1028 0
"1029" 104.44609098641 22.8800469811689 0 1029 0
"1030" 104.601079056763 21.4930692121999 0 1030 0
"1031" 104.505175971005 21.1095119144835 0 1031 0
"1032" 104.458146483289 20.4788648511801 0 1032 0
"1033" 104.692029289319 19.4404158614146 0 1033 0
"1034" 104.461731374667 19.5743748003332 0 1034 0
"1035" 104.536247709861 12.7567109159071 0 1035 0
"1036" 104.594726978918 23.7483349245961 0 1036 0
"1037" 104.713076118512 15.2379903209978 0 1037 0
"1038" 104.560132108859 10.7209209342661 0 1038 0
"1039" 104.434310590049 21.3435883159921 0 1039 0
"1040" 104.49808730499 21.4089193882332 0 1040 0
"1041" 104.631701670716 21.8656239544945 0 1041 0
"1042" 104.483189723007 21.425109932191 0 1042 0
"1043" 104.493165879347 22.8756453725056 0 1043 0
"1044" 104.327349259447 24.7990358158649 0 1044 0
"1045" 104.801373595626 19.9268070519471 0 1045 0
"1046" 104.384163191014 13.185913566895 0 1046 0
"1047" 104.393370350977 26.3848773847921 0 1047 0
"1048" 104.592894299229 18.7068933819902 0 1048 0
"1049" 104.583236027629 19.2804608176922 0 1049 0
"1050" 104.466098749944 16.6054222450282 0 1050 0
"1051" 104.515401894225 17.7174274798163 0 1051 0
"1052" 104.484553695549 19.2193496184562 0 1052 0
"1053" 104.710643260602 13.8119676117727 0 1053 0
"1054" 104.409034356105 23.5893788261475 0 1054 0
"1055" 104.464990507428 18.6340972753972 0 1055 0
"1056" 104.542405561673 15.8570622673035 0 1056 0
"1057" 104.720161593181 26.1186012424148 0 1057 0
"1058" 104.526128678182 14.9465769017927 0 1058 0
"1059" 104.675551373274 19.7818786035133 0 1059 0
"1060" 109.025233552147 182.322548533999 0 1060 0
"1061" 109.223902453085 184.3374552142 0 1061 0
"1062" 97.0699186685729 183.228254423076 0 1062 0
"1063" 114.807835650724 181.55044919173 0 1063 0
"1064" 110.10862578371 184.721397257768 0 1064 0
"1065" 108.724085605826 184.617007394756 0 1065 0
"1066" 114.039625997969 180.234875155163 0 1066 0
"1067" 109.34133405216 183.520170991161 0 1067 0
"1068" 112.451568857237 180.160900555764 0 1068 0
"1069" 112.384144473775 183.266529634991 0 1069 0
"1070" 105.687084086184 182.146126413245 0 1070 0
"1071" 109.033601121754 181.74608191366 0 1071 0
"1072" 103.628322966649 183.091542164981 0 1072 0
"1073" 118.681747155253 183.635205425427 0 1073 0
"1074" 105.519645992815 184.996579326968 0 1074 0
"1075" 101.886451393194 182.528300081992 0 1075 0
"1076" 98.4557595567943 183.301395197961 0 1076 0
"1077" 106.247383750011 181.529777183437 0 1077 0
"1078" 107.323865659549 183.176553702461 0 1078 0
"1079" 107.10551371614 183.449119321898 0 1079 0
"1080" 112.034596894478 183.084587005327 0 1080 0
"1081" 110.509503394208 184.183226811389 0 1081 0
"1082" 100.38067430697 180.968381203272 0 1082 0
"1083" 113.4764102388 184.580832037513 0 1083 0
"1084" 109.434633232069 182.126944417269 0 1084 0
"1085" 103.598404974947 185.000434784959 0 1085 0
"1086" 111.828524878786 182.384905363887 0 1086 0
"1087" 111.395682521794 181.092104331032 0 1087 0
"1088" 112.442144910885 185.175254543252 0 1088 0
"1089" 105.666647632365 183.933798704237 0 1089 0
"1090" 108.075509553698 181.022005718087 0 1090 0
"1091" 108.575999068988 183.982983416197 0 1091 0
"1092" 108.036073299021 182.574396269736 0 1092 0
"1093" 103.580193136276 182.444461647663 0 1093 0
"1094" 107.279548983752 180.615237512334 0 1094 0
"1095" 111.478551088943 181.359035186444 0 1095 0
"1096" 106.413872722949 182.174449552248 0 1096 0
"1097" 115.27681149825 183.386352240012 0 1097 0
"1098" 112.443504370204 183.459199715064 0 1098 0
"1099" 111.232315976954 182.723132245725 0 1099 0
"1100" 110.101074028543 182.943813670897 0 1100 0
"1101" 108.577378442309 182.342050178773 0 1101 0
"1102" 106.09949947102 182.764401663165 0 1102 0
"1103" 111.084871962341 182.436157645578 0 1103 0
"1104" 112.751474389997 180.54169620017 0 1104 0
"1105" 118.230035302525 184.222704866192 0 1105 0
"1106" 115.526670923362 184.856758439585 0 1106 0
"1107" 112.4163616816 183.185539519225 0 1107 0
"1108" 112.19118594508 183.073157915375 0 1108 0
"1109" 105.842624121301 181.935115789223 0 1109 0
"1110" 111.705419118606 183.405000185158 0 1110 0
"1111" 103.469707639064 183.051439964608 0 1111 0
"1112" 108.767298996253 184.639519622195 0 1112 0
"1113" 107.877322508703 184.461424013208 0 1113 0
"1114" 106.89544174782 182.094755648773 0 1114 0
"1115" 110.864780759273 182.884586930899 0 1115 0
"1116" 108.212838105399 183.700738815215 0 1116 0
"1117" 104.427207394943 183.479960041898 0 1117 0
"1118" 103.879946720834 182.808997457258 0 1118 0
"1119" 105.090092227833 181.058975056148 0 1119 0
"1120" 110.801583793243 180.141324463608 0 1120 0
"1121" 105.699451364544 181.907409297902 0 1121 0
"1122" 103.223844547293 182.505165781802 0 1122 0
"1123" 110.416256336758 180.739558404508 0 1123 0
"1124" 116.576147913003 183.453403814121 0 1124 0
"1125" 110.612028314535 182.538918930266 0 1125 0
"1126" 121.736982934644 182.054580368832 0 1126 0
"1127" 108.978073700406 182.840139090134 0 1127 0
"1128" 111.556401681354 183.126093255974 0 1128 0
"1129" 115.139973192231 181.20634081119 0 1129 0
"1130" 117.202281251831 183.475440214052 0 1130 0
"1131" 109.232704121698 181.813524509808 0 1131 0
"1132" 106.881698071335 182.784764951417 0 1132 0
"1133" 112.300660034526 183.006507641543 0 1133 0
"1134" 107.238830643766 184.160360567761 0 1134 0
"1135" 108.493911903035 181.458894357895 0 1135 0
"1136" 106.265514609602 181.257404432432 0 1136 0
"1137" 99.4236402332705 180.995167406237 0 1137 0
"1138" 108.96079547655 183.318524197537 0 1138 0
"1139" 104.042201485028 181.644791686625 0 1139 0
"1140" 104.753168933423 183.628022856742 0 1140 0
"1141" 110.082136218504 180.81461861966 0 1141 0
"1142" 96.250752981981 183.077636129208 0 1142 0
"1143" 107.707674467983 184.651670594309 0 1143 0
"1144" 102.400083054853 181.724407996371 0 1144 0
"1145" 108.593167200312 182.288256624347 0 1145 0
"1146" 111.253285426627 182.530702886264 0 1146 0
"1147" 105.019263940536 186.829022981231 0 1147 0
"1148" 117.627384165463 184.383256429494 0 1148 0
"1149" 106.343056446763 182.617272193894 0 1149 0
"1150" 96.0712228004092 181.148651104246 0 1150 0
"1151" 108.079369363731 183.004908269897 0 1151 0
"1152" 114.053762395772 184.139896467974 0 1152 0
"1153" 110.179068222301 182.220904373006 0 1153 0
"1154" 109.90158921486 182.142300313565 0 1154 0
"1155" 112.162756112063 182.35677131962 0 1155 0
"1156" 102.577255673613 183.015873091804 0 1156 0
"1157" 105.82326200702 183.116842479178 0 1157 0
"1158" 112.772071777723 183.58367051602 0 1158 0
"1159" 112.026513249736 185.600924246215 0 1159 0
"1160" 112.860740007024 185.283248078664 0 1160 0
"1161" 107.075285801796 180.980790955463 0 1161 0
"1162" 102.505595513991 182.163383595988 0 1162 0
"1163" 104.113997500841 180.965665052433 0 1163 0
"1164" 98.6610136730256 182.531976470488 0 1164 0
"1165" 115.628769263038 180.241882133839 0 1165 0
"1166" 114.439614623846 181.577461264428 0 1166 0
"1167" 99.8218783265987 180.498821485552 0 1167 0
"1168" 106.489141216788 180.902849447946 0 1168 0
"1169" 113.479702644296 181.588293099897 0 1169 0
"1170" 107.171765388917 182.124754144108 0 1170 0
"1171" 105.351858465219 185.18350361034 0 1171 0
"1172" 106.834537740783 182.356022100031 0 1172 0
"1173" 109.525371230945 184.051797974515 0 1173 0
"1174" 100.532264307817 181.884220980113 0 1174 0
"1175" 106.283301296632 182.361643090187 0 1175 0
"1176" 106.526539354441 183.333623046399 0 1176 0
"1177" 103.622230231684 182.93307682662 0 1177 0
"1178" 110.140584469439 181.325503439702 0 1178 0
"1179" 105.410898194242 183.255852909172 0 1179 0
"1180" 106.291902956528 182.863092354722 0 1180 0
"1181" 102.637957542181 183.254934986455 0 1181 0
"1182" 108.893416903986 182.001454330717 0 1182 0
"1183" 112.149949269087 178.908872196966 0 1183 0
"1184" 111.84696815132 183.03216119829 0 1184 0
"1185" 119.238579778877 184.487151970811 0 1185 0
"1186" 112.731775635734 184.323482376929 0 1186 0
"1187" 106.750178975868 182.898021717954 0 1187 0
"1188" 119.534035038174 183.073691436903 0 1188 0
"1189" 116.781873527167 184.896920626204 0 1189 0
"1190" 97.5919640269996 182.9574725879 0 1190 0
"1191" 110.164688310676 183.82339182077 0 1191 0
"1192" 101.931120568261 182.627482769671 0 1192 0
"1193" 104.489879465074 184.032469692046 0 1193 0
"1194" 110.014875228462 182.309681247884 0 1194 0
"1195" 115.814975329355 182.103337723055 0 1195 0
"1196" 112.025118309487 184.636260545973 0 1196 0
"1197" 103.57317590371 182.152340324668 0 1197 0
"1198" 105.370475533024 183.283652023598 0 1198 0
"1199" 110.055631647047 184.933177473766 0 1199 0
"1200" 116.592559576635 182.148898377363 0 1200 0
"1201" 108.561636096675 181.96192588056 0 1201 0
"1202" 106.103049435967 182.293413253142 0 1202 0
"1203" 120.537122994519 182.400680015699 0 1203 0
"1204" 105.384289132708 183.036319375991 0 1204 0
"1205" 111.416882356556 184.815139345442 0 1205 0
"1206" 108.867391377401 185.212801240779 0 1206 0
"1207" 106.162948616148 181.609064776352 0 1207 0
"1208" 104.768540066459 181.650238806967 0 1208 0
"1209" 107.380879655767 181.544819447877 0 1209 0
"1210" 96.8692141709444 183.175666837324 0 1210 0
"1211" 108.79643135721 182.666122146485 0 1211 0
"1212" 104.810853398202 183.595497175239 0 1212 0
"1213" 102.460289150339 183.619971748799 0 1213 0
"1214" 113.197257862537 184.054427880029 0 1214 0
"1215" 111.930688068867 181.533974261517 0 1215 0
"1216" 106.036117185799 183.640640734021 0 1216 0
"1217" 103.882216938908 184.62728350615 0 1217 0
"1218" 106.228993830802 183.0401852154 0 1218 0
"1219" 112.944841132559 181.128044200619 0 1219 0
"1220" 109.103646552239 182.976846294534 0 1220 0
"1221" 113.990130147793 182.654160771718 0 1221 0
"1222" 109.293151710183 182.35646798448 0 1222 0
"1223" 107.22254766256 184.354985764149 0 1223 0
"1224" 113.197956735115 181.817274609165 0 1224 0
"1225" 113.379892886595 181.587419818564 0 1225 0
"1226" 109.398419866896 182.832672681183 0 1226 0
"1227" 113.293769226448 183.527957478279 0 1227 0
"1228" 104.812810233148 184.725226696435 0 1228 0
"1229" 114.719174958806 185.986669730704 0 1229 0
"1230" 108.824388027898 184.877999285729 0 1230 0
"1231" 108.699264598597 181.687829123952 0 1231 0
"1232" 113.717108521693 180.528146610205 0 1232 0
"1233" 103.614308735341 183.166632333292 0 1233 0
"1234" 105.448166737106 182.62642891781 0 1234 0
"1235" 104.070091789965 182.018540740898 0 1235 0
"1236" 114.831180891892 180.217500150041 0 1236 0
"1237" 108.602432270744 182.184180067109 0 1237 0
"1238" 114.80425323047 182.917074202945 0 1238 0
"1239" 107.408048171345 181.032063452226 0 1239 0
"1240" 111.387785615625 182.787573321146 0 1240 0
"1241" 111.19403239236 183.339300543107 0 1241 0
"1242" 110.320084017274 185.203098377256 0 1242 0
"1243" 112.155738079914 183.781281936861 0 1243 0
"1244" 112.997422056892 183.639847390246 0 1244 0
"1245" 106.167982174333 181.813853262575 0 1245 0
"1246" 105.650549849333 182.841990265414 0 1246 0
"1247" 115.349724592321 182.990354862271 0 1247 0
"1248" 106.320218098895 183.569883265556 0 1248 0
"1249" 110.874698342627 181.918867395801 0 1249 0
"1250" 102.689623019174 184.030455590398 0 1250 0
"1251" 114.113704447812 183.487551026134 0 1251 0
"1252" 111.839190125222 182.616534259703 0 1252 0
"1253" 111.323904947758 182.263262252089 0 1253 0
"1254" 108.214240630267 184.007748601624 0 1254 0
"1255" 113.543335111154 182.055903050053 0 1255 0
"1256" 109.270365797602 182.525687398065 0 1256 0
"1257" 118.163214116009 184.273656274116 0 1257 0
"1258" 114.297083730987 183.872199758607 0 1258 0
"1259" 106.609098318575 183.147819246687 0 1259 0
"1260" 105.964444146847 182.704627870159 0 1260 0
"1261" 104.3499794846 182.472852767746 0 1261 0
"1262" 106.286678760417 182.092681591704 0 1262 0
"1263" 108.478329088113 181.396392307589 0 1263 0
"1264" 116.523614436457 182.997645387495 0 1264 0
"1265" 114.230085391343 181.724698041304 0 1265 0
"1266" 114.631423732112 182.270130814457 0 1266 0
"1267" 111.680168263986 182.529308548672 0 1267 0
"1268" 106.083864736244 184.024596332535 0 1268 0
"1269" 106.48809115712 180.664781125343 0 1269 0
"1270" 106.430386376745 182.37846029097 0 1270 0
"1271" 108.341158638659 183.077081134122 0 1271 0
"1272" 119.858400519097 181.733796284773 0 1272 0
"1273" 112.329795828134 184.574600608704 0 1273 0
"1274" 121.455642781142 181.288863963082 0 1274 0
"1275" 110.196785258716 185.67953691104 0 1275 0
"1276" 107.487948736464 182.12317310742 0 1276 0
"1277" 117.802629811577 184.169071720856 0 1277 0
"1278" 106.563003361004 182.083925148929 0 1278 0
"1279" 109.462133663175 180.762745683964 0 1279 0
"1280" 104.479744715416 182.988466074553 0 1280 0
"1281" 102.715997622146 183.10990516525 0 1281 0
"1282" 112.838255238895 182.827161374184 0 1282 0
"1283" 111.665552540012 181.855119397829 0 1283 0
"1284" 110.907630389828 182.213924702102 0 1284 0
"1285" 110.079933932646 182.508237081969 0 1285 0
"1286" 97.1967619703092 184.869500791649 0 1286 0
"1287" 117.291100367452 184.544016599552 0 1287 0
"1288" 100.660205496265 182.588447483785 0 1288 0
"1289" 104.385321784396 184.347649616333 0 1289 0
"1290" 103.319298156942 182.449942676438 0 1290 0
"1291" 104.286960751413 184.841665123606 0 1291 0
"1292" 112.848549654519 179.94786243013 0 1292 0
"1293" 116.276585974232 181.729621204557 0 1293 0
"1294" 102.8791653463 185.307603835652 0 1294 0
"1295" 103.458107855625 183.284440896294 0 1295 0
"1296" 110.406529797809 184.562609468416 0 1296 0
"1297" 110.37120542149 181.628291859187 0 1297 0
"1298" 111.436920785011 182.917642956341 0 1298 0
"1299" 112.189308281979 182.196661816998 0 1299 0
"1300" 106.295526516615 182.949648572827 0 1300 0
"1301" 107.138366343783 181.389671538199 0 1301 0
"1302" 108.311454001917 183.422986639174 0 1302 0
"1303" 105.556657393404 182.45231208174 0 1303 0
"1304" 110.458516391406 183.911208574682 0 1304 0
"1305" 108.97111358656 183.796544410795 0 1305 0
"1306" 101.78565419518 180.652706065945 0 1306 0
"1307" 108.631030835985 184.059930621259 0 1307 0
"1308" 108.065721800695 182.335261474218 0 1308 0
"1309" 110.589330613942 182.435033477926 0 1309 0
"1310" 111.956372384843 183.862317772622 0 1310 0
"1311" 105.962431151001 183.085906672943 0 1311 0
"1312" 100.945354172026 182.910135225794 0 1312 0
"1313" 109.124431607951 181.918269020608 0 1313 0
"1314" 114.684330327961 183.164659853807 0 1314 0
"1315" 116.881457175775 183.739853914432 0 1315 0
"1316" 111.838532450672 182.604511162377 0 1316 0
"1317" 107.737076283669 182.704884198837 0 1317 0
"1318" 116.000764051658 180.315757195784 0 1318 0
"1319" 105.928768409066 181.051794800912 0 1319 0
"1320" 114.599875107521 181.746873292892 0 1320 0
"1321" 106.165766097798 183.679492338109 0 1321 0
"1322" 108.277012633228 184.056662860231 0 1322 0
"1323" 115.158235242233 181.977249530897 0 1323 0
"1324" 112.445941675587 183.358987903333 0 1324 0
"1325" 104.598253861231 181.862998291717 0 1325 0
"1326" 106.542936204879 183.786356774145 0 1326 0
"1327" 115.766101180082 181.751013462293 0 1327 0
"1328" 109.395200651845 183.74686258831 0 1328 0
"1329" 101.616781182738 182.941536085206 0 1329 0
"1330" 113.65187769371 182.264281977305 0 1330 0
"1331" 106.924747218329 183.699296579045 0 1331 0
"1332" 117.22795053848 183.965361870705 0 1332 0
"1333" 106.326225573632 182.521132211395 0 1333 0
"1334" 106.709065659442 182.626617076071 0 1334 0
"1335" 107.718665472998 181.828279599683 0 1335 0
"1336" 95.7514128094012 183.436887798367 0 1336 0
"1337" 106.593185683617 182.367088315932 0 1337 0
"1338" 109.091186327973 183.749720187519 0 1338 0
"1339" 102.609499396757 182.135709095035 0 1339 0
"1340" 108.110102075631 180.993184779829 0 1340 0
"1341" 106.728645176253 181.059948859956 0 1341 0
"1342" 109.33970817016 184.690474202836 0 1342 0
"1343" 106.314146404594 182.742487088041 0 1343 0
"1344" 112.080827057669 184.344660664815 0 1344 0
"1345" 104.611658319705 182.827116901143 0 1345 0
"1346" 102.991506820364 184.478543679195 0 1346 0
"1347" 105.090299789473 184.065561498693 0 1347 0
"1348" 112.463657451919 180.143482110933 0 1348 0
"1349" 117.64755003468 181.673393909729 0 1349 0
"1350" 107.792938409463 182.493500743934 0 1350 0
"1351" 119.745535812891 183.564533445103 0 1351 0
"1352" 110.719339367945 182.920042544831 0 1352 0
"1353" 104.40722440327 180.760554922087 0 1353 0
"1354" 106.510692800204 181.00540012991 0 1354 0
"1355" 104.421080930954 181.040652780588 0 1355 0
"1356" 104.453271507546 183.479411991612 0 1356 0
"1357" 110.336420359462 181.835809293519 0 1357 0
"1358" 103.191611972258 181.541349627882 0 1358 0
"1359" 107.143663105872 183.176095701347 0 1359 0
"1360" 105.959569834307 183.808919854244 0 1360 0
"1361" 116.10314267918 181.763633547523 0 1361 0
"1362" 115.535837732189 185.289065001423 0 1362 0
"1363" 104.420241348757 180.90973544803 0 1363 0
"1364" 107.393420548041 181.518176661154 0 1364 0
"1365" 113.652396662704 183.534919113124 0 1365 0
"1366" 107.530044200564 184.421400660712 0 1366 0
"1367" 102.468654621578 183.204407025589 0 1367 0
"1368" 108.908066058432 179.02781099148 0 1368 0
"1369" 113.95238428456 183.763954740116 0 1369 0
"1370" 108.058261762933 180.845689767719 0 1370 0
"1371" 111.673802555398 180.585650613645 0 1371 0
"1372" 105.676017342874 182.903079379144 0 1372 0
"1373" 112.142489641095 182.622483023831 0 1373 0
"1374" 106.084149082444 184.116500849467 0 1374 0
"1375" 110.407186117234 182.418712913238 0 1375 0
"1376" 112.735834662314 183.972709968577 0 1376 0
"1377" 97.6203805265097 182.0722615109 0 1377 0
"1378" 118.290188147198 182.982329472026 0 1378 0
"1379" 103.681506496939 182.354898530566 0 1379 0
"1380" 114.134854165125 182.333767969149 0 1380 0
"1381" 116.375778439416 182.818261069963 0 1381 0
"1382" 103.548765276089 182.573825338781 0 1382 0
"1383" 99.2074544458442 183.061677926386 0 1383 0
"1384" 111.385951603998 182.006700844761 0 1384 0
"1385" 111.16278801078 180.166212236327 0 1385 0
"1386" 104.870811222365 183.482662274227 0 1386 0
"1387" 107.651558747073 182.420803635766 0 1387 0
"1388" 108.962840532893 182.527468137262 0 1388 0
"1389" 107.988230143929 181.694125443029 0 1389 0
"1390" 106.765566461546 182.862995773838 0 1390 0
"1391" 112.954957594637 182.884329145003 0 1391 0
"1392" 108.475430786082 182.280281512136 0 1392 0
"1393" 103.505867995528 185.072555520966 0 1393 0
"1394" 107.043657343818 183.259389062006 0 1394 0
"1395" 108.913147819398 184.371370633488 0 1395 0
"1396" 113.117663428103 182.965854604815 0 1396 0
"1397" 102.363053621866 183.37015110446 0 1397 0
"1398" 108.138723406646 182.995068349236 0 1398 0
"1399" 141.384370320382 161.371382820372 0 1399 0
"1400" 101.893464708471 17.3437479224666 0 1400 0
"1401" 179.511595706454 151.371632141178 0 1401 0
"1402" 34.7994557484993 117.418455718898 0 1402 0
"1403" 164.298148497686 44.1806153617292 0 1403 0
"1404" 86.3336083311713 78.5086097835015 0 1404 0
"1405" 147.251980200936 123.732714721317 0 1405 0
"1406" 137.158202068381 46.0234943362776 0 1406 0
"1407" 142.186654769912 177.763208558029 0 1407 0
"1408" 77.6890494858643 71.6611117956096 0 1408 0
"1409" 102.798639945725 164.000493814933 0 1409 0
"1410" 178.116343643143 165.961147291271 0 1410 0
"1411" 179.318672255589 60.0136621020943 0 1411 0
"1412" 66.9419113747468 184.775417798206 0 1412 0
"1413" 51.2199266735133 50.5698818056335 0 1413 0
"1414" 149.968396646867 134.557828200735 0 1414 0
"1415" 193.386394193492 116.049121687397 0 1415 0
"1416" 141.129278164447 47.2478488794367 0 1416 0
"1417" 120.188038549952 68.7803040977042 0 1417 0
"1418" 46.6844712206256 179.982771911051 0 1418 0
"1419" 108.799370336083 110.727860952395 0 1419 0
"1420" 65.7811211093271 38.4878724700546 0 1420 0
"1421" 166.276637555372 125.195324470182 0 1421 0
"1422" 68.6724056062259 101.400866311095 0 1422 0
"1423" 189.47343681451 152.827830500948 0 1423 0
"1424" 131.35575276878 172.793988762092 0 1424 0
"1425" 40.5978275722754 88.0177669614011 0 1425 0
"1426" 104.267628531649 14.8865691838563 0 1426 0
"1427" 134.178062398355 145.751249752071 0 1427 0
"1428" 70.6470735904208 126.862604370413 0 1428 0
"1429" 63.7865518169609 63.942081422956 0 1429 0
"1430" 183.610934543864 40.7295967192164 0 1430 0
"1431" 104.86665719496 54.5111537423514 0 1431 0
"1432" 81.430567101617 154.528905967672 0 1432 0
"1433" 131.106709671795 134.718370133739 0 1433 0
"1434" 117.749657140817 108.416724565949 0 1434 0
"1435" 75.4882096060098 125.079432461361 0 1435 0
"1436" 193.46135993906 112.326309354674 0 1436 0
"1437" 40.5503926879818 180.529445882627 0 1437 0
"1438" 106.206762508184 110.489342400437 0 1438 0
"1439" 179.556630551781 93.7904560876859 0 1439 0
"1440" 160.108755052112 82.412448966964 0 1440 0
"1441" 156.630655767915 114.45330435732 0 1441 0
"1442" 89.5162140682279 46.015116958204 0 1442 0
"1443" 110.875107708774 38.854870363463 0 1443 0
"1444" 88.0676121073054 61.1113848899988 0 1444 0
"1445" 137.502523292377 111.563960366921 0 1445 0
"1446" 149.714448535523 139.208129792975 0 1446 0
"1447" 54.6072240121544 30.9129259612158 0 1447 0
"1448" 96.6048356943692 105.347301771315 0 1448 0
"1449" 33.2864553248554 134.688685818472 0 1449 0
"1450" 79.7312386492671 148.755543227228 0 1450 0
"1451" 178.161145652527 182.661927718844 0 1451 0
"1452" 138.353223893016 171.392849715574 0 1452 0
"1453" 144.833428458144 178.880390820568 0 1453 0
"1454" 60.8903717322598 65.8359871337076 0 1454 0
"1455" 55.0967528159282 48.1580341472059 0 1455 0
"1456" 46.908006131397 142.610010745001 0 1456 0
"1457" 183.996413772188 146.113902143847 0 1457 0
"1458" 47.8832497919303 152.862565789073 0 1458 0
"1459" 151.947456765339 92.2634512979281 0 1459 0
"1460" 134.093914244195 69.4532936029724 0 1460 0
"1461" 131.116586515944 75.6715600119282 0 1461 0
"1462" 122.456335960905 31.3131980449945 0 1462 0
"1463" 101.151855872889 101.141403448497 0 1463 0
"1464" 141.243287349211 11.4856135291762 0 1464 0
"1465" 34.2127242919597 71.1815410452404 0 1465 0
"1466" 152.428125397925 157.583620565079 0 1466 0
"1467" 158.989411319059 151.610221907896 0 1467 0
"1468" 122.877492028072 166.482256688531 0 1468 0
"1469" 129.354296547424 143.245339222383 0 1469 0
"1470" 134.219578951183 93.4856070029192 0 1470 0
"1471" 125.095442766871 128.91201443529 0 1471 0
"1472" 182.942000159638 74.3726687123439 0 1472 0
"1473" 113.349423527978 33.3210563986997 0 1473 0
"1474" 180.137225584046 137.232740672054 0 1474 0
"1475" 62.5739563271681 123.432340503423 0 1475 0
"1476" 177.397583535976 153.58520368698 0 1476 0
"1477" 44.5977359976982 158.89820507578 0 1477 0
"1478" 53.4274941358475 89.0114867728191 0 1478 0
"1479" 188.879345366674 44.4556752872758 0 1479 0
"1480" 76.4555722883281 62.5907105318637 0 1480 0
"1481" 112.903945964931 150.302500307656 0 1481 0
"1482" 177.049265263534 66.0312932034078 0 1482 0
"1483" 144.756411418491 61.2911898388599 0 1483 0
"1484" 79.137049466895 130.410706453325 0 1484 0
"1485" 153.127906528906 63.5027767265359 0 1485 0
"1486" 75.5763066577652 60.909652759644 0 1486 0
"1487" 76.1209863216043 41.3585637155338 0 1487 0
"1488" 120.459847949542 99.5817379126485 0 1488 0
"1489" 152.227080780188 74.3605605957099 0 1489 0
"1490" 152.519594102669 125.690641183344 0 1490 0
"1491" 163.498905130664 43.1137881994228 0 1491 0
"1492" 110.113654803071 172.130088617657 0 1492 0
"1493" 179.936366330114 16.9036826952606 0 1493 0
"1494" 180.383111576467 27.3627443495875 0 1494 0
"1495" 106.295140848383 92.7426048979442 0 1495 0
"1496" 135.059167828784 21.8201197011971 0 1496 0
"1497" 173.494348367911 143.874667444036 0 1497 0
"1498" 112.418770948203 177.366271327977 0 1498 0
"1499" 116.384905304046 81.8968216226546 0 1499 0
"1500" 171.172025476902 72.3838164161428 1 1500 0
"1501" 152.795914034086 127.751168910949 0 1501 0
"1502" 107.408056914274 93.634271443017 0 1502 0
"1503" 182.53669107644 50.3762419058229 0 1503 0
"1504" 155.476920337307 85.7748124442746 0 1504 0
"1505" 188.129892429566 97.8903396170217 0 1505 0
"1506" 111.517064419762 19.3177617495303 0 1506 0
"1507" 181.326461878541 78.0134955048922 0 1507 0
"1508" 87.8709180338792 70.4079839750919 0 1508 0
"1509" 129.70433196138 78.1553090685046 0 1509 0
"1510" 66.0864612225174 146.916150272924 0 1510 0
"1511" 139.08691751313 138.192142222064 0 1511 0
"1512" 82.7876192894112 38.9322656012641 0 1512 0
"1513" 174.921690314528 124.882352163263 0 1513 0
"1514" 153.907934954181 103.916592402602 0 1514 0
"1515" 154.999315184727 124.808332785372 0 1515 0
"1516" 149.20354098054 80.0979176805497 0 1516 0
"1517" 42.5974761948814 68.5025558149329 0 1517 0
"1518" 111.33840259461 77.2200578121692 0 1518 0
"1519" 147.981665234499 39.2849794950916 0 1519 0
"1520" 68.8914184470661 63.1487760215424 0 1520 0
"1521" 124.879958135268 134.202965624043 0 1521 0
"1522" 185.636196967821 43.3901818356713 0 1522 0
"1523" 176.095833561036 184.507832578911 0 1523 0
"1524" 101.892685584731 133.381400161369 0 1524 0
"1525" 57.5318533686666 59.1478819577668 0 1525 0
"1526" 43.8747592033211 78.9581938443559 0 1526 0
"1527" 187.506425456487 25.5341490037097 0 1527 0
"1528" 143.264420413576 106.596990842034 0 1528 0
"1529" 59.3401470816867 127.440298346146 0 1529 0
"1530" 68.8329954784484 16.4266246967364 0 1530 0
"1531" 146.745023353448 47.1255556197328 0 1531 0
"1532" 121.687286645872 105.92689777462 0 1532 0
"1533" 32.9219204720217 179.928923001461 0 1533 0
"1534" 138.129732193579 95.5036599062566 0 1534 0
"1535" 123.302627270934 170.811547731349 0 1535 0
"1536" 148.163564403064 115.543091933338 0 1536 0
"1537" 75.804560842028 137.098137644197 0 1537 0
"1538" 92.7193291640501 176.032574432177 0 1538 0
"1539" 88.9469945894614 154.096294675746 0 1539 0
"1540" 160.942498823738 20.3645817264551 0 1540 0
"1541" 156.810100412017 133.693990101071 0 1541 0
"1542" 37.2459977275123 81.5905383517305 0 1542 0
"1543" 100.660801889996 90.8032499927131 0 1543 0
"1544" 51.4426260143252 28.1421353428415 0 1544 0
"1545" 172.108836199738 171.314263773564 0 1545 0
"1546" 179.044675027669 24.1006207173777 0 1546 0
"1547" 185.246282318472 120.782304732825 0 1547 0
"1548" 108.657103615665 100.958607273616 0 1548 0
"1549" 163.094559667768 28.1962535744588 0 1549 0
"1550" 52.4962502847485 32.0563245285277 0 1550 0
"1551" 102.354704039418 29.2853811363579 0 1551 0
"1552" 70.2688198929919 181.737546480851 0 1552 0
"1553" 82.8194771286052 100.776105807505 0 1553 0
"1554" 100.339989328776 118.146370350346 0 1554 0
"1555" 53.6077213726621 29.6313454946126 0 1555 0
"1556" 115.020594743235 32.3349979850073 0 1556 0
"1557" 191.564786826977 54.2619476186637 0 1557 0
"1558" 116.634746905771 44.917625865546 0 1558 0
"1559" 158.355087366203 145.384130612236 0 1559 0
"1560" 160.898829811021 131.918579199743 0 1560 0
"1561" 104.378470280343 116.278580304064 0 1561 0
"1562" 104.684619908491 150.662302872628 0 1562 0
"1563" 121.952893107406 30.1882689517451 0 1563 0
"1564" 121.702311898066 147.868122244091 0 1564 0
"1565" 188.609693932081 113.309217380653 0 1565 0
"1566" 116.356569301737 28.2068896308814 0 1566 0
"1567" 47.0315790101063 42.4464303887694 0 1567 0
"1568" 134.323636407233 145.652316664864 0 1568 0
"1569" 52.2406265841512 67.0933388385201 0 1569 0
"1570" 190.508749056465 20.8117153071681 0 1570 0
"1571" 99.6668151434232 112.076065589059 0 1571 0
"1572" 167.856002218103 123.065048519427 0 1572 0
"1573" 193.112280943516 86.0040869658397 0 1573 0
"1574" 100.750453154665 94.1304554678932 0 1574 0
"1575" 95.5718870671664 21.5839658254848 0 1575 0
"1576" 111.819606580187 94.121784699841 0 1576 0
"1577" 108.822283542143 52.9255752238594 0 1577 0
"1578" 185.874361931836 134.326717591191 0 1578 0
"1579" 60.2545396057916 34.4536117356289 0 1579 0
"1580" 129.736714105641 146.248633671487 0 1580 0
"1581" 76.3856318399788 28.4460463956792 0 1581 0
"1582" 35.4121879476776 99.9989381737053 0 1582 0
"1583" 75.9504662886298 41.7188958990776 0 1583 0
"1584" 95.9392827290435 80.1031968044009 0 1584 0
"1585" 140.438396419129 90.867528979921 0 1585 0
"1586" 147.601645113519 70.1073774437674 0 1586 0
"1587" 69.3960947466173 155.775046828869 0 1587 0
"1588" 90.6539867944606 63.2662290678139 0 1588 0
"1589" 98.5034431704421 77.8920919763652 0 1589 0
"1590" 81.0787749169037 105.078895068322 0 1590 0
"1591" 186.608280054817 81.7715668921724 0 1591 0
"1592" 51.0390890860247 168.830364910474 0 1592 0
"1593" 34.1895683709247 155.668771285506 0 1593 0
"1594" 78.2276911386777 106.112422365029 0 1594 0
"1595" 98.89793595888 54.6402116625222 0 1595 0
"1596" 107.771746996829 163.287538404503 0 1596 0
"1597" 34.2005076256866 116.456063437416 0 1597 0
"1598" 32.7200129850176 40.7687010411656 0 1598 0
"1599" 116.674626254283 173.499900711212 0 1599 0
"1600" 144.588722406641 76.7744615718651 0 1600 0
"1601" 121.009210387246 174.465998385724 0 1601 0
"1602" 185.506122027567 184.383240994678 0 1602 0
"1603" 53.3582264796819 30.1225060764112 0 1603 0
"1604" 117.267676067636 54.9749785711407 0 1604 0
"1605" 120.778903476061 20.2681678614148 0 1605 0
"1606" 62.9868955667683 14.4534227509169 0 1606 0
"1607" 143.64493750261 40.6137865579155 0 1607 0
"1608" 141.522471370113 109.827505670731 0 1608 0
"1609" 34.2460171923943 176.239022232557 0 1609 0
"1610" 191.515601581984 151.508815138053 0 1610 0
"1611" 54.2889666510192 111.082835090637 0 1611 0
"1612" 41.2348017071988 182.073415981897 0 1612 0
"1613" 120.559628501541 137.008439397051 0 1613 0
"1614" 114.141367346784 37.2100640778945 0 1614 0
"1615" 184.83712531495 124.993979899788 0 1615 0
"1616" 52.9660171425608 129.343556063374 0 1616 0
"1617" 120.513253576955 116.28915788031 0 1617 0
"1618" 112.720418113657 103.675044791783 0 1618 0
"1619" 156.954506583676 161.532812135455 0 1619 0
"1620" 130.585425325817 149.102409762758 0 1620 0
"1621" 189.880018973003 72.3399354712567 0 1621 0
"1622" 156.93928744607 117.210258335043 0 1622 0
"1623" 168.643662647386 53.5117205536472 0 1623 0
"1624" 194.44307666505 121.334679718014 0 1624 0
"1625" 65.3658526807585 110.406354083896 0 1625 0
"1626" 146.01167911922 43.6958002706445 0 1626 0
"1627" 68.4475741291806 96.2906686122556 0 1627 0
"1628" 164.151130830548 84.6376881941279 0 1628 0
"1629" 155.689532357819 16.6858015051365 0 1629 0
"1630" 174.719099590716 129.081632706058 0 1630 0
"1631" 35.6675271170965 131.037250581706 0 1631 0
"1632" 158.727139520706 152.839529544829 0 1632 0
"1633" 146.30345468169 71.9668112950704 0 1633 0
"1634" 186.222729524021 118.59553656024 0 1634 0
"1635" 74.2684552499287 94.464641366269 0 1635 0
"1636" 58.9801323757668 160.998045906573 0 1636 0
"1637" 117.617123264472 142.641527480357 0 1637 0
"1638" 116.919400214698 36.9197653062417 0 1638 0
"1639" 90.4954160152072 118.174478049934 0 1639 0
"1640" 58.2255937737729 60.8855123981208 0 1640 0
"1641" 42.3594281955783 29.1254474136792 0 1641 0
"1642" 76.8571656869357 96.9336815662215 0 1642 0
"1643" 143.73311222919 106.34799139776 0 1643 0
"1644" 133.883509998606 73.7137985225219 0 1644 0
"1645" 167.301923070932 132.90718045022 0 1645 0
"1646" 174.870780085126 59.7335404060815 0 1646 0
"1647" 171.181730342956 119.965058066248 0 1647 0
"1648" 114.329086018797 33.5863802196375 0 1648 0
"1649" 160.876802097962 179.455189429964 0 1649 0
"1650" 120.334116502536 115.353808126707 0 1650 0
"1651" 131.591887026308 31.3167052483331 0 1651 0
"1652" 181.997277991957 26.8734648183286 0 1652 0
"1653" 74.467512372514 116.52506876862 0 1653 0
"1654" 114.609055875147 130.547519116959 0 1654 0
"1655" 139.142627518815 34.4215021209032 0 1655 0
"1656" 139.719847316 58.1043005215496 0 1656 0
"1657" 94.0304184808923 56.7802467555314 0 1657 0
"1658" 183.658706710345 184.253478839649 0 1658 0
"1659" 47.7741827621572 21.6805258703613 0 1659 0
"1660" 62.1044289038884 63.1055210494593 0 1660 0
"1661" 86.9840283930289 64.8258383489462 0 1661 0
"1662" 150.455891350594 129.568611110355 0 1662 0
"1663" 128.177788668096 91.8476461950319 0 1663 0
"1664" 90.7508588390403 159.707115164407 0 1664 0
"1665" 100.840429183055 78.6836509676464 0 1665 0
"1666" 135.949054662096 88.5627847776637 0 1666 0
"1667" 149.432812591888 71.4912704841669 0 1667 0
"1668" 37.2641280873854 178.888303489356 0 1668 0
"1669" 165.90514194476 170.944580160515 0 1669 0
"1670" 167.577877138842 175.832044710308 0 1670 0
"1671" 64.6100970726267 61.3491619512283 0 1671 0
"1672" 121.347994640542 42.4867765593245 0 1672 0
"1673" 40.374533340342 70.1769695137171 0 1673 0
"1674" 152.083669562704 49.0142945512156 0 1674 0
"1675" 153.410758799966 185.338391336674 0 1675 0
"1676" 115.34836319813 125.485356186482 0 1676 0
"1677" 88.8336910012974 105.223690379138 0 1677 0
"1678" 59.8338382002933 184.908443839474 0 1678 0
"1679" 84.4621722629237 100.284607202866 0 1679 0
"1680" 171.754693371213 178.28338837187 0 1680 0
"1681" 136.134865851567 62.2750484665028 0 1681 0
"1682" 136.954427783853 61.7611997190898 0 1682 0
"1683" 33.3373925519149 70.4806408761326 0 1683 0
"1684" 54.7022160243251 135.412015175441 0 1684 0
"1685" 34.2223775004847 92.9643250499863 0 1685 0
"1686" 102.342887775555 17.1811336728899 0 1686 0
"1687" 167.715567115301 74.821659440494 0 1687 0
"1688" 85.2447523438988 127.596823197905 0 1688 0
"1689" 72.7319183363147 98.2600849660154 0 1689 0
"1690" 173.609233883064 141.174338721273 0 1690 0
"1691" 159.987577122029 49.7517166829444 0 1691 0
"1692" 167.724382491493 65.2757252373835 0 1692 0
"1693" 177.840419777919 184.305862118139 0 1693 0
"1694" 53.0592104923573 64.8355740414326 0 1694 0
"1695" 45.6665410207899 47.143432750185 0 1695 0
"1696" 186.62382780218 136.69410073933 0 1696 0
"1697" 132.054595844279 85.8879731939232 0 1697 0
"1698" 108.08846364388 147.4493522498 0 1698 0
"1699" 90.0899580678304 148.676514088726 0 1699 0
"1700" 159.347760427875 135.66885141676 0 1700 0
"1701" 132.882837674289 136.888879621981 0 1701 0
"1702" 139.294166426348 38.3939851217494 0 1702 0
"1703" 42.3520909788429 111.308597051271 0 1703 0
"1704" 87.0060329544649 107.836480953411 0 1704 0
"1705" 70.0073760102341 168.535733412985 0 1705 0
"1706" 43.4410487729246 107.300983001103 0 1706 0
"1707" 106.24838527945 55.4386100732845 0 1707 0
"1708" 131.755533101235 17.62586041723 0 1708 0
"1709" 147.047713284571 147.907254137033 0 1709 0
"1710" 116.686552205557 36.0641756315341 0 1710 0
"1711" 64.9699475302279 176.020784061959 0 1711 0
"1712" 91.849545404923 134.704207586647 0 1712 0
"1713" 86.2490363967421 30.1634098074411 0 1713 0
"1714" 140.390167328605 102.738277542982 0 1714 0
"1715" 92.7133214311235 159.058152810622 0 1715 0
"1716" 130.992920427445 164.338368703864 0 1716 0
"1717" 105.488180864583 44.4689067673086 0 1717 0
"1718" 163.165701134815 48.4733387787581 0 1718 0
"1719" 100.233154809209 163.030101741974 0 1719 0
"1720" 177.344183262847 120.252741838474 0 1720 0
"1721" 91.1359117607777 130.926475444124 0 1721 0
"1722" 49.1831867384234 41.8187094447069 0 1722 0
"1723" 41.1036048559083 90.8459683813546 0 1723 0
"1724" 100.94174513256 76.7616788107657 0 1724 0
"1725" 106.375788545088 97.1329414151569 0 1725 0
"1726" 138.878274864695 99.4760486134842 0 1726 0
"1727" 132.119658238221 74.1021188489276 0 1727 0
"1728" 55.5860251042492 84.7815317081245 0 1728 0
"1729" 142.579463485195 40.5360283638647 0 1729 0
"1730" 149.598942451309 107.922576549657 0 1730 0
"1731" 171.106397828932 179.508787892736 0 1731 0
"1732" 134.674759645798 103.733314044445 0 1732 0
"1733" 158.860348715551 186.122727469738 0 1733 0
"1734" 66.3773428080846 157.856993508551 0 1734 0
"1735" 129.83671772767 48.8823769133016 0 1735 0
"1736" 130.117734761318 78.1608649737993 0 1736 0
"1737" 40.5672686748475 66.7114838068271 0 1737 0
"1738" 112.338489793717 110.331401289848 0 1738 0
"1739" 117.092557760448 102.532032424428 0 1739 0
"1740" 176.21592886997 110.204279108867 0 1740 0
"1741" 68.7460813464029 122.120831085661 0 1741 0
"1742" 58.1065965078354 29.7641354309234 0 1742 0
"1743" 108.497540974147 154.48363839556 0 1743 0
"1744" 52.9040465460003 155.855393687721 0 1744 0
"1745" 43.7429130885318 125.917994802127 0 1745 0
"1746" 68.3612081325368 162.611312295503 0 1746 0
"1747" 98.139956814624 12.5753897306135 0 1747 0
"1748" 167.226232272352 135.770592788828 0 1748 0
"1749" 35.9412519175358 105.135572992533 0 1749 0
"1750" 50.661567794322 92.7450036979292 0 1750 0
"1751" 83.9005449703902 140.069490088779 0 1751 0
"1752" 186.447459533613 161.733510951168 0 1752 0
"1753" 168.662624203297 113.756196662717 0 1753 0
"1754" 148.008578203854 98.6541888541621 0 1754 0
"1755" 67.6828141989605 127.843195567564 0 1755 0
"1756" 103.00435832554 111.382701862147 0 1756 0
"1757" 105.040457631856 61.1449777334545 0 1757 0
"1758" 136.647854601673 104.642045591452 0 1758 0
"1759" 76.4525753598103 121.850672821006 0 1759 0
"1760" 89.1711913199048 23.4826573907163 0 1760 0
"1761" 105.987508837681 183.934710483678 0 1761 0
"1762" 148.746865912791 70.6862916316768 0 1762 0
"1763" 123.383238354894 89.6972314681941 0 1763 0
"1764" 115.897948630453 92.5363083052944 0 1764 0
"1765" 124.074992433741 137.785814616933 0 1765 0
"1766" 134.083379313291 24.8406481224435 0 1766 0
"1767" 45.7006665500984 75.8118755516143 0 1767 0
"1768" 47.0523379463792 15.0329341454817 0 1768 0
"1769" 173.90484465886 65.4482167435112 0 1769 0
"1770" 39.8208653795604 50.6330991653869 0 1770 0
"1771" 91.0335921092529 163.789464655238 0 1771 0
"1772" 153.435731670895 50.9209109016362 0 1772 0
"1773" 149.111387907802 174.196272519952 0 1773 0
"1774" 179.419306250297 108.129970748052 0 1774 0
"1775" 178.292012951405 28.4355086716754 0 1775 0
"1776" 88.2705279341948 95.2518790887184 0 1776 0
"1777" 153.39639740358 37.4087741554695 0 1777 0
"1778" 161.938051245916 31.9650629360457 0 1778 0
"1779" 85.19337904434 30.5044403180409 0 1779 0
"1780" 47.0947059057814 37.8731218852348 0 1780 0
"1781" 134.401665557395 108.949302465786 0 1781 0
"1782" 178.463102197562 28.2473813218767 0 1782 0
"1783" 186.716436856304 90.9989048004382 0 1783 0
"1784" 89.4089987911947 137.091036691803 0 1784 0
"1785" 86.6611755102349 16.9297725196517 0 1785 0
"1786" 125.932634508886 64.1146905900457 0 1786 0
"1787" 147.539515622924 22.6403584180388 0 1787 0
"1788" 54.9833926307195 152.350046631137 0 1788 0
"1789" 40.1549878990651 172.4056459338 0 1789 0
"1790" 112.855033185124 20.8142690651977 0 1790 0
"1791" 59.0955403860884 102.609319315234 0 1791 0
"1792" 178.995727595841 174.556266845504 0 1792 0
"1793" 115.994233174331 140.831766790252 0 1793 0
"1794" 136.892932474267 24.5052418058298 0 1794 0
"1795" 135.084774013478 12.9706005796852 0 1795 0
"1796" 110.825651582256 79.2476601286415 0 1796 0
"1797" 60.4154494907509 118.732161790579 0 1797 0
"1798" 178.727942355473 101.749656634264 0 1798 0
"1799" 92.4183719848187 81.1291601291314 0 1799 0
"1800" 157.635385282108 84.8743349683013 0 1800 0
"1801" 85.8728499431323 69.6816224683429 0 1801 0
"1802" 176.04808141656 164.938615710257 0 1802 0
"1803" 80.6004458802045 148.102057252484 0 1803 0
"1804" 87.6177656747209 12.930823715095 0 1804 0
"1805" 114.945082295102 63.9600145608504 0 1805 0
"1806" 162.680969166239 90.6311960370002 0 1806 0
"1807" 78.8083878646331 96.5188326698548 0 1807 0
"1808" 139.42876796128 169.794945438577 0 1808 0
"1809" 69.2420466405948 22.8368555628579 0 1809 0
"1810" 33.2717391505927 167.267888740668 0 1810 0
"1811" 42.0252407082469 136.798178062708 0 1811 0
"1812" 147.962309950181 130.80276666741 0 1812 0
"1813" 72.1133573956628 156.400895624236 0 1813 0
"1814" 89.8169411263645 31.6581800269437 0 1814 0
"1815" 37.9513662047099 174.613969470996 0 1815 0
"1816" 121.037000327997 177.239580886484 0 1816 0
"1817" 44.4157420733888 172.610724127612 0 1817 0
"1818" 33.8096198163607 10.22543787885 0 1818 0
"1819" 170.519587717205 22.3599312980716 0 1819 0
"1820" 63.8887173254354 169.419594193835 0 1820 0
"1821" 135.488581144591 37.4378057923976 0 1821 0
"1822" 114.46333100366 158.84630327996 0 1822 0
"1823" 68.7994516430824 48.908302712954 0 1823 0
"1824" 176.488763765779 92.8802595689736 0 1824 0
"1825" 134.896032484683 29.8623999730782 0 1825 0
"1826" 34.3400284279305 169.903099023986 0 1826 0
"1827" 153.016051500811 82.1439144235846 0 1827 0
"1828" 85.9025232721455 42.5415982015549 0 1828 0
"1829" 36.5010903890201 186.209638944816 0 1829 0
"1830" 92.1775576305675 147.545723625015 0 1830 0
"1831" 110.251181737811 16.5740551185551 0 1831 0
"1832" 37.1108359534801 25.3487359336385 0 1832 0
"1833" 57.5232960538829 58.6792037688388 0 1833 0
"1834" 109.772805719154 83.7998887744581 0 1834 0
"1835" 91.4388170698615 68.0149568366374 0 1835 0
"1836" 115.942489825874 141.870744694966 0 1836 0
"1837" 35.6562552934247 117.199605464024 0 1837 0
"1838" 127.49615486479 45.6254050591031 0 1838 0
"1839" 35.7639849210815 171.894142410452 0 1839 0
"1840" 56.0202664383022 97.4636201926186 0 1840 0
"1841" 74.2348648473741 172.965229476556 0 1841 0
"1842" 70.3789129845762 55.7282578150888 0 1842 0
"1843" 129.300690398304 157.687188793583 0 1843 0
"1844" 64.3179673355794 53.5565501632217 0 1844 0
"1845" 130.489219437125 20.8181873606892 0 1845 0
"1846" 91.6131323475625 149.403440780215 0 1846 0
"1847" 166.055944638237 36.2937542582616 0 1847 0
"1848" 138.409679916374 155.617199476139 0 1848 0
"1849" 102.397183609248 55.5173597515472 0 1849 0
"1850" 34.1118127040179 56.7615736929741 0 1850 0
"1851" 117.191393696082 125.628806535652 0 1851 0
"1852" 111.373426286212 143.254698070093 0 1852 0
"1853" 171.629428463336 166.449895308195 0 1853 0
"1854" 102.024485471688 166.171840983286 0 1854 0
"1855" 189.491867429057 96.9172063527382 0 1855 0
"1856" 78.4134813257816 113.907525804211 0 1856 0
"1857" 191.33998913471 174.829588562155 0 1857 0
"1858" 104.851804674985 134.61129313583 0 1858 0
"1859" 104.160162885278 38.0937616582506 0 1859 0
"1860" 66.9054782621372 82.3882231312428 0 1860 0
"1861" 117.196976856909 129.633727241914 0 1861 0
"1862" 97.2781137226671 23.2093894148338 0 1862 0
"1863" 77.5267334603396 108.610811206505 0 1863 0
"1864" 73.4500349113293 124.346225353294 0 1864 0
"1865" 50.96017055912 102.379245276099 0 1865 0
"1866" 108.604238620115 118.043586844216 0 1866 0
"1867" 138.908839719706 28.4802624919297 0 1867 0
"1868" 106.657486515464 104.719036413484 0 1868 0
"1869" 193.217947625864 60.3971425447657 0 1869 0
"1870" 61.6644893673148 169.585962219617 0 1870 0
"1871" 178.843974328416 161.758144952973 0 1871 0
"1872" 191.45169156571 104.088522680365 0 1872 0
"1873" 117.236271042505 22.3622400905116 0 1873 0
"1874" 36.5061147435828 154.333756957841 0 1874 0
"1875" 70.7487387749877 107.041535675521 0 1875 0
"1876" 32.7315511654671 151.28041612944 0 1876 0
"1877" 48.0649649164075 120.155647435617 0 1877 0
"1878" 35.710572845904 58.6962743756386 0 1878 0
"1879" 155.023359916912 67.9454086989419 0 1879 0
"1880" 161.381087685604 137.453848162848 0 1880 0
"1881" 55.9292998296591 164.346099255739 0 1881 0
"1882" 117.557853640265 174.705560802658 0 1882 0
"1883" 175.616214443534 75.755800315288 0 1883 0
"1884" 97.5716551053889 21.5300928067306 0 1884 0
"1885" 190.801451928141 103.5288330985 0 1885 0
"1886" 96.522321124728 40.5942730128152 0 1886 0
"1887" 65.9288383777758 121.701713424864 0 1887 0
"1888" 153.192080300229 96.9240240533657 0 1888 0
"1889" 52.4198791150337 26.4076251640493 0 1889 0
"1890" 107.975190145284 179.827466653285 0 1890 0
"1891" 124.31921060439 129.860584376771 0 1891 0
"1892" 186.270172892215 181.970061686161 0 1892 0
"1893" 185.013987685898 55.4816206155372 0 1893 0
"1894" 75.9082196301554 76.8938773101356 0 1894 0
"1895" 125.46664920844 129.017016520254 0 1895 0
"1896" 73.6916389847697 130.492860922496 0 1896 0
"1897" 171.702793692745 112.72513797954 0 1897 0
"1898" 104.825427925865 22.699298853337 0 1898 0
"1899" 145.262317091822 146.311578371022 0 1899 0
"1900" 113.059510992409 145.162999671673 0 1900 0
"1901" 132.483660980799 105.412781065185 0 1901 0
"1902" 122.407777921269 38.7314553888501 0 1902 0
"1903" 188.180996770617 164.824257003045 0 1903 0
"1904" 188.820283277533 82.0170643670636 0 1904 0
"1905" 44.380760122578 54.585795796065 0 1905 0
"1906" 103.773790811237 47.0254593580966 0 1906 0
"1907" 46.724871782294 64.2572381025454 0 1907 0
"1908" 122.079381997073 184.266377036249 0 1908 0
"1909" 165.166462845201 58.9518568580124 0 1909 0
"1910" 68.9243055908068 13.8172817741062 0 1910 0
"1911" 137.935521225934 71.9994791296669 0 1911 0
"1912" 174.081378985645 122.21665240103 0 1912 0
"1913" 75.8300643903758 156.952767572752 0 1913 0
"1914" 192.566235974954 61.2519750268794 0 1914 0
"1915" 147.186245014811 161.370227517483 0 1915 0
"1916" 66.6241003799104 136.599787380039 0 1916 0
"1917" 148.313745773356 120.238817580587 0 1917 0
"1918" 174.269557032604 92.1515867970499 0 1918 0
"1919" 49.5791815166523 121.04125116477 0 1919 0
"1920" 125.94984547786 86.6663110082332 0 1920 0
"1921" 115.469250300096 172.076449478399 0 1921 0
"1922" 92.4680747100517 79.7629658113716 0 1922 0
"1923" 135.465325151233 137.417558513657 0 1923 0
"1924" 140.736445995891 129.014433666379 0 1924 0
"1925" 131.77786834627 137.479952411525 0 1925 0
"1926" 72.1574893277115 180.534198272764 0 1926 0
"1927" 50.5508155225015 81.2549215229647 0 1927 0
"1928" 68.7662335517995 44.8517062188287 0 1928 0
"1929" 48.5392180986492 38.5625962476518 0 1929 0
"1930" 36.2169917009656 32.4168739418197 0 1930 0
"1931" 178.284038876519 167.040697539345 0 1931 0
"1932" 78.0462503269918 47.9567135623387 0 1932 0
"1933" 38.3889724046303 68.227517113693 0 1933 0
"1934" 87.9876660480466 149.931749132589 0 1934 0
"1935" 175.188415406658 27.8985615319523 0 1935 0
"1936" 41.2015642349159 158.325287475711 0 1936 0
"1937" 113.629988011506 96.4528178640617 0 1937 0
"1938" 172.172597540365 86.6009260904065 0 1938 0
"1939" 135.030841479268 124.91312666607 0 1939 0
"1940" 72.9732267552401 41.2066503492425 0 1940 0
"1941" 119.644420881957 93.560538861146 0 1941 0
"1942" 126.538734145273 66.0094270572502 0 1942 0
"1943" 153.330106314571 74.0307590621145 0 1943 0
"1944" 150.157486015593 96.2116921430036 0 1944 0
"1945" 57.4696109856319 65.8890251923598 0 1945 0
"1946" 167.51253711396 166.042527670827 0 1946 0
"1947" 153.626375818128 72.4900172417034 0 1947 0
"1948" 131.640009898394 124.32208791784 0 1948 0
"1949" 141.407420626279 184.505215601297 0 1949 0
"1950" 88.4202659546864 14.1087308207544 0 1950 0
"1951" 166.477443266464 36.5779916564238 0 1951 0
"1952" 138.477392680915 124.387672508999 0 1952 0
"1953" 154.684140948542 116.478331073273 0 1953 0
"1954" 118.979052149249 119.62676227665 0 1954 0
"1955" 143.664295690308 183.179898226607 0 1955 0
"1956" 84.3939757275089 72.080875046239 0 1956 0
"1957" 98.7057381266206 118.357118566162 0 1957 0
"1958" 38.5278551044183 14.8421674810309 0 1958 0
"1959" 36.7459255466393 171.765693813337 0 1959 0
"1960" 55.3090271394831 35.3400039374711 0 1960 0
"1961" 141.881840130682 87.5629529841171 0 1961 0
"1962" 85.2205277530175 17.1333904811668 0 1962 0
"1963" 33.2220631590737 52.2943111393799 0 1963 0
"1964" 177.247837634883 105.688085832684 0 1964 0
"1965" 88.0731225705287 73.9917305706977 0 1965 0
"1966" 185.174894629771 184.408247555186 0 1966 0
"1967" 113.600738123407 160.121444003443 0 1967 0
"1968" 143.927644491583 120.220412933388 0 1968 0
"1969" 104.211375066135 26.9321721159517 0 1969 0
"1970" 117.508912505377 101.165768128274 0 1970 0
"1971" 45.2369128926155 26.7046459414945 0 1971 0
"1972" 117.939787880082 30.3664814594245 0 1972 0
"1973" 86.9527226860965 51.6686912368257 0 1973 0
"1974" 50.6351989258027 179.978441287039 0 1974 0
"1975" 135.521256379344 115.899451915772 0 1975 0
"1976" 151.43063208549 141.607873538418 0 1976 0
"1977" 55.6722799052336 12.5667550232765 0 1977 0
"1978" 64.6369503153203 95.7149010617453 0 1978 0
"1979" 90.03682694174 72.8545751228808 0 1979 0
"1980" 119.902819685347 150.738727809311 0 1980 0
"1981" 87.5514362761859 174.901974204193 0 1981 0
"1982" 146.489468617537 186.322612961779 0 1982 0
"1983" 145.67459881026 86.6283000471678 0 1983 0
"1984" 106.255648026389 103.499887389105 0 1984 0
"1985" 171.350792841779 142.15015370761 0 1985 0
"1986" 159.819534350371 11.4654318923576 0 1986 0
"1987" 83.8016763811645 39.2488571676191 0 1987 0
"1988" 192.650313995534 109.652335368619 0 1988 0
"1989" 189.344319536974 88.0444521378965 0 1989 0
"1990" 150.913933570671 147.478244836611 0 1990 0
"1991" 174.070920937734 65.2482748731184 0 1991 0
"1992" 87.2283145857095 127.635560277531 0 1992 0
"1993" 176.224456359129 65.2589067671041 0 1993 0
"1994" 177.23863535511 158.239965515745 0 1994 0
"1995" 165.215243653218 169.758944604806 0 1995 0
"1996" 171.494703063453 39.3612194300033 0 1996 0
"1997" 149.572298930642 72.1998215418776 0 1997 0
"1998" 77.677309765639 24.6781622490128 0 1998 0
"1999" 128.484868395711 22.8298531901565 0 1999 0
"2000" 62.0645196166334 120.152602427616 0 2000 0
