"V1" "V2" "V3"
"1" 149.598942451309 107.922576549657 2
"2" 106.489141216788 180.902849447946 3
"3" 164.151130830548 84.6376881941279 3
"4" 84.0609966872155 161.013388470155 4
"5" 107.279548983752 180.615237512334 4
"6" 106.167982174333 181.813853262575 4
"7" 107.487948736464 182.12317310742 4
"8" 109.462133663175 180.762745683964 4
"9" 105.928768409066 181.051794800912 4
"10" 106.728645176253 181.059948859956 4
"11" 105.090299789473 184.065561498693 4
"12" 106.510692800204 181.00540012991 4
"13" 105.959569834307 183.808919854244 4
"14" 108.058261762933 180.845689767719 4
"15" 105.987508837681 183.934710483678 4
"16" 154.684140948542 116.478331073273 4
"17" 86.0734224036877 162.409431143757 5
"18" 84.3859724242861 161.169315532037 5
"19" 83.329307433408 164.254618362864 5
"20" 87.6968032635721 158.704851446714 5
"21" 84.4858824826052 161.125878045787 5
"22" 84.1376743120426 161.335132282616 5
"23" 88.2471403878518 162.038674388216 5
"24" 80.4837255889912 161.43274590617 5
"25" 84.5829709496263 160.412540486555 5
"26" 86.3088788195933 160.598814287189 5
"27" 82.1891645088303 152.945305595768 5
"28" 83.0796267829523 162.257590708892 5
"29" 104.532736441335 18.3801711297153 5
"30" 108.075509553698 181.022005718087 5
"31" 106.413872722949 182.174449552248 5
"32" 106.09949947102 182.764401663165 5
"33" 105.842624121301 181.935115789223 5
"34" 105.090092227833 181.058975056148 5
"35" 104.113997500841 180.965665052433 5
"36" 106.162948616148 181.609064776352 5
"37" 104.768540066459 181.650238806967 5
"38" 107.408048171345 181.032063452226 5
"39" 114.230085391343 181.724698041304 5
"40" 106.083864736244 184.024596332535 5
"41" 106.48809115712 180.664781125343 5
"42" 112.838255238895 182.827161374184 5
"43" 102.8791653463 185.307603835652 5
"44" 110.406529797809 184.562609468416 5
"45" 104.598253861231 181.862998291717 5
"46" 106.709065659442 182.626617076071 5
"47" 108.110102075631 180.993184779829 5
"48" 106.314146404594 182.742487088041 5
"49" 104.611658319705 182.827116901143 5
"50" 107.792938409463 182.493500743934 5
"51" 107.393420548041 181.518176661154 5
"52" 105.676017342874 182.903079379144 5
"53" 107.651558747073 182.420803635766 5
"54" 34.2005076256866 116.456063437416 5
"55" 66.3773428080846 157.856993508551 5
"56" 177.23863535511 158.239965515745 5
"57" 85.5159958599099 161.146073376489 6
"58" 87.697515448616 162.543543463389 6
"59" 84.7112487521155 162.090314903136 6
"60" 86.8492467254376 158.066576861974 6
"61" 86.3221407535909 163.316330934068 6
"62" 80.2757573971882 160.703821745033 6
"63" 81.3903975424403 154.357965904166 6
"64" 77.9029657767542 155.813287708225 6
"65" 86.1910256717051 160.653498030543 6
"66" 91.5023013530742 166.814315632616 6
"67" 88.138488993522 162.970625867826 6
"68" 84.1627105028323 155.167685998663 6
"69" 78.3719877601224 163.649567693073 6
"70" 83.4994833099826 163.329732271498 6
"71" 83.0926383513629 164.619277256231 6
"72" 88.0400992944796 163.251596366659 6
"73" 86.7872079435815 160.776291080192 6
"74" 83.1823641692721 153.157159256901 6
"75" 88.0269631041602 162.277611280692 6
"76" 79.1708877244906 160.480942197413 6
"77" 84.8239280579257 161.394318534737 6
"78" 83.6714626639262 162.458579503964 6
"79" 104.429689737634 18.5788606913386 6
"80" 104.686675036711 18.5980599992527 6
"81" 104.59117818523 18.9253588237715 6
"82" 104.618571373213 18.4039907054233 6
"83" 104.621381275459 18.4854094639067 6
"84" 104.64806792421 18.4884995528575 6
"85" 104.61893764571 19.1942912732895 6
"86" 104.566358693712 15.711201079959 6
"87" 104.510311481534 18.6195212425906 6
"88" 104.488836938472 19.4322351168548 6
"89" 104.395612032339 18.3204171425314 6
"90" 104.483796230725 17.0949010248964 6
"91" 104.3572657718 18.2727564110753 6
"92" 104.377386857037 19.32659168599 6
"93" 104.522975174709 18.7694179913117 6
"94" 104.351958569697 12.8447232998891 6
"95" 104.587508451323 18.192901638501 6
"96" 104.711286457395 18.7530994904918 6
"97" 104.452432751855 18.4492705185981 6
"98" 104.543978809785 17.9175966923119 6
"99" 104.502878056051 18.413217783074 6
"100" 104.461731374667 19.5743748003332 6
"101" 104.434310590049 21.3435883159921 6
"102" 104.464990507428 18.6340972753972 6
"103" 106.247383750011 181.529777183437 6
"104" 110.509503394208 184.183226811389 6
"105" 111.828524878786 182.384905363887 6
"106" 112.443504370204 183.459199715064 6
"107" 111.232315976954 182.723132245725 6
"108" 105.699451364544 181.907409297902 6
"109" 110.416256336758 180.739558404508 6
"110" 111.556401681354 183.126093255974 6
"111" 106.881698071335 182.784764951417 6
"112" 106.265514609602 181.257404432432 6
"113" 106.343056446763 182.617272193894 6
"114" 107.075285801796 180.980790955463 6
"115" 106.526539354441 183.333623046399 6
"116" 106.291902956528 182.863092354722 6
"117" 106.750178975868 182.898021717954 6
"118" 105.370475533024 183.283652023598 6
"119" 107.380879655767 181.544819447877 6
"120" 111.930688068867 181.533974261517 6
"121" 103.882216938908 184.62728350615 6
"122" 109.103646552239 182.976846294534 6
"123" 104.812810233148 184.725226696435 6
"124" 108.824388027898 184.877999285729 6
"125" 105.650549849333 182.841990265414 6
"126" 111.839190125222 182.616534259703 6
"127" 105.964444146847 182.704627870159 6
"128" 106.286678760417 182.092681591704 6
"129" 114.631423732112 182.270130814457 6
"130" 106.430386376745 182.37846029097 6
"131" 108.341158638659 183.077081134122 6
"132" 110.907630389828 182.213924702102 6
"133" 104.385321784396 184.347649616333 6
"134" 106.295526516615 182.949648572827 6
"135" 108.065721800695 182.335261474218 6
"136" 111.956372384843 183.862317772622 6
"137" 107.737076283669 182.704884198837 6
"138" 106.165766097798 183.679492338109 6
"139" 106.326225573632 182.521132211395 6
"140" 106.084149082444 184.116500849467 6
"141" 103.681506496939 182.354898530566 6
"142" 108.962840532893 182.527468137262 6
"143" 106.765566461546 182.862995773838 6
"144" 112.954957594637 182.884329145003 6
"145" 91.5783155734574 164.699539729346 7
"146" 80.6513070762829 163.465721497349 7
"147" 85.2542289445631 161.902917288569 7
"148" 78.2986696580211 163.136740898042 7
"149" 83.6778903233352 163.360378312421 7
"150" 83.5591058259944 163.130617605018 7
"151" 87.8725679867973 159.579481398704 7
"152" 78.7193229375662 156.38294968077 7
"153" 84.3472313873341 160.105021123834 7
"154" 79.8581184857643 163.359919610752 7
"155" 87.8015359730932 163.60697392897 7
"156" 85.3831558124141 163.703865689281 7
"157" 86.8536769218258 162.012938661079 7
"158" 84.8914148823234 165.019545511724 7
"159" 78.4647754074881 163.521097410247 7
"160" 82.8436380850399 160.344359672225 7
"161" 82.4704567133297 166.230867438653 7
"162" 78.3655488509296 155.39534758914 7
"163" 84.0601019892819 163.067597451121 7
"164" 87.8320034589521 165.365792282068 7
"165" 87.1542133541531 158.57355257735 7
"166" 85.9218915448436 163.816622359385 7
"167" 83.3871714309629 163.667098159222 7
"168" 80.2679530177341 160.621619787954 7
"169" 83.1795278047696 164.441563284 7
"170" 84.6074925799762 162.029733086869 7
"171" 81.3344512503728 159.665404360804 7
"172" 84.4197926831722 153.273454524211 7
"173" 85.891938956129 162.960342121803 7
"174" 78.1292989640612 164.378965827317 7
"175" 79.6075330912813 160.883057102006 7
"176" 77.2194287602704 166.273200481153 7
"177" 80.2469591253127 161.10976211189 7
"178" 87.164717670283 162.539174271375 7
"179" 92.4782966863952 168.023427214668 7
"180" 104.471822964758 13.0443298658374 7
"181" 104.548827019263 18.7599131700581 7
"182" 104.629768210394 20.4335059665806 7
"183" 104.47472329571 18.6870024871254 7
"184" 104.575636866451 16.9080358846716 7
"185" 104.520587870758 17.6821121269415 7
"186" 104.664570168658 22.2314595818976 7
"187" 104.487193644273 17.6143576243941 7
"188" 104.42471185956 18.7708682254166 7
"189" 104.653005948424 15.5396987034339 7
"190" 104.522814225515 19.4299232760927 7
"191" 104.582948684839 19.253154827015 7
"192" 104.641326353774 21.0947886744551 7
"193" 104.329631379207 17.0251718260997 7
"194" 104.573897664784 18.6712207524451 7
"195" 104.500894771067 22.1204947319861 7
"196" 104.50878615987 15.9163251572815 7
"197" 104.57042516257 20.879977155592 7
"198" 104.652104706956 20.3896455717342 7
"199" 104.571937904494 17.9583065400793 7
"200" 104.421380280625 21.6478839156012 7
"201" 104.572500068078 18.9102591859522 7
"202" 104.431289525567 19.4053962715116 7
"203" 104.392116366439 15.8537788375302 7
"204" 104.544994977934 19.3618653407628 7
"205" 104.479116358329 18.795100625192 7
"206" 104.563122265909 14.5003613519108 7
"207" 104.463049967106 21.2473309680255 7
"208" 104.720288054795 19.1853186305363 7
"209" 104.403906710448 16.8584075305444 7
"210" 104.526017679315 17.7057320815204 7
"211" 104.513493657086 18.1253605408579 7
"212" 104.577875862345 17.972251990427 7
"213" 104.368931480948 18.8994053920051 7
"214" 104.53291640144 21.7589118646634 7
"215" 104.441134442345 19.0525501797911 7
"216" 104.6538569252 17.6240934817846 7
"217" 104.449550031781 11.6630103445158 7
"218" 104.614763131089 21.5465037248705 7
"219" 104.477612076777 15.1156295730761 7
"220" 104.609502493577 19.3681364572396 7
"221" 104.442551102419 18.5010144925897 7
"222" 104.56426264254 17.0871210921004 7
"223" 104.479370910523 15.5140482201933 7
"224" 104.53004285913 21.9285729637573 7
"225" 104.440065667223 17.7961580665984 7
"226" 104.452686468471 19.0095144013008 7
"227" 104.548359820431 19.3605611576815 7
"228" 104.41011308099 19.5371009946913 7
"229" 104.396402126469 18.5390186553374 7
"230" 104.576709900127 18.0456464693557 7
"231" 104.558390712426 19.2825934634908 7
"232" 104.598448411393 15.4049264220211 7
"233" 104.610816831846 17.9170770608727 7
"234" 104.562376282449 17.1045731650265 7
"235" 104.510750555818 19.6675538650778 7
"236" 104.546175764593 19.5828077634796 7
"237" 104.682996807479 15.5438080967184 7
"238" 104.394253456803 15.7845365695782 7
"239" 104.601079056763 21.4930692121999 7
"240" 104.505175971005 21.1095119144835 7
"241" 104.692029289319 19.4404158614146 7
"242" 104.49808730499 21.4089193882332 7
"243" 104.483189723007 21.425109932191 7
"244" 104.384163191014 13.185913566895 7
"245" 104.592894299229 18.7068933819902 7
"246" 104.583236027629 19.2804608176922 7
"247" 104.515401894225 17.7174274798163 7
"248" 104.484553695549 19.2193496184562 7
"249" 104.542405561673 15.8570622673035 7
"250" 104.675551373274 19.7818786035133 7
"251" 109.025233552147 182.322548533999 7
"252" 105.687084086184 182.146126413245 7
"253" 103.598404974947 185.000434784959 7
"254" 103.580193136276 182.444461647663 7
"255" 111.084871962341 182.436157645578 7
"256" 112.4163616816 183.185539519225 7
"257" 108.767298996253 184.639519622195 7
"258" 108.212838105399 183.700738815215 7
"259" 104.427207394943 183.479960041898 7
"260" 110.612028314535 182.538918930266 7
"261" 108.978073700406 182.840139090134 7
"262" 117.202281251831 183.475440214052 7
"263" 109.232704121698 181.813524509808 7
"264" 112.300660034526 183.006507641543 7
"265" 110.082136218504 180.81461861966 7
"266" 111.253285426627 182.530702886264 7
"267" 108.079369363731 183.004908269897 7
"268" 109.525371230945 184.051797974515 7
"269" 103.622230231684 182.93307682662 7
"270" 105.410898194242 183.255852909172 7
"271" 108.893416903986 182.001454330717 7
"272" 110.164688310676 183.82339182077 7
"273" 104.489879465074 184.032469692046 7
"274" 103.57317590371 182.152340324668 7
"275" 108.867391377401 185.212801240779 7
"276" 106.036117185799 183.640640734021 7
"277" 106.228993830802 183.0401852154 7
"278" 109.398419866896 182.832672681183 7
"279" 105.448166737106 182.62642891781 7
"280" 111.387785615625 182.787573321146 7
"281" 112.155738079914 183.781281936861 7
"282" 106.609098318575 183.147819246687 7
"283" 110.196785258716 185.67953691104 7
"284" 106.563003361004 182.083925148929 7
"285" 104.479744715416 182.988466074553 7
"286" 102.715997622146 183.10990516525 7
"287" 111.665552540012 181.855119397829 7
"288" 111.436920785011 182.917642956341 7
"289" 111.838532450672 182.604511162377 7
"290" 112.445941675587 183.358987903333 7
"291" 106.593185683617 182.367088315932 7
"292" 110.719339367945 182.920042544831 7
"293" 104.421080930954 181.040652780588 7
"294" 112.735834662314 183.972709968577 7
"295" 103.548765276089 182.573825338781 7
"296" 108.475430786082 182.280281512136 7
"297" 103.505867995528 185.072555520966 7
"298" 107.043657343818 183.259389062006 7
"299" 104.267628531649 14.8865691838563 7
"300" 32.7315511654671 151.28041612944 7
"301" 92.4680747100517 79.7629658113716 7
"302" 81.1596452870054 160.238096227242 8
"303" 88.728149719052 172.096949153639 8
"304" 77.2113357370202 165.850378497246 8
"305" 87.3279322946059 162.811496760695 8
"306" 83.1640382894157 164.994254612438 8
"307" 91.5489430597584 164.807570432442 8
"308" 85.8296113578647 161.323763786664 8
"309" 82.302724596424 164.404349597547 8
"310" 82.6003620373173 159.885599461666 8
"311" 88.1126607052705 163.674030297365 8
"312" 88.6281783864201 165.262868219668 8
"313" 87.3265117619452 164.944002818162 8
"314" 86.989296150109 159.971018181455 8
"315" 79.6754081833841 159.627976607674 8
"316" 82.9001008218715 164.51533797094 8
"317" 86.392145889849 156.780133909987 8
"318" 86.9894466593112 163.67196766916 8
"319" 86.0463590511065 160.265542820868 8
"320" 78.6343850074317 166.488679499193 8
"321" 81.892478465239 166.359423243241 8
"322" 83.8037716147683 163.532707573626 8
"323" 91.0796407660619 165.322201190641 8
"324" 85.4674221145281 163.479028066651 8
"325" 91.7882798202173 167.014820677581 8
"326" 85.2001242414206 165.100742605287 8
"327" 86.3610160018827 162.23946624505 8
"328" 87.7086940736743 161.751977069787 8
"329" 81.0687469072853 163.066691130308 8
"330" 79.2330877444063 163.830912430348 8
"331" 83.7964506987151 160.700266572347 8
"332" 80.7612086054655 163.141637030653 8
"333" 84.9984768442642 168.520821023097 8
"334" 87.9391889669525 165.179969305939 8
"335" 80.0085503985404 164.892881931253 8
"336" 93.3586963926297 168.720920132063 8
"337" 78.908329931382 161.911127927155 8
"338" 87.7828161793307 167.533868994808 8
"339" 78.1432596936114 164.846651711653 8
"340" 85.877160266073 169.307233120497 8
"341" 82.6676117142194 165.99474347257 8
"342" 86.0980252612569 168.711946703941 8
"343" 87.6169983534298 162.404483770288 8
"344" 82.3241947648437 159.802270686984 8
"345" 85.3457438062239 164.846101112591 8
"346" 83.8457403274728 162.98105488434 8
"347" 79.9313442424106 160.705088895774 8
"348" 79.4212432659379 160.94308179721 8
"349" 83.620887381632 157.847808407797 8
"350" 81.6753905028715 164.78421125232 8
"351" 81.4409617790527 166.392982658109 8
"352" 104.550034841297 21.5324766111903 8
"353" 104.563036871237 20.9840005317948 8
"354" 104.481266738129 14.0176891687239 8
"355" 104.509474289435 17.7017628601067 8
"356" 104.628834728376 19.844046558469 8
"357" 104.595842614483 14.4201273397852 8
"358" 104.649973872526 17.5987513303653 8
"359" 104.714153102888 17.2789603814432 8
"360" 104.535827377344 21.778954632797 8
"361" 104.755013272367 14.3280784555187 8
"362" 104.510504423964 20.8164538723695 8
"363" 104.58424796191 22.3119020695892 8
"364" 104.628244116017 16.0363321444567 8
"365" 104.662635070413 21.3904683446617 8
"366" 104.554583347601 15.1975764317881 8
"367" 104.699191388095 15.5065164348849 8
"368" 104.563649362059 22.6067336910752 8
"369" 104.610262140684 20.349072800192 8
"370" 104.593694913778 14.7095183250029 8
"371" 104.540449656007 21.0414383226002 8
"372" 104.604602509336 14.0347675492708 8
"373" 104.616181772641 22.1027227308987 8
"374" 104.372409225471 15.1486386217044 8
"375" 104.424168310941 20.6401796233363 8
"376" 104.539533316149 12.7287690085341 8
"377" 104.45429093267 17.8104468805793 8
"378" 104.643056453124 16.7914595789471 8
"379" 104.717457840961 20.763262511698 8
"380" 104.586667694159 20.1380554146764 8
"381" 104.455580169464 15.1270765695933 8
"382" 104.4941974087 21.5012330969239 8
"383" 104.446985240398 20.4943629947049 8
"384" 104.689101807669 19.9600261185626 8
"385" 104.588006571137 20.541969770639 8
"386" 104.481787471287 14.5005879349138 8
"387" 104.56011812886 22.5169108579705 8
"388" 104.678489289157 22.1724546863918 8
"389" 104.543084488249 20.4195529852246 8
"390" 104.495862289521 20.8101844198649 8
"391" 104.617968182592 19.3180773347066 8
"392" 104.55973050527 22.1478395642172 8
"393" 104.607375199257 20.4423014565382 8
"394" 104.55367209577 22.4595002147643 8
"395" 104.446761343315 11.8815397828573 8
"396" 104.424951597996 15.9898810833829 8
"397" 104.489005148615 19.8206672510658 8
"398" 104.622058306135 17.5224995104263 8
"399" 104.44609098641 22.8800469811689 8
"400" 104.458146483289 20.4788648511801 8
"401" 104.631701670716 21.8656239544945 8
"402" 104.493165879347 22.8756453725056 8
"403" 104.710643260602 13.8119676117727 8
"404" 104.526128678182 14.9465769017927 8
"405" 110.10862578371 184.721397257768 8
"406" 108.724085605826 184.617007394756 8
"407" 109.34133405216 183.520170991161 8
"408" 112.384144473775 183.266529634991 8
"409" 103.628322966649 183.091542164981 8
"410" 107.323865659549 183.176553702461 8
"411" 107.10551371614 183.449119321898 8
"412" 112.442144910885 185.175254543252 8
"413" 105.666647632365 183.933798704237 8
"414" 108.036073299021 182.574396269736 8
"415" 111.478551088943 181.359035186444 8
"416" 108.577378442309 182.342050178773 8
"417" 118.230035302525 184.222704866192 8
"418" 112.19118594508 183.073157915375 8
"419" 110.864780759273 182.884586930899 8
"420" 103.223844547293 182.505165781802 8
"421" 115.139973192231 181.20634081119 8
"422" 104.042201485028 181.644791686625 8
"423" 108.593167200312 182.288256624347 8
"424" 112.162756112063 182.35677131962 8
"425" 112.772071777723 183.58367051602 8
"426" 114.439614623846 181.577461264428 8
"427" 106.834537740783 182.356022100031 8
"428" 111.84696815132 183.03216119829 8
"429" 106.103049435967 182.293413253142 8
"430" 105.384289132708 183.036319375991 8
"431" 104.810853398202 183.595497175239 8
"432" 109.293151710183 182.35646798448 8
"433" 113.379892886595 181.587419818564 8
"434" 103.614308735341 183.166632333292 8
"435" 108.602432270744 182.184180067109 8
"436" 115.349724592321 182.990354862271 8
"437" 108.214240630267 184.007748601624 8
"438" 110.079933932646 182.508237081969 8
"439" 104.286960751413 184.841665123606 8
"440" 107.138366343783 181.389671538199 8
"441" 105.556657393404 182.45231208174 8
"442" 110.458516391406 183.911208574682 8
"443" 110.589330613942 182.435033477926 8
"444" 108.277012633228 184.056662860231 8
"445" 106.542936204879 183.786356774145 8
"446" 117.22795053848 183.965361870705 8
"447" 107.718665472998 181.828279599683 8
"448" 102.991506820364 184.478543679195 8
"449" 104.453271507546 183.479411991612 8
"450" 103.191611972258 181.541349627882 8
"451" 107.143663105872 183.176095701347 8
"452" 112.142489641095 182.622483023831 8
"453" 111.385951603998 182.006700844761 8
"454" 108.138723406646 182.995068349236 8
"455" 112.855033185124 20.8142690651977 8
"456" 104.825427925865 22.699298853337 8
"457" 148.313745773356 120.238817580587 8
"458" 138.477392680915 124.387672508999 8
"459" 83.6736031328364 159.149819656912 9
"460" 78.1630340609665 165.135764810214 9
"461" 82.5983995589406 159.343371832571 9
"462" 87.8477560044069 165.042402186696 9
"463" 87.1009845871016 163.806216291498 9
"464" 88.6408880865247 160.983292366211 9
"465" 85.1051291261859 164.594996673905 9
"466" 85.1718474250482 165.495490229275 9
"467" 84.5049701407549 157.315813451147 9
"468" 82.0083652395508 164.791437546908 9
"469" 83.3983838315107 163.053878257339 9
"470" 88.8624040507605 165.937586616679 9
"471" 87.2119218402711 169.907652614516 9
"472" 87.3635049065749 164.881794813435 9
"473" 79.3805758127127 166.390017185139 9
"474" 85.3522319845485 157.300648626817 9
"475" 80.1242022234052 160.158754769398 9
"476" 80.9007037460992 158.612750729739 9
"477" 80.1648919275732 165.045092354813 9
"478" 78.6965411942173 164.711957392125 9
"479" 83.2664900527103 167.097698213458 9
"480" 82.4700480009696 165.046367635678 9
"481" 80.1107629728447 164.7411727416 9
"482" 91.5834083510495 163.961905120685 9
"483" 83.087520741315 160.082478857744 9
"484" 86.7994025058491 163.955439125627 9
"485" 89.7667315331337 171.164835936723 9
"486" 83.1264976001648 166.642516462817 9
"487" 81.4986994147564 166.701421548582 9
"488" 83.7979739663876 164.548231387106 9
"489" 78.9705459711895 161.70938176471 9
"490" 79.6425675262494 159.822603481384 9
"491" 76.2562866331784 167.40229616071 9
"492" 79.2755916035088 162.245188402482 9
"493" 83.4353190103547 162.895121951846 9
"494" 82.3005588284267 162.538072342578 9
"495" 84.8255070740936 156.654987777827 9
"496" 78.6563422859559 161.020078978458 9
"497" 81.4265753052276 163.993503578799 9
"498" 81.2339593077874 163.346833312017 9
"499" 86.0947208994431 164.044458283974 9
"500" 83.1501168104772 165.078512437924 9
"501" 82.72996018322 163.187061344062 9
"502" 86.7670852943297 159.7266692664 9
"503" 84.5828831271255 166.86647819113 9
"504" 80.5986671554396 164.330094898176 9
"505" 87.9715069171133 161.907656991342 9
"506" 82.6916847985465 156.591808337925 9
"507" 87.2089049259666 163.255932640958 9
"508" 83.8637628100198 162.847649225103 9
"509" 82.832378819518 163.823599907429 9
"510" 89.7137277099056 160.739242768154 9
"511" 104.443574553518 22.5619627415293 9
"512" 104.536683840792 22.7762527946938 9
"513" 104.528571363408 13.9971544104324 9
"514" 104.660400043855 14.2222637632409 9
"515" 104.540658763997 17.3556690639722 9
"516" 104.70367578635 21.2618862009005 9
"517" 104.445706984045 22.4730465196031 9
"518" 104.568411183902 22.9808489729944 9
"519" 104.611183388452 20.0142066579598 9
"520" 104.348683006361 16.5177782004199 9
"521" 104.602820486121 11.3834992321535 9
"522" 104.539250807904 13.9463888038254 9
"523" 104.553152595467 22.8111824944534 9
"524" 104.486519137129 20.2851865663441 9
"525" 104.45514773176 19.9516036102803 9
"526" 104.44091792126 22.9025601105091 9
"527" 104.55916548786 16.1337252805295 9
"528" 104.536247709861 12.7567109159071 9
"529" 104.801373595626 19.9268070519471 9
"530" 114.807835650724 181.55044919173 9
"531" 112.034596894478 183.084587005327 9
"532" 109.434633232069 182.126944417269 9
"533" 111.395682521794 181.092104331032 9
"534" 111.705419118606 183.405000185158 9
"535" 103.469707639064 183.051439964608 9
"536" 103.879946720834 182.808997457258 9
"537" 110.801583793243 180.141324463608 9
"538" 107.238830643766 184.160360567761 9
"539" 108.493911903035 181.458894357895 9
"540" 108.96079547655 183.318524197537 9
"541" 104.753168933423 183.628022856742 9
"542" 117.627384165463 184.383256429494 9
"543" 105.82326200702 183.116842479178 9
"544" 112.860740007024 185.283248078664 9
"545" 113.479702644296 181.588293099897 9
"546" 106.283301296632 182.361643090187 9
"547" 102.637957542181 183.254934986455 9
"548" 112.731775635734 184.323482376929 9
"549" 110.055631647047 184.933177473766 9
"550" 108.79643135721 182.666122146485 9
"551" 113.293769226448 183.527957478279 9
"552" 110.320084017274 185.203098377256 9
"553" 109.270365797602 182.525687398065 9
"554" 118.163214116009 184.273656274116 9
"555" 103.319298156942 182.449942676438 9
"556" 108.311454001917 183.422986639174 9
"557" 108.631030835985 184.059930621259 9
"558" 109.124431607951 181.918269020608 9
"559" 114.599875107521 181.746873292892 9
"560" 109.395200651845 183.74686258831 9
"561" 109.091186327973 183.749720187519 9
"562" 109.33970817016 184.690474202836 9
"563" 113.652396662704 183.534919113124 9
"564" 111.673802555398 180.585650613645 9
"565" 110.407186117234 182.418712913238 9
"566" 104.870811222365 183.482662274227 9
"567" 108.913147819398 184.371370633488 9
"568" 101.893464708471 17.3437479224666 9
"569" 153.907934954181 103.916592402602 9
"570" 53.0592104923573 64.8355740414326 9
"571" 88.1762420410349 167.671057307026 10
"572" 89.0046387197796 164.577543244967 10
"573" 82.0994856723524 156.583298367475 10
"574" 79.6440295974923 167.614335899301 10
"575" 80.2465844327988 162.755655029155 10
"576" 83.2336706796929 163.286004630967 10
"577" 86.8006617724253 168.756929273223 10
"578" 88.1774226757739 167.075738149919 10
"579" 85.1704713269753 166.599518761194 10
"580" 79.9282191288848 164.384963840859 10
"581" 82.3280450624559 166.573948305853 10
"582" 81.3870530616584 163.232425591208 10
"583" 77.8879995110885 163.329886690338 10
"584" 83.5674495024813 167.76329844895 10
"585" 82.1556765840082 157.318958198353 10
"586" 80.1486662099441 164.492090066653 10
"587" 81.2019398497768 159.418796160466 10
"588" 85.5437710095108 158.703706888931 10
"589" 86.0124679229732 164.470970582849 10
"590" 82.0828405103786 164.718575809107 10
"591" 86.708672508461 170.300143595546 10
"592" 89.3033554158141 161.790988498704 10
"593" 76.1797744994394 166.208315836469 10
"594" 82.9788122694985 166.772366079078 10
"595" 86.1342532319128 156.398318110738 10
"596" 85.4510970553343 160.286752413015 10
"597" 84.6347049813961 156.070326249112 10
"598" 80.8044966005162 168.415146042334 10
"599" 79.6470965330414 164.470708345623 10
"600" 76.1069212022663 157.915128056267 10
"601" 84.2841200359509 163.952156447568 10
"602" 82.7790151423873 162.984316496543 10
"603" 79.453462761907 166.112259067665 10
"604" 82.914478773192 162.979322968059 10
"605" 84.7597348412535 162.756190804194 10
"606" 79.2340271303427 155.871385206878 10
"607" 84.0263630821614 159.098910748816 10
"608" 93.2316942244655 164.692342103112 10
"609" 85.6021333009988 169.611457227116 10
"610" 83.2967817323717 160.631357456028 10
"611" 86.9392857561298 164.793052147056 10
"612" 88.1560117062317 165.29096930398 10
"613" 82.437763384271 164.901245909047 10
"614" 82.6518024672898 158.969982717369 10
"615" 88.826240570266 163.596236081378 10
"616" 82.1833982241362 162.488454268952 10
"617" 82.4128371938603 165.291333182412 10
"618" 82.8596187911346 166.789751270222 10
"619" 85.4974875149857 162.974828193063 10
"620" 104.651074894421 22.8821387373784 10
"621" 104.210441799251 22.5213279450322 10
"622" 104.479151082657 16.3174686823926 10
"623" 104.498938343462 16.4316187462907 10
"624" 104.610300063648 16.2152523060477 10
"625" 104.542661806661 23.6370110212044 10
"626" 104.53674296087 23.2589420727752 10
"627" 104.465521556883 23.3233029493531 10
"628" 104.713076118512 15.2379903209978 10
"629" 104.466098749944 16.6054222450282 10
"630" 108.575999068988 183.982983416197 10
"631" 116.576147913003 183.453403814121 10
"632" 110.179068222301 182.220904373006 10
"633" 112.026513249736 185.600924246215 10
"634" 102.505595513991 182.163383595988 10
"635" 119.238579778877 184.487151970811 10
"636" 110.014875228462 182.309681247884 10
"637" 107.22254766256 184.354985764149 10
"638" 114.80425323047 182.917074202945 10
"639" 102.689623019174 184.030455590398 10
"640" 114.113704447812 183.487551026134 10
"641" 111.323904947758 182.263262252089 10
"642" 104.3499794846 182.472852767746 10
"643" 108.478329088113 181.396392307589 10
"644" 117.291100367452 184.544016599552 10
"645" 103.458107855625 183.284440896294 10
"646" 112.189308281979 182.196661816998 10
"647" 108.97111358656 183.796544410795 10
"648" 105.962431151001 183.085906672943 10
"649" 114.684330327961 183.164659853807 10
"650" 116.881457175775 183.739853914432 10
"651" 115.158235242233 181.977249530897 10
"652" 101.616781182738 182.941536085206 10
"653" 112.080827057669 184.344660664815 10
"654" 110.336420359462 181.835809293519 10
"655" 113.95238428456 183.763954740116 10
"656" 81.430567101617 154.528905967672 10
"657" 47.8832497919303 152.862565789073 10
"658" 53.4274941358475 89.0114867728191 10
"659" 90.7508588390403 159.707115164407 10
"660" 91.0335921092529 163.789464655238 10
"661" 92.1775576305675 147.545723625015 10
"662" 153.192080300229 96.9240240533657 10
"663" 103.773790811237 47.0254593580966 10
"664" 131.640009898394 124.32208791784 10
"665" 117.508912505377 101.165768128274 10
"666" 82.9664892612702 163.673722448281 11
"667" 79.2210732107817 165.955657034357 11
"668" 84.7042990666924 163.799325034973 11
"669" 76.5424816976919 163.229789416007 11
"670" 88.0472607216093 167.38954108229 11
"671" 79.3921349935447 164.543463414383 11
"672" 81.0808432413723 168.588419912443 11
"673" 82.2890145718886 163.192293755004 11
"674" 90.718614590065 159.532354684874 11
"675" 80.3219412932287 162.19900506804 11
"676" 85.4283421956891 160.489729001721 11
"677" 75.552703519414 159.454942686121 11
"678" 91.6806332425188 163.448500028994 11
"679" 85.3904280000498 166.711816829806 11
"680" 82.2927050709963 169.771223643335 11
"681" 79.5342943249109 170.85302008167 11
"682" 85.537874992099 164.689041630997 11
"683" 91.3501016606672 160.575236095869 11
"684" 79.6998369857877 164.375416811975 11
"685" 86.9509402209413 162.740925292468 11
"686" 84.03992223151 163.971693100517 11
"687" 86.8793787818834 164.889364782792 11
"688" 85.6877031197087 168.591475220133 11
"689" 84.9801871721742 166.004733886968 11
"690" 87.3981140034509 167.853838460333 11
"691" 78.8552523949723 159.869960680416 11
"692" 87.3705993588377 160.495573840247 11
"693" 85.5427573170525 164.51489120978 11
"694" 90.9923545226419 163.749178567706 11
"695" 82.9900343129832 168.354013698858 11
"696" 89.0184653481023 158.408007458497 11
"697" 83.8075626399134 167.998525061674 11
"698" 85.489659696176 162.938843351299 11
"699" 80.6858087142388 164.035138057945 11
"700" 81.6439355240395 166.173060817293 11
"701" 82.6731711635608 159.006361746313 11
"702" 84.8561211114783 156.097090161077 11
"703" 83.9433140484615 158.70368794235 11
"704" 85.6853736112291 165.007881595328 11
"705" 77.9516544376843 163.194804796092 11
"706" 86.115327041437 168.24427062555 11
"707" 82.6516345037411 159.083847036958 11
"708" 84.2678583509067 163.89290401289 11
"709" 82.4871271245668 166.52268679814 11
"710" 33.2728915898648 24.9442992024108 11
"711" 104.688676612989 24.0419185839833 11
"712" 104.446366553852 23.2928265643276 11
"713" 104.527508293707 25.5150697147965 11
"714" 104.753004790067 23.850448277165 11
"715" 104.569544534366 23.3872930581562 11
"716" 104.594726978918 23.7483349245961 11
"717" 104.409034356105 23.5893788261475 11
"718" 109.033601121754 181.74608191366 11
"719" 107.877322508703 184.461424013208 11
"720" 109.90158921486 182.142300313565 11
"721" 102.577255673613 183.015873091804 11
"722" 115.814975329355 182.103337723055 11
"723" 108.561636096675 181.96192588056 11
"724" 113.197956735115 181.817274609165 11
"725" 104.070091789965 182.018540740898 11
"726" 113.543335111154 182.055903050053 11
"727" 111.680168263986 182.529308548672 11
"728" 117.802629811577 184.169071720856 11
"729" 115.766101180082 181.751013462293 11
"730" 102.609499396757 182.135709095035 11
"731" 99.2074544458442 183.061677926386 11
"732" 108.822283542143 52.9255752238594 11
"733" 102.342887775555 17.1811336728899 11
"734" 84.4736094259565 163.790282182973 12
"735" 85.5611609757499 169.420535872291 12
"736" 88.9626455959007 158.271109373147 12
"737" 82.0346773765438 169.43402530009 12
"738" 81.1932539527446 167.782175846353 12
"739" 80.0144232669896 166.679835832615 12
"740" 81.3306544966164 162.972685190693 12
"741" 84.4497805021941 165.719938152385 12
"742" 78.2201754363891 158.403798746699 12
"743" 82.0922323812087 163.562734665234 12
"744" 83.8481107538036 155.812174373206 12
"745" 91.9398777850264 162.833065314857 12
"746" 86.7826860518485 164.952544162514 12
"747" 82.0757025629216 165.661863450844 12
"748" 80.4416065076503 166.199923519338 12
"749" 89.1473688785118 163.866364899757 12
"750" 85.5375135607602 164.632246627547 12
"751" 91.3640734752493 158.057129981403 12
"752" 87.2531772033509 168.694466952051 12
"753" 86.6433083314556 165.90189882585 12
"754" 80.331976535998 165.814567875069 12
"755" 81.8108565089587 159.678335816355 12
"756" 78.8234032004197 163.010673676271 12
"757" 86.0814890504202 166.691360795288 12
"758" 93.5234035093241 172.124703702307 12
"759" 85.3728189434191 159.637482281674 12
"760" 88.7314918768304 170.005205047493 12
"761" 82.0464753857057 165.81404679757 12
"762" 79.5070422242217 163.445205038944 12
"763" 87.075508993708 161.253284521247 12
"764" 93.6855784313674 168.514763023229 12
"765" 33.1640683007274 24.8927541732406 12
"766" 34.1523467341832 35.3152725418047 12
"767" 33.5027511523937 33.9168666099031 12
"768" 104.535060004656 26.0448693296721 12
"769" 104.566990180046 25.5877305309315 12
"770" 104.614409535747 24.0258707816877 12
"771" 105.519645992815 184.996579326968 12
"772" 98.6610136730256 182.531976470488 12
"773" 101.931120568261 182.627482769671 12
"774" 112.025118309487 184.636260545973 12
"775" 102.460289150339 183.619971748799 12
"776" 112.997422056892 183.639847390246 12
"777" 113.65187769371 182.264281977305 12
"778" 106.924747218329 183.699296579045 12
"779" 107.530044200564 184.421400660712 12
"780" 116.375778439416 182.818261069963 12
"781" 58.2255937737729 60.8855123981208 12
"782" 86.9840283930289 64.8258383489462 12
"783" 91.1359117607777 130.926475444124 12
"784" 127.49615486479 45.6254050591031 12
"785" 81.6061575828176 158.934844816094 13
"786" 82.5302298794494 157.229201237647 13
"787" 87.2448484556279 161.241314231259 13
"788" 84.298055242636 162.400356302958 13
"789" 77.7491941517569 162.967264721352 13
"790" 81.6357247889589 156.324403451326 13
"791" 79.0688357232573 169.935568518323 13
"792" 86.538787126012 171.105263519605 13
"793" 81.8347601599103 168.300624791452 13
"794" 88.0617453358445 157.53472833014 13
"795" 86.6603707661624 164.842470251968 13
"796" 84.3367356768577 163.577486183367 13
"797" 89.8113065019486 165.623854608243 13
"798" 91.7707291495155 162.3967295716 13
"799" 82.3156465385242 157.746273957482 13
"800" 77.7470988881856 164.214923615423 13
"801" 81.7863258014658 163.716238073631 13
"802" 84.889816636622 166.281054915906 13
"803" 83.5410883602549 166.510782098479 13
"804" 83.2265922375672 158.152443120405 13
"805" 80.5106051799297 162.300505350065 13
"806" 80.3292557018748 165.151039558008 13
"807" 86.7161712043575 164.984242053249 13
"808" 85.8556406155684 159.714739075333 13
"809" 81.9984296376252 165.310275003243 13
"810" 79.0105998136895 165.717142171592 13
"811" 91.9661090101854 159.401906473759 13
"812" 81.4127720179346 167.375033897278 13
"813" 88.9895125000145 161.392253118585 13
"814" 86.12643381795 166.893084048294 13
"815" 33.6866189630071 29.5434238259369 13
"816" 34.1544737915836 35.3891069992545 13
"817" 33.4875763135678 33.6248305527593 13
"818" 33.3552950641859 30.852533219323 13
"819" 33.2844789034072 36.3710133159375 13
"820" 33.1333579135657 32.4904308660632 13
"821" 33.5994409027554 33.8094600633956 13
"822" 33.5784079316617 35.4660155748795 13
"823" 33.1188952320491 33.8441386500976 13
"824" 33.7843536803597 34.5761595216729 13
"825" 33.3554725427761 31.688180206859 13
"826" 33.7362252895447 34.4825534277784 13
"827" 32.6927523569715 34.5117850065606 13
"828" 33.1459798234595 33.4328628779522 13
"829" 33.742841109058 33.0868978025369 13
"830" 33.4702655608277 33.953665264394 13
"831" 33.7479181476715 33.2865035063396 13
"832" 33.7159877960557 34.1173438105616 13
"833" 33.5159766661054 35.8639202162292 13
"834" 33.2960832808012 33.789603469276 13
"835" 104.579004641838 25.9251952226442 13
"836" 104.613946286413 13.2241885407524 13
"837" 104.337986172383 25.6024369035937 13
"838" 104.594398374457 25.7830737774335 13
"839" 104.635823066459 26.6910061062381 13
"840" 104.720161593181 26.1186012424148 13
"841" 101.886451393194 182.528300081992 13
"842" 96.250752981981 183.077636129208 13
"843" 105.351858465219 185.18350361034 13
"844" 112.149949269087 178.908872196966 13
"845" 110.37120542149 181.628291859187 13
"846" 161.381087685604 137.453848162848 13
"847" 82.4964761001042 162.083874398119 14
"848" 89.0434224826494 169.055398725968 14
"849" 81.0382003975613 164.341522429057 14
"850" 89.6362109938999 164.789308224175 14
"851" 76.7367911053418 166.549155893942 14
"852" 79.3530177210959 161.925437082771 14
"853" 95.3609758337761 163.249971501189 14
"854" 91.1859635192021 161.399026029913 14
"855" 85.9525549542476 157.965768013588 14
"856" 79.7633717403867 166.773113930593 14
"857" 84.6711103104428 166.059392786173 14
"858" 90.7462300105253 162.507082802268 14
"859" 88.4031216586532 157.716326085176 14
"860" 83.8548939488628 168.770715146891 14
"861" 91.2925720155357 159.998330554605 14
"862" 88.4241358038918 157.656299335887 14
"863" 81.5719411822381 161.851348573588 14
"864" 81.4097427437506 167.63305629404 14
"865" 84.1024051017086 163.637126161539 14
"866" 80.2655570479754 160.225595936642 14
"867" 78.8200379968355 164.240814138139 14
"868" 82.1931702703942 168.22326902836 14
"869" 76.1497966736709 163.613565557979 14
"870" 83.9391065008211 166.782039232308 14
"871" 86.4443176690591 164.968094909712 14
"872" 33.6729129370145 30.154084695881 14
"873" 33.5964330655112 35.6073013010791 14
"874" 33.9099982624404 30.1459414004069 14
"875" 33.1389263714736 32.4217187736554 14
"876" 33.7553229498565 33.0068160026798 14
"877" 33.4620262194726 31.5754744333163 14
"878" 33.4331797150154 31.8647922982048 14
"879" 33.6157734546638 34.0173082488814 14
"880" 33.6325309435126 28.9694588465055 14
"881" 33.4076550187233 30.3153929218879 14
"882" 32.7655165491252 33.2410042366068 14
"883" 33.6169395377705 34.1938522305827 14
"884" 33.0823823884498 33.9791707359679 14
"885" 33.9071780191883 35.1165057816446 14
"886" 33.2916889646068 31.6386010001184 14
"887" 33.3566314353419 40.5797497598989 14
"888" 32.9120928445121 33.3204167416002 14
"889" 33.7052839837888 33.247646595408 14
"890" 33.3426701333594 29.8231485751678 14
"891" 32.9852513315337 30.6664876564971 14
"892" 33.7379207139025 34.1280798074087 14
"893" 33.2659457108723 32.8082966052833 14
"894" 33.3229260998044 36.2015176895216 14
"895" 33.1946413755772 33.4766487308104 14
"896" 33.2574372515876 32.5220491192246 14
"897" 33.7426171540647 31.7237313380159 14
"898" 32.9135293653125 32.4886216579926 14
"899" 33.5246252759946 30.7587716407539 14
"900" 33.1732593041234 32.1293419787616 14
"901" 33.2161547780047 29.5865376974501 14
"902" 33.5336322159467 35.6414984108658 14
"903" 33.9279641348243 29.6876369263592 14
"904" 33.5325472364012 27.9241482083828 14
"905" 33.6477279900556 33.8989307921883 14
"906" 33.3634351655904 35.289015668677 14
"907" 33.315159240511 29.7791598279431 14
"908" 33.4284249908233 29.3637239451749 14
"909" 33.3898506893479 30.9734143625586 14
"910" 33.4901897326853 31.8819361782439 14
"911" 33.0715480735698 32.2871035894081 14
"912" 33.3546252565227 31.8436097767428 14
"913" 33.2076077966823 32.264264179545 14
"914" 33.7383027460632 33.1798748585645 14
"915" 33.0144078097573 33.5546766977731 14
"916" 34.049493071686 30.2285858886423 14
"917" 33.7908600822485 34.7832150168865 14
"918" 33.7621068882931 29.5473343766046 14
"919" 33.8872682110982 34.6371019293256 14
"920" 33.6661214848105 32.9786108785956 14
"921" 33.4753307242291 29.3350182109372 14
"922" 33.4951255949986 32.2755348159459 14
"923" 33.892779444331 31.2499625639791 14
"924" 33.9229380774873 29.542862764015 14
"925" 33.3605241537885 31.7216763945133 14
"926" 33.5221915302687 30.8879455474269 14
"927" 33.6824265317202 32.9244141726104 14
"928" 33.4477040081041 32.907716192064 14
"929" 33.6139800477916 29.5653144797925 14
"930" 33.443187800883 30.130166143073 14
"931" 33.5577877565887 35.447699144262 14
"932" 104.547728323702 26.7300460323046 14
"933" 104.489692363452 24.6866272623935 14
"934" 109.223902453085 184.3374552142 14
"935" 112.451568857237 180.160900555764 14
"936" 118.681747155253 183.635205425427 14
"937" 106.89544174782 182.094755648773 14
"938" 99.4236402332705 180.995167406237 14
"939" 107.707674467983 184.651670594309 14
"940" 107.171765388917 182.124754144108 14
"941" 111.416882356556 184.815139345442 14
"942" 96.8692141709444 183.175666837324 14
"943" 114.719174958806 185.986669730704 14
"944" 106.320218098895 183.569883265556 14
"945" 116.10314267918 181.763633547523 14
"946" 102.468654621578 183.204407025589 14
"947" 113.117663428103 182.965854604815 14
"948" 102.363053621866 183.37015110446 14
"949" 149.968396646867 134.557828200735 14
"950" 106.24838527945 55.4386100732845 14
"951" 104.211375066135 26.9321721159517 14
"952" 77.0654755498702 172.104467872484 15
"953" 83.9808727996102 169.737838371261 15
"954" 91.3855453112994 159.569819190667 15
"955" 85.1879054644694 167.13193733092 15
"956" 94.6638119050476 168.137404820673 15
"957" 83.420905255277 157.461465660954 15
"958" 88.7999153155922 160.411147908767 15
"959" 81.1632694470406 160.649485888346 15
"960" 82.1479050009883 157.969538244991 15
"961" 77.0621571984841 161.684942306284 15
"962" 81.353430145663 158.137617207178 15
"963" 89.3898319952144 162.204019604298 15
"964" 86.6805131089861 164.45885220071 15
"965" 33.7284585444919 29.1929985652852 15
"966" 33.722521023401 31.8465923195654 15
"967" 32.9848112645251 31.7558724426477 15
"968" 33.4509490270706 30.6991334804677 15
"969" 33.3473307576727 33.1863478896613 15
"970" 33.4926032516027 29.7546278759965 15
"971" 33.5317214026513 30.6790172797809 15
"972" 32.9194604525038 29.8549248189485 15
"973" 33.5671545497824 28.8630012598072 15
"974" 32.8801054740304 36.6549537175413 15
"975" 32.9524409566829 38.0949067327735 15
"976" 33.268589358783 32.2230396198866 15
"977" 34.0542246721653 29.8613534805616 15
"978" 33.3156001178354 33.3976439377162 15
"979" 33.9602197337175 29.4594161285114 15
"980" 33.4131540864749 32.5669099430823 15
"981" 33.9542154860096 32.608124713055 15
"982" 33.205666749227 35.6251621824113 15
"983" 33.3940147608734 30.0820356031138 15
"984" 32.8757627289384 27.5997170160279 15
"985" 33.7637314158554 30.3469124153817 15
"986" 33.5335373737078 32.6091581240777 15
"987" 33.5715608761081 30.9706371731421 15
"988" 33.8408304849954 35.1752639890591 15
"989" 33.6717873428606 40.6954645188488 15
"990" 33.4894167821196 30.511031202985 15
"991" 33.2793828741431 29.4001802257806 15
"992" 32.8076909696533 25.4902715071291 15
"993" 33.5784412889212 32.3256339893565 15
"994" 33.872232556582 34.7327957528339 15
"995" 33.0423065709873 31.3028604424145 15
"996" 33.4614804870278 29.9069696870754 15
"997" 32.8514596480295 34.7919127180059 15
"998" 33.5755567921529 31.6051376791506 15
"999" 33.7081425865831 28.6215079063995 15
"1000" 33.5108381168886 29.3314765461044 15
"1001" 33.6870489417346 31.6379778952674 15
"1002" 33.4669397243923 34.1875708743332 15
"1003" 33.8396168611522 27.9019991405358 15
"1004" 33.4126500951627 30.7188995529628 15
"1005" 33.0463082286908 32.6071936941863 15
"1006" 33.8763405316554 30.0335325216312 15
"1007" 32.9402986227128 27.2497621322834 15
"1008" 33.4940122246379 30.9179205586575 15
"1009" 33.5762377755876 29.024769310355 15
"1010" 33.6950953550417 31.0970672075219 15
"1011" 33.6870567906505 32.2851138887064 15
"1012" 33.8606868519006 32.5557757843765 15
"1013" 33.2885943336305 28.4513075530387 15
"1014" 33.1241290366854 30.1974291104357 15
"1015" 104.575972507598 24.3040293695743 15
"1016" 104.672623473536 16.545118329076 15
"1017" 104.392763617951 24.5668360449851 15
"1018" 97.0699186685729 183.228254423076 15
"1019" 102.400083054853 181.724407996371 15
"1020" 108.699264598597 181.687829123952 15
"1021" 116.276585974232 181.729621204557 15
"1022" 112.463657451919 180.143482110933 15
"1023" 97.6203805265097 182.0722615109 15
"1024" 114.134854165125 182.333767969149 15
"1025" 111.16278801078 180.166212236327 15
"1026" 34.7994557484993 117.418455718898 15
"1027" 125.095442766871 128.91201443529 15
"1028" 143.264420413576 106.596990842034 15
"1029" 168.662624203297 113.756196662717 15
"1030" 54.9833926307195 152.350046631137 15
"1031" 174.081378985645 122.21665240103 15
"1032" 167.51253711396 166.042527670827 15
"1033" 81.8084546574372 162.365660272838 16
"1034" 85.2629972323613 164.464849909993 16
"1035" 85.4460283157455 166.144508885893 16
"1036" 85.2748670225174 162.726477118865 16
"1037" 87.1953287470398 159.985606032666 16
"1038" 76.8522513068145 172.979968594335 16
"1039" 84.3089508746882 167.556933358066 16
"1040" 79.2883541374496 164.281710079994 16
"1041" 89.3252433434715 162.286827644155 16
"1042" 83.8423941208127 165.898682833039 16
"1043" 81.1149230732139 169.222945069316 16
"1044" 86.6465203580729 166.397562514852 16
"1045" 76.2618194362435 165.054869069997 16
"1046" 81.6810337288905 163.164171350822 16
"1047" 80.9145961842237 166.088941512934 16
"1048" 87.1962613579167 158.78730828983 16
"1049" 82.4801813632454 161.481526324251 16
"1050" 90.2613860442672 161.188671641004 16
"1051" 33.6001953382845 28.7655903713568 16
"1052" 33.8575437891127 30.4227726430926 16
"1053" 33.5367202980605 33.0226044836978 16
"1054" 33.752031184959 26.7894184041742 16
"1055" 33.4699370441209 28.4540716354694 16
"1056" 33.3514083837208 33.5646607735928 16
"1057" 33.9261949159564 34.1254227060847 16
"1058" 33.4707697548389 32.6771696493266 16
"1059" 33.7394426239115 27.7589749471257 16
"1060" 33.5893352739189 32.5472122529765 16
"1061" 33.8900500995145 29.8657388488501 16
"1062" 33.6370746877217 32.5143534549368 16
"1063" 33.7126488161422 31.4062066385826 16
"1064" 33.5330237507146 32.715372383444 16
"1065" 33.415452706218 33.1192303066257 16
"1066" 33.1122446464854 29.1107310577003 16
"1067" 33.3375643417695 33.1568893195005 16
"1068" 33.7558096021321 28.5615455113854 16
"1069" 110.140584469439 181.325503439702 16
"1070" 114.297083730987 183.872199758607 16
"1071" 116.523614436457 182.997645387495 16
"1072" 119.745535812891 183.564533445103 16
"1073" 107.988230143929 181.694125443029 16
"1074" 147.981665234499 39.2849794950916 16
"1075" 90.6539867944606 63.2662290678139 16
"1076" 32.7200129850176 40.7687010411656 16
"1077" 92.7133214311235 159.058152810622 16
"1078" 100.233154809209 163.030101741974 16
"1079" 42.0252407082469 136.798178062708 16
"1080" 72.3307451239219 176.713892426129 17
"1081" 83.6316288595419 169.024275953442 17
"1082" 84.9518516868303 159.809463077931 17
"1083" 83.7042854748353 161.625508784099 17
"1084" 89.7497385963527 163.294049093256 17
"1085" 92.4316798666983 158.043369958979 17
"1086" 87.6416196295262 166.46609171763 17
"1087" 75.9334674567119 163.677063495474 17
"1088" 80.9463162338677 164.773550614089 17
"1089" 76.2441109594071 159.844374128641 17
"1090" 92.3236560329995 170.092203513498 17
"1091" 81.584937597466 170.367915802779 17
"1092" 83.2877658160003 153.991448415648 17
"1093" 83.3110823741852 159.115869149873 17
"1094" 83.4929013207683 165.541760576262 17
"1095" 83.248926262942 155.539734613536 17
"1096" 83.5420175975325 168.442418161871 17
"1097" 83.7677751202935 170.851069457963 17
"1098" 32.927312506703 28.4921076825308 17
"1099" 33.0806781669309 26.1679170889914 17
"1100" 32.6514825986813 27.6842181716783 17
"1101" 33.1235105610148 32.9684549440631 17
"1102" 33.6075120431748 27.7783873489908 17
"1103" 32.9361118565075 28.6131614181685 17
"1104" 33.727886025847 29.9441147731233 17
"1105" 34.0889146801715 32.7967245531979 17
"1106" 32.8293722290157 32.7205460348824 17
"1107" 33.3767854027187 34.8539185660921 17
"1108" 32.9371539550026 27.7803231996177 17
"1109" 104.393370350977 26.3848773847921 17
"1110" 115.27681149825 183.386352240012 17
"1111" 112.751474389997 180.54169620017 17
"1112" 115.526670923362 184.856758439585 17
"1113" 114.053762395772 184.139896467974 17
"1114" 119.534035038174 183.073691436903 17
"1115" 111.19403239236 183.339300543107 17
"1116" 76.4555722883281 62.5907105318637 17
"1117" 171.181730342956 119.965058066248 17
"1118" 177.344183262847 120.252741838474 17
"1119" 148.008578203854 98.6541888541621 17
"1120" 50.6351989258027 179.978441287039 17
"1121" 146.489468617537 186.322612961779 17
"1122" 89.2632294205244 167.028428207846 18
"1123" 77.3252576544636 173.558572356145 18
"1124" 82.8908086736171 167.95606285461 18
"1125" 86.3073649129513 154.775174603304 18
"1126" 87.2075437647758 157.476432480429 18
"1127" 83.8892351141145 167.228969003712 18
"1128" 85.1321009805172 167.69200448603 18
"1129" 81.9552225774923 164.414847413549 18
"1130" 92.4572692812535 156.419659645501 18
"1131" 90.4806647719738 160.583376097529 18
"1132" 79.7646833562116 162.496504560591 18
"1133" 90.497800955033 160.729706103558 18
"1134" 92.723678538769 162.620837114047 18
"1135" 32.7851361879987 29.5441044286981 18
"1136" 32.819234854957 39.0146431406026 18
"1137" 33.3050401409917 34.686349867602 18
"1138" 34.0335227018822 26.1563024380978 18
"1139" 33.8495975040426 32.7562507313323 18
"1140" 33.3345767902496 34.7598984486332 18
"1141" 33.4582970813604 36.9524837170212 18
"1142" 115.628769263038 180.241882133839 18
"1143" 104.40722440327 180.760554922087 18
"1144" 120.459847949542 99.5817379126485 18
"1145" 57.5318533686666 59.1478819577668 18
"1146" 117.939787880082 30.3664814594245 18
"1147" 86.3739147436496 154.501184682893 19
"1148" 83.0040373645551 169.355976865881 19
"1149" 84.6116860598372 170.30074358393 19
"1150" 77.1343934338877 157.049291152551 19
"1151" 80.2863868754213 158.141022918639 19
"1152" 85.6826281215166 167.244014168415 19
"1153" 75.2870445081261 158.606733104998 19
"1154" 78.7080249749989 150.654481523403 19
"1155" 80.7535943541909 157.955095718038 19
"1156" 89.8150839866078 168.223902817538 19
"1157" 79.6982414975784 162.463907707962 19
"1158" 83.2410503103143 168.891244639014 19
"1159" 89.5887506967893 166.804437622166 19
"1160" 82.4564613569472 167.2560321277 19
"1161" 83.1877709217878 161.134746346996 19
"1162" 33.0672500098784 34.461647665804 19
"1163" 33.8452188384923 37.3763065486068 19
"1164" 32.9535116465147 33.014675968295 19
"1165" 33.5475833853995 31.3200856419943 19
"1166" 33.4716090059779 25.4183420973505 19
"1167" 33.3279893610557 36.9687899393592 19
"1168" 33.2639510970395 34.7184359480443 19
"1169" 33.840224753829 32.3419096730061 19
"1170" 34.0900813382905 25.9160225774123 19
"1171" 33.0395626365256 28.7970969830351 19
"1172" 33.3998046460478 36.8856542853223 19
"1173" 105.019263940536 186.829022981231 19
"1174" 113.990130147793 182.654160771718 19
"1175" 95.7514128094012 183.436887798367 19
"1176" 104.420241348757 180.90973544803 19
"1177" 174.921690314528 124.882352163263 19
"1178" 124.879958135268 134.202965624043 19
"1179" 121.687286645872 105.92689777462 19
"1180" 108.657103615665 100.958607273616 19
"1181" 41.2348017071988 182.073415981897 19
"1182" 64.6100970726267 61.3491619512283 19
"1183" 46.724871782294 64.2572381025454 19
"1184" 94.4997915089248 167.449509444599 20
"1185" 81.2715307576882 157.495199993448 20
"1186" 90.4169522459244 169.654625964512 20
"1187" 87.5128478576533 163.280001179487 20
"1188" 73.5876454276116 163.203455435771 20
"1189" 97.5574293340549 158.615369813557 20
"1190" 83.8254692915948 165.728182172202 20
"1191" 84.5787216988232 159.661884292357 20
"1192" 83.338901228686 161.210622975101 20
"1193" 84.8630670692888 159.340441975888 20
"1194" 88.5487575106497 163.171846607191 20
"1195" 86.7558283752558 174.601051758414 20
"1196" 33.3234202283326 38.0862738718074 20
"1197" 33.5507566962264 36.7758791946636 20
"1198" 33.5737976123695 33.4777858469428 20
"1199" 33.3701751350587 26.0234870897909 20
"1200" 33.3433954342876 38.0676045741717 20
"1201" 33.3367690738628 34.3462636377985 20
"1202" 33.6082300981335 25.7449871021109 20
"1203" 33.6919213488194 37.1995227989192 20
"1204" 104.560132108859 10.7209209342661 20
"1205" 104.327349259447 24.7990358158649 20
"1206" 110.101074028543 182.943813670897 20
"1207" 116.781873527167 184.896920626204 20
"1208" 116.592559576635 182.148898377363 20
"1209" 134.219578951183 93.4856070029192 20
"1210" 53.6077213726621 29.6313454946126 20
"1211" 114.329086018797 33.5863802196375 20
"1212" 120.334116502536 115.353808126707 20
"1213" 128.177788668096 91.8476461950319 20
"1214" 78.8083878646331 96.5188326698548 20
"1215" 35.6562552934247 117.199605464024 20
"1216" 143.664295690308 183.179898226607 20
"1217" 83.9236501634942 159.723558081751 21
"1218" 77.3167780163975 166.799523436707 21
"1219" 82.8468825450888 155.233047629307 21
"1220" 90.4221515963082 162.783999381628 21
"1221" 90.4597456898496 156.891488320312 21
"1222" 86.565514522681 154.960040679793 21
"1223" 32.7723152841336 33.8431706538628 21
"1224" 33.4806091837542 41.3236099738153 21
"1225" 33.6826290127118 26.187331896128 21
"1226" 34.0212941869173 26.3994348106825 21
"1227" 33.3008565039072 25.8520956318879 21
"1228" 33.9650652391583 27.1106072249196 21
"1229" 33.77378414616 27.1604855943613 21
"1230" 112.329795828134 184.574600608704 21
"1231" 112.848549654519 179.94786243013 21
"1232" 46.6844712206256 179.982771911051 21
"1233" 135.949054662096 88.5627847776637 21
"1234" 116.686552205557 36.0641756315341 21
"1235" 167.226232272352 135.770592788828 21
"1236" 105.040457631856 61.1449777334545 21
"1237" 117.557853640265 174.705560802658 21
"1238" 87.9876660480466 149.931749132589 21
"1239" 83.3371001623733 160.885221562436 22
"1240" 75.8376809324104 163.277235741591 22
"1241" 74.6736595159082 160.646330073548 22
"1242" 82.5368975938842 158.62615784353 22
"1243" 80.8318765293366 162.125215636253 22
"1244" 88.0780857660141 170.048871202685 22
"1245" 34.4331589674692 32.0484526816145 22
"1246" 33.5233653569049 36.1743579595731 22
"1247" 33.3466018941099 26.6316048682006 22
"1248" 121.736982934644 182.054580368832 22
"1249" 96.0712228004092 181.148651104246 22
"1250" 97.1967619703092 184.869500791649 22
"1251" 112.720418113657 103.675044791783 22
"1252" 94.0304184808923 56.7802467555314 22
"1253" 171.754693371213 178.28338837187 22
"1254" 140.390167328605 102.738277542982 22
"1255" 138.878274864695 99.4760486134842 22
"1256" 68.3612081325368 162.611312295503 22
"1257" 125.46664920844 129.017016520254 22
"1258" 131.77786834627 137.479952411525 22
"1259" 92.3291483514167 162.350752576834 23
"1260" 89.858466941583 163.174044412949 23
"1261" 76.4843435218136 161.325869141996 23
"1262" 85.4577136818858 162.333347673184 23
"1263" 33.3468646863159 23.9747690232667 23
"1264" 33.2597552570723 28.1481502780778 23
"1265" 33.6371794631109 37.867060357423 23
"1266" 191.226608091777 13.6701958698996 23
"1267" 120.559628501541 137.008439397051 23
"1268" 132.054595844279 85.8879731939232 23
"1269" 105.488180864583 44.4689067673086 23
"1270" 40.5672686748475 66.7114838068271 23
"1271" 85.19337904434 30.5044403180409 23
"1272" 171.702793692745 112.72513797954 23
"1273" 106.255648026389 103.499887389105 23
"1274" 82.0728002253326 167.175356745256 24
"1275" 77.1047720992838 167.472767154186 24
"1276" 77.4625282838627 168.026086009227 24
"1277" 92.2205472577975 161.309646097241 24
"1278" 88.7497901336733 151.944317460015 24
"1279" 89.9231648480017 169.61398294391 24
"1280" 192.38910002692 13.1817116590463 24
"1281" 188.428538448832 12.4857472099042 24
"1282" 191.203689594524 13.5100032026014 24
"1283" 192.731856907451 12.5818135106499 24
"1284" 192.275831040799 13.5243082831035 24
"1285" 191.313443007247 13.7727869974926 24
"1286" 189.307652836072 13.709276456329 24
"1287" 191.118581557335 13.8232808486269 24
"1288" 191.103753638355 13.5112444618364 24
"1289" 190.819336038341 13.5662857614548 24
"1290" 189.472597382988 13.1874762943627 24
"1291" 191.742511461403 13.2471819446756 24
"1292" 190.506578639866 13.6054972442639 24
"1293" 189.942781998639 14.7779873104553 24
"1294" 113.197257862537 184.054427880029 24
"1295" 112.944841132559 181.128044200619 24
"1296" 131.106709671795 134.718370133739 24
"1297" 139.08691751313 138.192142222064 24
"1298" 43.8747592033211 78.9581938443559 24
"1299" 148.163564403064 115.543091933338 24
"1300" 75.804560842028 137.098137644197 24
"1301" 143.73311222919 106.34799139776 24
"1302" 43.4410487729246 107.300983001103 24
"1303" 35.9412519175358 105.135572992533 24
"1304" 74.2348648473741 172.965229476556 24
"1305" 166.055944638237 36.2937542582616 24
"1306" 57.4696109856319 65.8890251923598 24
"1307" 55.3090271394831 35.3400039374711 24
"1308" 74.3935164223656 167.415045370972 25
"1309" 73.2911796367635 170.219653876044 25
"1310" 91.419755631497 168.424962690569 25
"1311" 33.46430711049 27.1884490383353 25
"1312" 191.943249737653 13.1492414885588 25
"1313" 192.467646785874 12.9549678464769 25
"1314" 190.506474583765 14.008201063517 25
"1315" 189.704584868487 13.7847829370095 25
"1316" 190.374918048347 13.5674018225576 25
"1317" 190.37826161434 13.6426387849753 25
"1318" 190.716620012328 13.0516988922721 25
"1319" 188.442753574212 13.5105729439361 25
"1320" 189.083239339215 13.7981882106143 25
"1321" 190.660738415485 13.6195190639403 25
"1322" 192.182034354237 13.0719095939249 25
"1323" 191.97433426766 13.5700837857326 25
"1324" 189.883865999311 14.0973240262422 25
"1325" 191.207628812428 13.9000048975483 25
"1326" 190.245797742077 13.8697745877881 25
"1327" 191.195910909913 12.8873152539729 25
"1328" 190.218435485091 14.3984679342465 25
"1329" 191.340980184735 12.9489433550663 25
"1330" 187.24671738594 12.6419111085577 25
"1331" 191.83329052465 12.9624042856621 25
"1332" 190.471511425543 13.5060560706755 25
"1333" 192.012760442649 12.7300522092832 25
"1334" 191.177938994373 12.9732975064029 25
"1335" 191.294717560948 14.072416938671 25
"1336" 191.214590908355 13.5214155583729 25
"1337" 191.757968234147 13.2378510071407 25
"1338" 190.98273404241 13.6104928724446 25
"1339" 191.49554557761 13.2209851790301 25
"1340" 191.529661160384 12.8565917923287 25
"1341" 190.1784152642 13.6572674157753 25
"1342" 191.275794657582 12.880542221774 25
"1343" 113.717108521693 180.528146610205 25
"1344" 114.831180891892 180.217500150041 25
"1345" 152.519594102669 125.690641183344 25
"1346" 40.374533340342 70.1769695137171 25
"1347" 117.092557760448 102.532032424428 25
"1348" 91.6131323475625 149.403440780215 25
"1349" 55.9292998296591 164.346099255739 25
"1350" 149.572298930642 72.1998215418776 25
"1351" 84.5530985734513 155.156266947785 26
"1352" 75.134921155678 167.545683694571 26
"1353" 84.3854101241859 154.276324200391 26
"1354" 85.0312516650419 167.569863064722 26
"1355" 86.1440779406852 158.680318269745 26
"1356" 34.1467654347227 33.8433941272802 26
"1357" 191.564742277455 12.7794926731218 26
"1358" 193.083259923099 12.3851242660599 26
"1359" 190.655142250643 12.7983698702566 26
"1360" 188.231752064888 13.3783290375958 26
"1361" 191.970762317764 13.7682740985246 26
"1362" 191.46108786402 13.28971195102 26
"1363" 189.875796829002 14.2399425806652 26
"1364" 190.093715478894 14.4838225888715 26
"1365" 191.190460247188 12.4884353905067 26
"1366" 193.656923499043 13.0794397419572 26
"1367" 192.687611835483 13.4645659415929 26
"1368" 190.193327906636 14.1426653633838 26
"1369" 190.203377989197 12.1722245616941 26
"1370" 190.032095649304 14.3856265487752 26
"1371" 190.452754217464 13.3530246264016 26
"1372" 191.469181812723 12.7904880657444 26
"1373" 190.510453751582 13.0343502894317 26
"1374" 193.681487795815 13.5925080041757 26
"1375" 190.434734854519 13.4453070216335 26
"1376" 189.689104757424 13.0827724541526 26
"1377" 190.011256026356 14.0434515794665 26
"1378" 189.819006457192 13.7552325723663 26
"1379" 191.288420016168 12.8297202874843 26
"1380" 191.766613325434 13.541062981692 26
"1381" 186.931472812384 12.6076516387814 26
"1382" 192.896688355692 13.1794214831063 26
"1383" 116.000764051658 180.315757195784 26
"1384" 106.206762508184 110.489342400437 26
"1385" 88.0676121073054 61.1113848899988 26
"1386" 129.354296547424 143.245339222383 26
"1387" 141.522471370113 109.827505670731 26
"1388" 90.0899580678304 148.676514088726 26
"1389" 52.4198791150337 26.4076251640493 26
"1390" 87.5514362761859 174.901974204193 26
"1391" 84.7195047633125 169.899009640657 27
"1392" 93.056224320571 160.905501335272 27
"1393" 190.221442274748 14.182133053564 27
"1394" 190.207067631266 14.078100432114 27
"1395" 188.045243554191 13.569071871466 27
"1396" 192.079598796021 13.3026320563289 27
"1397" 189.930982952372 13.2497373422097 27
"1398" 191.448864764819 12.6151140308979 27
"1399" 192.890767936802 13.1286328343701 27
"1400" 190.173356188841 12.2710965813423 27
"1401" 194.531678920449 14.116184001987 27
"1402" 192.860140893808 13.2305121705316 27
"1403" 192.201947453594 13.670833258622 27
"1404" 189.913725102109 13.8007020439448 27
"1405" 192.023938910355 13.79103423453 27
"1406" 188.437579932749 14.4190799828381 27
"1407" 193.414355941901 13.4251138516729 27
"1408" 193.483004804731 13.6243764077496 27
"1409" 190.592719362646 13.2272640679697 27
"1410" 190.460504980183 12.7291145655089 27
"1411" 193.312646052601 13.4266197727647 27
"1412" 190.271881640576 13.052092774252 27
"1413" 116.919400214698 36.9197653062417 27
"1414" 149.432812591888 71.4912704841669 27
"1415" 132.882837674289 136.888879621981 27
"1416" 112.338489793717 110.331401289848 27
"1417" 114.945082295102 63.9600145608504 27
"1418" 87.4529546247928 152.329827274889 28
"1419" 87.9022034481789 174.727586838623 28
"1420" 80.203547213248 171.441721466761 28
"1421" 93.3060804950556 158.980667366565 28
"1422" 33.7382658512592 28.3421015592297 28
"1423" 189.66359748922 13.258428653071 28
"1424" 191.901356059018 13.8921460385887 28
"1425" 190.227220519241 12.6935820911893 28
"1426" 191.795367900803 12.7056088484898 28
"1427" 192.534943308737 13.932883066281 28
"1428" 188.454320123932 14.4301235416296 28
"1429" 188.693469694475 14.5575917967491 28
"1430" 192.272513711815 13.9015954436518 28
"1431" 100.660205496265 182.588447483785 28
"1432" 104.86665719496 54.5111537423514 28
"1433" 87.8709180338792 70.4079839750919 28
"1434" 42.5974761948814 68.5025558149329 28
"1435" 95.9392827290435 80.1031968044009 28
"1436" 33.3373925519149 70.4806408761326 28
"1437" 136.647854601673 104.642045591452 28
"1438" 135.084774013478 12.9706005796852 28
"1439" 57.5232960538829 58.6792037688388 28
"1440" 88.0731225705287 73.9917305706977 28
"1441" 84.5031613508226 170.166357507376 29
"1442" 82.2681675697415 174.363995962776 29
"1443" 93.3509691485014 161.777806948764 29
"1444" 93.2457724141264 161.385934123897 29
"1445" 80.3917241380388 170.97101879033 29
"1446" 86.0214902271465 159.061291111205 29
"1447" 73.3821317302428 165.270980603248 29
"1448" 33.2017482671553 35.0700548473408 29
"1449" 188.634069477233 14.2665169006219 29
"1450" 188.899422103564 14.0629458013712 29
"1451" 192.683997819919 13.0611980972141 29
"1452" 189.166323611288 13.4817241242472 29
"1453" 187.417984435062 13.6243300808058 29
"1454" 100.532264307817 181.884220980113 29
"1455" 119.858400519097 181.733796284773 29
"1456" 118.290188147198 182.982329472026 29
"1457" 149.714448535523 139.208129792975 29
"1458" 56.0202664383022 97.4636201926186 29
"1459" 117.236271042505 22.3622400905116 29
"1460" 87.538231620337 155.420675030924 30
"1461" 85.0603568688003 164.160369824818 30
"1462" 81.2093001779702 169.019838273347 30
"1463" 33.2620976227001 37.7634642840938 30
"1464" 192.01051149895 14.1313312821482 30
"1465" 192.940443971984 13.5866812054136 30
"1466" 191.777601564891 14.1700697135247 30
"1467" 194.173003549183 13.1161426233857 30
"1468" 190.667358510139 14.3493362258598 30
"1469" 187.58691528455 13.4719851443615 30
"1470" 100.38067430697 180.968381203272 30
"1471" 179.044675027669 24.1006207173777 30
"1472" 77.0613260108865 161.049115015227 31
"1473" 192.921053568224 13.8067737231723 31
"1474" 188.281690644053 12.9855479048514 31
"1475" 190.10308274233 12.4572541046321 31
"1476" 98.4557595567943 183.301395197961 31
"1477" 110.874698342627 181.918867395801 31
"1478" 100.945354172026 182.910135225794 31
"1479" 117.64755003468 181.673393909729 31
"1480" 152.227080780188 74.3605605957099 31
"1481" 141.881840130682 87.5629529841171 31
"1482" 78.003583687666 160.645250740201 32
"1483" 79.2605154948276 168.283965110332 32
"1484" 190.687609181225 12.5374139487703 32
"1485" 193.234280031654 13.0352581211913 32
"1486" 188.092898334785 12.8096736072321 32
"1487" 194.598488454428 13.5515095168561 32
"1488" 154.999315184727 124.808332785372 32
"1489" 70.3789129845762 55.7282578150888 32
"1490" 145.67459881026 86.6283000471678 32
"1491" 93.9303051598412 166.31962681262 33
"1492" 99.8218783265987 180.498821485552 33
"1493" 148.746865912791 70.6862916316768 33
"1494" 192.566235974954 61.2519750268794 33
"1495" 86.9527226860965 51.6686912368257 33
"1496" 84.4130084786476 175.767982456282 34
"1497" 89.1172176878068 166.70347605036 34
"1498" 82.5825165314929 177.05986806756 34
"1499" 172.108836199738 171.314263773564 34
"1500" 47.0947059057814 37.8731218852348 34
"1501" 135.521256379344 115.899451915772 34
"1502" 89.9026078484874 157.778689633008 35
"1503" 87.0752070835489 168.507968870107 35
"1504" 78.5682853666464 168.433622717772 35
"1505" 97.5919640269996 182.9574725879 35
"1506" 115.535837732189 185.289065001423 35
"1507" 138.129732193579 95.5036599062566 35
"1508" 61.6644893673148 169.585962219617 35
"1509" 77.4445672637017 159.233796350622 36
"1510" 80.2503272865753 168.095980268354 36
"1511" 89.7310999004675 157.903204254326 36
"1512" 83.4874165524352 172.658508662407 36
"1513" 188.900450365088 13.0626684524414 36
"1514" 188.357314243941 14.0593803312388 36
"1515" 114.039625997969 180.234875155163 36
"1516" 106.295140848383 92.7426048979442 36
"1517" 88.9469945894614 154.096294675746 36
"1518" 53.3582264796819 30.1225060764112 36
"1519" 45.7006665500984 75.8118755516143 36
"1520" 124.31921060439 129.860584376771 36
"1521" 82.0310179052943 160.981138269573 37
"1522" 34.0696332384519 37.6661220870193 37
"1523" 189.00905262865 13.0023400300997 37
"1524" 106.657486515464 104.719036413484 37
"1525" 80.4827236074261 154.883490059198 38
"1526" 75.5763066577652 60.909652759644 38
"1527" 70.0073760102341 168.535733412985 38
"1528" 102.397183609248 55.5173597515472 38
"1529" 89.7767556799206 156.080497828185 39
"1530" 85.2447523438988 127.596823197905 39
"1531" 52.9040465460003 155.855393687721 39
"1532" 89.8169411263645 31.6581800269437 39
"1533" 166.477443266464 36.5779916564238 39
"1534" 95.0217788304169 161.52181522273 40
"1535" 83.8347842234924 176.164122870251 40
"1536" 52.4962502847485 32.0563245285277 40
"1537" 155.689532357819 16.6858015051365 40
"1538" 59.8338382002933 184.908443839474 40
"1539" 40.1549878990651 172.4056459338 40
"1540" 191.45169156571 104.088522680365 40
"1541" 153.330106314571 74.0307590621145 40
"1542" 86.0114997849782 165.711768944712 41
"1543" 76.3417450043156 170.345818682946 41
"1544" 93.8542583102151 171.438750563413 41
"1545" 146.30345468169 71.9668112950704 41
"1546" 147.047713284571 147.907254137033 41
"1547" 175.188415406658 27.8985615319523 41
"1548" 104.453762476264 9.82377463449854 42
"1549" 138.353223893016 171.392849715574 42
"1550" 52.2406265841512 67.0933388385201 42
"1551" 147.601645113519 70.1073774437674 42
"1552" 86.2490363967421 30.1634098074411 42
"1553" 190.801451928141 103.5288330985 42
"1554" 76.9737621121932 159.100776701651 43
"1555" 178.727942355473 101.749656634264 43
"1556" 34.3400284279305 169.903099023986 43
"1557" 75.8300643903758 156.952767572752 43
"1558" 153.626375818128 72.4900172417034 43
"1559" 88.1948428023522 155.614001195019 44
"1560" 69.3960947466173 155.775046828869 44
"1561" 114.609055875147 130.547519116959 44
"1562" 108.08846364388 147.4493522498 44
"1563" 130.992920427445 164.338368703864 44
"1564" 171.106397828932 179.508787892736 44
"1565" 176.21592886997 110.204279108867 44
"1566" 91.4388170698615 68.0149568366374 44
"1567" 84.3939757275089 72.080875046239 44
"1568" 55.6722799052336 12.5667550232765 44
"1569" 55.0967528159282 48.1580341472059 45
"1570" 114.141367346784 37.2100640778945 45
"1571" 89.1711913199048 23.4826573907163 45
"1572" 36.2169917009656 32.4168739418197 45
"1573" 121.455642781142 181.288863963082 46
"1574" 107.975190145284 179.827466653285 46
"1575" 120.537122994519 182.400680015699 47
"1576" 178.116343643143 165.961147291271 47
"1577" 99.6668151434232 112.076065589059 47
"1578" 42.3594281955783 29.1254474136792 47
"1579" 60.8903717322598 65.8359871337076 48
"1580" 37.2459977275123 81.5905383517305 48
"1581" 33.2717391505927 167.267888740668 48
"1582" 97.2781137226671 23.2093894148338 48
"1583" 74.7737279362343 171.174541211363 49
"1584" 101.78565419518 180.652706065945 49
"1585" 51.4426260143252 28.1421353428415 49
"1586" 35.4121879476776 99.9989381737053 49
"1587" 140.438396419129 90.867528979921 49
"1588" 133.883509998606 73.7137985225219 49
"1589" 89.600928229219 158.120031935316 50
"1590" 54.6072240121544 30.9129259612158 50
"1591" 131.116586515944 75.6715600119282 50
"1592" 167.715567115301 74.821659440494 50
"1593" 158.860348715551 186.122727469738 50
"1594" 104.160162885278 38.0937616582506 50
