0.2010443864229765	0.1818181818181818	0.09138381201044386
0.2845953002610966	0.1871861819642499	0.13577023498694518
0.2845953002610966	0.18224543080939945	0.11618798955613577
0.2845953002610966	0.1912148671479035	0.1031331592689295
0.2845953002610966	0.2140305070770922	0.1227154046997389
0.3002610966057441	0.2629615814994404	0.14882506527415143
0.3002610966057441	0.28766034737200574	0.283289817232376
0.3002610966057441	0.28574412532637067	0.2754569190600522
0.3002610966057441	0.2855623247268156	0.2689295039164491
0.3002610966057441	0.2836499504816782	0.2689295039164491
0.3002610966057441	0.28160532300176866	0.2689295039164491
0.3002610966057441	0.28352717778305253	0.2741514360313316
0.3002610966057441	0.2874300634091756	0.27154046997389036
0.3002610966057441	0.287029849693035	0.2741514360313316
0.3002610966057441	0.2898507062997924	0.27284595300261094
0.3002610966057441	0.2909635101572947	0.2741514360313316
0.3002610966057441	0.29063695427773395	0.27023498694516973
0.3002610966057441	0.2917899622860458	0.27154046997389036
0.3002610966057441	0.29048386200766624	0.27023498694516973
0.3002610966057441	0.287339478872489	0.2689295039164491
0.3002610966057441	0.2888189218246046	0.2689295039164491
0.3002610966057441	0.2884871175919997	0.2689295039164491
0.3002610966057441	0.29081414668882044	0.2689295039164491
0.3002610966057441	0.2910081993495488	0.27154046997389036
0.3002610966057441	0.29160950568659555	0.27676240208877284
0.3002610966057441	0.29155074262723113	0.27676240208877284
0.3002610966057441	0.2929669692071781	0.27284595300261094
0.3002610966057441	0.2923076923076924	0.2754569190600522
0.3002610966057441	0.2952145278827793	0.27676240208877284
0.3002610966057441	0.2964770878268439	0.2793733681462141
0.3002610966057441	0.2976501305483029	0.2780678851174935
0.3002610966057441	0.2979004971565507	0.2780678851174935
0.3002610966057441	0.29852045256745025	0.2780678851174935
0.3002610966057441	0.2994133803533284	0.293733681462141
0.3002610966057441	0.299451366625905	0.293733681462141
0.3002610966057441	0.29887502820488043	0.293733681462141
0.3002610966057441	0.2994117462015165	0.293733681462141
0.3002610966057441	0.29884810320995264	0.293733681462141
0.3002610966057441	0.29865550253593853	0.293733681462141
0.3002610966057441	0.2993809956875058	0.293733681462141
0.3002610966057441	0.29997417725877285	0.2950391644908616
0.3002610966057441	0.3002049467980575	0.2950391644908616
0.3002610966057441	0.30020612889927195	0.2950391644908616
0.3002610966057441	0.30020726225404465	0.2950391644908616
0.3002610966057441	0.30026109660574446	0.3002610966057441
0.3002610966057441	0.30026109660574446	0.3002610966057441
0.3002610966057441	0.30026109660574446	0.3002610966057441
0.3002610966057441	0.30023623026234025	0.29765013054830286
0.3002610966057441	0.3002610966057444	0.3002610966057441
0.3002610966057441	0.3002610966057444	0.3002610966057441
0.3002610966057441	0.30026109660574446	0.3002610966057441
0.3002610966057441	0.30026109660574446	0.3002610966057441
0.3002610966057441	0.30026109660574446	0.3002610966057441
0.3002610966057441	0.30026109660574446	0.3002610966057441
0.3002610966057441	0.30026109660574446	0.3002610966057441
0.3002610966057441	0.30026109660574446	0.3002610966057441
0.3002610966057441	0.30026109660574446	0.3002610966057441
0.3002610966057441	0.30026109660574446	0.3002610966057441
0.3002610966057441	0.30026109660574446	0.3002610966057441
0.3002610966057441	0.30026109660574446	0.3002610966057441
0.3002610966057441	0.30026109660574446	0.3002610966057441
0.3002610966057441	0.30026109660574446	0.3002610966057441
0.3002610966057441	0.30026109660574446	0.3002610966057441
0.3002610966057441	0.30026109660574446	0.3002610966057441
0.3002610966057441	0.30031744839115687	0.3002610966057441
0.30809399477806787	0.2999833342592082	0.2454308093994778
0.30809399477806787	0.3003706476291336	0.3002610966057441
0.30809399477806787	0.30047717655532585	0.3002610966057441
0.30809399477806787	0.3009982060709405	0.2989556135770235
0.30809399477806787	0.30178562041109613	0.3002610966057441
0.30809399477806787	0.30202479553196315	0.3002610966057441
0.30809399477806787	0.3025136947729488	0.3002610966057441
0.30809399477806787	0.30309104691316485	0.3002610966057441
0.30809399477806787	0.3031547787330998	0.3002610966057441
0.30809399477806787	0.30341396127888126	0.3002610966057441
0.30809399477806787	0.303228840633768	0.3002610966057441
0.30809399477806787	0.30352880872671406	0.3002610966057441
0.30809399477806787	0.30371864862726533	0.2989556135770235
0.30809399477806787	0.304044652209941	0.2989556135770235
0.30809399477806787	0.3044710862545775	0.3002610966057441
0.31462140992167104	0.30501733009634685	0.3002610966057441
0.31462140992167104	0.3063885660815896	0.3002610966057441
0.31462140992167104	0.30681835136143304	0.3002610966057441
0.31462140992167104	0.3073859361862201	0.3002610966057441
0.31462140992167104	0.3076564027014025	0.3002610966057441
0.31462140992167104	0.30779827762791645	0.3002610966057441
0.31462140992167104	0.30885017620454047	0.3002610966057441
0.31462140992167104	0.30922306118128623	0.3002610966057441
0.31462140992167104	0.30967872551346715	0.3002610966057441
0.31462140992167104	0.30962741928799414	0.2989556135770235
0.31462140992167104	0.310069306795347	0.3002610966057441
0.31462140992167104	0.3101908846169458	0.3002610966057441
0.31462140992167104	0.3101559884849704	0.3002610966057441
0.31462140992167104	0.31063206584405784	0.3002610966057441
0.31462140992167104	0.31110513402521756	0.3002610966057441
0.31462140992167104	0.3104776379200604	0.3002610966057441
0.31462140992167104	0.31111654169185476	0.3002610966057441
0.31462140992167104	0.3111698401579317	0.3002610966057441
0.31462140992167104	0.31119057529546806	0.3002610966057441
0.31462140992167104	0.31124214523967175	0.3002610966057441
0.31462140992167104	0.31088438741291635	0.3002610966057441
0.31462140992167104	0.311170766986602	0.3002610966057441
0.31462140992167104	0.3120833080332746	0.3002610966057441
0.31462140992167104	0.3121608451348197	0.3002610966057441
0.31462140992167104	0.31206409385171124	0.3002610966057441
0.31462140992167104	0.3119454650709449	0.3002610966057441
0.31462140992167104	0.3130641969815825	0.3002610966057441
0.31462140992167104	0.31286916158978795	0.3002610966057441
0.31462140992167104	0.3126258037059613	0.3002610966057441
0.31462140992167104	0.3132247141049172	0.3002610966057441
0.31462140992167104	0.31334418410136394	0.3002610966057441
0.31462140992167104	0.3136128822599983	0.30678851174934724
0.31462140992167104	0.314026998500083	0.30678851174934724
0.31462140992167104	0.31379515484020193	0.2545691906005222
0.31462140992167104	0.3139550127270937	0.2545691906005222
0.31462140992167104	0.3142097223275513	0.30809399477806787
0.31462140992167104	0.3141862489120971	0.30809399477806787
0.31462140992167104	0.31416315873607903	0.30809399477806787
0.31462140992167104	0.3144258517351821	0.30809399477806787
0.31462140992167104	0.3142439208531249	0.30809399477806787
0.31462140992167104	0.3142833366273805	0.30809399477806787
0.31462140992167104	0.3142860091435409	0.30809399477806787
0.31462140992167104	0.314124814416628	0.30809399477806787
0.3185378590078329	0.31443854070363986	0.30809399477806787
0.3185378590078329	0.3145810861215558	0.30809399477806787
0.3185378590078329	0.3146264117723555	0.3002610966057441
0.3185378590078329	0.3149192387495157	0.30809399477806787
0.3185378590078329	0.31517316123946965	0.31462140992167104
0.3185378590078329	0.3153939429499024	0.31462140992167104
0.3185378590078329	0.3154949673386585	0.31462140992167104
0.3185378590078329	0.3156185869952692	0.31462140992167104
0.3185378590078329	0.31576908730955705	0.31462140992167104
0.3185378590078329	0.3159031568953238	0.31462140992167104
0.3185378590078329	0.3161908173172086	0.31462140992167104
0.3185378590078329	0.3162497543445912	0.31462140992167104
0.3185378590078329	0.3159594138799325	0.31462140992167104
0.3185378590078329	0.3163097731319597	0.31462140992167104
0.3185378590078329	0.3165315377215884	0.31462140992167104
0.3185378590078329	0.3169230629270111	0.3133159268929504
0.3185378590078329	0.31710137595200866	0.31462140992167104
0.3185378590078329	0.3174207962100616	0.31462140992167104
0.3185378590078329	0.3176556554594141	0.31462140992167104
0.3185378590078329	0.31776784528919766	0.31462140992167104
0.3185378590078329	0.3180367645119603	0.31462140992167104
0.3185378590078329	0.3178567374276308	0.31462140992167104
0.3185378590078329	0.3178352402349002	0.31462140992167104
0.3185378590078329	0.31791312290497975	0.3133159268929504
0.3185378590078329	0.31793862089628894	0.31462140992167104
0.3198433420365535	0.3180700963591056	0.31462140992167104
0.3198433420365535	0.31808157367740625	0.31462140992167104
0.3198433420365535	0.3181894503538656	0.31462140992167104
0.3198433420365535	0.31821253096872676	0.31462140992167104
0.3198433420365535	0.31833063947946444	0.31462140992167104
0.3198433420365535	0.31840607523206294	0.31462140992167104
0.3198433420365535	0.31836597722975674	0.31462140992167104
0.3198433420365535	0.3184605874266935	0.31462140992167104
0.3198433420365535	0.31873590442085836	0.31462140992167104
0.32114882506527415	0.3188150230970071	0.31462140992167104
0.32114882506527415	0.31885325093220246	0.31462140992167104
0.32114882506527415	0.31905767139920777	0.31462140992167104
0.32114882506527415	0.31918074037847144	0.31462140992167104
0.32114882506527415	0.3193846588102459	0.31462140992167104
0.3224543080939948	0.3195198940025717	0.31462140992167104
0.3224543080939948	0.3196070379868445	0.31462140992167104
0.3224543080939948	0.3197663223888412	0.3185378590078329
0.3224543080939948	0.31992756674808376	0.3185378590078329
0.3224543080939948	0.32002603353911496	0.3185378590078329
0.3224543080939948	0.3201611987739813	0.3133159268929504
0.3224543080939948	0.32020827533276636	0.3185378590078329
0.3224543080939948	0.32043062236752484	0.3185378590078329
0.3289817232375979	0.3204384340154571	0.3185378590078329
0.3289817232375979	0.32054970820790046	0.3185378590078329
0.3302872062663185	0.3206303092707677	0.3185378590078329
0.33159268929503916	0.32066246864280923	0.3185378590078329
0.33159268929503916	0.3208542731841416	0.3185378590078329
0.33159268929503916	0.32135133766806706	0.3185378590078329
0.3328981723237598	0.3216918772342462	0.3185378590078329
0.3328981723237598	0.3221681748274257	0.3185378590078329
0.3328981723237598	0.3225361231066937	0.3185378590078329
0.3368146214099217	0.3232043417039912	0.3185378590078329
0.3368146214099217	0.32375275347835564	0.3185378590078329
0.3368146214099217	0.3236232928971921	0.3185378590078329
0.3368146214099217	0.3233072236727588	0.3185378590078329
0.3368146214099217	0.32386021289415545	0.3185378590078329
0.3368146214099217	0.32440047672520117	0.3185378590078329
0.3368146214099217	0.32511324465642844	0.3185378590078329
0.3394255874673629	0.3254913456360053	0.3185378590078329
0.3394255874673629	0.3255840764979147	0.3185378590078329
0.3394255874673629	0.32604691642884615	0.3185378590078329
0.3394255874673629	0.3264412331277228	0.3185378590078329
0.3394255874673629	0.3271887708426542	0.3185378590078329
0.3394255874673629	0.3275201137397937	0.3185378590078329
0.3394255874673629	0.3285421555342566	0.3185378590078329
0.3394255874673629	0.3292941184207929	0.31723237597911225
0.3394255874673629	0.32971135410327407	0.2454308093994778
0.3394255874673629	0.33082763066224796	0.3185378590078329
0.3394255874673629	0.3316153651789129	0.3185378590078329
0.3394255874673629	0.3321406698256137	0.3185378590078329
0.3394255874673629	0.3326319435980013	0.3185378590078329
0.3394255874673629	0.33345356119172403	0.3198433420365535
0.3394255874673629	0.33368590904181994	0.3185378590078329
0.34073107049608353	0.334099343149217	0.3185378590078329
0.34073107049608353	0.3337286482745607	0.3185378590078329
0.34073107049608353	0.33347421279686457	0.3185378590078329
0.34203655352480417	0.3338796213787644	0.3185378590078329
0.34203655352480417	0.3339834907561874	0.3185378590078329
0.34203655352480417	0.3353764297045223	0.3198433420365535
0.34203655352480417	0.33629549992320634	0.3198433420365535
0.3433420365535248	0.33660672247326273	0.3198433420365535
0.34986945169712796	0.3371098005562751	0.31723237597911225
0.34986945169712796	0.3376839337747535	0.3198433420365535
0.34986945169712796	0.33807487985335083	0.3198433420365535
0.34986945169712796	0.33914348308874187	0.3198433420365535
0.34986945169712796	0.3395928804870607	0.3198433420365535
0.35117493472584854	0.3397973081475218	0.3198433420365535
0.35117493472584854	0.34042320148250715	0.3198433420365535
0.35509138381201044	0.3411672138104186	0.3198433420365535
0.35509138381201044	0.3419866811394365	0.3198433420365535
0.35509138381201044	0.34251552268970326	0.3237597911227154
0.3563968668407311	0.34372873865334547	0.3276762402088773
0.3563968668407311	0.34454910179293996	0.3276762402088773
0.3563968668407311	0.34500198848408287	0.3302872062663185
0.3563968668407311	0.3452701345651733	0.3302872062663185
0.3563968668407311	0.3458387371379922	0.3302872062663185
0.3563968668407311	0.3455405951182324	0.3302872062663185
0.3563968668407311	0.34702061020712094	0.3276762402088773
0.3563968668407311	0.3481043709714703	0.3276762402088773
0.3629242819843342	0.34842640163957384	0.33550913838120106
0.3629242819843342	0.3492460625849114	0.3368146214099217
0.3629242819843342	0.3491151107572911	0.3368146214099217
0.3629242819843342	0.3495590183654567	0.3368146214099217
0.3642297650130548	0.3501785724142875	0.3368146214099217
0.43342036553524804	0.35134258623058917	0.3093994778067885
0.43342036553524804	0.3530715798807818	0.3368146214099217
0.43342036553524804	0.3544972391350555	0.3368146214099217
0.43342036553524804	0.35633715659825266	0.3368146214099217
0.43733681462140994	0.36280535599413966	0.3368146214099217
0.4386422976501306	0.3699604317514999	0.3368146214099217
0.4425587467362924	0.37685032784512124	0.3394255874673629
0.4425587467362924	0.3849599812053151	0.3394255874673629
0.44386422976501305	0.39271907387810856	0.3394255874673629
0.44386422976501305	0.4007912339330259	0.3394255874673629
0.44386422976501305	0.4103383706516862	0.3368146214099217
0.44386422976501305	0.41362010181191555	0.34073107049608353
0.44386422976501305	0.41374655315853576	0.3394255874673629
0.44386422976501305	0.41756174335402246	0.3394255874673629
0.44386422976501305	0.41689549387746583	0.3394255874673629
0.44386422976501305	0.42433627174727934	0.3394255874673629
0.44386422976501305	0.43000860022350257	0.34073107049608353
0.44386422976501305	0.4336794103012611	0.3433420365535248
0.44386422976501305	0.4357400888035026	0.34464751958224543
0.44386422976501305	0.43742333786307913	0.34464751958224543
0.44386422976501305	0.4378716824254099	0.34464751958224543
0.44386422976501305	0.43797314290620243	0.3577023498694517
0.4608355091383812	0.4392384430794304	0.35509138381201044
0.4608355091383812	0.4400279638975059	0.35509138381201044
0.4608355091383812	0.44103110693977776	0.360313315926893
0.4608355091383812	0.44130796966306013	0.34073107049608353
0.4608355091383812	0.44204844407231375	0.33159268929503916
0.4608355091383812	0.4433755990661718	0.42950391644908614
0.4608355091383812	0.44396257123610217	0.4255874673629243
0.4608355091383812	0.44513787174425157	0.43342036553524804
0.4608355091383812	0.4460359678875567	0.43342036553524804
0.4608355091383812	0.4473868459821743	0.4347258485639687
0.4608355091383812	0.44895294932594293	0.42950391644908614
0.4608355091383812	0.44958084583717256	0.43342036553524804
0.4608355091383812	0.4498218484485655	0.4347258485639687
0.46344647519582244	0.45089467506647024	0.4347258485639687
0.46344647519582244	0.4515945031288617	0.4360313315926893
0.46475195822454307	0.452969319959859	0.4360313315926893
0.46475195822454307	0.45365179853387694	0.4347258485639687
0.46475195822454307	0.454378915858902	0.43733681462140994
0.46475195822454307	0.4544868628419525	0.43733681462140994
0.4660574412532637	0.45547295048539393	0.43733681462140994
0.4660574412532637	0.4560035871590899	0.43733681462140994
0.4660574412532637	0.4568120150979918	0.43733681462140994
0.4660574412532637	0.4565318208589751	0.4360313315926893
0.4660574412532637	0.45726333787749246	0.3629242819843342
0.4699738903394256	0.45904421143759705	0.4386422976501306
0.4699738903394256	0.45908262858663684	0.4386422976501306
0.4699738903394256	0.45933797606690735	0.43342036553524804
0.4699738903394256	0.45971912749078425	0.43994778067885115
0.4699738903394256	0.4603541832217057	0.43994778067885115
0.4699738903394256	0.4610029367711812	0.43994778067885115
0.4699738903394256	0.4614871232926132	0.43994778067885115
0.4699738903394256	0.46197247026150134	0.43994778067885115
0.4699738903394256	0.4631016306221981	0.4412532637075718
0.4699738903394256	0.46422976501305485	0.4412532637075718
0.4699738903394256	0.46434941575742467	0.4412532637075718
0.4699738903394256	0.46449041833084315	0.4412532637075718
0.4699738903394256	0.4654610276868426	0.44386422976501305
0.4699738903394256	0.4659539712661637	0.44386422976501305
0.4699738903394256	0.4659630954209358	0.44386422976501305
0.47127937336814624	0.4664794818303869	0.44386422976501305
0.47127937336814624	0.4669183190434882	0.44386422976501305
0.47127937336814624	0.4670805402657882	0.44386422976501305
0.4725848563968668	0.4675123079121361	0.4425587467362924
0.4725848563968668	0.4681548453919674	0.44778067885117495
0.47389033942558745	0.4683328960216096	0.4490861618798956
0.47389033942558745	0.4688699104382897	0.4490861618798956
0.47389033942558745	0.4688607043198448	0.4490861618798956
0.47389033942558745	0.4691710076284494	0.4595300261096606
0.47389033942558745	0.46944108344477636	0.4595300261096606
0.47389033942558745	0.46981096944280987	0.42428198433420367
0.47389033942558745	0.4701510479717545	0.4608355091383812
0.47389033942558745	0.4703312689463204	0.4608355091383812
0.47389033942558745	0.47031964427158923	0.4608355091383812
0.47389033942558745	0.47044595300260916	0.4608355091383812
0.47389033942558745	0.47054647061517907	0.4608355091383812
0.47389033942558745	0.47074182153278865	0.4608355091383812
0.47780678851174935	0.4709255895362729	0.36553524804177545
0.4804177545691906	0.4705472304373457	0.36553524804177545
0.4830287206266319	0.47075512427787153	0.37467362924281983
0.4830287206266319	0.470754720847969	0.37467362924281983
0.48433420365535246	0.47127120133040634	0.3720626631853786
0.4856396866840731	0.4717885321156965	0.3720626631853786
0.4856396866840731	0.4724731898858557	0.3785900783289817
0.4856396866840731	0.4729856093266123	0.4608355091383812
0.4856396866840731	0.4737208485841451	0.4608355091383812
0.4869451697127937	0.474055284893006	0.4608355091383812
0.49738903394255873	0.4746403404282611	0.4595300261096606
0.49738903394255873	0.4750278889559726	0.4595300261096606
0.49738903394255873	0.4753752018017652	0.4595300261096606
0.49738903394255873	0.475579320512972	0.4595300261096606
0.49738903394255873	0.4766419569170776	0.38511749347258484
0.49738903394255873	0.47747301145901944	0.38511749347258484
0.49738903394255873	0.47869089391128955	0.38511749347258484
0.49738903394255873	0.47991126641669407	0.4608355091383812
0.49738903394255873	0.4802494314200601	0.4608355091383812
0.49738903394255873	0.48101097854636665	0.4608355091383812
0.49738903394255873	0.4816668158276682	0.4608355091383812
0.49738903394255873	0.48262524295950887	0.45822454308093996
0.49738903394255873	0.4841427328111402	0.45691906005221933
0.49738903394255873	0.48519231288398024	0.45691906005221933
0.49738903394255873	0.48638952229703564	0.45691906005221933
0.49738903394255873	0.48668445650882136	0.45691906005221933
0.5026109660574413	0.4880442220429764	0.4595300261096606
0.5026109660574413	0.48944559852108943	0.4660574412532637
0.5026109660574413	0.4899475906522115	0.4660574412532637
0.5026109660574413	0.4912879376399764	0.4660574412532637
0.5026109660574413	0.49159654339833836	0.46344647519582244
0.5065274151436031	0.49154921087036135	0.46344647519582244
0.5065274151436031	0.49292597253789794	0.4660574412532637
0.5065274151436031	0.4936617581503731	0.46736292428198434
0.5065274151436031	0.4940795690972195	0.4699738903394256
0.5065274151436031	0.494414916400667	0.46866840731070497
0.5065274151436031	0.49498605380149985	0.39556135770234985
0.5117493472584856	0.4952965575986524	0.46866840731070497
0.5117493472584856	0.4957327138905612	0.46344647519582244
0.5117493472584856	0.49622717246001585	0.4660574412532637
0.5117493472584856	0.49683819722157907	0.4660574412532637
0.5117493472584856	0.4966072089029184	0.4660574412532637
0.5117493472584856	0.4977030802096078	0.4660574412532637
0.5117493472584856	0.49863079046360154	0.47127937336814624
0.5117493472584856	0.49952247282815915	0.4725848563968668
0.5117493472584856	0.5005431968219359	0.4725848563968668
0.5117493472584856	0.5008829615505452	0.4725848563968668
0.5117493472584856	0.5010605924191954	0.4725848563968668
0.5117493472584856	0.501919616723111	0.4725848563968668
0.5117493472584856	0.5030694072856327	0.4725848563968668
0.5117493472584856	0.5027966982530446	0.4751958224543081
0.5117493472584856	0.5032770651744138	0.48172323759791125
0.5117493472584856	0.5038027743734569	0.48172323759791125
0.5117493472584856	0.5042530050908516	0.48172323759791125
0.5130548302872062	0.5047873599564721	0.48172323759791125
0.5130548302872062	0.5049171432296332	0.48172323759791125
0.5130548302872062	0.5055856400380919	0.48172323759791125
0.5130548302872062	0.5056372334273744	0.48172323759791125
0.5130548302872062	0.5056151498946169	0.48172323759791125
0.5130548302872062	0.5060759864327363	0.48172323759791125
0.5130548302872062	0.5068959403128283	0.48172323759791125
0.5130548302872062	0.5074792214952197	0.48172323759791125
0.5130548302872062	0.5081821797243793	0.48172323759791125
0.5130548302872062	0.5085330647636856	0.48172323759791125
0.5130548302872062	0.5089509007660906	0.48172323759791125
0.5143603133159269	0.5093150760130797	0.48172323759791125
0.5182767624020888	0.509239329430003	0.47389033942558745
0.5182767624020888	0.5095325858803074	0.48172323759791125
0.52088772845953	0.5100830266781519	0.48433420365535246
0.52088772845953	0.51050837444445	0.48433420365535246
0.52088772845953	0.5108485470363358	0.48433420365535246
0.5221932114882507	0.5114183321567684	0.48172323759791125
0.5221932114882507	0.5118958982565508	0.48172323759791125
0.5221932114882507	0.5124130098020457	0.48172323759791125
0.5221932114882507	0.5127716125312982	0.48172323759791125
0.5221932114882507	0.5134426306235242	0.48433420365535246
0.5221932114882507	0.5139101467543009	0.48433420365535246
0.5221932114882507	0.5143320417089371	0.48172323759791125
0.5261096605744126	0.514537805925931	0.48433420365535246
0.5261096605744126	0.5150916485487469	0.48172323759791125
0.5261096605744126	0.5157400652906569	0.4934725848563969
0.5261096605744126	0.5164527079306873	0.4934725848563969
0.5274151436031331	0.5164260965236399	0.4934725848563969
0.5274151436031331	0.517385692430166	0.4934725848563969
0.5274151436031331	0.5179254747285291	0.48172323759791125
0.5274151436031331	0.5182213486405716	0.48172323759791125
0.5300261096605744	0.5185889077838021	0.4934725848563969
0.5391644908616188	0.5187357086097022	0.48172323759791125
0.5391644908616188	0.5194819480977497	0.4934725848563969
0.5391644908616188	0.5198743250701174	0.4934725848563969
0.5391644908616188	0.5202164751636295	0.48433420365535246
0.5391644908616188	0.5209439300659338	0.49477806788511747
0.5391644908616188	0.5214339489660275	0.4960835509138381
0.5391644908616188	0.5221820261991442	0.5
0.5391644908616188	0.5223892730420164	0.5
0.5430809399477807	0.5232585874069394	0.5
0.5443864229765013	0.5241030554330626	0.5
0.5509138381201044	0.5255937969776092	0.5
0.5509138381201044	0.5263874900944299	0.5
0.5509138381201044	0.5282104016604353	0.5052219321148825
0.5509138381201044	0.5296192262617304	0.5052219321148825
0.5509138381201044	0.5305950056262712	0.5
0.5548302872062664	0.5303247291318137	0.5
0.5600522193211488	0.5311927778869568	0.5
0.5600522193211488	0.5330898713811353	0.5052219321148825
0.5600522193211488	0.5341676420275496	0.5117493472584856
0.5600522193211488	0.5349181866329678	0.5117493472584856
0.5600522193211488	0.5359834381324615	0.5117493472584856
0.5600522193211488	0.5381456900564408	0.5117493472584856
0.5626631853785901	0.5398902717680439	0.5117493472584856
0.5744125326370757	0.5413980787462442	0.5130548302872062
0.5744125326370757	0.5433365268947858	0.5130548302872062
0.5744125326370757	0.5444765089398863	0.5130548302872062
0.5744125326370757	0.5458472843820362	0.5130548302872062
0.5744125326370757	0.5469593947665177	0.5117493472584856
0.5796344647519582	0.548463593550519	0.5117493472584856
0.5796344647519582	0.5492755552462867	0.5117493472584856
0.5796344647519582	0.5508308305286823	0.5117493472584856
0.5796344647519582	0.5537130226072927	0.5182767624020888
0.5796344647519582	0.5571438014343797	0.5182767624020888
0.5796344647519582	0.5580857511998162	0.5182767624020888
0.5796344647519582	0.5606847729536226	0.42950391644908614
0.5796344647519582	0.5622872062663198	0.52088772845953
0.5796344647519582	0.563197584930827	0.52088772845953
0.5796344647519582	0.564246399154036	0.52088772845953
0.5796344647519582	0.5662477068842382	0.5221932114882507
0.5796344647519582	0.5663164680104924	0.5221932114882507
0.5796344647519582	0.5670826510893793	0.52088772845953
0.5796344647519582	0.5679086662290538	0.5221932114882507
0.5796344647519582	0.5685664944623456	0.52088772845953
0.5796344647519582	0.5695774103084831	0.52088772845953
0.5796344647519582	0.5711846417889087	0.52088772845953
0.5796344647519582	0.5723179252301029	0.5117493472584856
0.5796344647519582	0.5725263497995955	0.5117493472584856
0.5796344647519582	0.5727222298056753	0.5156657963446475
0.5809399477806788	0.5728230599594901	0.5156657963446475
0.5809399477806788	0.5736564223114734	0.4908616187989556
0.5809399477806788	0.5740778673744668	0.5156657963446475
0.5809399477806788	0.5744226080298018	0.4869451697127937
0.5809399477806788	0.5754652488747587	0.5039164490861618
0.5809399477806788	0.5762697291301863	0.5391644908616188
0.5809399477806788	0.5769748826781156	0.5391644908616188
0.5809399477806788	0.5775884946282608	0.5483028720626631
0.5809399477806788	0.5777082722352114	0.4308093994778068
0.5809399477806788	0.5780775448395798	0.5483028720626631
0.5809399477806788	0.5783346515735276	0.5483028720626631
0.5822454308093995	0.5788424057096178	0.5509138381201044
0.5822454308093995	0.5792096535177502	0.5548302872062664
0.5822454308093995	0.5795218017074111	0.556135770234987
0.5835509138381201	0.5795389073289755	0.556135770234987
0.5848563968668408	0.5797017721476411	0.5678851174934726
0.5848563968668408	0.5798807295033584	0.5626631853785901
0.5848563968668408	0.580072883651445	0.5678851174934726
0.5848563968668408	0.5803101950282987	0.5626631853785901
0.5848563968668408	0.5805590081109581	0.5691906005221932
0.587467362924282	0.5808150875547665	0.5691906005221932
0.587467362924282	0.581184985422338	0.5691906005221932
0.587467362924282	0.5814676668462573	0.5626631853785901
0.5887728459530026	0.5816085425736355	0.5626631853785901
0.5887728459530026	0.5818767591005507	0.5626631853785901
0.5926892950391645	0.5821342382485937	0.5704960835509139
0.5926892950391645	0.5824741985594484	0.5691906005221932
0.5926892950391645	0.5830751985564492	0.5691906005221932
0.5939947780678851	0.583403586599769	0.5744125326370757
0.5939947780678851	0.5839783608360538	0.566579634464752
0.5939947780678851	0.5847178336317426	0.5744125326370757
0.5939947780678851	0.5849228233137852	0.5757180156657964
0.5939947780678851	0.5849416252925513	0.5744125326370757
0.5939947780678851	0.585658317155425	0.5744125326370757
0.5939947780678851	0.5855178954913023	0.5718015665796344
0.5939947780678851	0.5858123169836494	0.5731070496083551
0.5939947780678851	0.5863537443077996	0.5731070496083551
0.5939947780678851	0.5868085961036361	0.5731070496083551
0.5939947780678851	0.5874018883404477	0.5731070496083551
0.5939947780678851	0.5876820542088839	0.5731070496083551
0.5966057441253264	0.5877574702639994	0.5731070496083551
0.597911227154047	0.5880052272443569	0.5430809399477807
0.597911227154047	0.5884468065366955	0.5796344647519582
0.5992167101827677	0.5887305202621039	0.5796344647519582
0.5992167101827677	0.5889484063603048	0.5052219321148825
0.5992167101827677	0.5892510400392041	0.5731070496083551
0.5992167101827677	0.5896681470029128	0.5731070496083551
0.6005221932114883	0.5904981828201076	0.577023498694517
0.6005221932114883	0.5911874003210683	0.577023498694517
0.6005221932114883	0.5918607902942112	0.5757180156657964
0.6005221932114883	0.5919498256312888	0.577023498694517
0.6005221932114883	0.5924706298858011	0.5809399477806788
0.6057441253263708	0.5930296299182946	0.5548302872062664
0.6057441253263708	0.5934217656560742	0.5548302872062664
0.6057441253263708	0.5939883088754737	0.5796344647519582
0.608355091383812	0.5945861838316381	0.5796344647519582
0.608355091383812	0.5955154789305613	0.5796344647519582
0.608355091383812	0.5959896590309853	0.5195822454308094
0.608355091383812	0.5964016420588918	0.5274151436031331
0.608355091383812	0.5970951401184303	0.5796344647519582
0.608355091383812	0.5974560342468754	0.5809399477806788
0.608355091383812	0.5977721287668252	0.5796344647519582
0.608355091383812	0.598489460612624	0.5822454308093995
0.608355091383812	0.5985023173277163	0.5522193211488251
0.6096605744125326	0.5989705841307087	0.5809399477806788
0.6109660574412533	0.5996953450856379	0.5809399477806788
0.6109660574412533	0.6006877481744753	0.5809399477806788
0.6109660574412533	0.6010557384493159	0.5809399477806788
0.6109660574412533	0.6015922612678187	0.5835509138381201
0.6109660574412533	0.601847779924967	0.5809399477806788
0.6109660574412533	0.6020245646508837	0.5809399477806788
0.6109660574412533	0.6025861831581463	0.5809399477806788
0.6161879895561357	0.6029095406448748	0.5809399477806788
0.6161879895561357	0.6030359026536123	0.5809399477806788
0.6161879895561357	0.6030124425351039	0.5757180156657964
0.6161879895561357	0.6037703741059771	0.5757180156657964
0.6174934725848564	0.6043940103992361	0.5757180156657964
0.6174934725848564	0.6048333807679497	0.5757180156657964
0.6174934725848564	0.6053736003418753	0.5757180156657964
0.6174934725848564	0.6056689275315197	0.5822454308093995
0.6227154046997389	0.6060135888356022	0.5822454308093995
0.6279373368146214	0.6064195869122602	0.5822454308093995
0.6279373368146214	0.6071893502004228	0.5848563968668408
0.6279373368146214	0.608073684545386	0.577023498694517
0.6279373368146214	0.6084747708382742	0.5078328981723238
0.6279373368146214	0.6089206788024216	0.5078328981723238
0.6279373368146214	0.6097092410678482	0.5052219321148825
0.6279373368146214	0.6104280769931432	0.5091383812010444
0.6279373368146214	0.6122436610738212	0.5091383812010444
0.6279373368146214	0.6127458216073817	0.5143603133159269
0.6279373368146214	0.6141724010501869	0.587467362924282
0.6279373368146214	0.6145582452765168	0.5600522193211488
0.6279373368146214	0.6155310368062017	0.5600522193211488
0.6279373368146214	0.616562700416269	0.5600522193211488
0.6279373368146214	0.6168125594899893	0.5600522193211488
0.6279373368146214	0.6174480020485706	0.5926892950391645
0.6279373368146214	0.6178709040917901	0.47911227154047
0.6279373368146214	0.6178749836069513	0.5926892950391645
0.6279373368146214	0.6187941954202206	0.5926892950391645
0.6279373368146214	0.6191137445149549	0.5926892950391645
0.6279373368146214	0.619075229497042	0.5966057441253264
0.6527415143603134	0.6192534483452459	0.5926892950391645
0.6527415143603134	0.6200217383599371	0.5926892950391645
0.6527415143603134	0.620644557185347	0.5966057441253264
0.6527415143603134	0.6215323474915683	0.587467362924282
0.6527415143603134	0.6223229372545634	0.5913838120104439
0.6527415143603134	0.6226720058928562	0.5913838120104439
0.6527415143603134	0.6241965132480203	0.5900783289817232
0.6527415143603134	0.6256360869636372	0.5913838120104439
0.6527415143603134	0.627187179899995	0.6005221932114883
0.6527415143603134	0.6282855432602824	0.5992167101827677
0.6527415143603134	0.6297101432427581	0.5992167101827677
0.6527415143603134	0.6301850884827358	0.597911227154047
0.6527415143603134	0.6307880854691726	0.6044386422976501
0.6527415143603134	0.6316884324259291	0.6044386422976501
0.6527415143603134	0.6336960059837478	0.6005221932114883
0.6527415143603134	0.6343368537974184	0.6005221932114883
0.664490861618799	0.6353044018357217	0.6005221932114883
0.664490861618799	0.6362226187277625	0.5809399477806788
0.664490861618799	0.6376270238425373	0.5039164490861618
0.664490861618799	0.639541376146151	0.46736292428198434
0.664490861618799	0.6407488881122152	0.5039164490861618
0.664490861618799	0.6415497052686706	0.5013054830287206
0.664490861618799	0.6420996082412669	0.5039164490861618
0.664490861618799	0.6424658063431175	0.47911227154047
0.664490861618799	0.6445740223622008	0.46736292428198434
0.664490861618799	0.6456162717759693	0.46736292428198434
0.6671018276762402	0.6456986877352333	0.46736292428198434
0.674934725848564	0.6475274805869956	0.6096605744125326
0.674934725848564	0.648698909882238	0.6096605744125326
0.674934725848564	0.6492501062602379	0.6096605744125326
0.674934725848564	0.649926250872746	0.6096605744125326
0.674934725848564	0.6514080166743162	0.6109660574412533
0.674934725848564	0.6516687138251359	0.6057441253263708
0.674934725848564	0.6535444590118457	0.6031331592689295
0.674934725848564	0.6539098715030044	0.6031331592689295
0.674934725848564	0.6539824466510353	0.6109660574412533
0.6775456919060052	0.6550680517748949	0.6109660574412533
0.6775456919060052	0.655472269854538	0.6005221932114883
0.6788511749347258	0.6571208064541081	0.6005221932114883
0.6788511749347258	0.6589594161694131	0.6109660574412533
0.6788511749347258	0.6609529253634447	0.6109660574412533
0.6788511749347258	0.6615438851615557	0.6109660574412533
0.6788511749347258	0.6615169558819299	0.6109660574412533
0.6788511749347258	0.661642734641082	0.6122715404699739
0.6788511749347258	0.6627699478025988	0.6109660574412533
0.6788511749347258	0.6649789131115119	0.6122715404699739
0.6814621409921671	0.6655374329506086	0.6122715404699739
0.6814621409921671	0.6654113525763911	0.6122715404699739
0.6814621409921671	0.6657985222672497	0.6109660574412533
0.6814621409921671	0.6667311618038043	0.6148825065274152
0.6814621409921671	0.667596674111066	0.618798955613577
0.6840731070496083	0.6692057679598701	0.6122715404699739
0.6840731070496083	0.6697971580056282	0.6227154046997389
0.6840731070496083	0.6713163026647392	0.6227154046997389
0.6840731070496083	0.6724585123745995	0.6148825065274152
0.6840731070496083	0.6732471764759056	0.6148825065274152
0.6840731070496083	0.6739805950423877	0.6148825065274152
0.6866840731070496	0.6748317460862331	0.6148825065274152
0.6866840731070496	0.6749689961167507	0.6148825065274152
0.6866840731070496	0.6760167478183139	0.6161879895561357
0.6866840731070496	0.6767034792243529	0.6357702349869452
0.6866840731070496	0.6772121276709104	0.6422976501305483
0.6879895561357703	0.6776222972671015	0.6331592689295039
0.6879895561357703	0.6787746942365404	0.643603133159269
0.6879895561357703	0.6794111221639388	0.6449086161879896
0.6879895561357703	0.6797130266665804	0.643603133159269
0.6879895561357703	0.6805435460513086	0.643603133159269
0.6879895561357703	0.681139200162101	0.6409921671018277
0.6892950391644909	0.6812956629303921	0.6449086161879896
0.6945169712793734	0.6815315703877308	0.6540469973890339
0.6945169712793734	0.6818213326219504	0.6566579634464752
0.6945169712793734	0.6818752818060747	0.6566579634464752
0.6945169712793734	0.6828356724546228	0.6566579634464752
0.6945169712793734	0.6831031404758278	0.6553524804177546
0.6945169712793734	0.6835043714375767	0.6566579634464752
0.6945169712793734	0.6840116357816961	0.6553524804177546
0.6945169712793734	0.6848012649142342	0.6553524804177546
0.695822454308094	0.6850576718159005	0.6566579634464752
0.7010443864229765	0.6853962177284411	0.660574412532637
0.7010443864229765	0.6860670486144931	0.660574412532637
0.7010443864229765	0.6865559021683663	0.660574412532637
0.7088772845953003	0.6873393946274009	0.6657963446475196
0.7088772845953003	0.6873579372749964	0.6096605744125326
0.7101827676240209	0.6880728848397354	0.6488250652741514
0.7101827676240209	0.6885195555400391	0.6488250652741514
0.7101827676240209	0.689825231407894	0.6488250652741514
0.7101827676240209	0.6916684585061205	0.6475195822454308
0.7101827676240209	0.6921186445876145	0.6488250652741514
0.7101827676240209	0.6927286942924158	0.6657963446475196
0.7101827676240209	0.6937485605036855	0.6671018276762402
0.7101827676240209	0.6948354562271426	0.6671018276762402
0.7114882506527415	0.695998211945421	0.6671018276762402
0.7114882506527415	0.6966562593194424	0.6370757180156658
0.7114882506527415	0.698064765732131	0.6684073107049608
0.7114882506527415	0.6987681336749869	0.6697127937336814
0.7114882506527415	0.6994501422602886	0.6697127937336814
0.7180156657963447	0.7004062622861539	0.6684073107049608
0.7180156657963447	0.7012376421990049	0.6657963446475196
0.7180156657963447	0.7017880796033091	0.6697127937336814
0.7193211488250653	0.7027502443390609	0.6697127937336814
0.7193211488250653	0.7031754396862826	0.6697127937336814
0.7193211488250653	0.703809409481507	0.664490861618799
0.7193211488250653	0.7037692201661665	0.664490861618799
0.7193211488250653	0.7042866517601576	0.6697127937336814
0.7193211488250653	0.7062543690364518	0.6697127937336814
0.7193211488250653	0.7073948206228537	0.6697127937336814
0.7193211488250653	0.7080364145380195	0.6697127937336814
0.7219321148825065	0.7084510448820519	0.6736292428198434
0.7310704960835509	0.7092335953537083	0.6671018276762402
0.7310704960835509	0.7094396009036611	0.6671018276762402
0.7310704960835509	0.7100515285893921	0.6671018276762402
0.7362924281984334	0.7109217202817897	0.6671018276762402
0.7362924281984334	0.7114685749477164	0.6775456919060052
0.7362924281984334	0.7120707573766215	0.6527415143603134
0.7362924281984334	0.7130487491491353	0.6762402088772846
0.7362924281984334	0.7140228268555442	0.6096605744125326
0.7389033942558747	0.7146028300134022	0.6775456919060052
0.7389033942558747	0.716036448070683	0.6801566579634465
0.7389033942558747	0.7181258372543375	0.6801566579634465
0.7389033942558747	0.7197845417569659	0.6788511749347258
0.7389033942558747	0.720424442375033	0.6840731070496083
0.7389033942558747	0.7206936045890937	0.6866840731070496
0.7389033942558747	0.7219398683080726	0.685378590078329
0.7389033942558747	0.7230992109037414	0.685378590078329
0.7389033942558747	0.7240309373387542	0.6801566579634465
0.7389033942558747	0.7252204269016418	0.6801566579634465
0.7389033942558747	0.7263013883402617	0.685378590078329
0.7389033942558747	0.7271838701174334	0.6840731070496083
0.7389033942558747	0.728777495355409	0.685378590078329
0.7389033942558747	0.7302177595570849	0.685378590078329
0.7389033942558747	0.7304747437402982	0.6866840731070496
0.7389033942558747	0.7311001444160793	0.6892950391644909
0.7389033942558747	0.7319185348030206	0.6892950391644909
0.7389033942558747	0.7324360561252888	0.6892950391644909
0.7389033942558747	0.7331786940599185	0.6932114882506527
0.7389033942558747	0.733294476275969	0.6932114882506527
0.7389033942558747	0.7336453833372983	0.6932114882506527
0.7389033942558747	0.7341431689202222	0.7010443864229765
0.7389033942558747	0.7348790227148457	0.7101827676240209
0.7389033942558747	0.7352270557340197	0.6879895561357703
0.7389033942558747	0.735217269001254	0.6879895561357703
0.7389033942558747	0.7353649225664857	0.6906005221932114
0.7389033942558747	0.7356429809815599	0.6475195822454308
0.7389033942558747	0.7353628942060703	0.6449086161879896
0.7389033942558747	0.7355387956520273	0.6618798955613577
0.7402088772845953	0.7359325534798287	0.660574412532637
0.7402088772845953	0.7362465725221644	0.7049608355091384
0.7402088772845953	0.7362802798238011	0.6971279373368147
0.7402088772845953	0.7367422086272076	0.706266318537859
0.7402088772845953	0.7367192028074023	0.706266318537859
0.7402088772845953	0.73709172251182	0.706266318537859
0.7402088772845953	0.7371407598747548	0.706266318537859
0.7402088772845953	0.7372360502597111	0.706266318537859
0.7402088772845953	0.7373885150848654	0.706266318537859
0.7402088772845953	0.7379328402536615	0.7154046997389034
0.7402088772845953	0.7381374739226778	0.716710182767624
0.7402088772845953	0.7381514729354475	0.7193211488250653
0.7402088772845953	0.7382382151826664	0.7193211488250653
0.7402088772845953	0.7381802725782323	0.7193211488250653
0.741514360313316	0.7380177604489161	0.7010443864229765
0.741514360313316	0.737883227616422	0.7127937336814621
0.741514360313316	0.7378608400897761	0.7140992167101827
0.7428198433420365	0.7379190216287461	0.7193211488250653
0.7428198433420365	0.7381149884799509	0.6892950391644909
0.7428198433420365	0.7380522302685886	0.706266318537859
0.7441253263707572	0.7381846042281897	0.706266318537859
0.7441253263707572	0.7381455772782192	0.706266318537859
0.7441253263707572	0.7383065241446138	0.7193211488250653
0.7441253263707572	0.7384606731175647	0.7193211488250653
0.7480417754569191	0.7387729365486242	0.706266318537859
0.7480417754569191	0.7392055642708308	0.706266318537859
0.7480417754569191	0.7393244012395248	0.7049608355091384
0.7480417754569191	0.7395547824706143	0.6540469973890339
0.7493472584856397	0.7398539012229489	0.706266318537859
0.7493472584856397	0.7402241723993284	0.706266318537859
0.7493472584856397	0.7406095967827364	0.7088772845953003
0.7532637075718016	0.7413097897768508	0.7088772845953003
0.7532637075718016	0.7417276101148468	0.706266318537859
0.7532637075718016	0.7421621805414085	0.706266318537859
0.7545691906005222	0.7428118013521234	0.706266318537859
0.7545691906005222	0.7430000945872838	0.706266318537859
0.7545691906005222	0.7434997638546014	0.7219321148825065
0.758485639686684	0.7443086457326585	0.7023498694516971
0.758485639686684	0.7452157468447087	0.7219321148825065
0.758485639686684	0.7456100803524338	0.7219321148825065
0.758485639686684	0.746023727353457	0.685378590078329
0.758485639686684	0.746677877594369	0.7193211488250653
0.758485639686684	0.7474195276219685	0.7193211488250653
0.758485639686684	0.7477195974275167	0.7193211488250653
0.762402088772846	0.7481087685090312	0.7193211488250653
0.762402088772846	0.7486623860673342	0.7193211488250653
0.762402088772846	0.7489235259470218	0.7193211488250653
0.762402088772846	0.7497607638699875	0.7193211488250653
0.762402088772846	0.7505554220944881	0.720626631853786
0.762402088772846	0.7510887780994044	0.7075718015665796
0.7676240208877284	0.7514790519377637	0.6971279373368147
0.7676240208877284	0.7520376887274376	0.706266318537859
0.7676240208877284	0.7524553022494068	0.706266318537859
0.7676240208877284	0.753070367189965	0.706266318537859
0.7676240208877284	0.7536133439325933	0.7114882506527415
0.7676240208877284	0.7540984176121228	0.685378590078329
0.7715404699738904	0.7550757700615045	0.685378590078329
0.7715404699738904	0.7560557260200923	0.6618798955613577
0.7715404699738904	0.7566446404255109	0.6618798955613577
0.7715404699738904	0.757381465424144	0.6618798955613577
0.7715404699738904	0.7579083970256091	0.6618798955613577
0.7715404699738904	0.7584589268326378	0.6618798955613577
0.7715404699738904	0.7591517200190759	0.6618798955613577
0.7715404699738904	0.7597619018971239	0.7349869451697127
0.7715404699738904	0.7605352737909519	0.7349869451697127
0.7715404699738904	0.7612346115009404	0.7402088772845953
0.7715404699738904	0.76173779052348	0.7402088772845953
0.7715404699738904	0.7621447538732782	0.6462140992167101
0.7715404699738904	0.7624712477822175	0.6684073107049608
0.7715404699738904	0.7626212325601618	0.664490861618799
0.7715404699738904	0.7631795877977793	0.6906005221932114
0.7715404699738904	0.7637943205109664	0.6945169712793734
0.7715404699738904	0.7640388264412544	0.6906005221932114
0.7715404699738904	0.7642267112515825	0.7402088772845953
0.7715404699738904	0.7647419616640356	0.7402088772845953
0.7715404699738904	0.764666166922461	0.6370757180156658
0.7715404699738904	0.7650299542869666	0.6370757180156658
0.7715404699738904	0.7649286667870594	0.6370757180156658
0.7715404699738904	0.7648343831698021	0.6370757180156658
0.7715404699738904	0.7646965740960507	0.6370757180156658
0.7715404699738904	0.765217325516686	0.6370757180156658
0.7715404699738904	0.7657031558268179	0.6409921671018277
0.7715404699738904	0.7664602376867856	0.7284595300261096
0.7715404699738904	0.7666476301170473	0.7284595300261096
0.7715404699738904	0.7671640492888806	0.7219321148825065
0.7715404699738904	0.7673851417154829	0.716710182767624
0.7715404699738904	0.7679159819484601	0.7219321148825065
0.7898172323759791	0.7680430751081735	0.7219321148825065
0.7898172323759791	0.7681656840181864	0.7219321148825065
0.793733681462141	0.7689361518249258	0.7480417754569191
0.793733681462141	0.7691004699074869	0.7480417754569191
0.793733681462141	0.7693489162418572	0.7480417754569191
0.793733681462141	0.7701596546968313	0.7480417754569191
0.793733681462141	0.7713420431677414	0.7480417754569191
0.7950391644908616	0.7724041861333014	0.7480417754569191
0.7950391644908616	0.7729935723722461	0.7454308093994778
0.7950391644908616	0.7738738664536108	0.7402088772845953
0.8120104438642297	0.7749526587597287	0.7428198433420365
0.8342036553524804	0.7759120717333705	0.7402088772845953
0.8342036553524804	0.7769929745155868	0.7362924281984334
0.8342036553524804	0.7784227339256716	0.7454308093994778
0.8342036553524804	0.7795411575009967	0.7506527415143603
0.8342036553524804	0.7796529393395846	0.741514360313316
0.8342036553524804	0.7813842528865063	0.741514360313316
0.8381201044386423	0.7834080527346585	0.7336814621409922
0.8381201044386423	0.7861100840623508	0.7336814621409922
0.8381201044386423	0.7892153274281517	0.7545691906005222
0.8381201044386423	0.7917514919225698	0.7558746736292428
0.8381201044386423	0.7951138098846635	0.7558746736292428
0.8381201044386423	0.79663799628208	0.7558746736292428
0.8381201044386423	0.799441224127065	0.7428198433420365
0.8381201044386423	0.803850164498936	0.7519582245430809
0.8381201044386423	0.8061539355832439	0.7519582245430809
0.839425587467363	0.8089108288164125	0.7519582245430809
0.8407310704960835	0.8110190499047168	0.7519582245430809
0.8407310704960835	0.8131832068068403	0.7519582245430809
0.8433420365535248	0.8157164089174411	0.7519582245430809
0.8433420365535248	0.8189093640123073	0.7597911227154047
0.8433420365535248	0.8198385336275963	0.7597911227154047
0.8433420365535248	0.8211344175272391	0.7597911227154047
0.8433420365535248	0.822232863636572	0.762402088772846
0.8433420365535248	0.8234939037535532	0.762402088772846
0.8459530026109661	0.8254999035042987	0.7519582245430809
0.8459530026109661	0.8279303275097581	0.758485639686684
0.8459530026109661	0.8287836334910006	0.762402088772846
0.8459530026109661	0.8303126325943184	0.762402088772846
0.8511749347258486	0.8318775941019069	0.741514360313316
0.8511749347258486	0.8323567971515495	0.7715404699738904
0.8511749347258486	0.8333708062644108	0.7715404699738904
0.8511749347258486	0.8351390801998235	0.7715404699738904
0.856396866840731	0.835967992367695	0.7715404699738904
0.856396866840731	0.835746570642007	0.7676240208877284
0.8616187989556136	0.8363363907530464	0.7676240208877284
0.8616187989556136	0.8381515808226941	0.7676240208877284
0.8616187989556136	0.8395206888800475	0.7806788511749347
0.8616187989556136	0.8406031127488267	0.7780678851174935
0.8720626631853786	0.842247469401512	0.7754569190600522
0.8720626631853786	0.8433420365535218	0.7780678851174935
0.8720626631853786	0.8448798314213842	0.7715404699738904
0.8720626631853786	0.8471006714135889	0.7715404699738904
0.8720626631853786	0.8482401339661221	0.7872062663185379
0.8720626631853786	0.849443903199405	0.7898172323759791
0.8720626631853786	0.8517354283338857	0.8002610966057441
0.8720626631853786	0.8531203299240978	0.8054830287206266
0.8720626631853786	0.8540499485106945	0.8054830287206266
0.8720626631853786	0.855460611335286	0.7976501305483029
0.8720626631853786	0.8565874596152533	0.8159268929503917
0.8720626631853786	0.8579584938424885	0.8093994778067886
0.8733681462140992	0.8587952764547799	0.8093994778067886
0.8733681462140992	0.8591105113386379	0.8002610966057441
0.8733681462140992	0.8597804814479569	0.8002610966057441
0.8733681462140992	0.8607438557576104	0.8002610966057441
0.8733681462140992	0.8612641568364496	0.8002610966057441
0.8733681462140992	0.8617878432559871	0.8002610966057441
0.8733681462140992	0.8626579665164043	0.8002610966057441
0.8746736292428199	0.8626651784824607	0.8002610966057441
0.8746736292428199	0.8632389761337921	0.8028720626631853
0.8746736292428199	0.8634466281522531	0.8002610966057441
0.8746736292428199	0.8631633786420313	0.8133159268929504
0.8746736292428199	0.8640283345515927	0.8028720626631853
0.8746736292428199	0.8638868185081454	0.8159268929503917
0.8746736292428199	0.864695628344596	0.8002610966057441
0.8746736292428199	0.8650478778487685	0.8093994778067886
0.8759791122715405	0.8655686635468822	0.8093994778067886
0.8759791122715405	0.8662725690783404	0.8185378590078329
0.8759791122715405	0.8666384304502639	0.8172323759791122
0.8772845953002611	0.8669837666023428	0.8172323759791122
0.8772845953002611	0.8674235494927043	0.8159268929503917
0.8772845953002611	0.8674221202735781	0.8159268929503917
0.8838120104438643	0.8677547954441656	0.8002610966057441
0.8838120104438643	0.8683895326325616	0.8172323759791122
0.8851174934725848	0.868698504902151	0.8172323759791122
0.8851174934725848	0.8695539111129214	0.8172323759791122
0.8851174934725848	0.869995961185347	0.8328981723237598
0.8851174934725848	0.8704452439476196	0.8172323759791122
0.8851174934725848	0.8705624437324141	0.8120104438642297
0.8851174934725848	0.8715344849514128	0.8172323759791122
0.8877284595300261	0.8724490024674916	0.8328981723237598
0.8877284595300261	0.8732293126844602	0.835509138381201
0.8877284595300261	0.873513531245854	0.835509138381201
0.8890339425587467	0.8744479810068266	0.835509138381201
0.8890339425587467	0.8751035831975801	0.8342036553524804
0.8890339425587467	0.8754240776543234	0.8381201044386423
0.8890339425587467	0.8758388414969951	0.8381201044386423
0.8890339425587467	0.8769598925367297	0.8420365535248042
0.8890339425587467	0.8778140453090758	0.8433420365535248
0.8890339425587467	0.8785486579042764	0.7689295039164491
0.8890339425587467	0.8790584859352144	0.8433420365535248
0.8890339425587467	0.8800483227974705	0.8211488250652742
0.8890339425587467	0.8804653741082437	0.8433420365535248
0.8890339425587467	0.8807695649420773	0.8420365535248042
0.891644908616188	0.8814694958261359	0.8433420365535248
0.891644908616188	0.8822082572352602	0.8433420365535248
0.8929503916449086	0.8827119997299557	0.8433420365535248
0.8929503916449086	0.8833524159132633	0.8433420365535248
0.8929503916449086	0.8838844966019443	0.8420365535248042
0.8929503916449086	0.884353219094433	0.8446475195822454
0.8929503916449086	0.8845578963824942	0.8446475195822454
0.8929503916449086	0.8850926827274953	0.8577023498694517
0.8929503916449086	0.8853769864699238	0.856396866840731
0.9073107049608355	0.8854225673091962	0.8577023498694517
0.9073107049608355	0.8856105951402624	0.856396866840731
0.9073107049608355	0.8859972597206588	0.8498694516971279
0.9073107049608355	0.8865129597673264	0.8498694516971279
0.9073107049608355	0.8869985198243582	0.8198433420365535
0.9073107049608355	0.8875192057334188	0.8198433420365535
0.9073107049608355	0.8879975119880319	0.8198433420365535
0.912532637075718	0.888808535417104	0.8198433420365535
0.912532637075718	0.8891761095884182	0.8381201044386423
0.912532637075718	0.889231459041288	0.835509138381201
0.912532637075718	0.8898641808004059	0.8315926892950392
0.912532637075718	0.8908939861467849	0.8315926892950392
0.9138381201044387	0.8922096360023121	0.8315926892950392
0.933420365535248	0.8933027787626198	0.8159268929503917
0.933420365535248	0.8944960376690354	0.8511749347258486
0.9347258485639687	0.8955534804048699	0.8511749347258486
0.9347258485639687	0.8969598340427107	0.8616187989556136
0.9347258485639687	0.8982323459680132	0.860313315926893
0.9347258485639687	0.8993100711341945	0.860313315926893
0.9347258485639687	0.9016880729758617	0.8655352480417755
0.9360313315926893	0.9031207667950076	0.8694516971279374
0.9373368146214099	0.905532117728244	0.8694516971279374
0.9373368146214099	0.9078529387936646	0.8720626631853786
0.9373368146214099	0.909371508241079	0.8720626631853786
0.9373368146214099	0.9118362849115611	0.8681462140992167
0.9373368146214099	0.9135561981047418	0.8524804177545692
0.9373368146214099	0.9153863026880863	0.8681462140992167
0.9373368146214099	0.9165141129288693	0.8707571801566579
0.9373368146214099	0.9173012862785113	0.8655352480417755
0.9373368146214099	0.9192695219435306	0.8733681462140992
0.9412532637075718	0.9201612232791551	0.8655352480417755
0.9412532637075718	0.9213254699386935	0.8328981723237598
0.9412532637075718	0.9215957965836619	0.8172323759791122
0.9412532637075718	0.9236970099593036	0.8015665796344648
0.9412532637075718	0.9245822243859383	0.8407310704960835
0.9412532637075718	0.9256309133896382	0.8407310704960835
0.9412532637075718	0.9266297538131921	0.8342036553524804
0.9412532637075718	0.9277068669665837	0.8342036553524804
0.9412532637075718	0.9283157802094522	0.8407310704960835
0.9412532637075718	0.9290810822879836	0.8498694516971279
0.9412532637075718	0.9297457758249251	0.8407310704960835
0.9412532637075718	0.930216884247162	0.8407310704960835
0.9412532637075718	0.930526324574927	0.8211488250652742
0.9412532637075718	0.9310588238563573	0.8211488250652742
0.9412532637075718	0.9313680990195947	0.8211488250652742
0.9412532637075718	0.9320199004699106	0.8211488250652742
0.9412532637075718	0.933286008130692	0.8668407310704961
0.9412532637075718	0.9339164075763591	0.8550913838120104
0.9412532637075718	0.9344812000768404	0.8550913838120104
0.9412532637075718	0.9348294035371494	0.8590078328981723
0.9412532637075718	0.9347182625558657	0.8590078328981723
0.9425587467362925	0.9350737477352014	0.8537859007832899
0.9425587467362925	0.9357588111502037	0.8590078328981723
0.9425587467362925	0.9361042021566837	0.8276762402088773
0.9425587467362925	0.937060747195021	0.7989556135770235
0.9425587467362925	0.9368634655463494	0.8590078328981723
0.9425587467362925	0.9366391864202237	0.8067885117493473
0.9425587467362925	0.9367343893118677	0.8590078328981723
0.9425587467362925	0.9371891015076199	0.8681462140992167
0.9425587467362925	0.9374536317840959	0.8681462140992167
0.9425587467362925	0.9378124663051521	0.8655352480417755
0.9425587467362925	0.9375897306546412	0.8681462140992167
0.9425587467362925	0.9378666350681093	0.8590078328981723
0.9425587467362925	0.9382293595581784	0.8590078328981723
0.9425587467362925	0.9387401579083882	0.8590078328981723
0.9425587467362925	0.9387325884680177	0.8420365535248042
0.9425587467362925	0.9389522227120015	0.8681462140992167
0.9425587467362925	0.9389742575276866	0.8681462140992167
0.9425587467362925	0.938907590209609	0.8681462140992167
0.9425587467362925	0.9389668092263942	0.8459530026109661
0.9425587467362925	0.938621361295287	0.8459530026109661
0.943864229765013	0.938470257250985	0.8459530026109661
0.943864229765013	0.9384657170855737	0.8459530026109661
0.943864229765013	0.9385062958080348	0.8590078328981723
0.943864229765013	0.9387700883639049	0.8590078328981723
0.943864229765013	0.9391885445375873	0.8590078328981723
0.943864229765013	0.9393893426943168	0.8590078328981723
0.943864229765013	0.9395039030388752	0.8681462140992167
0.943864229765013	0.9391627493244714	0.8368146214099217
0.943864229765013	0.9397470400798545	0.8590078328981723
0.943864229765013	0.9400587433940301	0.8590078328981723
0.943864229765013	0.9400713174360326	0.8681462140992167
0.943864229765013	0.9400845328612047	0.8590078328981723
0.9477806788511749	0.940103052524522	0.8616187989556136
0.9477806788511749	0.9405682346221179	0.8681462140992167
0.9477806788511749	0.9408695328325879	0.8720626631853786
0.9477806788511749	0.9410964728705263	0.8720626631853786
0.9477806788511749	0.9414072403535555	0.8720626631853786
0.9477806788511749	0.9415390245939956	0.8720626631853786
0.9477806788511749	0.9419924413128689	0.8459530026109661
0.9477806788511749	0.9424039149933953	0.8629242819843342
0.9503916449086162	0.9428198433420302	0.9151436031331592
0.9503916449086162	0.9431002217406095	0.9151436031331592
0.9503916449086162	0.9433081296168436	0.9151436031331592
0.9503916449086162	0.9436263300308471	0.8890339425587467
0.9503916449086162	0.9438583047285678	0.9151436031331592
0.9503916449086162	0.9442114816739061	0.9151436031331592
0.9503916449086162	0.9446178226356379	0.9151436031331592
0.9503916449086162	0.9448907634286181	0.9151436031331592
0.9503916449086162	0.9452523300019767	0.9216710182767625
0.9503916449086162	0.9455201560553276	0.9281984334203656
0.9503916449086162	0.9458214727419033	0.8707571801566579
0.9516971279373369	0.9461163023909173	0.8720626631853786
0.9595300261096605	0.9463119288103549	0.8720626631853786
0.9595300261096605	0.9468177138584711	0.9177545691906005
0.9595300261096605	0.9469438140439423	0.9177545691906005
0.9595300261096605	0.9471341229172483	0.9164490861618799
0.9595300261096605	0.947234288345876	0.9151436031331592
0.9595300261096605	0.9475376471673759	0.9216710182767625
