0.26762402088772846	0.14996083550913838	0.06527415143603134
0.26762402088772846	0.1796475195822455	0.07049608355091384
0.34595300261096606	0.18788511749347253	0.09138381201044386
0.37597911227154046	0.19985639686684073	0.097911227154047
0.4308093994778068	0.2048302872062663	0.0835509138381201
0.4308093994778068	0.21011749347258488	0.09921671018276762
0.4308093994778068	0.23163185378590076	0.10835509138381201
0.47389033942558745	0.23573107049608352	0.09660574412532637
0.4869451697127937	0.2612924281984334	0.09530026109660575
0.5456919060052219	0.3013054830287206	0.10052219321148825
0.5848563968668408	0.3417493472584858	0.11488250652741515
0.6044386422976501	0.41539164490861646	0.17493472584856398
0.6044386422976501	0.43565274151436034	0.17493472584856398
0.6044386422976501	0.47979112271540475	0.20234986945169714
0.6044386422976501	0.47942558746736297	0.2754569190600522
0.6044386422976501	0.5026109660574413	0.2754569190600522
0.6044386422976501	0.5132375979112271	0.3381201044386423
0.6044386422976501	0.5275326370757183	0.3381201044386423
0.6044386422976501	0.5383159268929506	0.3381201044386423
0.6044386422976501	0.5437206266318537	0.4255874673629243
0.6070496083550914	0.5536292428198433	0.4308093994778068
0.6070496083550914	0.5577937336814622	0.43342036553524804
0.608355091383812	0.5782114882506526	0.43342036553524804
0.6135770234986945	0.5830809399477807	0.45822454308093996
0.6135770234986945	0.5873498694516971	0.45691906005221933
0.618798955613577	0.5944908616187988	0.54177545691906
0.618798955613577	0.5973107049608353	0.5430809399477807
0.618798955613577	0.5968798955613575	0.5430809399477807
0.618798955613577	0.6009921671018277	0.5404699738903395
0.618798955613577	0.6031331592689296	0.5391644908616188
0.618798955613577	0.6077806788511749	0.5443864229765013
0.6201044386422977	0.6083420365535249	0.5456919060052219
0.6201044386422977	0.6069060052219324	0.5443864229765013
0.6201044386422977	0.6105352480417754	0.5483028720626631
0.6201044386422977	0.6090208877284597	0.5443864229765013
0.6214099216710183	0.6091253263707571	0.5443864229765013
0.6214099216710183	0.6050000000000005	0.5430809399477807
0.6214099216710183	0.606762402088773	0.5456919060052219
0.6214099216710183	0.6054569190600524	0.5443864229765013
0.6214099216710183	0.6040731070496083	0.54177545691906
0.6214099216710183	0.6089556135770234	0.5430809399477807
0.6227154046997389	0.6128067885117496	0.5469973890339426
0.6240208877284595	0.614164490861619	0.5469973890339426
0.6240208877284595	0.6127023498694518	0.5456919060052219
0.6240208877284595	0.6151305483028725	0.5483028720626631
0.6240208877284595	0.614268929503917	0.5483028720626631
0.6253263707571801	0.6159530026109662	0.6005221932114883
0.6253263707571801	0.6162924281984337	0.6018276762402088
0.6253263707571801	0.616762402088773	0.6018276762402088
0.6253263707571801	0.6157702349869454	0.6005221932114883
0.6253263707571801	0.6157832898172326	0.597911227154047
0.6266318537859008	0.6161488250652744	0.5992167101827677
0.6266318537859008	0.6153916449086161	0.5992167101827677
0.6266318537859008	0.6160052219321148	0.5992167101827677
0.6266318537859008	0.616657963446475	0.6018276762402088
0.6266318537859008	0.6158746736292426	0.6031331592689295
0.6266318537859008	0.6175979112271542	0.6031331592689295
0.6266318537859008	0.6194516971279374	0.6031331592689295
0.6266318537859008	0.6207441253263708	0.6044386422976501
0.6266318537859008	0.6202872062663186	0.6005221932114883
0.6266318537859008	0.6196997389033946	0.6005221932114883
0.6266318537859008	0.6203916449086166	0.6005221932114883
0.6266318537859008	0.6215404699738908	0.6005221932114883
0.6266318537859008	0.6225587467362932	0.6109660574412533
0.6266318537859008	0.6230417754569195	0.6148825065274152
0.6266318537859008	0.6235378590078333	0.6148825065274152
0.6266318537859008	0.6238903394255878	0.6174934725848564
0.6266318537859008	0.6238772845953003	0.6174934725848564
0.6266318537859008	0.623838120104439	0.618798955613577
0.6266318537859008	0.6237728459530028	0.618798955613577
0.6266318537859008	0.6234725848563969	0.618798955613577
0.6266318537859008	0.6234595300261099	0.618798955613577
0.6266318537859008	0.6240078328981727	0.6201044386422977
0.6266318537859008	0.6247389033942563	0.6201044386422977
0.6266318537859008	0.624530026109661	0.6201044386422977
0.6266318537859008	0.6249608355091391	0.6201044386422977
0.6292428198433421	0.6254830287206271	0.6201044386422977
0.6292428198433421	0.6255744125326375	0.6201044386422977
0.6292428198433421	0.6259791122715407	0.6214099216710183
0.6292428198433421	0.6260443864229769	0.6214099216710183
0.6292428198433421	0.6262140992167108	0.6214099216710183
0.6292428198433421	0.6264229765013059	0.6201044386422977
0.6292428198433421	0.626631853785901	0.6214099216710183
0.6292428198433421	0.6270365535248048	0.6214099216710183
0.6292428198433421	0.627206266318538	0.6214099216710183
0.6292428198433421	0.6264751958224545	0.6214099216710183
0.6292428198433421	0.6267101827676245	0.6214099216710183
0.6292428198433421	0.6268146214099223	0.6214099216710183
0.6292428198433421	0.6261879895561363	0.6214099216710183
0.6292428198433421	0.6264621409921675	0.6214099216710183
0.6292428198433421	0.6268407310704966	0.6214099216710183
0.6292428198433421	0.6267101827676246	0.6214099216710183
0.6292428198433421	0.6268407310704962	0.6214099216710183
0.6292428198433421	0.6273629242819845	0.6214099216710183
0.6292428198433421	0.6271540469973893	0.6214099216710183
0.6292428198433421	0.6274673629242823	0.6214099216710183
0.6292428198433421	0.6277545691906004	0.6214099216710183
0.6292428198433421	0.6279895561357703	0.6214099216710183
0.6292428198433421	0.6281984334203655	0.6214099216710183
0.6292428198433421	0.628563968668407	0.6240208877284595
0.6292428198433421	0.6286422976501302	0.6266318537859008
0.6292428198433421	0.6287467362924279	0.6266318537859008
0.6292428198433421	0.6288120104438639	0.6266318537859008
0.6305483028720626	0.6289947780678847	0.6266318537859008
0.6305483028720626	0.6290861618798952	0.6253263707571801
0.6305483028720626	0.6293342036553521	0.6266318537859008
0.6305483028720626	0.629386422976501	0.6266318537859008
0.6305483028720626	0.6295169712793732	0.6266318537859008
0.6305483028720626	0.629569190600522	0.6266318537859008
0.6357702349869452	0.6296866840731069	0.6266318537859008
0.6357702349869452	0.6296736292428196	0.6279373368146214
0.6357702349869452	0.6295953002610964	0.6266318537859008
0.6357702349869452	0.6296475195822452	0.6266318537859008
0.6357702349869452	0.629712793733681	0.6266318537859008
0.6357702349869452	0.6299216710182765	0.6266318537859008
0.6357702349869452	0.6301566579634461	0.6266318537859008
0.6370757180156658	0.6301044386422973	0.6266318537859008
0.6370757180156658	0.6299216710182762	0.6266318537859008
0.6370757180156658	0.6297127937336809	0.6292428198433421
0.6370757180156658	0.629908616187989	0.6292428198433421
0.6370757180156658	0.6298563968668401	0.6292428198433421
0.6370757180156658	0.6299738903394251	0.6292428198433421
0.6370757180156658	0.6306135770234982	0.6292428198433421
0.6370757180156658	0.6310313315926888	0.6292428198433421
0.6370757180156658	0.6321540469973885	0.6292428198433421
0.6370757180156658	0.6324412532637071	0.6292428198433421
0.6370757180156658	0.6328328981723232	0.6292428198433421
0.6370757180156658	0.6330809399477804	0.6292428198433421
0.6370757180156658	0.6336422976501306	0.6292428198433421
0.6370757180156658	0.6340208877284593	0.6292428198433421
0.6370757180156658	0.6346083550913835	0.6292428198433421
0.6370757180156658	0.6353002610966055	0.6292428198433421
0.6370757180156658	0.6358355091383809	0.6292428198433421
0.6370757180156658	0.6361227154046993	0.6292428198433421
0.6370757180156658	0.6363838120104436	0.6305483028720626
0.6370757180156658	0.6362924281984331	0.6305483028720626
0.6370757180156658	0.6364360313315924	0.6318537859007833
0.6370757180156658	0.6363968668407307	0.6318537859007833
0.6370757180156658	0.6365013054830285	0.6344647519582245
0.6409921671018277	0.6365665796344644	0.6344647519582245
0.6409921671018277	0.6367493472584854	0.6344647519582245
0.6409921671018277	0.6371409921671016	0.6344647519582245
0.6409921671018277	0.6370757180156655	0.6344647519582245
0.6409921671018277	0.6375456919060051	0.6331592689295039
0.6409921671018277	0.6375979112271536	0.6331592689295039
0.6409921671018277	0.6369060052219316	0.6331592689295039
0.6409921671018277	0.6374020887728454	0.6331592689295039
0.6409921671018277	0.63742819843342	0.6331592689295039
0.6409921671018277	0.6375718015665796	0.6331592689295039
0.6409921671018277	0.6375979112271538	0.6331592689295039
0.6409921671018277	0.6379634464751957	0.6331592689295039
0.6409921671018277	0.6386031331592689	0.6357702349869452
0.6409921671018277	0.6387075718015665	0.6357702349869452
0.6409921671018277	0.6389817232375978	0.6357702349869452
0.6409921671018277	0.6387728459530027	0.6344647519582245
0.6409921671018277	0.6386553524804178	0.6357702349869452
0.6409921671018277	0.6384073107049608	0.6357702349869452
0.6409921671018277	0.638733681462141	0.6357702349869452
0.6409921671018277	0.6386422976501307	0.6344647519582245
0.6409921671018277	0.6387206266318539	0.6357702349869452
0.6409921671018277	0.6388903394255877	0.6357702349869452
0.6409921671018277	0.6391122715404701	0.6357702349869452
0.6409921671018277	0.6392819843342039	0.6357702349869452
0.6409921671018277	0.639295039164491	0.6357702349869452
0.6409921671018277	0.6395169712793737	0.6370757180156658
0.6409921671018277	0.6397389033942562	0.6370757180156658
0.6409921671018277	0.6401305483028723	0.6370757180156658
0.6409921671018277	0.6403655352480421	0.6370757180156658
0.6409921671018277	0.6400913838120107	0.6370757180156658
0.6409921671018277	0.6399738903394259	0.6370757180156658
0.6409921671018277	0.6400130548302875	0.6370757180156658
0.6409921671018277	0.6401305483028723	0.6370757180156658
0.6409921671018277	0.6403655352480421	0.6370757180156658
0.6409921671018277	0.6405221932114885	0.6370757180156658
0.6409921671018277	0.6407963446475199	0.6370757180156658
0.6409921671018277	0.6408746736292431	0.6370757180156658
0.6409921671018277	0.6408746736292431	0.6370757180156658
0.6409921671018277	0.640992167101828	0.6409921671018277
0.6409921671018277	0.640992167101828	0.6409921671018277
0.6409921671018277	0.640992167101828	0.6409921671018277
0.6409921671018277	0.640992167101828	0.6409921671018277
0.6409921671018277	0.640992167101828	0.6409921671018277
0.6409921671018277	0.640992167101828	0.6409921671018277
0.6409921671018277	0.640992167101828	0.6409921671018277
0.6409921671018277	0.640992167101828	0.6409921671018277
0.6409921671018277	0.640992167101828	0.6409921671018277
0.6409921671018277	0.640992167101828	0.6409921671018277
0.6409921671018277	0.640992167101828	0.6409921671018277
0.6409921671018277	0.640992167101828	0.6409921671018277
0.6409921671018277	0.640992167101828	0.6409921671018277
0.6409921671018277	0.640992167101828	0.6409921671018277
0.6409921671018277	0.640992167101828	0.6409921671018277
0.6409921671018277	0.640992167101828	0.6409921671018277
0.6409921671018277	0.640992167101828	0.6409921671018277
0.6409921671018277	0.640992167101828	0.6409921671018277
0.6409921671018277	0.6410052219321153	0.6409921671018277
0.6422976501305483	0.6410052219321153	0.6409921671018277
0.6422976501305483	0.6410052219321153	0.6409921671018277
0.6422976501305483	0.6410182767624025	0.6409921671018277
0.6422976501305483	0.6410443864229769	0.6409921671018277
0.6422976501305483	0.6410574412532641	0.6409921671018277
0.6422976501305483	0.6410574412532641	0.6409921671018277
0.6422976501305483	0.6410835509138386	0.6409921671018277
0.6422976501305483	0.6411879895561363	0.6409921671018277
0.6422976501305483	0.6412010443864236	0.6357702349869452
0.6422976501305483	0.6413577023498701	0.6409921671018277
0.6422976501305483	0.6415143603133167	0.6409921671018277
0.6422976501305483	0.6415796344647526	0.6409921671018277
0.6422976501305483	0.6415404699738911	0.6409921671018277
0.6422976501305483	0.6416449086161888	0.6409921671018277
0.6422976501305483	0.6415535248041782	0.6409921671018277
0.6422976501305483	0.64159268929504	0.6357702349869452
0.6422976501305483	0.6415535248041784	0.639686684073107
0.6422976501305483	0.641605744125327	0.639686684073107
0.6422976501305483	0.6414882506527424	0.639686684073107
0.6422976501305483	0.6415274151436039	0.639686684073107
0.6422976501305483	0.64159268929504	0.639686684073107
0.6449086161879896	0.6415926892950398	0.639686684073107
0.6449086161879896	0.6416579634464759	0.639686684073107
0.6449086161879896	0.6418015665796354	0.6409921671018277
0.6449086161879896	0.6418537859007842	0.6409921671018277
0.6449086161879896	0.6418146214099224	0.6409921671018277
0.6449086161879896	0.6421148825065282	0.6409921671018277
0.6449086161879896	0.642167101827677	0.6409921671018277
0.6449086161879896	0.6420496083550922	0.6409921671018277
0.6449086161879896	0.642415143603134	0.6409921671018277
0.6449086161879896	0.64248041775457	0.6409921671018277
0.6449086161879896	0.6430156657963455	0.6409921671018277
0.6449086161879896	0.643120104438643	0.639686684073107
0.6449086161879896	0.6430939947780687	0.6409921671018277
0.6449086161879896	0.6429765013054839	0.6409921671018277
0.6449086161879896	0.643120104438643	0.6409921671018277
0.6449086161879896	0.6432898172323769	0.6409921671018277
0.6449086161879896	0.643485639686685	0.6409921671018277
0.6449086161879896	0.6432637075718026	0.6409921671018277
0.6449086161879896	0.6433942558746746	0.6409921671018277
0.6449086161879896	0.6436422976501315	0.6409921671018277
0.6449086161879896	0.643798955613578	0.6409921671018277
0.6449086161879896	0.6437728459530035	0.6409921671018277
0.6449086161879896	0.6435509138381211	0.6409921671018277
0.6449086161879896	0.6437859007832907	0.6409921671018277
0.6449086161879896	0.6440861618798962	0.6409921671018277
0.6449086161879896	0.6443472584856402	0.6409921671018277
0.6449086161879896	0.6442950391644913	0.6409921671018277
0.6449086161879896	0.6444125326370761	0.6422976501305483
0.6449086161879896	0.6446214099216714	0.6422976501305483
0.6579634464751958	0.6445822454308098	0.6422976501305483
0.6579634464751958	0.645052219321149	0.643603133159269
0.6579634464751958	0.6457571801566578	0.643603133159269
0.6579634464751958	0.6469060052219321	0.643603133159269
0.6579634464751958	0.647741514360313	0.643603133159269
0.6579634464751958	0.647545691906005	0.643603133159269
0.6579634464751958	0.6487728459530026	0.643603133159269
0.7741514360313316	0.6508616187989555	0.643603133159269
0.7741514360313316	0.6538642297650131	0.639686684073107
0.7741514360313316	0.665874673629243	0.639686684073107
0.7741514360313316	0.6749086161879899	0.643603133159269
0.7741514360313316	0.6886684073107052	0.643603133159269
0.7741514360313316	0.6979765013054834	0.643603133159269
0.7741514360313316	0.6972454308093998	0.643603133159269
0.7741514360313316	0.6954046997389038	0.643603133159269
0.7741514360313316	0.7052610966057441	0.643603133159269
0.7741514360313316	0.7058877284595303	0.643603133159269
0.7741514360313316	0.7204960835509141	0.643603133159269
0.7741514360313316	0.7202219321148826	0.643603133159269
0.7741514360313316	0.7267362924281988	0.643603133159269
0.7741514360313316	0.736187989556136	0.643603133159269
0.7741514360313316	0.7425979112271545	0.6449086161879896
0.7741514360313316	0.7409138381201048	0.643603133159269
0.7741514360313316	0.7506005221932122	0.6449086161879896
0.7741514360313316	0.7606788511749353	0.6449086161879896
0.7741514360313316	0.762754569190601	0.6449086161879896
0.7741514360313316	0.7639033942558753	0.6449086161879896
0.7741514360313316	0.7676501305483034	0.6449086161879896
0.7741514360313316	0.7711227154047003	0.758485639686684
0.7741514360313316	0.7716710182767629	0.7610966057441253
0.7741514360313316	0.7716710182767629	0.7610966057441253
0.7741514360313316	0.772323759791123	0.7610966057441253
0.7741514360313316	0.772323759791123	0.7610966057441253
0.7741514360313316	0.7724543080939951	0.7610966057441253
0.7741514360313316	0.771932114882507	0.7610966057441253
0.7741514360313316	0.7721932114882509	0.7610966057441253
0.7741514360313316	0.7721932114882509	0.7610966057441253
0.7741514360313316	0.7728459530026113	0.7610966057441253
0.7741514360313316	0.7728459530026113	0.7610966057441253
0.7741514360313316	0.7715404699738909	0.7610966057441253
0.7741514360313316	0.7721932114882512	0.7610966057441253
0.7741514360313316	0.7727154046997393	0.7610966057441253
0.7741514360313316	0.7732375979112274	0.7610966057441253
0.7741514360313316	0.7728459530026113	0.7610966057441253
0.7741514360313316	0.772454308093995	0.7610966057441253
0.7741514360313316	0.7733681462140993	0.7610966057441253
0.7741514360313316	0.7736292428198435	0.7610966057441253
0.7741514360313316	0.7738903394255875	0.7610966057441253
0.7741514360313316	0.7738903394255875	0.7610966057441253
0.7741514360313316	0.7732375979112273	0.7610966057441253
0.7741514360313316	0.7732375979112273	0.7610966057441253
0.7741514360313316	0.7733681462140994	0.7610966057441253
0.7741514360313316	0.772062663185379	0.7610966057441253
0.7741514360313316	0.7728459530026112	0.7610966057441253
0.7741514360313316	0.7728198433420367	0.7610966057441253
0.7741514360313316	0.773342036553525	0.7610966057441253
0.7741514360313316	0.7737597911227155	0.7610966057441253
0.7741514360313316	0.7740600522193212	0.7610966057441253
0.7780678851174935	0.7741906005221932	0.7741514360313316
0.7780678851174935	0.7741906005221932	0.7741514360313316
0.7780678851174935	0.7742297650130548	0.7741514360313316
0.7780678851174935	0.7742689295039165	0.7741514360313316
0.7780678851174935	0.7745039164490862	0.7741514360313316
0.7780678851174935	0.7745039164490862	0.7741514360313316
0.7780678851174935	0.7747780678851176	0.7741514360313316
0.7780678851174935	0.7748172323759792	0.7741514360313316
0.7780678851174935	0.7751697127937338	0.7741514360313316
0.7780678851174935	0.7751697127937338	0.7741514360313316
0.7780678851174935	0.7753263707571802	0.7741514360313316
0.7780678851174935	0.7754046997389036	0.7741514360313316
0.7780678851174935	0.7757180156657966	0.7741514360313316
0.7780678851174935	0.7755221932114884	0.7741514360313316
0.7780678851174935	0.7754830287206268	0.7741514360313316
0.7780678851174935	0.7756788511749348	0.7741514360313316
0.7780678851174935	0.7756396866840732	0.7741514360313316
0.7780678851174935	0.7761488250652744	0.7741514360313316
0.7780678851174935	0.7765143603133161	0.7741514360313316
0.7780678851174935	0.776501305483029	0.7741514360313316
0.7780678851174935	0.7764621409921674	0.7741514360313316
0.7780678851174935	0.7760704960835512	0.7741514360313316
0.7780678851174935	0.7760704960835512	0.7741514360313316
0.7780678851174935	0.7767754569190604	0.7741514360313316
0.7780678851174935	0.7767754569190604	0.7741514360313316
0.7780678851174935	0.7767362924281987	0.7741514360313316
0.7780678851174935	0.7771671018276766	0.7741514360313316
0.7780678851174935	0.7770887728459533	0.7741514360313316
0.7780678851174935	0.7772454308093998	0.7741514360313316
0.7780678851174935	0.776814621409922	0.7741514360313316
0.7780678851174935	0.7769321148825068	0.7741514360313316
0.7780678851174935	0.777127937336815	0.7741514360313316
0.7780678851174935	0.77701044386423	0.7741514360313316
0.7780678851174935	0.7772845953002614	0.7741514360313316
0.7780678851174935	0.7774804177545696	0.7741514360313316
0.7780678851174935	0.7779112271540474	0.7741514360313316
0.7780678851174935	0.7780678851174939	0.7780678851174935
0.7780678851174935	0.7780678851174939	0.7780678851174935
0.7780678851174935	0.7780678851174939	0.7780678851174935
0.7780678851174935	0.7780417754569194	0.7754569190600522
0.7780678851174935	0.7780678851174939	0.7780678851174935
0.7780678851174935	0.7780678851174939	0.7780678851174935
0.7780678851174935	0.7778459530026113	0.7558746736292428
0.7780678851174935	0.7778459530026113	0.7558746736292428
0.7780678851174935	0.7780417754569195	0.7754569190600522
0.7780678851174935	0.7780417754569195	0.7754569190600522
0.7780678851174935	0.7780417754569194	0.7754569190600522
0.7780678851174935	0.7780417754569194	0.7754569190600522
0.7780678851174935	0.7779634464751963	0.7754569190600522
0.7780678851174935	0.7780156657963451	0.7754569190600522
0.7780678851174935	0.7780156657963451	0.7754569190600522
0.7780678851174935	0.7779634464751962	0.7728459530026109
0.7780678851174935	0.7780678851174939	0.7780678851174935
0.7780678851174935	0.7780678851174939	0.7780678851174935
0.7780678851174935	0.7780678851174939	0.7780678851174935
0.7780678851174935	0.7780678851174939	0.7780678851174935
0.7780678851174935	0.7780678851174939	0.7780678851174935
0.7780678851174935	0.7780678851174939	0.7780678851174935
0.7780678851174935	0.7780678851174939	0.7780678851174935
0.7780678851174935	0.7779373368146218	0.7650130548302873
0.7780678851174935	0.7780678851174939	0.7780678851174935
0.7780678851174935	0.7780678851174939	0.7780678851174935
0.7780678851174935	0.7780678851174939	0.7780678851174935
0.7780678851174935	0.7780678851174939	0.7780678851174935
0.7780678851174935	0.7780678851174939	0.7780678851174935
0.7780678851174935	0.7780678851174939	0.7780678851174935
0.7780678851174935	0.7780678851174939	0.7780678851174935
0.7780678851174935	0.7780678851174939	0.7780678851174935
0.7780678851174935	0.7780678851174939	0.7780678851174935
0.7780678851174935	0.7780678851174939	0.7780678851174935
0.7780678851174935	0.7780678851174939	0.7780678851174935
0.7780678851174935	0.7780678851174939	0.7780678851174935
0.7780678851174935	0.7780678851174939	0.7780678851174935
0.7780678851174935	0.7780678851174939	0.7780678851174935
0.7780678851174935	0.7780678851174939	0.7780678851174935
0.7780678851174935	0.7780678851174939	0.7780678851174935
0.7780678851174935	0.7780678851174939	0.7780678851174935
0.7780678851174935	0.7780678851174939	0.7780678851174935
0.7780678851174935	0.7780678851174939	0.7780678851174935
0.7780678851174935	0.7780678851174939	0.7780678851174935
0.7780678851174935	0.7780678851174939	0.7780678851174935
0.7780678851174935	0.7780678851174939	0.7780678851174935
0.7780678851174935	0.7780678851174939	0.7780678851174935
0.7780678851174935	0.7780678851174939	0.7780678851174935
0.7780678851174935	0.7780939947780684	0.7780678851174935
0.7806788511749347	0.7780939947780684	0.7780678851174935
0.7806788511749347	0.7781853785900787	0.7780678851174935
0.7845953002610966	0.7783159268929508	0.7780678851174935
0.7845953002610966	0.7786161879895566	0.7780678851174935
0.7845953002610966	0.779033942558747	0.7780678851174935
0.7845953002610966	0.7788642297650135	0.7780678851174935
0.7845953002610966	0.7791383812010447	0.7780678851174935
0.7872062663185379	0.7795300261096609	0.7780678851174935
0.7872062663185379	0.7797780678851179	0.7780678851174935
0.7872062663185379	0.7796736292428205	0.7780678851174935
0.7872062663185379	0.7801958224543083	0.7780678851174935
0.7872062663185379	0.7808093994778068	0.7780678851174935
0.7872062663185379	0.7810835509138384	0.7780678851174935
0.7872062663185379	0.781187989556136	0.7780678851174935
0.7872062663185379	0.7825979112271542	0.7780678851174935
0.7872062663185379	0.7826240208877283	0.7780678851174935
0.7872062663185379	0.7833289817232378	0.7780678851174935
0.7872062663185379	0.7829112271540469	0.7780678851174935
0.7872062663185379	0.7830548302872059	0.7780678851174935
0.7872062663185379	0.7833812010443865	0.7780678851174935
0.7872062663185379	0.7835639686684073	0.7780678851174935
0.7872062663185379	0.7846736292428191	0.7780678851174935
0.7872062663185379	0.7849999999999998	0.7780678851174935
0.7872062663185379	0.78574412532637	0.7780678851174935
0.7872062663185379	0.785939947780678	0.7780678851174935
0.7872062663185379	0.7857441253263698	0.7780678851174935
0.7872062663185379	0.7855221932114875	0.7780678851174935
0.7872062663185379	0.785234986945169	0.7780678851174935
0.7872062663185379	0.784986945169712	0.7780678851174935
0.7872062663185379	0.784921671018276	0.7780678851174935
0.7872062663185379	0.7853655352480412	0.7780678851174935
0.7872062663185379	0.7860835509138369	0.7780678851174935
0.7872062663185379	0.7865143603133147	0.7780678851174935
0.7872062663185379	0.7864882506527401	0.7780678851174935
0.7872062663185379	0.7864751958224531	0.7780678851174935
0.7872062663185379	0.7863838120104425	0.7780678851174935
0.7872062663185379	0.7865274151436019	0.7780678851174935
0.7872062663185379	0.7866449086161866	0.7780678851174935
0.7872062663185379	0.7865404699738887	0.7780678851174935
0.7872062663185379	0.7867101827676225	0.7780678851174935
0.7872062663185379	0.7868537859007819	0.7780678851174935
0.7872062663185379	0.7866579634464739	0.7780678851174935
0.7872062663185379	0.7865274151436016	0.7780678851174935
0.7872062663185379	0.786945169712792	0.7845953002610966
0.7872062663185379	0.7868407310704946	0.7845953002610966
0.7872062663185379	0.7867624020887715	0.7845953002610966
0.7872062663185379	0.7867624020887715	0.7845953002610966
0.7872062663185379	0.7867101827676227	0.7845953002610966
0.7872062663185379	0.7866840731070484	0.7845953002610966
0.7872062663185379	0.7868407310704946	0.7845953002610966
0.7872062663185379	0.7870104438642282	0.783289817232376
0.7872062663185379	0.7869582245430794	0.783289817232376
0.7872062663185379	0.7872062663185361	0.7872062663185379
0.7872062663185379	0.7872062663185361	0.7872062663185379
0.7872062663185379	0.7872062663185361	0.7872062663185379
0.7872062663185379	0.7872062663185361	0.7872062663185379
0.7872062663185379	0.7872062663185361	0.7872062663185379
0.7872062663185379	0.7871409921671	0.7806788511749347
0.7872062663185379	0.7872062663185361	0.7872062663185379
0.7872062663185379	0.7872062663185361	0.7872062663185379
0.7872062663185379	0.7872062663185361	0.7872062663185379
0.7872062663185379	0.7872062663185361	0.7872062663185379
0.7872062663185379	0.7872062663185361	0.7872062663185379
0.7872062663185379	0.7872062663185361	0.7872062663185379
0.7872062663185379	0.7872062663185361	0.7872062663185379
0.7872062663185379	0.7872062663185361	0.7872062663185379
0.7872062663185379	0.7871540469973872	0.7819843342036553
0.7872062663185379	0.7871540469973872	0.7819843342036553
0.7872062663185379	0.7872062663185361	0.7872062663185379
0.7872062663185379	0.7872062663185361	0.7872062663185379
0.7872062663185379	0.7872062663185361	0.7872062663185379
0.7872062663185379	0.7872062663185361	0.7872062663185379
0.7872062663185379	0.7871801566579616	0.7845953002610966
0.7872062663185379	0.7872584856396849	0.7872062663185379
0.7924281984334204	0.7872584856396848	0.7872062663185379
0.7924281984334204	0.7873629242819827	0.7872062663185379
0.7924281984334204	0.7875718015665779	0.7872062663185379
0.7924281984334204	0.7879895561357688	0.7872062663185379
0.7924281984334204	0.7885639686684063	0.7872062663185379
0.7924281984334204	0.7889817232375971	0.7872062663185379
0.7924281984334204	0.7892950391644901	0.7872062663185379
0.7924281984334204	0.7886684073107039	0.7872062663185379
0.7924281984334204	0.7885117493472571	0.7872062663185379
0.7924281984334204	0.7886684073107041	0.7872062663185379
0.7924281984334204	0.7891383812010437	0.7872062663185379
0.7924281984334204	0.7895039164490857	0.7872062663185379
0.7924281984334204	0.7892428198433411	0.7872062663185379
0.7924281984334204	0.7891906005221923	0.7872062663185379
0.7924281984334204	0.7897127937336815	0.7872062663185379
0.7924281984334204	0.790182767624021	0.7872062663185379
0.7924281984334204	0.790861618798956	0.7872062663185379
0.7924281984334204	0.7910182767624024	0.7872062663185379
0.7924281984334204	0.7910182767624022	0.7872062663185379
0.7924281984334204	0.7916971279373377	0.7872062663185379
0.7924281984334204	0.7917493472584863	0.7872062663185379
0.7924281984334204	0.7921671018276771	0.7872062663185379
0.7924281984334204	0.7922715404699749	0.7872062663185379
0.7924281984334204	0.7921671018276771	0.7872062663185379
0.7924281984334204	0.7921148825065285	0.7872062663185379
0.7924281984334204	0.7919582245430817	0.7872062663185379
0.7924281984334204	0.7922193211488261	0.7872062663185379
0.7924281984334204	0.7921148825065284	0.7872062663185379
0.7924281984334204	0.7921148825065285	0.7872062663185379
0.7924281984334204	0.7921671018276772	0.7872062663185379
0.7924281984334204	0.7923237597911238	0.7872062663185379
0.7924281984334204	0.7924281984334215	0.7924281984334204
0.7924281984334204	0.7924281984334215	0.7924281984334204
0.7924281984334204	0.7924281984334215	0.7924281984334204
0.7924281984334204	0.792336814621411	0.783289817232376
0.7924281984334204	0.7921540469973901	0.783289817232376
0.7924281984334204	0.792336814621411	0.783289817232376
0.7924281984334204	0.7924281984334215	0.7924281984334204
0.7924281984334204	0.7924281984334215	0.7924281984334204
0.7924281984334204	0.7924281984334215	0.7924281984334204
0.7924281984334204	0.7924281984334215	0.7924281984334204
0.7924281984334204	0.7924281984334215	0.7924281984334204
0.7924281984334204	0.7924281984334215	0.7924281984334204
0.7924281984334204	0.7924281984334215	0.7924281984334204
0.7924281984334204	0.7924281984334215	0.7924281984334204
0.7924281984334204	0.7924281984334215	0.7924281984334204
0.7924281984334204	0.7924281984334215	0.7924281984334204
0.7924281984334204	0.7905483028720637	0.6044386422976501
0.7924281984334204	0.7924281984334215	0.7924281984334204
0.7924281984334204	0.7924281984334215	0.7924281984334204
0.7924281984334204	0.7924281984334215	0.7924281984334204
0.7924281984334204	0.7924281984334215	0.7924281984334204
0.7924281984334204	0.7924281984334215	0.7924281984334204
0.7924281984334204	0.7924281984334215	0.7924281984334204
0.7924281984334204	0.7924281984334215	0.7924281984334204
0.7924281984334204	0.7924412532637086	0.7924281984334204
0.793733681462141	0.7924673629242831	0.7924281984334204
0.793733681462141	0.7924673629242831	0.7924281984334204
0.793733681462141	0.7925456919060064	0.7924281984334204
0.793733681462141	0.7927154046997399	0.7924281984334204
0.793733681462141	0.7927545691906016	0.7924281984334204
0.793733681462141	0.7929895561357714	0.7924281984334204
0.793733681462141	0.7930548302872072	0.7924281984334204
0.793733681462141	0.7930026109660586	0.7924281984334204
0.793733681462141	0.7929373368146225	0.7924281984334204
0.793733681462141	0.79093994778068	0.6096605744125326
0.793733681462141	0.7928328981723248	0.7924281984334204
0.793733681462141	0.7929373368146224	0.7924281984334204
0.7963446475195822	0.7930548302872072	0.7924281984334204
0.7963446475195822	0.7932637075718023	0.7924281984334204
0.7963446475195822	0.7934464751958231	0.7924281984334204
0.7963446475195822	0.7932375979112279	0.7924281984334204
0.7976501305483029	0.7933681462141001	0.7924281984334204
0.7976501305483029	0.7934856396866844	0.7924281984334204
0.7976501305483029	0.7934464751958231	0.7924281984334204
0.7976501305483029	0.7939164490861628	0.7924281984334204
0.7976501305483029	0.7942689295039167	0.7924281984334204
0.7976501305483029	0.794543080939948	0.7924281984334204
0.7976501305483029	0.7948302872062664	0.7924281984334204
0.7976501305483029	0.7948825065274153	0.7885117493472585
0.7976501305483029	0.7954438642297655	0.7924281984334204
0.7976501305483029	0.7952741514360318	0.7924281984334204
0.7976501305483029	0.7952610966057445	0.7924281984334204
0.7976501305483029	0.7957702349869454	0.7924281984334204
0.7976501305483029	0.7961749347258491	0.7924281984334204
0.7976501305483029	0.7964490861618805	0.7924281984334204
0.7976501305483029	0.7968146214099221	0.7924281984334204
0.7976501305483029	0.7967362924281989	0.7924281984334204
0.7976501305483029	0.7965926892950396	0.7924281984334204
0.7976501305483029	0.7968015665796342	0.7924281984334204
0.7976501305483029	0.7969451697127936	0.7924281984334204
0.7976501305483029	0.7967624020887721	0.7963446475195822
0.7976501305483029	0.7967493472584849	0.7963446475195822
0.7976501305483029	0.7968015665796337	0.7950391644908616
0.7976501305483029	0.7968276762402086	0.7963446475195822
0.7976501305483029	0.7968798955613576	0.7963446475195822
0.7976501305483029	0.7968929503916446	0.7963446475195822
0.7976501305483029	0.7969321148825063	0.7963446475195822
0.7976501305483029	0.796840731070496	0.7859007832898173
0.7976501305483029	0.7970365535248043	0.7963446475195822
0.7976501305483029	0.7970757180156663	0.7963446475195822
0.7976501305483029	0.7969321148825068	0.7963446475195822
0.7976501305483029	0.796958224543081	0.7950391644908616
0.7976501305483029	0.7970234986945166	0.7963446475195822
0.7976501305483029	0.7969712793733682	0.7963446475195822
0.7976501305483029	0.7971148825065274	0.7963446475195822
0.7976501305483029	0.7971801566579637	0.7963446475195822
0.7976501305483029	0.7972062663185382	0.7963446475195822
0.7976501305483029	0.7973237597911234	0.7963446475195822
0.7976501305483029	0.7974151436031343	0.7963446475195822
0.7976501305483029	0.7972323759791129	0.7963446475195822
0.7976501305483029	0.7972062663185384	0.7963446475195822
0.7976501305483029	0.7972715404699745	0.7963446475195822
0.7976501305483029	0.7972715404699745	0.7963446475195822
0.7976501305483029	0.7971671018276767	0.7963446475195822
0.7976501305483029	0.7973368146214105	0.7963446475195822
0.7989556135770235	0.7973890339425596	0.7963446475195822
0.7989556135770235	0.7974281984334213	0.7963446475195822
0.7989556135770235	0.7975065274151446	0.7963446475195822
0.7989556135770235	0.797493472584857	0.7963446475195822
0.7989556135770235	0.7976109660574422	0.7963446475195822
0.7989556135770235	0.7977023498694527	0.7963446475195822
0.7989556135770235	0.7978851174934731	0.7963446475195822
0.8002610966057441	0.7979112271540473	0.7963446475195822
0.8002610966057441	0.7980287206266324	0.7963446475195822
0.8002610966057441	0.798067885117494	0.7963446475195822
0.8015665796344648	0.7982245430809403	0.7963446475195822
0.8015665796344648	0.7982114882506534	0.7963446475195822
0.8015665796344648	0.7983028720626636	0.7963446475195822
0.8015665796344648	0.79855091383812	0.7963446475195822
0.8015665796344648	0.7986553524804176	0.7976501305483029
0.8015665796344648	0.7988381201044382	0.7976501305483029
0.8015665796344648	0.7990600522193212	0.7976501305483029
0.8015665796344648	0.7990600522193215	0.7976501305483029
0.8015665796344648	0.7992036553524804	0.7976501305483029
0.8015665796344648	0.7995169712793735	0.7976501305483029
0.8015665796344648	0.7996997389033944	0.7976501305483029
0.8015665796344648	0.8000652741514362	0.7976501305483029
0.8015665796344648	0.8003655352480422	0.7989556135770235
0.8015665796344648	0.8002610966057442	0.7989556135770235
0.8015665796344648	0.8003655352480423	0.7989556135770235
0.8015665796344648	0.8003916449086168	0.7911227154046997
0.8015665796344648	0.7999216710182767	0.793733681462141
0.8015665796344648	0.800182767624021	0.7989556135770235
0.8015665796344648	0.8002088772845956	0.7989556135770235
0.8015665796344648	0.8000783289817234	0.7989556135770235
0.8015665796344648	0.8001566579634468	0.7989556135770235
0.8015665796344648	0.8003655352480422	0.7989556135770235
0.8015665796344648	0.8004960835509145	0.7989556135770235
0.8015665796344648	0.8004438642297655	0.7989556135770235
0.8015665796344648	0.8002610966057443	0.7989556135770235
0.8015665796344648	0.8001827676240211	0.7989556135770235
0.8015665796344648	0.8003916449086167	0.7989556135770235
0.8015665796344648	0.8004699738903399	0.7989556135770235
0.8015665796344648	0.8002741514360315	0.7950391644908616
0.8015665796344648	0.8003916449086167	0.7989556135770235
0.8015665796344648	0.8003394255874678	0.7989556135770235
0.8015665796344648	0.8001044386422979	0.7989556135770235
0.8015665796344648	0.8	0.7989556135770235
0.8015665796344648	0.8000783289817233	0.7989556135770235
0.8015665796344648	0.8000261096605746	0.7989556135770235
0.8015665796344648	0.7998433420365536	0.7989556135770235
0.8015665796344648	0.7999216710182769	0.7989556135770235
0.8067885117493473	0.7996083550913835	0.7989556135770235
0.8067885117493473	0.7999999999999996	0.7989556135770235
0.8067885117493473	0.8000522193211481	0.7989556135770235
0.8067885117493473	0.7997127937336808	0.7989556135770235
0.8067885117493473	0.8001827676240203	0.7989556135770235
0.8067885117493473	0.8000522193211481	0.7989556135770235
0.8067885117493473	0.8003133159268926	0.7989556135770235
0.8067885117493473	0.7988772845953	0.6266318537859008
0.8067885117493473	0.8010966057441251	0.7989556135770235
0.8067885117493473	0.8013838120104437	0.7989556135770235
0.8067885117493473	0.8015665796344645	0.7989556135770235
0.8067885117493473	0.80177545691906	0.7989556135770235
0.8067885117493473	0.8018537859007835	0.7989556135770235
0.8067885117493473	0.8021148825065277	0.7989556135770235
0.8067885117493473	0.802140992167102	0.7989556135770235
0.8067885117493473	0.8018537859007837	0.7989556135770235
0.8067885117493473	0.8024543080939948	0.7989556135770235
0.8067885117493473	0.8020626631853789	0.7989556135770235
0.8067885117493473	0.8021148825065272	0.7989556135770235
0.8067885117493473	0.8022193211488247	0.7989556135770235
0.8067885117493473	0.8024020887728455	0.7989556135770235
0.8067885117493473	0.8026109660574408	0.7989556135770235
0.8067885117493473	0.8025848563968663	0.7989556135770235
0.8067885117493473	0.8025065274151436	0.7989556135770235
0.8067885117493473	0.8025326370757182	0.7989556135770235
0.8067885117493473	0.8035248041775453	0.7989556135770235
0.8067885117493473	0.803629242819843	0.7989556135770235
0.8067885117493473	0.8040731070496082	0.7989556135770235
0.8067885117493473	0.8045691906005217	0.7989556135770235
0.8067885117493473	0.8050391644908612	0.7989556135770235
0.8067885117493473	0.8054308093994774	0.7989556135770235
0.8067885117493473	0.8052741514360311	0.8015665796344648
0.8067885117493473	0.805208877284595	0.7989556135770235
0.8067885117493473	0.8054308093994774	0.7989556135770235
0.8067885117493473	0.8060835509138375	0.8015665796344648
0.8067885117493473	0.8061618798955607	0.7989556135770235
0.8067885117493473	0.8066318537858999	0.7989556135770235
0.8067885117493473	0.8063446475195815	0.7989556135770235
0.8067885117493473	0.8062402088772838	0.7989556135770235
0.8067885117493473	0.8062402088772838	0.7989556135770235
0.8067885117493473	0.8059268929503908	0.7989556135770235
0.8067885117493473	0.8061618798955607	0.7989556135770235
0.8067885117493473	0.8063446475195815	0.7989556135770235
0.8067885117493473	0.8062402088772839	0.7989556135770235
0.8067885117493473	0.8061618798955607	0.7989556135770235
0.8067885117493473	0.8063446475195815	0.8015665796344648
0.8067885117493473	0.806187989556135	0.8015665796344648
0.8067885117493473	0.806318537859007	0.8015665796344648
0.8067885117493473	0.8064751958224532	0.8015665796344648
0.8067885117493473	0.8065013054830281	0.8015665796344648
0.8067885117493473	0.806370757180156	0.8015665796344648
0.8067885117493473	0.8060313315926887	0.8015665796344648
0.8067885117493473	0.8059530026109654	0.8015665796344648
0.8067885117493473	0.8059530026109654	0.8015665796344648
0.8067885117493473	0.8060574412532631	0.8015665796344648
0.8067885117493473	0.8062924281984324	0.8015665796344648
0.8067885117493473	0.806501305483028	0.804177545691906
0.8067885117493473	0.8064490861618789	0.804177545691906
0.8067885117493473	0.806501305483028	0.804177545691906
0.8067885117493473	0.8064751958224534	0.804177545691906
0.8067885117493473	0.8064229765013046	0.804177545691906
0.8067885117493473	0.8065535248041766	0.804177545691906
0.8067885117493473	0.8065274151436023	0.804177545691906
0.8067885117493473	0.8065535248041767	0.804177545691906
0.8067885117493473	0.8067101827676233	0.804177545691906
0.8067885117493473	0.8067362924281976	0.804177545691906
0.8067885117493473	0.8067885117493464	0.8067885117493473
0.8067885117493473	0.8067885117493464	0.8067885117493473
0.8067885117493473	0.8067885117493464	0.8067885117493473
0.8067885117493473	0.8067885117493464	0.8067885117493473
0.8067885117493473	0.8067885117493464	0.8067885117493473
0.8067885117493473	0.8067885117493464	0.8067885117493473
0.8067885117493473	0.8067885117493464	0.8067885117493473
0.8067885117493473	0.8067885117493464	0.8067885117493473
0.8067885117493473	0.8067885117493464	0.8067885117493473
0.8067885117493473	0.8067885117493464	0.8067885117493473
0.8067885117493473	0.8067885117493464	0.8067885117493473
0.8067885117493473	0.8067885117493464	0.8067885117493473
0.8067885117493473	0.8067885117493464	0.8067885117493473
0.8067885117493473	0.8067885117493464	0.8067885117493473
0.8067885117493473	0.8067885117493464	0.8067885117493473
0.8067885117493473	0.8067885117493464	0.8067885117493473
0.8067885117493473	0.8067885117493464	0.8067885117493473
0.8067885117493473	0.8067885117493464	0.8067885117493473
0.8067885117493473	0.8067885117493464	0.8067885117493473
0.8067885117493473	0.8067885117493464	0.8067885117493473
0.8067885117493473	0.8067885117493464	0.8067885117493473
0.8067885117493473	0.8067885117493464	0.8067885117493473
0.8067885117493473	0.8067885117493464	0.8067885117493473
0.8067885117493473	0.8067885117493464	0.8067885117493473
0.8067885117493473	0.8068668407310696	0.8067885117493473
0.814621409921671	0.8068668407310696	0.8067885117493473
0.814621409921671	0.8070234986945161	0.8067885117493473
0.814621409921671	0.8073107049608346	0.8067885117493473
0.814621409921671	0.8073107049608346	0.8067885117493473
0.814621409921671	0.8077023498694509	0.8067885117493473
0.814621409921671	0.8081723237597904	0.8067885117493473
0.814621409921671	0.8075195822454301	0.8067885117493473
0.814621409921671	0.8081462140992159	0.8067885117493473
0.814621409921671	0.8091383812010435	0.8067885117493473
0.814621409921671	0.809843342036553	0.8067885117493473
0.814621409921671	0.8103916449086155	0.8067885117493473
0.814621409921671	0.8106266318537853	0.8067885117493473
0.814621409921671	0.810861618798955	0.8067885117493473
0.814621409921671	0.8103916449086155	0.8067885117493473
0.814621409921671	0.8116449086161874	0.8067885117493473
0.814621409921671	0.811801566579634	0.8067885117493473
0.814621409921671	0.8112532637075713	0.8067885117493473
0.814621409921671	0.8118798955613572	0.8067885117493473
0.814621409921671	0.8115665796344642	0.8067885117493473
0.814621409921671	0.8115665796344642	0.8067885117493473
0.814621409921671	0.8128198433420362	0.8067885117493473
0.814621409921671	0.8125848563968664	0.8067885117493473
0.814621409921671	0.8125065274151432	0.8067885117493473
0.814621409921671	0.8130548302872058	0.8067885117493473
0.814621409921671	0.8127415143603129	0.8067885117493473
0.814621409921671	0.8128198433420362	0.8067885117493473
0.814621409921671	0.8118798955613572	0.8067885117493473
0.814621409921671	0.8125848563968664	0.8067885117493473
0.814621409921671	0.8127415143603129	0.8067885117493473
0.814621409921671	0.8129765013054826	0.8067885117493473
0.814621409921671	0.8134464751958221	0.8067885117493473
0.814621409921671	0.8128198433420362	0.8067885117493473
0.814621409921671	0.8131331592689292	0.8067885117493473
0.814621409921671	0.8130548302872058	0.8067885117493473
0.814621409921671	0.8128198433420362	0.8067885117493473
0.814621409921671	0.8127415143603129	0.8067885117493473
0.814621409921671	0.8129765013054826	0.8067885117493473
0.814621409921671	0.8128198433420362	0.8067885117493473
0.814621409921671	0.8135248041775454	0.8067885117493473
0.814621409921671	0.8131331592689292	0.8067885117493473
0.814621409921671	0.8137597911227151	0.8067885117493473
0.814621409921671	0.8140731070496081	0.8067885117493473
0.814621409921671	0.8139947780678848	0.8067885117493473
0.814621409921671	0.8135248041775454	0.8067885117493473
0.814621409921671	0.8135248041775454	0.8067885117493473
0.814621409921671	0.8132114882506524	0.8067885117493473
0.814621409921671	0.8133681462140988	0.8067885117493473
0.814621409921671	0.8127023498694512	0.8067885117493473
0.8185378590078329	0.8128590078328978	0.8067885117493473
0.8185378590078329	0.8127806788511746	0.8067885117493473
0.8185378590078329	0.8137206266318535	0.8067885117493473
0.8185378590078329	0.8142297650130544	0.8067885117493473
0.8185378590078329	0.8147389033942555	0.8067885117493473
0.8185378590078329	0.8140339425587463	0.8067885117493473
0.8185378590078329	0.8144255874673625	0.8067885117493473
0.8185378590078329	0.8150522193211485	0.8067885117493473
0.8185378590078329	0.8155613577023496	0.8067885117493473
0.8185378590078329	0.815522193211488	0.814621409921671
0.8185378590078329	0.8152480417754566	0.814621409921671
0.8185378590078329	0.8154438642297648	0.814621409921671
0.8185378590078329	0.8159138381201042	0.814621409921671
0.8185378590078329	0.8161096605744124	0.814621409921671
0.8185378590078329	0.8162271540469972	0.814621409921671
0.8185378590078329	0.816462140992167	0.814621409921671
0.8185378590078329	0.81677545691906	0.814621409921671
0.8185378590078329	0.8171671018276762	0.814621409921671
0.8185378590078329	0.8172062663185378	0.814621409921671
0.8185378590078329	0.816971279373368	0.814621409921671
0.8185378590078329	0.817597911227154	0.814621409921671
0.8185378590078329	0.8176370757180156	0.814621409921671
0.8185378590078329	0.8178720626631854	0.814621409921671
0.8185378590078329	0.8179503916449086	0.814621409921671
0.8185378590078329	0.8179503916449086	0.814621409921671
0.8185378590078329	0.8181853785900783	0.814621409921671
0.8185378590078329	0.8177937336814621	0.8107049608355091
0.8185378590078329	0.8179895561357702	0.814621409921671
0.8185378590078329	0.8180678851174935	0.814621409921671
0.8185378590078329	0.8181070496083551	0.814621409921671
0.8185378590078329	0.8181853785900783	0.814621409921671
0.8185378590078329	0.8179895561357702	0.814621409921671
0.8185378590078329	0.8178328981723237	0.814621409921671
0.8185378590078329	0.8179895561357702	0.814621409921671
0.8185378590078329	0.8181462140992167	0.814621409921671
0.8185378590078329	0.8181462140992167	0.814621409921671
0.8185378590078329	0.8181853785900783	0.814621409921671
0.8185378590078329	0.8181853785900783	0.814621409921671
0.8185378590078329	0.8179895561357702	0.814621409921671
0.8185378590078329	0.8181853785900783	0.814621409921671
0.8185378590078329	0.8184203655352481	0.814621409921671
0.8185378590078329	0.8181853785900783	0.814621409921671
0.8185378590078329	0.8182637075718016	0.814621409921671
0.8185378590078329	0.8181853785900783	0.814621409921671
0.8185378590078329	0.8181853785900783	0.814621409921671
0.8185378590078329	0.8181070496083551	0.814621409921671
0.8185378590078329	0.8183028720626632	0.814621409921671
0.8185378590078329	0.8182637075718016	0.814621409921671
0.8185378590078329	0.8182637075718016	0.814621409921671
0.8185378590078329	0.8183420365535248	0.814621409921671
0.8185378590078329	0.8183812010443865	0.814621409921671
0.8185378590078329	0.8181070496083551	0.814621409921671
0.8185378590078329	0.8177937336814621	0.814621409921671
0.8185378590078329	0.8177937336814621	0.814621409921671
0.8185378590078329	0.8178720626631854	0.814621409921671
0.8185378590078329	0.8180678851174935	0.814621409921671
0.8185378590078329	0.8180417754569191	0.8002610966057441
0.8185378590078329	0.8183420365535248	0.814621409921671
0.8185378590078329	0.8180678851174935	0.814621409921671
0.8185378590078329	0.8180939947780678	0.8133159268929504
0.8185378590078329	0.8179503916449086	0.814621409921671
0.8185378590078329	0.8180287206266318	0.814621409921671
0.8185378590078329	0.8181462140992167	0.814621409921671
0.8185378590078329	0.8177937336814621	0.814621409921671
0.8185378590078329	0.8177937336814621	0.814621409921671
0.8185378590078329	0.8178720626631854	0.814621409921671
0.8185378590078329	0.8176762402088772	0.814621409921671
0.8185378590078329	0.8177154046997388	0.814621409921671
0.8185378590078329	0.8178328981723237	0.814621409921671
0.8185378590078329	0.8177545691906005	0.814621409921671
0.8185378590078329	0.8177154046997388	0.814621409921671
0.8185378590078329	0.8179503916449086	0.814621409921671
0.8185378590078329	0.8183289817232376	0.8133159268929504
0.8185378590078329	0.8180678851174935	0.8133159268929504
0.8185378590078329	0.8180548302872062	0.8133159268929504
0.8185378590078329	0.8180939947780678	0.8133159268929504
0.8185378590078329	0.8181462140992167	0.8133159268929504
0.8185378590078329	0.8180809399477806	0.814621409921671
0.8185378590078329	0.8181462140992167	0.8133159268929504
0.8185378590078329	0.8184595300261097	0.814621409921671
0.8185378590078329	0.8184986945169713	0.814621409921671
0.8185378590078329	0.8183028720626632	0.814621409921671
0.8185378590078329	0.8184203655352481	0.814621409921671
0.8185378590078329	0.8183812010443865	0.814621409921671
0.8185378590078329	0.81822454308094	0.814621409921671
0.8185378590078329	0.8183812010443865	0.814621409921671
0.8185378590078329	0.8183028720626632	0.814621409921671
0.8185378590078329	0.8181462140992167	0.814621409921671
0.8185378590078329	0.8181462140992167	0.814621409921671
0.8185378590078329	0.8183028720626632	0.814621409921671
0.8185378590078329	0.8182637075718016	0.814621409921671
0.8185378590078329	0.8184203655352481	0.814621409921671
0.8185378590078329	0.8184595300261097	0.814621409921671
0.8185378590078329	0.8184203655352481	0.814621409921671
0.8185378590078329	0.8184986945169713	0.814621409921671
0.8185378590078329	0.8184595300261097	0.814621409921671
0.8185378590078329	0.8184986945169713	0.814621409921671
0.8185378590078329	0.8185378590078329	0.8185378590078329
0.8185378590078329	0.8185378590078329	0.8185378590078329
0.8185378590078329	0.8185378590078329	0.8185378590078329
0.8185378590078329	0.8185378590078329	0.8185378590078329
0.8185378590078329	0.8184464751958224	0.8093994778067886
0.8185378590078329	0.818355091383812	0.8093994778067886
0.8185378590078329	0.818355091383812	0.8093994778067886
0.8185378590078329	0.8181723237597912	0.8093994778067886
0.8185378590078329	0.8184464751958225	0.8093994778067886
0.8185378590078329	0.8185378590078329	0.8185378590078329
0.8185378590078329	0.8185378590078329	0.8185378590078329
0.8185378590078329	0.8185378590078329	0.8185378590078329
0.8185378590078329	0.8185378590078329	0.8185378590078329
0.8185378590078329	0.8185378590078329	0.8185378590078329
0.8185378590078329	0.8185378590078329	0.8185378590078329
0.8185378590078329	0.8185117493472585	0.8159268929503917
0.8185378590078329	0.8185117493472585	0.8159268929503917
0.8185378590078329	0.8185378590078329	0.8185378590078329
0.8185378590078329	0.8185378590078329	0.8185378590078329
0.8185378590078329	0.8185378590078329	0.8185378590078329
0.8185378590078329	0.8185378590078329	0.8185378590078329
0.8185378590078329	0.8185378590078329	0.8185378590078329
0.8185378590078329	0.8185378590078329	0.8185378590078329
0.8185378590078329	0.8185378590078329	0.8185378590078329
0.8185378590078329	0.8185378590078329	0.8185378590078329
0.8185378590078329	0.8185378590078329	0.8185378590078329
0.8185378590078329	0.8185378590078329	0.8185378590078329
0.8185378590078329	0.8185378590078329	0.8185378590078329
0.8185378590078329	0.8185378590078329	0.8185378590078329
0.8185378590078329	0.8185378590078329	0.8185378590078329
0.8185378590078329	0.8185378590078329	0.8185378590078329
0.8185378590078329	0.8185378590078329	0.8185378590078329
0.8185378590078329	0.8185378590078329	0.8185378590078329
0.8185378590078329	0.8185378590078329	0.8185378590078329
0.8185378590078329	0.8185378590078329	0.8185378590078329
0.8185378590078329	0.8185378590078329	0.8185378590078329
0.8185378590078329	0.8185378590078329	0.8185378590078329
0.8185378590078329	0.8185378590078329	0.8185378590078329
0.8185378590078329	0.8185378590078329	0.8185378590078329
0.8185378590078329	0.8185378590078329	0.8185378590078329
0.8185378590078329	0.8185378590078329	0.8185378590078329
0.8185378590078329	0.8185378590078329	0.8185378590078329
0.8185378590078329	0.8185378590078329	0.8185378590078329
0.8185378590078329	0.8185378590078329	0.8185378590078329
0.8185378590078329	0.8185378590078329	0.8185378590078329
0.8185378590078329	0.8185378590078329	0.8185378590078329
0.8185378590078329	0.8185378590078329	0.8185378590078329
0.8185378590078329	0.8185378590078329	0.8185378590078329
0.8185378590078329	0.8185378590078329	0.8185378590078329
0.8185378590078329	0.8185378590078329	0.8185378590078329
0.8185378590078329	0.8185378590078329	0.8185378590078329
0.8185378590078329	0.8185378590078329	0.8185378590078329
0.8185378590078329	0.8185378590078329	0.8185378590078329
0.8185378590078329	0.8185378590078329	0.8185378590078329
0.8185378590078329	0.8185378590078329	0.8185378590078329
0.8185378590078329	0.8185378590078329	0.8185378590078329
0.8185378590078329	0.8185378590078329	0.8185378590078329
0.8185378590078329	0.8185378590078329	0.8185378590078329
0.8185378590078329	0.8185378590078329	0.8185378590078329
0.8185378590078329	0.8185378590078329	0.8185378590078329
0.8185378590078329	0.8185378590078329	0.8185378590078329
0.8185378590078329	0.8185378590078329	0.8185378590078329
0.8185378590078329	0.8185378590078329	0.8185378590078329
0.8185378590078329	0.8185378590078329	0.8185378590078329
0.8185378590078329	0.8185378590078329	0.8185378590078329
0.8185378590078329	0.8185378590078329	0.8185378590078329
0.8185378590078329	0.8185378590078329	0.8185378590078329
0.8185378590078329	0.8185378590078329	0.8185378590078329
0.8185378590078329	0.8185378590078329	0.8185378590078329
0.8185378590078329	0.8185378590078329	0.8185378590078329
0.8185378590078329	0.8185378590078329	0.8185378590078329
0.8185378590078329	0.8185378590078329	0.8185378590078329
0.8185378590078329	0.8185378590078329	0.8185378590078329
0.8185378590078329	0.8185378590078329	0.8185378590078329
0.8185378590078329	0.8185378590078329	0.8185378590078329
0.8185378590078329	0.8185378590078329	0.8185378590078329
0.8185378590078329	0.8185378590078329	0.8185378590078329
0.8185378590078329	0.8185378590078329	0.8185378590078329
0.8185378590078329	0.8185378590078329	0.8185378590078329
0.8185378590078329	0.8185378590078329	0.8185378590078329
0.8185378590078329	0.8185378590078329	0.8185378590078329
0.8185378590078329	0.8185378590078329	0.8185378590078329
0.8185378590078329	0.8185378590078329	0.8185378590078329
0.8185378590078329	0.8185378590078329	0.8185378590078329
0.8185378590078329	0.8187206266318539	0.8185378590078329
0.8368146214099217	0.8189425587467362	0.804177545691906
0.8368146214099217	0.8189425587467363	0.804177545691906
0.8368146214099217	0.82	0.8185378590078329
0.8368146214099217	0.8203655352480418	0.8185378590078329
0.8368146214099217	0.8218276762402091	0.8185378590078329
0.8368146214099217	0.8218276762402091	0.8185378590078329
0.8368146214099217	0.8232898172323765	0.8185378590078329
0.8368146214099217	0.8225587467362927	0.8185378590078329
0.8368146214099217	0.8223759791122716	0.8185378590078329
0.8368146214099217	0.8231070496083557	0.8185378590078329
0.8368146214099217	0.8243864229765019	0.8185378590078329
0.8368146214099217	0.825117493472585	0.8185378590078329
0.8368146214099217	0.8273107049608364	0.8185378590078329
0.8368146214099217	0.829138381201045	0.8185378590078329
0.8368146214099217	0.8282245430809406	0.8185378590078329
0.8368146214099217	0.8300522193211498	0.8185378590078329
0.8368146214099217	0.8307832898172332	0.8185378590078329
0.8368146214099217	0.8322454308094005	0.8185378590078329
0.8368146214099217	0.8337075718015676	0.8185378590078329
0.8368146214099217	0.8341775456919072	0.8185378590078329
0.8368146214099217	0.8349608355091395	0.8185378590078329
0.8368146214099217	0.8346475195822465	0.8185378590078329
0.8368146214099217	0.8353524804177556	0.8185378590078329
0.8368146214099217	0.8353524804177558	0.8185378590078329
0.8368146214099217	0.834986945169714	0.8185378590078329
0.8368146214099217	0.8351697127937346	0.8185378590078329
0.8368146214099217	0.8362663185378604	0.8185378590078329
0.8368146214099217	0.8359007832898184	0.8185378590078329
0.8368146214099217	0.8360835509138395	0.8185378590078329
0.8368146214099217	0.8368146214099229	0.8368146214099217
0.8368146214099217	0.8368146214099229	0.8368146214099217
0.8368146214099217	0.8368146214099229	0.8368146214099217
0.8368146214099217	0.8368146214099229	0.8368146214099217
0.8368146214099217	0.8368146214099229	0.8368146214099217
0.8368146214099217	0.8368146214099229	0.8368146214099217
0.8368146214099217	0.8368146214099229	0.8368146214099217
0.8368146214099217	0.8368146214099229	0.8368146214099217
0.8368146214099217	0.8368146214099229	0.8368146214099217
0.8368146214099217	0.8368146214099229	0.8368146214099217
0.8368146214099217	0.8368146214099229	0.8368146214099217
0.8368146214099217	0.8368146214099229	0.8368146214099217
0.8368146214099217	0.8368146214099229	0.8368146214099217
0.8368146214099217	0.8368146214099229	0.8368146214099217
0.8368146214099217	0.8368146214099229	0.8368146214099217
0.8368146214099217	0.8368146214099229	0.8368146214099217
0.8368146214099217	0.8368146214099229	0.8368146214099217
0.8368146214099217	0.8368276762402101	0.8368146214099217
0.8381201044386423	0.8368407310704974	0.8368146214099217
0.8381201044386423	0.836879895561359	0.8368146214099217
0.8381201044386423	0.8369321148825078	0.8368146214099217
0.8381201044386423	0.8369582245430823	0.8368146214099217
0.8381201044386423	0.8369321148825078	0.8368146214099217
0.8381201044386423	0.836945169712795	0.8368146214099217
