0.3028720626631854	0.16183289817232388	0.05352480417754569
0.3368146214099217	0.17774151436031332	0.05352480417754569
0.47127937336814624	0.19118276762402103	0.06266318537859007
0.47127937336814624	0.20501827676240197	0.0731070496083551
0.47127937336814624	0.2172271540469975	0.06527415143603134
0.47127937336814624	0.23723237597911237	0.08224543080939947
0.47127937336814624	0.2545065274151438	0.09007832898172324
0.5966057441253264	0.2725065274151436	0.08616187989556136
0.7127937336814621	0.2949582245430807	0.09399477806788512
0.7127937336814621	0.3210469973890333	0.09399477806788512
0.7245430809399478	0.3647545691905996	0.0783289817232376
0.7362924281984334	0.42761096605744064	0.12924281984334204
0.7362924281984334	0.4889712793733672	0.12532637075718014
0.7519582245430809	0.5228120104438635	0.15404699738903394
0.7519582245430809	0.5700731070496085	0.17493472584856398
0.7571801566579635	0.6013655352480411	0.20365535248041775
0.7571801566579635	0.6337519582245431	0.19843342036553524
0.7806788511749347	0.646258485639687	0.24673629242819844
0.7806788511749347	0.6665796344647524	0.35117493472584854
0.7806788511749347	0.686245430809399	0.3720626631853786
0.7819843342036553	0.6946005221932111	0.391644908616188
0.7872062663185379	0.7018981723237603	0.3681462140992167
0.7872062663185379	0.716415143603133	0.5104438642297651
0.7924281984334204	0.7145587467362932	0.48825065274151436
0.7924281984334204	0.7183577023498693	0.4869451697127937
0.7989556135770235	0.7277127937336817	0.4869451697127937
0.8015665796344648	0.7314438642297652	0.4869451697127937
0.8015665796344648	0.7360156657963435	0.4869451697127937
0.8028720626631853	0.7478120104438644	0.5195822454308094
0.804177545691906	0.748467362924282	0.5822454308093995
0.804177545691906	0.7556396866840734	0.5796344647519582
0.804177545691906	0.7604073107049605	0.5731070496083551
0.804177545691906	0.759900783289818	0.5718015665796344
0.804177545691906	0.7643681462140988	0.6031331592689295
0.804177545691906	0.7666057441253267	0.6031331592689295
0.804177545691906	0.76978590078329	0.5953002610966057
0.8067885117493473	0.7738903394255879	0.6227154046997389
0.8067885117493473	0.7755065274151454	0.6161879895561357
0.8067885117493473	0.7773629242819853	0.6201044386422977
0.8067885117493473	0.7799973890339441	0.6174934725848564
0.8067885117493473	0.7816370757180171	0.6109660574412533
0.8067885117493473	0.7862375979112277	0.6945169712793734
0.8080939947780679	0.7862532637075738	0.7075718015665796
0.8080939947780679	0.7861122715404719	0.6997389033942559
0.8080939947780679	0.7892584856396894	0.7245430809399478
0.8080939947780679	0.7897154046997409	0.7323759791122716
0.8080939947780679	0.7919060052219344	0.7232375979112271
0.8080939947780679	0.7931409921671044	0.7349869451697127
0.8080939947780679	0.7939582245430833	0.7114882506527415
0.8080939947780679	0.7949869451697147	0.7454308093994778
0.8093994778067886	0.7953159268929528	0.7389033942558747
0.8093994778067886	0.796997389033944	0.7480417754569191
0.8093994778067886	0.7980600522193223	0.720626631853786
0.8093994778067886	0.8003394255874693	0.720626631853786
0.8093994778067886	0.8008694516971294	0.7232375979112271
0.8107049608355091	0.8018772845953008	0.7532637075718016
0.8107049608355091	0.8029060052219329	0.7702349869451697
0.8107049608355091	0.8039295039164497	0.7715404699738904
0.8120104438642297	0.8034934725848569	0.7702349869451697
0.8120104438642297	0.8047885117493474	0.758485639686684
0.8120104438642297	0.8050574412532633	0.758485639686684
0.8133159268929504	0.8050835509138378	0.758485639686684
0.8159268929503917	0.8058302872062659	0.7676240208877284
0.8172323759791122	0.8058015665796332	0.7650130548302873
0.8172323759791122	0.8058746736292416	0.7637075718015666
0.8172323759791122	0.805744125326369	0.7637075718015666
0.8172323759791122	0.8064804177545677	0.762402088772846
0.8172323759791122	0.8074125326370734	0.7780678851174935
0.8172323759791122	0.8076892950391613	0.7780678851174935
0.8185378590078329	0.8078250652741498	0.7637075718015666
0.8185378590078329	0.8083472584856375	0.7637075718015666
0.8185378590078329	0.8086396866840713	0.7637075718015666
0.8211488250652742	0.8095352480417736	0.779373368146214
0.8211488250652742	0.8103629242819834	0.7806788511749347
0.8211488250652742	0.8103864229765001	0.7806788511749347
0.8237597911227154	0.8111409921671019	0.7780678851174935
0.825065274151436	0.8121357702349871	0.779373368146214
0.825065274151436	0.8130600522193214	0.779373368146214
0.825065274151436	0.8141827676240214	0.779373368146214
0.8263707571801566	0.8142480417754576	0.779373368146214
0.8263707571801566	0.8149999999999997	0.7780678851174935
0.8263707571801566	0.8157519582245444	0.783289817232376
0.8263707571801566	0.8159112271540476	0.779373368146214
0.8263707571801566	0.8163342036553537	0.779373368146214
0.8263707571801566	0.8171879895561364	0.779373368146214
0.8263707571801566	0.8171253263707584	0.783289817232376
0.8263707571801566	0.8167780678851176	0.7885117493472585
0.8263707571801566	0.8175691906005238	0.7885117493472585
0.8263707571801566	0.8178224543080946	0.7885117493472585
0.8263707571801566	0.8187362924281987	0.7885117493472585
0.8263707571801566	0.8197154046997395	0.7885117493472585
0.8263707571801566	0.819780678851176	0.8054830287206266
0.8263707571801566	0.8194595300261102	0.8028720626631853
0.8263707571801566	0.8202323759791124	0.8028720626631853
0.8263707571801566	0.8200496083550914	0.8028720626631853
0.8263707571801566	0.8203472584856392	0.8054830287206266
0.8276762402088773	0.8213263707571795	0.8015665796344648
0.8276762402088773	0.8206945169712795	0.8015665796344648
0.8276762402088773	0.8212193211488239	0.8054830287206266
0.8276762402088773	0.8213968668407307	0.8054830287206266
0.8276762402088773	0.8217206266318532	0.8067885117493473
0.8276762402088773	0.8219373368146202	0.8093994778067886
0.8276762402088773	0.8221958224543066	0.8107049608355091
0.8276762402088773	0.8222767624020877	0.8054830287206266
0.8276762402088773	0.8222349869451677	0.8067885117493473
0.8276762402088773	0.8221070496083537	0.8054830287206266
0.8276762402088773	0.8226161879895538	0.8054830287206266
0.8276762402088773	0.8230809399477779	0.8080939947780679
0.8276762402088773	0.8237571801566553	0.8080939947780679
0.8276762402088773	0.8242193211488226	0.8107049608355091
0.8276762402088773	0.8243002610966033	0.8107049608355091
0.8276762402088773	0.8243394255874655	0.8080939947780679
0.8276762402088773	0.8243002610966028	0.8093994778067886
0.8276762402088773	0.8245404699738877	0.8107049608355091
0.8276762402088773	0.8245874673629218	0.8093994778067886
0.8289817232375979	0.824971279373364	0.8120104438642297
0.8289817232375979	0.8252480417754534	0.8093994778067886
0.8289817232375979	0.8254621409921635	0.8120104438642297
0.8289817232375979	0.825548302872058	0.8107049608355091
0.8289817232375979	0.825561357702346	0.8107049608355091
0.8289817232375979	0.8253577023498656	0.8107049608355091
0.8289817232375979	0.825616187989552	0.8107049608355091
0.8289817232375979	0.8257493472584817	0.8120104438642297
0.8289817232375979	0.8255744125326332	0.814621409921671
0.8302872062663186	0.8253968668407281	0.8120104438642297
0.8302872062663186	0.8255639686684044	0.8120104438642297
0.8302872062663186	0.8257206266318506	0.8120104438642297
0.8302872062663186	0.8262036553524766	0.8133159268929504
0.8302872062663186	0.8263002610966023	0.8120104438642297
0.8302872062663186	0.8264595300261055	0.8120104438642297
0.8302872062663186	0.8266005221932065	0.8107049608355091
0.8302872062663186	0.8261070496083501	0.6135770234986945
0.8315926892950392	0.8259765013054791	0.6135770234986945
0.8315926892950392	0.8271618798955571	0.8133159268929504
0.8315926892950392	0.8269947780678814	0.8133159268929504
0.8315926892950392	0.8272584856396825	0.8133159268929504
0.8315926892950392	0.8276161879895516	0.8185378590078329
0.8315926892950392	0.827924281984329	0.8133159268929504
0.8315926892950392	0.8279425587467313	0.8133159268929504
0.8315926892950392	0.8284725848563912	0.8133159268929504
0.8315926892950392	0.828733681462136	0.8198433420365535
0.8315926892950392	0.8290104438642243	0.8198433420365535
0.8315926892950392	0.8290887728459485	0.8198433420365535
0.8315926892950392	0.8292219321148773	0.8198433420365535
0.8315926892950392	0.8293812010443806	0.8198433420365535
0.8315926892950392	0.8294882506527371	0.8198433420365535
0.8315926892950392	0.8295352480417713	0.8133159268929504
0.8315926892950392	0.8297127937336777	0.8198433420365535
0.8315926892950392	0.8298720626631801	0.8198433420365535
0.8315926892950392	0.8299582245430766	0.8198433420365535
0.8315926892950392	0.8302767624020879	0.8224543080939948
0.8315926892950392	0.830073107049606	0.716710182767624
0.8315926892950392	0.8301436031331562	0.7180156657963447
0.8315926892950392	0.830451697127936	0.8224543080939948
0.8315926892950392	0.8304804177545665	0.8224543080939948
0.8315926892950392	0.8305926892950365	0.8224543080939948
0.8315926892950392	0.8306449086161863	0.8224543080939948
0.8315926892950392	0.8306187989556115	0.8224543080939948
0.8315926892950392	0.8307467362924267	0.8211488250652742
0.8315926892950392	0.8307310704960821	0.8211488250652742
0.8315926892950392	0.8307650130548305	0.8211488250652742
0.8315926892950392	0.8308772845953007	0.8224543080939948
0.8315926892950392	0.830932114882505	0.8289817232375979
0.8315926892950392	0.8309973890339424	0.8289817232375979
0.8315926892950392	0.8310130548302873	0.8276762402088773
0.8315926892950392	0.8310261096605748	0.8276762402088773
0.8315926892950392	0.8310443864229755	0.8276762402088773
0.8315926892950392	0.8310835509138391	0.8276762402088773
0.8328981723237598	0.8310966057441255	0.8276762402088773
0.8328981723237598	0.831107049608356	0.8289817232375979
0.8328981723237598	0.8311775456919074	0.8289817232375979
0.8328981723237598	0.8311853785900798	0.8289817232375979
0.8328981723237598	0.8312428198433438	0.8289817232375979
0.8328981723237598	0.8313498694516999	0.8185378590078329
0.8328981723237598	0.8315117493472624	0.8302872062663186
0.8328981723237598	0.8316422976501339	0.8302872062663186
0.8328981723237598	0.8316501305483066	0.8302872062663186
0.8328981723237598	0.83170757180157	0.8302872062663186
0.8328981723237598	0.8317597911227179	0.8302872062663186
0.8328981723237598	0.831840731070498	0.8302872062663186
0.8328981723237598	0.8319817232376022	0.8289817232375979
0.8328981723237598	0.8319556135770271	0.8302872062663186
0.8328981723237598	0.8320626631853825	0.8302872062663186
0.8342036553524804	0.8321331592689348	0.8302872062663186
0.8342036553524804	0.8321749347258541	0.8302872062663186
0.8342036553524804	0.8321592689295084	0.8302872062663186
0.8342036553524804	0.8320026109660623	0.6997389033942559
0.8342036553524804	0.8318067885117544	0.6997389033942559
0.8342036553524804	0.8324099216710232	0.8302872062663186
0.835509138381201	0.8324569190600579	0.8302872062663186
0.835509138381201	0.8325169712793793	0.8289817232375979
0.835509138381201	0.8326318537859063	0.8289817232375979
0.835509138381201	0.8327441253263758	0.8302872062663186
0.8472584856396866	0.8328772845953055	0.8302872062663186
0.8472584856396866	0.8330000000000047	0.8302872062663186
0.8472584856396866	0.8332610966057493	0.8302872062663186
0.8472584856396866	0.8338146214099272	0.8302872062663186
0.8485639686684073	0.834295039164496	0.8302872062663186
0.8485639686684073	0.8351044386423028	0.8302872062663186
0.8485639686684073	0.8365378590078381	0.8302872062663186
0.8498694516971279	0.8372402088772907	0.8302872062663186
0.8511749347258486	0.8375483028720685	0.8224543080939948
0.8511749347258486	0.838806788511755	0.8224543080939948
0.8537859007832899	0.839010443864236	0.8224543080939948
0.8537859007832899	0.8401044386423031	0.8315926892950392
0.8537859007832899	0.8406057441253324	0.8302872062663186
0.8537859007832899	0.8408642297650193	0.8315926892950392
0.8537859007832899	0.8414725848564032	0.8302872062663186
0.8537859007832899	0.8417624020887785	0.8302872062663186
0.8537859007832899	0.8421253263707634	0.8315926892950392
0.8537859007832899	0.8434804177545759	0.8302872062663186
0.8537859007832899	0.8444490861618866	0.8315926892950392
0.8537859007832899	0.8443785900783349	0.8315926892950392
0.8537859007832899	0.8446240208877346	0.8315926892950392
0.856396866840731	0.8446579634464808	0.8315926892950392
0.856396866840731	0.8446187989556186	0.8315926892950392
0.856396866840731	0.8451462140992215	0.8315926892950392
0.856396866840731	0.8446945169712838	0.8315926892950392
0.856396866840731	0.8456187989556182	0.8315926892950392
0.856396866840731	0.8461958224543135	0.8315926892950392
0.856396866840731	0.8470078328981759	0.8315926892950392
0.8616187989556136	0.8472375979112309	0.8315926892950392
0.8616187989556136	0.8478798955613605	0.8328981723237598
0.8616187989556136	0.8485822454308133	0.8315926892950392
0.8642297650130548	0.8491201044386454	0.8315926892950392
0.8642297650130548	0.8502898172323788	0.8315926892950392
0.8642297650130548	0.851261096605747	0.8328981723237598
0.8642297650130548	0.8519634464751987	0.8328981723237598
0.8642297650130548	0.8533002610966068	0.8328981723237598
0.8642297650130548	0.8544569190600539	0.839425587467363
0.8642297650130548	0.8547049608355117	0.8368146214099217
0.8642297650130548	0.8547180156657977	0.8420365535248042
0.8642297650130548	0.8549190600522208	0.8420365535248042
0.8642297650130548	0.8555796344647535	0.8420365535248042
0.8642297650130548	0.8564438642297664	0.8420365535248042
0.8642297650130548	0.8564386422976512	0.8420365535248042
0.8642297650130548	0.8566161879895577	0.8420365535248042
0.8642297650130548	0.8578015665796365	0.8420365535248042
0.8642297650130548	0.8585378590078359	0.8420365535248042
0.8642297650130548	0.858720626631856	0.8420365535248042
0.8642297650130548	0.8584412532637093	0.8420365535248042
0.8642297650130548	0.8588511749347276	0.8433420365535248
0.8642297650130548	0.8591096605744151	0.8433420365535248
0.8642297650130548	0.8588015665796364	0.8328981723237598
0.8642297650130548	0.8591305483028737	0.8328981723237598
0.8642297650130548	0.8595013054830314	0.8433420365535248
0.8642297650130548	0.8601201044386442	0.8433420365535248
0.8642297650130548	0.8598877284595317	0.8472584856396866
0.8642297650130548	0.8597049608355111	0.835509138381201
0.8642297650130548	0.8597728459530045	0.8485639686684073
0.8642297650130548	0.8600287206266345	0.8472584856396866
0.8642297650130548	0.8603759791122739	0.8485639686684073
0.8642297650130548	0.860971279373371	0.8485639686684073
0.8642297650130548	0.8609164490861644	0.8472584856396866
0.8642297650130548	0.8609947780678877	0.8472584856396866
0.8642297650130548	0.861276762402092	0.8472584856396866
0.8642297650130548	0.8612219321148855	0.8472584856396866
0.8642297650130548	0.8614177545691918	0.8485639686684073
0.8642297650130548	0.8611879895561386	0.8485639686684073
0.8642297650130548	0.8617101827676266	0.8485639686684073
0.8642297650130548	0.8616187989556156	0.8485639686684073
0.8642297650130548	0.8617859007832925	0.8485639686684073
0.8642297650130548	0.8619033942558773	0.8485639686684073
0.8642297650130548	0.8617127937336838	0.8485639686684073
0.8642297650130548	0.8619477806788531	0.8485639686684073
0.8642297650130548	0.862127937336818	0.8485639686684073
0.8642297650130548	0.8623577023498726	0.8485639686684073
0.8642297650130548	0.8626031331592731	0.8485639686684073
0.8642297650130548	0.8626919060052263	0.8459530026109661
0.8642297650130548	0.8628459530026154	0.8459530026109661
0.8642297650130548	0.8627832898172365	0.8485639686684073
0.8642297650130548	0.8628720626631896	0.8511749347258486
0.8642297650130548	0.862757180156662	0.8511749347258486
0.8642297650130548	0.8625117493472615	0.8511749347258486
0.8642297650130548	0.8624464751958254	0.8511749347258486
0.8642297650130548	0.8625587467362956	0.8511749347258486
0.8642297650130548	0.862404699738907	0.8511749347258486
0.8642297650130548	0.8625796344647554	0.8511749347258486
0.8642297650130548	0.862652741514364	0.8485639686684073
0.8642297650130548	0.8631331592689351	0.8485639686684073
0.8642297650130548	0.8630861618799013	0.8485639686684073
0.8642297650130548	0.8629530026109711	0.8263707571801566
0.8642297650130548	0.8631044386423026	0.8368146214099217
0.8668407310704961	0.8632167101827735	0.8368146214099217
0.8668407310704961	0.8631984334203716	0.8368146214099217
0.8668407310704961	0.8635796344647584	0.8368146214099217
0.8668407310704961	0.8637571801566637	0.8511749347258486
0.8720626631853786	0.8638433420365587	0.856396866840731
0.8720626631853786	0.8642767624020941	0.856396866840731
0.8746736292428199	0.8645587467362973	0.856396866840731
0.8746736292428199	0.8650913838120151	0.856396866840731
0.8746736292428199	0.8655404699738952	0.856396866840731
0.8746736292428199	0.865900783289822	0.8590078328981723
0.8746736292428199	0.8659765013054871	0.8590078328981723
0.8746736292428199	0.8658877284595329	0.8511749347258486
0.8746736292428199	0.8660887728459559	0.8511749347258486
0.8746736292428199	0.8666814621409945	0.8590078328981723
0.8746736292428199	0.8670234986945193	0.8590078328981723
0.8746736292428199	0.8675300261096617	0.8590078328981723
0.8746736292428199	0.8679660574412535	0.7610966057441253
0.8746736292428199	0.868707571801566	0.8590078328981723
0.8746736292428199	0.8690261096605747	0.8590078328981723
0.8772845953002611	0.8693028720626625	0.8590078328981723
0.8772845953002611	0.8693472584856395	0.8590078328981723
0.8798955613577023	0.8701357702349851	0.856396866840731
0.8798955613577023	0.8706919060052192	0.856396866840731
0.8798955613577023	0.8709451697127917	0.856396866840731
0.8798955613577023	0.8717832898172303	0.856396866840731
0.8798955613577023	0.8721018276762376	0.8511749347258486
0.8798955613577023	0.8729817232375953	0.8590078328981723
0.8798955613577023	0.8734830287206248	0.8328981723237598
0.8798955613577023	0.8738198433420351	0.8642297650130548
0.8798955613577023	0.8744412532637064	0.8616187989556136
0.8798955613577023	0.8752532637075705	0.8642297650130548
0.8798955613577023	0.8754647519582223	0.8616187989556136
0.8955613577023499	0.8753994778067871	0.8498694516971279
0.8955613577023499	0.8757650130548306	0.8498694516971279
0.9007832898172323	0.8763681462140991	0.8642297650130548
0.9007832898172323	0.8771697127937328	0.8642297650130548
0.9007832898172323	0.8777441253263712	0.8642297650130548
0.9007832898172323	0.8783577023498701	0.7924281984334204
0.9007832898172323	0.8790522193211493	0.7924281984334204
0.9007832898172323	0.8802898172323771	0.7898172323759791
0.9007832898172323	0.8803942558746748	0.7924281984334204
0.9007832898172323	0.882023498694519	0.7650130548302873
0.9007832898172323	0.8838590078329008	0.7924281984334204
0.9007832898172323	0.8833994778067911	0.7036553524804178
0.9007832898172323	0.8855691906005254	0.7924281984334204
0.9007832898172323	0.8864516971279415	0.7924281984334204
0.9033942558746736	0.887895561357706	0.7650130548302873
0.9033942558746736	0.8888642297650169	0.7650130548302873
0.9046997389033943	0.8898825065274194	0.7924281984334204
0.9046997389033943	0.8903916449086207	0.7976501305483029
0.9046997389033943	0.8915561357702406	0.7924281984334204
0.9046997389033943	0.8926318537859055	0.8629242819843342
0.9046997389033943	0.8939347258485685	0.8668407310704961
0.9046997389033943	0.8953002610966103	0.8668407310704961
0.9046997389033943	0.8960261096605793	0.8668407310704961
0.9046997389033943	0.8966475195822502	0.8668407310704961
0.9046997389033943	0.8979112271540517	0.8720626631853786
0.9046997389033943	0.8984203655352527	0.8720626631853786
0.9073107049608355	0.898976501305487	0.8746736292428199
0.9073107049608355	0.8986187989556168	0.8720626631853786
0.9073107049608355	0.8992088772845989	0.8746736292428199
0.9073107049608355	0.8992663185378621	0.8746736292428199
0.9073107049608355	0.9002349869451733	0.8746736292428199
0.9086161879895561	0.9003028720626665	0.8746736292428199
0.9086161879895561	0.9001331592689327	0.8746736292428199
0.9086161879895561	0.9011592689295059	0.8720626631853786
0.9086161879895561	0.9018720626631871	0.8772845953002611
0.9086161879895561	0.9022010443864245	0.8798955613577023
0.9112271540469974	0.9024804177545701	0.8798955613577023
0.9112271540469974	0.9026344647519583	0.8746736292428199
0.9112271540469974	0.9026788511749346	0.8746736292428199
0.9112271540469974	0.9024934725848568	0.8746736292428199
0.9112271540469974	0.9030261096605756	0.8798955613577023
0.9112271540469974	0.9037310704960833	0.8798955613577023
0.9112271540469974	0.9043759791122696	0.8798955613577023
0.9112271540469974	0.904869451697125	0.8798955613577023
0.9112271540469974	0.9050626631853756	0.8798955613577023
0.9112271540469974	0.9053733681462108	0.8446475195822454
0.9112271540469974	0.9055953002610929	0.8446475195822454
0.9112271540469974	0.9059373368146171	0.8446475195822454
0.9112271540469974	0.9065900783289763	0.8798955613577023
0.9112271540469974	0.9071044386422918	0.8798955613577023
0.9112271540469974	0.9073394255874618	0.8838120104438643
0.9112271540469974	0.9072950391644855	0.8798955613577023
0.9112271540469974	0.9076449086161825	0.8798955613577023
0.9112271540469974	0.9080365535247976	0.8798955613577023
0.9112271540469974	0.9080939947780614	0.8798955613577023
0.9112271540469974	0.9088563968668328	0.8798955613577023
0.9112271540469974	0.9090365535247961	0.9007832898172323
0.9112271540469974	0.9092271540469884	0.9007832898172323
0.9112271540469974	0.9091148825065191	0.9007832898172323
0.9112271540469974	0.9093472584856316	0.9007832898172323
0.9112271540469974	0.9096266318537771	0.9007832898172323
0.9112271540469974	0.9097519582245338	0.9007832898172323
0.9112271540469974	0.9101174934725751	0.9007832898172323
0.912532637075718	0.9101618798955513	0.9033942558746736
0.912532637075718	0.9102610966057338	0.9046997389033943
0.912532637075718	0.9103002610965953	0.9046997389033943
0.912532637075718	0.9103211488250548	0.9046997389033943
0.912532637075718	0.9101723237597816	0.9007832898172323
0.912532637075718	0.9102010443864134	0.9007832898172323
0.912532637075718	0.9103080939947684	0.9046997389033943
0.912532637075718	0.9102898172323663	0.9033942558746736
0.912532637075718	0.9103394255874586	0.9046997389033943
0.912532637075718	0.9104046997388945	0.9046997389033943
0.912532637075718	0.9105065274151359	0.9033942558746736
0.912532637075718	0.9106370757180072	0.9033942558746736
0.912532637075718	0.9106449086161816	0.9033942558746736
0.912532637075718	0.910744125326365	0.9033942558746736
0.912532637075718	0.9107493472584798	0.9033942558746736
0.912532637075718	0.9110443864229719	0.9033942558746736
0.912532637075718	0.9111644908616161	0.9046997389033943
0.912532637075718	0.9114595300261065	0.9046997389033943
0.912532637075718	0.9114020887728439	0.9046997389033943
0.9138381201044387	0.9112428198433407	0.9046997389033943
0.9138381201044387	0.9112506527415133	0.9046997389033943
0.9138381201044387	0.9113838120104422	0.9046997389033943
0.9138381201044387	0.9114151436031326	0.9060052219321149
0.9138381201044387	0.9114543080939935	0.9060052219321149
0.9138381201044387	0.9114699738903385	0.9046997389033943
0.9138381201044387	0.9114908616187991	0.9046997389033943
0.9138381201044387	0.9114386422976486	0.9060052219321149
0.9138381201044387	0.9113394255874662	0.9060052219321149
0.9138381201044387	0.911516971279372	0.9060052219321149
0.9138381201044387	0.9115248041775439	0.9046997389033943
0.9138381201044387	0.9117989556135767	0.902088772845953
0.9151436031331592	0.9119477806788527	0.902088772845953
0.9151436031331592	0.9120365535248067	0.9007832898172323
0.9151436031331592	0.9122349869451737	0.9007832898172323
0.9177545691906005	0.912362924281987	0.8981723237597912
0.9177545691906005	0.9126135770235017	0.9046997389033943
0.9177545691906005	0.9127650130548336	0.9046997389033943
0.9177545691906005	0.9128851174934755	0.9073107049608355
0.9177545691906005	0.9127937336814652	0.8067885117493473
0.9177545691906005	0.9128355091383833	0.8067885117493473
0.9177545691906005	0.9133890339425617	0.8864229765013055
0.9177545691906005	0.9137650130548343	0.8851174934725848
0.9177545691906005	0.9141775456919105	0.8851174934725848
0.9177545691906005	0.9144960835509187	0.9073107049608355
0.9177545691906005	0.9147336814621446	0.9060052219321149
0.9177545691906005	0.9149791122715449	0.9060052219321149
0.9177545691906005	0.9151540469973929	0.8929503916449086
0.9177545691906005	0.9152480417754613	0.9046997389033943
0.9177545691906005	0.9154595300261136	0.9086161879895561
0.9177545691906005	0.9156631853785946	0.9086161879895561
0.9177545691906005	0.9157049608355136	0.9086161879895561
0.9177545691906005	0.9158433420365578	0.9099216710182768
0.9190600522193212	0.9160339425587514	0.9099216710182768
0.9190600522193212	0.9161174934725896	0.9112271540469974
0.9190600522193212	0.9162584856396915	0.8994778067885117
0.9203655352480418	0.9162663185378634	0.8994778067885117
0.9203655352480418	0.91630026109661	0.9007832898172323
0.9203655352480418	0.9163028720626676	0.912532637075718
0.9216710182767625	0.9162689295039209	0.912532637075718
0.9216710182767625	0.9164647519582285	0.912532637075718
0.9216710182767625	0.9166788511749381	0.912532637075718
0.9216710182767625	0.9166684073107092	0.891644908616188
0.9216710182767625	0.9170835509138415	0.912532637075718
0.9216710182767625	0.9173211488250688	0.912532637075718
0.9242819843342036	0.9173759791122748	0.9112271540469974
0.9242819843342036	0.9174673629242857	0.9112271540469974
0.9242819843342036	0.9176684073107076	0.9112271540469974
0.9242819843342036	0.9177180156657994	0.9112271540469974
0.9242819843342036	0.9180156657963473	0.912532637075718
0.9242819843342036	0.9181566579634487	0.9112271540469974
0.9242819843342036	0.9185221932114893	0.9138381201044387
0.9255874673629243	0.9188224543080955	0.912532637075718
0.9255874673629243	0.9190130548302881	0.9138381201044387
0.9255874673629243	0.9190156657963461	0.912532637075718
0.9255874673629243	0.9191253263707581	0.9112271540469974
0.9255874673629243	0.9192036553524805	0.9099216710182768
0.9255874673629243	0.9194804177545695	0.9099216710182768
0.9281984334203656	0.9197310704960838	0.9099216710182768
0.9281984334203656	0.9201201044386416	0.9099216710182768
0.9281984334203656	0.9205013054830276	0.9099216710182768
0.9295039164490861	0.9205874673629235	0.9112271540469974
0.9295039164490861	0.9205979112271531	0.9112271540469974
0.9295039164490861	0.9209791122715392	0.9112271540469974
0.9295039164490861	0.9210339425587462	0.9138381201044387
0.9295039164490861	0.9214229765013052	0.912532637075718
0.9295039164490861	0.9222454308093986	0.9112271540469974
0.9295039164490861	0.9222245430809385	0.9112271540469974
0.9295039164490861	0.9221697127937336	0.9112271540469974
0.9295039164490861	0.9223185378590069	0.9112271540469974
0.9295039164490861	0.922605744125324	0.912532637075718
0.9295039164490861	0.9230652741514345	0.9086161879895561
0.9295039164490861	0.9230026109660562	0.9112271540469974
0.9295039164490861	0.9230757180156645	0.912532637075718
0.9295039164490861	0.9236005221932102	0.912532637075718
0.9295039164490861	0.9234673629242803	0.9112271540469974
0.9295039164490861	0.9234177545691883	0.912532637075718
0.9295039164490861	0.9241148825065263	0.9138381201044387
0.9295039164490861	0.9241801566579633	0.9151436031331592
0.9295039164490861	0.924746736292428	0.9151436031331592
0.9295039164490861	0.9249373368146199	0.9138381201044387
0.9295039164490861	0.9251044386422976	0.9151436031331592
0.9295039164490861	0.9253472584856397	0.9151436031331592
0.9295039164490861	0.925613577023499	0.9086161879895561
0.9295039164490861	0.9261853785900782	0.9177545691906005
0.9295039164490861	0.9262245430809405	0.9177545691906005
0.9295039164490861	0.9260731070496082	0.9177545691906005
0.9295039164490861	0.9262010443864226	0.9033942558746736
0.9295039164490861	0.9260234986945164	0.9033942558746736
0.9295039164490861	0.9260783289817233	0.9033942558746736
0.9295039164490861	0.9262924281984327	0.9007832898172323
0.9295039164490861	0.9268120104438652	0.9007832898172323
0.9295039164490861	0.9272010443864238	0.9033942558746736
0.9295039164490861	0.9272140992167116	0.9033942558746736
0.9295039164490861	0.9271331592689315	0.9033942558746736
0.9295039164490861	0.9272480417754602	0.9033942558746736
0.9295039164490861	0.9271201044386443	0.9033942558746736
0.9503916449086162	0.9268537859007842	0.8981723237597912
0.9503916449086162	0.9268015665796357	0.8981723237597912
0.9503916449086162	0.927107049608357	0.8981723237597912
0.9503916449086162	0.9268851174934745	0.9007832898172323
0.9503916449086162	0.9274804177545705	0.9007832898172323
0.9503916449086162	0.9290417754569222	0.8981723237597912
0.9503916449086162	0.9290130548302902	0.8955613577023499
0.9503916449086162	0.9298407310704996	0.8929503916449086
0.9503916449086162	0.9298407310704981	0.8981723237597912
0.9503916449086162	0.9299451697127957	0.8981723237597912
0.9503916449086162	0.9307754569190629	0.8942558746736292
0.9503916449086162	0.9319686684073129	0.8981723237597912
0.9503916449086162	0.932310704960836	0.9007832898172323
0.9503916449086162	0.9326449086161887	0.9007832898172323
0.9503916449086162	0.9350417754569206	0.8968668407310705
0.9503916449086162	0.9372610966057466	0.9007832898172323
0.9503916449086162	0.9389634464751979	0.9033942558746736
0.9503916449086162	0.9393472584856437	0.9203655352480418
0.9503916449086162	0.9402454308094025	0.9203655352480418
0.9503916449086162	0.9406449086161921	0.9203655352480418
0.9503916449086162	0.9426318537859055	0.922976501305483
0.9503916449086162	0.9430156657963485	0.9216710182767625
0.9503916449086162	0.9435143603133198	0.7898172323759791
0.9503916449086162	0.9446892950391688	0.9203655352480418
0.9503916449086162	0.9455169712793783	0.9203655352480418
0.9503916449086162	0.9455900783289861	0.9216710182767625
0.9503916449086162	0.9453133159268975	0.9216710182767625
0.9503916449086162	0.944913838120109	0.9216710182767625
0.9503916449086162	0.945195822454312	0.9216710182767625
0.9503916449086162	0.9453289817232404	0.9216710182767625
0.9503916449086162	0.946339425587471	0.9216710182767625
0.9503916449086162	0.9449190600522224	0.912532637075718
0.9503916449086162	0.9445248041775486	0.9216710182767625
0.9503916449086162	0.9449817232376019	0.9151436031331592
0.9503916449086162	0.9452219321148869	0.9138381201044387
0.9503916449086162	0.9454804177545737	0.9216710182767625
0.9503916449086162	0.9459451697127981	0.9242819843342036
0.9503916449086162	0.9451331592689336	0.9242819843342036
0.9503916449086162	0.9458407310704999	0.9255874673629243
0.9503916449086162	0.9460156657963484	0.9268929503916449
0.9503916449086162	0.9463237597911265	0.9268929503916449
0.9503916449086162	0.946381201044391	0.9268929503916449
0.9503916449086162	0.9467859007832943	0.9268929503916449
0.9503916449086162	0.9467859007832942	0.9268929503916449
0.9503916449086162	0.9470261096605784	0.9268929503916449
0.9503916449086162	0.9479869451697167	0.9268929503916449
0.9503916449086162	0.9479947780678896	0.9268929503916449
0.9503916449086162	0.9481488250652782	0.9268929503916449
0.9503916449086162	0.9488224543080981	0.9268929503916449
0.9503916449086162	0.9494334203655388	0.9268929503916449
0.9503916449086162	0.9490704960835545	0.9268929503916449
0.9503916449086162	0.9487101827676274	0.9268929503916449
0.9503916449086162	0.9485221932114919	0.9268929503916449
0.9503916449086162	0.9492245430809437	0.9255874673629243
0.9503916449086162	0.9494490861618834	0.9268929503916449
0.9516971279373369	0.9490861618798992	0.9268929503916449
0.9516971279373369	0.9496605744125364	0.9268929503916449
0.9516971279373369	0.9494125326370794	0.9268929503916449
0.9516971279373369	0.9495326370757214	0.9268929503916449
0.9516971279373369	0.9487859007832934	0.9268929503916449
0.9516971279373369	0.9489347258485678	0.9268929503916449
0.9516971279373369	0.9483498694517011	0.9268929503916449
0.9516971279373369	0.9478642297650172	0.9268929503916449
0.9516971279373369	0.9482010443864267	0.9268929503916449
0.9516971279373369	0.9485143603133194	0.8459530026109661
0.9595300261096605	0.9490992167101858	0.9281984334203656
0.9595300261096605	0.9495848563968695	0.9295039164490861
0.9595300261096605	0.949762402088775	0.9295039164490861
0.9595300261096605	0.9506240208877306	0.9295039164490861
0.9595300261096605	0.950913838120106	0.9295039164490861
0.9595300261096605	0.9516762402088783	0.9295039164490861
0.9595300261096605	0.9515117493472596	0.9295039164490861
0.9595300261096605	0.9521775456919063	0.9295039164490861
0.9595300261096605	0.9527702349869441	0.9295039164490861
0.9595300261096605	0.9533080939947762	0.9295039164490861
0.9595300261096605	0.9536292428198405	0.9295039164490861
0.9595300261096605	0.95408877284595	0.9295039164490861
0.9595300261096605	0.9542610966057408	0.9295039164490861
0.9634464751958225	0.9543812010443836	0.9295039164490861
0.9634464751958225	0.9548093994778025	0.9295039164490861
0.9634464751958225	0.9551122715404664	0.9295039164490861
0.9634464751958225	0.9555169712793682	0.9503916449086162
0.9634464751958225	0.9554986945169659	0.9503916449086162
0.9634464751958225	0.9560156657963392	0.9503916449086162
0.9634464751958225	0.9562663185378539	0.9490861618798956
0.9634464751958225	0.9569503916449034	0.9477806788511749
0.9634464751958225	0.9575404699738853	0.9477806788511749
0.9634464751958225	0.958091383812005	0.9477806788511749
0.9634464751958225	0.9581488250652692	0.9477806788511749
0.9634464751958225	0.9590783289817187	0.9477806788511749
0.9634464751958225	0.9594386422976465	0.9477806788511749
0.9634464751958225	0.959827676240205	0.9477806788511749
0.9634464751958225	0.9596945169712756	0.9490861618798956
0.9634464751958225	0.9603524804177503	0.9477806788511749
0.9634464751958225	0.960253263707567	0.9477806788511749
0.9634464751958225	0.9607023498694489	0.9477806788511749
0.9634464751958225	0.9607389033942538	0.9477806788511749
0.9634464751958225	0.9609556135770213	0.9464751958224543
0.9634464751958225	0.9609347258485618	0.9503916449086162
0.9634464751958225	0.9607885117493452	0.9503916449086162
0.9634464751958225	0.9613237597911221	0.9503916449086162
0.9634464751958225	0.9614673629242814	0.9138381201044387
0.9634464751958225	0.961370757180156	0.9477806788511749
0.9634464751958225	0.961451697127936	0.9464751958224543
0.9634464751958225	0.9613994778067879	0.8028720626631853
0.9634464751958225	0.9613733681462121	0.9503916449086162
0.9634464751958225	0.9615274151436016	0.9503916449086162
0.9634464751958225	0.961553524804175	0.9503916449086162
0.9634464751958225	0.9613994778067868	0.9503916449086162
0.9634464751958225	0.9612271540469963	0.9399477806788512
0.9634464751958225	0.9615352480417731	0.9503916449086162
0.9634464751958225	0.9613550913838093	0.8629242819843342
0.9634464751958225	0.9614360313315916	0.8629242819843342
0.9634464751958225	0.9613577023498678	0.8629242819843342
0.9634464751958225	0.9615718015665777	0.8629242819843342
0.9634464751958225	0.9620626631853769	0.8629242819843342
0.9634464751958225	0.9624830287206271	0.9503916449086162
0.9634464751958225	0.9625744125326373	0.9503916449086162
0.9647519582245431	0.9626449086161886	0.9503916449086162
0.9647519582245431	0.9626344647519591	0.9543080939947781
0.9647519582245431	0.9626579634464756	0.9543080939947781
0.9647519582245431	0.9627284595300275	0.9543080939947781
0.9647519582245431	0.9629738903394272	0.9503916449086162
0.9647519582245431	0.9628381201044398	0.9543080939947781
0.9647519582245431	0.9629086161879911	0.9543080939947781
0.9647519582245431	0.9630156657963471	0.9543080939947781
0.9647519582245431	0.9630966057441283	0.9543080939947781
0.9647519582245431	0.9629634464751979	0.8785900783289817
0.9647519582245431	0.9632323759791147	0.9543080939947781
0.9647519582245431	0.9633629242819884	0.9543080939947781
0.9647519582245431	0.9634386422976541	0.9595300261096605
0.9647519582245431	0.9635822454308138	0.9595300261096605
0.9647519582245431	0.9636501305483074	0.9595300261096605
0.9647519582245431	0.9636553524804227	0.9595300261096605
0.9647519582245431	0.9637362924282042	0.9595300261096605
0.9647519582245431	0.9638355091383869	0.95822454308094
0.9647519582245431	0.9639738903394313	0.95822454308094
0.9647519582245431	0.964062663185384	0.95822454308094
0.9647519582245431	0.9641853785900841	0.95822454308094
0.9647519582245431	0.9641462140992226	0.9595300261096605
0.9647519582245431	0.9641906005221994	0.9595300261096605
0.9647519582245431	0.9641958224543145	0.9595300261096605
0.9647519582245431	0.964237597911234	0.9595300261096605
0.9647519582245431	0.9642088772846023	0.9595300261096605
0.9647519582245431	0.9643342036553596	0.9595300261096605
0.9647519582245431	0.9643498694517041	0.9595300261096605
0.9660574412532638	0.9642637075718086	0.9595300261096605
0.9660574412532638	0.9643707571801635	0.9595300261096605
0.9660574412532638	0.9644830287206335	0.9595300261096605
0.9660574412532638	0.9645352480417823	0.9595300261096605
0.9660574412532638	0.9646266318537922	0.9595300261096605
0.9660574412532638	0.9647989556135836	0.9595300261096605
0.9660574412532638	0.9648929503916517	0.9595300261096605
0.9660574412532638	0.9649033942558811	0.9595300261096605
0.9660574412532638	0.9650339425587533	0.9608355091383812
0.9660574412532638	0.9651357702349934	0.9608355091383812
0.9660574412532638	0.9651749347258549	0.9608355091383812
0.9660574412532638	0.9651697127937401	0.9634464751958225
0.9660574412532638	0.9652245430809465	0.9634464751958225
0.9673629242819843	0.9652610966057505	0.9634464751958225
0.9673629242819843	0.9652454308094058	0.9634464751958225
0.9673629242819843	0.9652898172323825	0.9634464751958225
0.9686684073107049	0.9653864229765075	0.9634464751958225
0.9686684073107049	0.9654516971279433	0.9621409921671018
0.9686684073107049	0.9654751958224604	0.9634464751958225
0.9686684073107049	0.9655430809399538	0.9621409921671018
0.9686684073107049	0.9657859007832951	0.9634464751958225
0.9686684073107049	0.9658537859007885	0.9634464751958225
0.9686684073107049	0.9659373368146266	0.9634464751958225
0.9686684073107049	0.9660678851174982	0.9608355091383812
0.9686684073107049	0.9661932114882549	0.9608355091383812
0.9686684073107049	0.9662506527415183	0.95822454308094
0.9686684073107049	0.9664490861618835	0.9608355091383812
0.9686684073107049	0.966469973890343	0.95822454308094
0.9686684073107049	0.9666187989556166	0.95822454308094
0.9686684073107049	0.9668276762402113	0.95822454308094
0.9686684073107049	0.9669295039164513	0.95822454308094
0.9686684073107049	0.9670208877284616	0.9634464751958225
0.9686684073107049	0.9670757180156677	0.9634464751958225
0.9686684073107049	0.9672010443864244	0.9634464751958225
0.9686684073107049	0.9672323759791137	0.9634464751958225
0.9686684073107049	0.967300261096607	0.9634464751958225
0.9686684073107049	0.9673524804177555	0.9634464751958225
0.9686684073107049	0.9675378590078334	0.9634464751958225
0.9686684073107049	0.9675900783289819	0.9634464751958225
0.9686684073107049	0.9674856396866849	0.9634464751958225
0.9686684073107049	0.9675195822454314	0.9634464751958225
0.9686684073107049	0.9676422976501308	0.9634464751958225
0.9686684073107049	0.9675509138381208	0.9647519582245431
0.9686684073107049	0.9677911227154045	0.9647519582245431
0.9686684073107049	0.9678041775456917	0.9647519582245431
0.9686684073107049	0.9677519582245431	0.9647519582245431
0.9686684073107049	0.9678407310704957	0.9634464751958225
0.9686684073107049	0.9678981723237592	0.9647519582245431
0.9686684073107049	0.9680731070496073	0.9634464751958225
0.9686684073107049	0.9681044386422963	0.9595300261096605
0.9686684073107049	0.9680052219321137	0.9308093994778068
0.9686684073107049	0.9680339425587458	0.9647519582245431
0.9686684073107049	0.9680052219321139	0.9647519582245431
0.9686684073107049	0.9681018276762391	0.9647519582245431
0.9686684073107049	0.9681383812010432	0.9647519582245431
0.9686684073107049	0.9681070496083539	0.9647519582245431
0.9686684073107049	0.9681514360313302	0.9647519582245431
0.9686684073107049	0.9681697127937323	0.9647519582245431
0.9686684073107049	0.9680861618798945	0.9647519582245431
0.9686684073107049	0.967986945169712	0.9647519582245431
0.9686684073107049	0.9679556135770229	0.9647519582245431
0.9686684073107049	0.9679895561357694	0.9647519582245431
0.9686684073107049	0.9680443864229755	0.9647519582245431
0.9686684073107049	0.9679869451697121	0.9634464751958225
0.9686684073107049	0.9680391644908605	0.9595300261096605
0.9686684073107049	0.9680182767624012	0.9634464751958225
0.9686684073107049	0.9680052219321138	0.9634464751958225
0.9686684073107049	0.9680966057441242	0.9634464751958225
0.9686684073107049	0.9680966057441243	0.9634464751958225
0.9686684073107049	0.9681174934725835	0.9634464751958225
0.9686684073107049	0.9680496083550902	0.9634464751958225
0.9686684073107049	0.9679582245430798	0.9634464751958225
0.9686684073107049	0.968026109660573	0.9634464751958225
0.9686684073107049	0.9681018276762388	0.9634464751958225
0.9686684073107049	0.968164490861617	0.9621409921671018
0.9686684073107049	0.9681697127937322	0.9634464751958225
0.9686684073107049	0.9681853785900767	0.9634464751958225
0.9686684073107049	0.9681644908616174	0.9634464751958225
0.9686684073107049	0.9677362924281967	0.6984334203655352
0.9686684073107049	0.9682872062663168	0.9660574412532638
0.9686684073107049	0.9683289817232357	0.9477806788511749
0.9686684073107049	0.9683237597911206	0.9412532637075718
0.9686684073107049	0.9683733681462118	0.9412532637075718
0.9686684073107049	0.9681644908616165	0.9412532637075718
0.9686684073107049	0.9681958224543057	0.9386422976501305
0.9686684073107049	0.9680182767623997	0.9412532637075718
0.9686684073107049	0.9680861618798929	0.9255874673629243
0.9686684073107049	0.9679190600522166	0.9412532637075718
0.9686684073107049	0.9675039164490834	0.9412532637075718
0.9686684073107049	0.9678955613576994	0.9386422976501305
0.9686684073107049	0.9680287206266291	0.9412532637075718
0.9686684073107049	0.9682872062663158	0.9412532637075718
0.9686684073107049	0.9682663185378563	0.9412532637075718
0.9686684073107049	0.9680835509138351	0.9412532637075718
0.9686684073107049	0.967462140992164	0.9386422976501305
0.9686684073107049	0.9677911227154019	0.9386422976501305
0.9686684073107049	0.9674020887728433	0.9308093994778068
0.9699738903394256	0.9675613577023471	0.9308093994778068
0.9699738903394256	0.9680130548302845	0.9386422976501305
0.9699738903394256	0.9679738903394226	0.9386422976501305
0.9699738903394256	0.9679712793733654	0.9412532637075718
0.9725848563968669	0.9679634464751928	0.9412532637075718
0.9725848563968669	0.9678067885117464	0.9386422976501305
0.9725848563968669	0.9681096605744096	0.9412532637075718
0.9725848563968669	0.9675822454308063	0.9412532637075718
0.9725848563968669	0.9683159268929477	0.9412532637075718
0.9725848563968669	0.9686135770234957	0.9386422976501305
0.9725848563968669	0.9688433420365503	0.9386422976501305
0.9725848563968669	0.968793733681459	0.9412532637075718
0.9725848563968669	0.9692219321148797	0.9412532637075718
0.9725848563968669	0.9696240208877254	0.9412532637075718
0.9725848563968669	0.969812010443861	0.9451697127937336
0.9725848563968669	0.9701201044386387	0.9660574412532638
0.9725848563968669	0.9703237597911191	0.9660574412532638
0.9725848563968669	0.9706814621409883	0.9660574412532638
0.9725848563968669	0.9706892950391606	0.9660574412532638
0.9725848563968669	0.9708355091383771	0.9660574412532638
0.9725848563968669	0.971057441253259	0.9660574412532638
0.9725848563968669	0.971146214099212	0.9660574412532638
0.9725848563968669	0.9711174934725803	0.9621409921671018
0.9725848563968669	0.971190600522189	0.9660574412532638
0.9725848563968669	0.971216710182763	0.9686684073107049
0.9725848563968669	0.9712375979112223	0.9543080939947781
0.9725848563968669	0.9710600522193163	0.9543080939947781
0.9725848563968669	0.9707989556135723	0.9543080939947781
0.9725848563968669	0.9707101827676192	0.9543080939947781
0.9725848563968669	0.9708903394255826	0.9543080939947781
0.9725848563968669	0.9709530026109613	0.9543080939947781
0.9725848563968669	0.9711436031331553	0.9543080939947781
0.9725848563968669	0.9713890339425536	0.9543080939947781
0.9725848563968669	0.9713315926892907	0.9295039164490861
0.9725848563968669	0.9712532637075669	0.9295039164490861
0.9725848563968669	0.9711723237597863	0.9647519582245431
0.9725848563968669	0.971245430809395	0.9647519582245431
0.9725848563968669	0.9712924281984288	0.9647519582245431
0.9725848563968669	0.9711148825065226	0.8446475195822454
0.9725848563968669	0.9713211488250606	0.9660574412532638
0.9725848563968669	0.9715770234986899	0.9660574412532638
0.9725848563968669	0.971608355091379	0.9660574412532638
0.9725848563968669	0.9714934725848519	0.9255874673629243
0.9725848563968669	0.971326370757176	0.9255874673629243
0.9725848563968669	0.9713759791122668	0.9255874673629243
0.9725848563968669	0.9714804177545645	0.9255874673629243
0.9725848563968669	0.9714177545691858	0.9255874673629243
0.9725848563968669	0.9715509138381154	0.9255874673629243
0.9725848563968669	0.9716370757180108	0.9608355091383812
0.9725848563968669	0.9719112271540421	0.9660574412532638
0.9725848563968669	0.9716579634464703	0.9660574412532638
0.9725848563968669	0.9715013054830242	0.9660574412532638
0.9725848563968669	0.9713080939947735	0.8420365535248042
0.9725848563968669	0.9717389033942507	0.9660574412532638
0.9725848563968669	0.9719869451697077	0.9660574412532638
0.9725848563968669	0.9722010443864179	0.9634464751958225
0.9725848563968669	0.9722010443864173	0.9660574412532638
0.9725848563968669	0.9722193211488196	0.9686684073107049
0.9725848563968669	0.9721697127937283	0.9686684073107049
0.9725848563968669	0.9722245430809349	0.9660574412532638
0.9725848563968669	0.9722506527415089	0.943864229765013
0.9725848563968669	0.9722454308093945	0.9660574412532638
0.9725848563968669	0.9722036553524751	0.9660574412532638
0.9725848563968669	0.9724151436031276	0.9686684073107049
0.9725848563968669	0.972417754569185	0.9660574412532638
0.9725848563968669	0.9723942558746681	0.9686684073107049
0.9725848563968669	0.9723890339425529	0.9686684073107049
0.9725848563968669	0.9724203655352424	0.9686684073107049
0.9725848563968669	0.9723733681462084	0.9686684073107049
0.9725848563968669	0.9723733681462086	0.9686684073107049
0.9725848563968669	0.9723890339425534	0.9686684073107049
0.9725848563968669	0.9723890339425535	0.9686684073107049
0.9725848563968669	0.97231070496083	0.9686684073107049
0.9725848563968669	0.9723733681462084	0.9686684073107049
0.9725848563968669	0.9724751958224489	0.9686684073107049
0.9725848563968669	0.9724151436031276	0.9425587467362925
0.9725848563968669	0.9724830287206211	0.9686684073107049
0.9725848563968669	0.9724203655352425	0.9686684073107049
0.9725848563968669	0.9724595300261041	0.9686684073107049
0.9725848563968669	0.9724908616187935	0.9686684073107049
0.9725848563968669	0.9725143603133105	0.9686684073107049
0.9725848563968669	0.972483028720621	0.9686684073107049
0.9725848563968669	0.9724908616187934	0.9686684073107049
0.9725848563968669	0.972506527415138	0.9686684073107049
0.9725848563968669	0.9724908616187934	0.9686684073107049
0.9725848563968669	0.9724882506527361	0.9647519582245431
0.9725848563968669	0.9724830287206211	0.9647519582245431
0.9725848563968669	0.9724490861618742	0.9647519582245431
0.9725848563968669	0.9724725848563913	0.9647519582245431
0.9725848563968669	0.9724020887728405	0.9647519582245431
0.9725848563968669	0.9723707571801513	0.9647519582245431
0.9725848563968669	0.9723707571801514	0.9647519582245431
0.9725848563968669	0.9724569190600468	0.9647519582245431
0.9725848563968669	0.9723812010443811	0.9647519582245431
0.9725848563968669	0.9722297650130496	0.9373368146214099
0.9725848563968669	0.9722715404699686	0.9373368146214099
0.9725848563968669	0.97231070496083	0.9373368146214099
0.9725848563968669	0.9722245430809345	0.9373368146214099
0.9725848563968669	0.9723420365535196	0.9373368146214099
0.9725848563968669	0.9724751958224489	0.9647519582245431
0.9725848563968669	0.972428198433415	0.9647519582245431
0.9725848563968669	0.9724177545691851	0.9647519582245431
0.9738903394255874	0.9725248041775402	0.9647519582245431
0.9738903394255874	0.9725091383811956	0.9647519582245431
0.9738903394255874	0.9725091383811957	0.9647519582245431
0.9738903394255874	0.9725874673629187	0.9699738903394256
0.9751958224543081	0.9725822454308038	0.9673629242819843
0.9751958224543081	0.9725744125326314	0.9634464751958225
0.9751958224543081	0.9725926892950336	0.9634464751958225
0.9751958224543081	0.9725874673629186	0.9503916449086162
0.9751958224543081	0.9725926892950335	0.9503916449086162
0.9751958224543081	0.9726710182767565	0.9556135770234987
0.9751958224543081	0.9726422976501246	0.8746736292428199
0.9751958224543081	0.9729947780678788	0.9595300261096605
0.9751958224543081	0.9731775456918993	0.9712793733681462
0.9751958224543081	0.9733733681462071	0.9725848563968669
0.9765013054830287	0.9733289817232306	0.9543080939947781
0.9765013054830287	0.9734412532637006	0.9725848563968669
0.9765013054830287	0.9736657963446403	0.9725848563968669
0.9765013054830287	0.9739007832898098	0.9725848563968669
0.9765013054830287	0.9740391644908545	0.9725848563968669
0.9765013054830287	0.9741932114882443	0.9725848563968669
0.9765013054830287	0.9743028720626566	0.9725848563968669
0.9765013054830287	0.9745013054830228	0.9725848563968669
0.9765013054830287	0.974571801566575	0.9725848563968669
0.9765013054830287	0.9746788511749296	0.9725848563968669
0.9765013054830287	0.974676240208874	0.9725848563968669
0.9765013054830287	0.9746631853785865	0.9725848563968669
0.9765013054830287	0.9747180156657932	0.9725848563968669
0.9765013054830287	0.9747441253263688	0.9725848563968669
0.9765013054830287	0.9748276762402083	0.9725848563968669
0.9765013054830287	0.9749503916449079	0.9725848563968669
0.9765013054830287	0.9751279373368141	0.9725848563968669
0.9765013054830287	0.9752114882506546	0.9725848563968669
0.9765013054830287	0.9750809399477801	0.9712793733681462
0.9765013054830287	0.97501044386423	0.8759791122715405
0.9765013054830287	0.975020887728461	0.8759791122715405
0.9765013054830287	0.9749530026109671	0.8746736292428199
0.9765013054830287	0.9749843342036572	0.8746736292428199
0.9765013054830287	0.9751749347258486	0.9699738903394256
0.9765013054830287	0.9751906005221938	0.9660574412532638
0.9765013054830287	0.975159268929505	0.9647519582245431
0.9765013054830287	0.9752375979112285	0.9673629242819843
0.9765013054830287	0.9752506527415159	0.9660574412532638
0.9765013054830287	0.9753107049608373	0.9673629242819843
0.9765013054830287	0.9753028720626642	0.9725848563968669
0.9765013054830287	0.9752924281984351	0.9725848563968669
0.9765013054830287	0.9752845953002609	0.9725848563968669
0.9765013054830287	0.9753968668407322	0.9725848563968669
0.9765013054830287	0.975271540469975	0.9464751958224543
0.9765013054830287	0.9755091383812028	0.9725848563968669
0.9765013054830287	0.9755117493472606	0.9725848563968669
0.9765013054830287	0.9756370757180189	0.9725848563968669
0.9765013054830287	0.9754934725848584	0.9725848563968669
0.9765013054830287	0.9754934725848596	0.9725848563968669
0.9765013054830287	0.9755639686684098	0.9725848563968669
0.9765013054830287	0.9755378590078351	0.9634464751958225
0.9765013054830287	0.9754386422976523	0.9634464751958225
0.9765013054830287	0.9754569190600538	0.9725848563968669
0.9765013054830287	0.9752219321148854	0.8237597911227154
0.9765013054830287	0.9757232375979165	0.9530026109660574
0.9765013054830287	0.9758851174934781	0.9725848563968669
0.9765013054830287	0.9759242819843389	0.9725848563968669
0.9765013054830287	0.9759399477806854	0.9725848563968669
0.9765013054830287	0.97595561357703	0.9725848563968669
0.9830287206266318	0.9759738903394312	0.9425587467362925
0.9830287206266318	0.9759921671018342	0.9425587467362925
0.9830287206266318	0.9762663185378639	0.9451697127937336
0.9856396866840731	0.9762924281984385	0.9451697127937336
0.9856396866840731	0.9766475195822506	0.9451697127937336
0.9856396866840731	0.9771853785900839	0.9451697127937336
0.9856396866840731	0.9776762402088812	0.9464751958224543
0.9856396866840731	0.9778590078329021	0.943864229765013
0.9856396866840731	0.9786109660574428	0.9464751958224543
0.9856396866840731	0.9791044386422999	0.9464751958224543
0.9856396866840731	0.9785848563968694	0.9464751958224543
0.9856396866840731	0.9795535248041798	0.9464751958224543
0.9856396866840731	0.9797989556135801	0.9725848563968669
0.9856396866840731	0.9797127937336841	0.9725848563968669
0.9856396866840731	0.9803733681462157	0.9725848563968669
0.9856396866840731	0.9801592689295054	0.9725848563968669
0.9856396866840731	0.9805483028720637	0.9725848563968669
0.9856396866840731	0.9804960835509142	0.8276762402088773
0.9856396866840731	0.9807545691906003	0.9725848563968669
0.9856396866840731	0.9807937336814612	0.9738903394255874
0.9856396866840731	0.9810026109660567	0.9725848563968669
0.9856396866840731	0.9809843342036552	0.9725848563968669
0.9856396866840731	0.9809112271540461	0.9725848563968669
0.9856396866840731	0.9810887728459535	0.9738903394255874
0.9856396866840731	0.9814360313315924	0.9738903394255874
0.9856396866840731	0.9818381201044376	0.9725848563968669
0.9856396866840731	0.982159268929503	0.9712793733681462
0.9856396866840731	0.9822819843342032	0.9738903394255874
0.9856396866840731	0.9823159268929499	0.9738903394255874
0.9856396866840731	0.9827493472584846	0.9725848563968669
0.9856396866840731	0.9828093994778061	0.9725848563968669
0.9856396866840731	0.9831958224543059	0.9725848563968669
0.9856396866840731	0.9833681462140976	0.9725848563968669
0.9856396866840731	0.9835274151436008	0.9725848563968669
0.9856396866840731	0.9835378590078304	0.9738903394255874
0.9856396866840731	0.9836083550913818	0.9738903394255874
0.9856396866840731	0.9839921671018241	0.9738903394255874
0.9856396866840731	0.9841462140992134	0.9738903394255874
0.9856396866840731	0.984344647519579	0.9738903394255874
0.9856396866840731	0.9843577023498661	0.9738903394255874
0.9856396866840731	0.9846866840731036	0.9738903394255874
0.9856396866840731	0.9847127937336778	0.9738903394255874
0.9856396866840731	0.9847676240208846	0.9738903394255874
0.9856396866840731	0.9848198433420331	0.9738903394255874
0.9856396866840731	0.9846579634464718	0.9738903394255874
0.9856396866840731	0.9845848563968634	0.9738903394255874
0.9856396866840731	0.9848825065274116	0.9738903394255874
0.9856396866840731	0.9850156657963408	0.9765013054830287
0.9856396866840731	0.9850026109660538	0.9765013054830287
0.9856396866840731	0.9849347258485605	0.9738903394255874
0.9856396866840731	0.9848355091383779	0.9738903394255874
0.9856396866840731	0.9847597911227123	0.9738903394255874
0.9856396866840731	0.9846187989556107	0.9738903394255874
0.9856396866840731	0.9842950391644878	0.8694516971279374
0.9869451697127938	0.9845953002610933	0.9621409921671018
0.9869451697127938	0.9844960835509102	0.9738903394255874
0.9869451697127938	0.9846814621409885	0.9738903394255874
0.9869451697127938	0.9849190600522155	0.9738903394255874
0.9869451697127938	0.9852140992167059	0.9738903394255874
0.9869451697127938	0.98504699738903	0.9738903394255874
0.9869451697127938	0.985112271540466	0.9543080939947781
0.9869451697127938	0.9850026109660538	0.9738903394255874
0.9869451697127938	0.9853133159268884	0.9543080939947781
0.9869451697127938	0.9854543080939899	0.9543080939947781
0.9869451697127938	0.9855091383811962	0.9738903394255874
0.9869451697127938	0.9857075718015614	0.9738903394255874
0.9869451697127938	0.9858224543080883	0.9738903394255874
0.9869451697127938	0.9858355091383759	0.9765013054830287
0.9869451697127938	0.9858120104438591	0.9765013054830287
0.9869451697127938	0.9859999999999944	0.97911227154047
0.9869451697127938	0.9860887728459471	0.9830287206266318
0.9869451697127938	0.9861932114882446	0.9830287206266318
0.9869451697127938	0.9862767624020826	0.9830287206266318
0.9869451697127938	0.9863080939947717	0.9830287206266318
0.9869451697127938	0.9864046997388973	0.9830287206266318
0.9869451697127938	0.9864125326370695	0.9765013054830287
0.9869451697127938	0.9864125326370693	0.9765013054830287
0.9869451697127938	0.9864804177545629	0.9830287206266318
0.9869451697127938	0.9864751958224477	0.9830287206266318
0.9869451697127938	0.986428198433414	0.9830287206266318
0.9869451697127938	0.9864281984334139	0.9830287206266318
0.9869451697127938	0.9863655352480354	0.9830287206266318
0.9869451697127938	0.9864125326370693	0.9830287206266318
0.9869451697127938	0.9863864229764948	0.9738903394255874
0.9869451697127938	0.9863994778067822	0.9830287206266318
0.9869451697127938	0.986446475195816	0.9843342036553525
0.9869451697127938	0.986454308093988	0.9830287206266318
0.9869451697127938	0.9863916449086098	0.9830287206266318
0.9869451697127938	0.9865091383811941	0.9830287206266318
0.9869451697127938	0.9865639686684006	0.9843342036553525
0.9869451697127938	0.9865587467362856	0.9843342036553525
0.9869451697127938	0.9864830287206198	0.9856396866840731
0.9869451697127938	0.9864751958224477	0.9856396866840731
0.9869451697127938	0.9864960835509073	0.9856396866840731
0.9869451697127938	0.9865404699738836	0.9856396866840731
0.9869451697127938	0.9865796344647454	0.9856396866840731
0.9869451697127938	0.9865509138381132	0.9595300261096605
0.9869451697127938	0.9866187989556069	0.9856396866840731
