0.15926892950391644	0.13980536434844532	0.10443864229765012
0.2519582245430809	0.1449086161879896	0.10835509138381201
0.2519582245430809	0.1698868581375109	0.08093994778067885
0.2519582245430809	0.19682076485946862	0.10052219321148825
0.2519582245430809	0.1966469699051807	0.1174934725848564
0.2519582245430809	0.1994902399602138	0.1174934725848564
0.2519582245430809	0.22091043251220338	0.15926892950391644
0.26240208877284593	0.22334203655352486	0.14882506527415143
0.27284595300261094	0.22275408567836763	0.15926892950391644
0.27284595300261094	0.2287746466192492	0.15926892950391644
0.2963446475195822	0.23814537185210138	0.16579634464751958
0.2963446475195822	0.23668802911622758	0.17232375979112272
0.29765013054830286	0.24199925400969785	0.1618798955613577
0.29765013054830286	0.257850539834874	0.18276762402088773
0.29765013054830286	0.2639753631920733	0.17754569190600522
0.29765013054830286	0.26151053938737834	0.17754569190600522
0.2989556135770235	0.26455765377375684	0.19712793733681463
0.2989556135770235	0.27348418914998546	0.23759791122715404
0.304177545691906	0.27992889283928674	0.24673629242819844
0.304177545691906	0.27945329567858485	0.23759791122715404
0.304177545691906	0.28075564429427113	0.24281984334203655
0.304177545691906	0.28230454702202085	0.24281984334203655
0.30678851174934724	0.2846427723712318	0.2454308093994778
0.30678851174934724	0.2839998167743118	0.24673629242819844
0.30678851174934724	0.29063592512280395	0.2506527415143603
0.30678851174934724	0.2955313957967728	0.2506527415143603
0.30678851174934724	0.29597165236851924	0.2545691906005222
0.30809399477806787	0.29933721630849575	0.2558746736292428
0.30809399477806787	0.2988192198277541	0.26109660574412535
0.30809399477806787	0.3005259772202671	0.283289817232376
0.30809399477806787	0.30027948369065555	0.283289817232376
0.30809399477806787	0.3014235130011802	0.283289817232376
0.31070496083550914	0.3023672758920799	0.283289817232376
0.31070496083550914	0.3030416059136686	0.283289817232376
0.31070496083550914	0.30379746835443017	0.29765013054830286
0.31070496083550914	0.30456435547819344	0.2989556135770235
0.31070496083550914	0.3048696089842396	0.29765013054830286
0.3342036553524804	0.30536015972968833	0.29765013054830286
0.3342036553524804	0.3073737282794634	0.29765013054830286
0.3381201044386423	0.3063191245929532	0.29765013054830286
0.3381201044386423	0.31003070037012603	0.29765013054830286
0.3381201044386423	0.3129088407872204	0.29765013054830286
0.3381201044386423	0.31447024872887186	0.29765013054830286
0.34203655352480417	0.3118893165729053	0.29765013054830286
0.34203655352480417	0.3120104438642298	0.29765013054830286
0.34203655352480417	0.31491869813613205	0.29765013054830286
0.34203655352480417	0.31881670004309337	0.29765013054830286
0.34203655352480417	0.3228148700733556	0.2989556135770235
0.34203655352480417	0.32274712671725897	0.2989556135770235
0.34203655352480417	0.3245143363594986	0.29765013054830286
0.34203655352480417	0.3272763625244041	0.2989556135770235
0.34203655352480417	0.3286004759814228	0.29765013054830286
0.34203655352480417	0.32887955500056754	0.29765013054830286
0.34203655352480417	0.3310236325902123	0.29765013054830286
0.34203655352480417	0.33250323628145784	0.3028720626631854
0.34203655352480417	0.33344841723669166	0.30156657963446476
0.34203655352480417	0.3355303657475219	0.304177545691906
0.34203655352480417	0.3373159268929504	0.30678851174934724
0.34203655352480417	0.3384593244382314	0.30809399477806787
0.34203655352480417	0.3390207865282252	0.3328981723237598
0.34203655352480417	0.33911665636896376	0.3328981723237598
0.34203655352480417	0.33974950430907597	0.3342036553524804
0.34203655352480417	0.3402765689971961	0.3342036553524804
0.34203655352480417	0.3401212098111342	0.3342036553524804
0.34203655352480417	0.3404117437120804	0.33159268929503916
0.34203655352480417	0.34015702831324235	0.3328981723237598
0.34203655352480417	0.33991856707261453	0.3328981723237598
0.34203655352480417	0.34028090393445626	0.3342036553524804
0.34203655352480417	0.3404380028773917	0.3342036553524804
0.34203655352480417	0.34045945993306176	0.3342036553524804
0.34203655352480417	0.34027285459858614	0.3342036553524804
0.34203655352480417	0.34041536544992296	0.3342036553524804
0.34203655352480417	0.34035205929419754	0.3302872062663185
0.34203655352480417	0.3407892767457724	0.3342036553524804
0.34203655352480417	0.340977388048673	0.3381201044386423
0.34203655352480417	0.3408689165301728	0.3342036553524804
0.34203655352480417	0.34097935254449124	0.3381201044386423
0.34203655352480417	0.3409921671018284	0.3381201044386423
0.34203655352480417	0.3411922890511413	0.3381201044386423
0.34203655352480417	0.34108640907194915	0.3342036553524804
0.34203655352480417	0.3408226833402051	0.3342036553524804
0.34203655352480417	0.34083671652152997	0.3342036553524804
0.3733681462140992	0.3421708317791876	0.3342036553524804
0.3733681462140992	0.3436149341358005	0.3342036553524804
0.3733681462140992	0.3437212830199695	0.3342036553524804
0.3733681462140992	0.34406329789536017	0.3342036553524804
0.3733681462140992	0.3450898143788619	0.3342036553524804
0.3733681462140992	0.34653870580763585	0.3342036553524804
0.3733681462140992	0.3487384984850817	0.3342036553524804
0.3733681462140992	0.3506637932225405	0.3342036553524804
0.3733681462140992	0.352248028105478	0.3381201044386423
0.3733681462140992	0.35269010673845747	0.3381201044386423
0.3733681462140992	0.35720693579701446	0.3381201044386423
0.3772845953002611	0.3565161495540156	0.3381201044386423
0.3772845953002611	0.35782043376149725	0.3381201044386423
0.3772845953002611	0.3586441162334545	0.3381201044386423
0.3772845953002611	0.36169597036617873	0.3381201044386423
0.3772845953002611	0.3645418072979689	0.3381201044386423
0.3785900783289817	0.3669542513338633	0.3381201044386423
0.3785900783289817	0.36758404437393066	0.3381201044386423
0.3785900783289817	0.3688391719154101	0.3381201044386423
0.3785900783289817	0.3711004057416742	0.3381201044386423
0.3785900783289817	0.37197158297407307	0.3381201044386423
0.3785900783289817	0.37241761018397135	0.3381201044386423
0.3785900783289817	0.37287337410732446	0.3381201044386423
0.3785900783289817	0.3744255283957336	0.3381201044386423
0.3785900783289817	0.3744101909634824	0.34203655352480417
0.3785900783289817	0.3754569190600531	0.3472584856396867
0.3785900783289817	0.3749956867300824	0.34595300261096606
0.3785900783289817	0.37553444992988105	0.3472584856396867
0.3785900783289817	0.37530093926960856	0.34203655352480417
0.3785900783289817	0.3753683927430843	0.34203655352480417
0.3785900783289817	0.37551802677629126	0.34203655352480417
0.3785900783289817	0.37470117107886997	0.34203655352480417
0.3785900783289817	0.3758097818368541	0.36945169712793735
0.3785900783289817	0.37567576351798	0.36945169712793735
0.3785900783289817	0.3758340586016838	0.36945169712793735
0.3785900783289817	0.3763467789204467	0.36945169712793735
0.3785900783289817	0.3763173750806031	0.36945169712793735
0.3785900783289817	0.3763356297251682	0.36945169712793735
0.3785900783289817	0.37642120811792135	0.36945169712793735
0.3785900783289817	0.3763093530377003	0.36945169712793735
0.3785900783289817	0.3769518251164707	0.3668407310704961
0.38511749347258484	0.37722871859475293	0.3668407310704961
0.38511749347258484	0.3775467000010096	0.36945169712793735
0.38511749347258484	0.3776647359523038	0.36945169712793735
0.39033942558746737	0.37789018058354756	0.35900783289817234
0.39033942558746737	0.37809251687275375	0.3733681462140992
0.39033942558746737	0.37896167649446166	0.36945169712793735
0.39033942558746737	0.3792937773593344	0.36945169712793735
0.39033942558746737	0.37908144094495927	0.36945169712793735
0.39033942558746737	0.3797807936189152	0.3733681462140992
0.39033942558746737	0.38005696653216375	0.3733681462140992
0.39033942558746737	0.38022546681622527	0.36945169712793735
0.39033942558746737	0.38104195326464485	0.36945169712793735
0.39033942558746737	0.3815494829172216	0.36945169712793735
0.39033942558746737	0.38224819861794246	0.3733681462140992
0.39033942558746737	0.38305162383766356	0.3733681462140992
0.39033942558746737	0.38308421502715745	0.36945169712793735
0.39033942558746737	0.38437666573310486	0.370757180156658
0.39033942558746737	0.38518927260818614	0.3733681462140992
0.39033942558746737	0.38560760655504134	0.370757180156658
0.39033942558746737	0.386245961853345	0.370757180156658
0.39033942558746737	0.38647572329034635	0.3733681462140992
0.39033942558746737	0.38660635538828464	0.37467362924281983
0.391644908616188	0.3866441713001934	0.3785900783289817
0.391644908616188	0.38756904411067916	0.3785900783289817
0.391644908616188	0.38722338740744083	0.3733681462140992
0.391644908616188	0.3877709834071849	0.36945169712793735
0.3968668407310705	0.3878340811342933	0.36945169712793735
0.3968668407310705	0.38804328662698623	0.36945169712793735
0.3968668407310705	0.3883624321190551	0.36945169712793735
0.3968668407310705	0.38876041278130213	0.36945169712793735
0.3968668407310705	0.38897216891385605	0.36945169712793735
0.3968668407310705	0.3889971107491606	0.36945169712793735
0.3968668407310705	0.38872485623419106	0.36945169712793735
0.3968668407310705	0.3896159535684563	0.36945169712793735
0.3968668407310705	0.38982124924683775	0.36945169712793735
0.3968668407310705	0.3909662171333679	0.3785900783289817
0.402088772845953	0.3916290364821006	0.3785900783289817
0.4046997389033943	0.3923232865042243	0.3785900783289817
0.4046997389033943	0.3925465935909801	0.3785900783289817
0.4046997389033943	0.39258797396827877	0.3785900783289817
0.4046997389033943	0.39350435031881686	0.3785900783289817
0.4046997389033943	0.3936897802629448	0.3785900783289817
0.4046997389033943	0.3939419462033795	0.3785900783289817
0.4046997389033943	0.39443095403025036	0.3785900783289817
0.4046997389033943	0.3954024293336356	0.3785900783289817
0.4046997389033943	0.3956967968638312	0.3785900783289817
0.4046997389033943	0.3965601083289069	0.3785900783289817
0.4046997389033943	0.3968891566802788	0.3785900783289817
0.4046997389033943	0.39768785272080354	0.3785900783289817
0.4073107049608355	0.3983047107711538	0.3785900783289817
0.4112271540469974	0.3992730251369468	0.37989556135770236
0.4112271540469974	0.39960871873568093	0.3785900783289817
0.4112271540469974	0.40047952091304173	0.3825065274151436
0.4112271540469974	0.4010242467398881	0.3785900783289817
0.4112271540469974	0.40266819271075477	0.3733681462140992
0.4112271540469974	0.4029353803686649	0.39033942558746737
0.4112271540469974	0.40294494328755237	0.39033942558746737
0.4112271540469974	0.40297903485745207	0.39033942558746737
0.4112271540469974	0.4032157581951428	0.3838120104438642
0.4112271540469974	0.40309834638816316	0.3838120104438642
0.4112271540469974	0.40414568775062126	0.39033942558746737
0.4112271540469974	0.40467907162589434	0.39033942558746737
0.4490861618798956	0.4054295758722062	0.3877284595300261
0.4490861618798956	0.40568140760384225	0.39033942558746737
0.4490861618798956	0.40574073446136116	0.39033942558746737
0.4490861618798956	0.4066900101874905	0.3733681462140992
0.4490861618798956	0.40829736822675816	0.39033942558746737
0.4490861618798956	0.41053601597296857	0.39033942558746737
0.4490861618798956	0.4141902351198187	0.39033942558746737
0.4490861618798956	0.41677958819446753	0.3877284595300261
0.45039164490861616	0.4176230343766236	0.3877284595300261
0.45039164490861616	0.422109451173626	0.3877284595300261
0.45039164490861616	0.42359505934901687	0.3877284595300261
0.45039164490861616	0.4269739356911936	0.3877284595300261
0.45039164490861616	0.42976178963994494	0.38642297650130547
0.4516971279373368	0.4330033807840601	0.38642297650130547
0.45430809399477806	0.4329479658084742	0.38642297650130547
0.45430809399477806	0.43562793416045714	0.38642297650130547
0.45430809399477806	0.4365149608987288	0.3968668407310705
0.45430809399477806	0.43911415898581274	0.3968668407310705
0.4556135770234987	0.4397067202634765	0.39556135770234985
0.45691906005221933	0.44016899618013855	0.38642297650130547
0.45691906005221933	0.4433091669095722	0.39556135770234985
0.45691906005221933	0.4462560721935204	0.402088772845953
0.45691906005221933	0.4473352787590237	0.4046997389033943
0.45822454308093996	0.4483921463119339	0.4046997389033943
0.45822454308093996	0.44952132288946917	0.4086161879895561
0.45822454308093996	0.44961320143209405	0.402088772845953
0.45822454308093996	0.4492278655804732	0.402088772845953
0.45822454308093996	0.45007052609465537	0.402088772845953
0.45822454308093996	0.4507083066959035	0.402088772845953
0.45822454308093996	0.45078715571230693	0.402088772845953
0.45822454308093996	0.45047749299894085	0.402088772845953
0.45822454308093996	0.45060382273721244	0.402088772845953
0.45822454308093996	0.4512981488544029	0.402088772845953
0.45822454308093996	0.453163240868921	0.40992167101827676
0.45822454308093996	0.4534881692417739	0.402088772845953
0.45822454308093996	0.4538999496332504	0.402088772845953
0.45822454308093996	0.4540660176715727	0.40992167101827676
0.45822454308093996	0.4536797406249113	0.4086161879895561
0.45822454308093996	0.4537110568984933	0.4086161879895561
0.45822454308093996	0.4542938730467537	0.4086161879895561
0.45822454308093996	0.45399375860174607	0.4086161879895561
0.45822454308093996	0.4545421222699053	0.4086161879895561
0.45822454308093996	0.45489485948510766	0.4086161879895561
0.45822454308093996	0.4550349153812193	0.4086161879895561
0.45822454308093996	0.4559643038073357	0.43994778067885115
0.45822454308093996	0.4563120520197583	0.4412532637075718
0.4751958224543081	0.4563587787523688	0.4412532637075718
0.4751958224543081	0.45614401539095967	0.4412532637075718
0.4751958224543081	0.4558927369164348	0.4412532637075718
0.4751958224543081	0.45658655706787055	0.4412532637075718
0.4751958224543081	0.45710904718737827	0.4412532637075718
0.4751958224543081	0.4573839525593435	0.44386422976501305
0.4751958224543081	0.4582245430809425	0.4451697127937337
0.4751958224543081	0.4591788592169268	0.4451697127937337
0.4751958224543081	0.4597729687591793	0.43342036553524804
0.4751958224543081	0.46098706215801083	0.4464751958224543
0.4751958224543081	0.4625196616865909	0.4464751958224543
0.4751958224543081	0.46336208033336185	0.4464751958224543
0.4751958224543081	0.4649804834227318	0.4464751958224543
0.4751958224543081	0.46564146569902426	0.44778067885117495
0.4751958224543081	0.466070470026008	0.4464751958224543
0.4751958224543081	0.4659146946000265	0.4464751958224543
0.4751958224543081	0.46712767882532596	0.44778067885117495
0.4765013054830287	0.4678418588842391	0.4490861618798956
0.4765013054830287	0.4693019128275913	0.4490861618798956
0.4765013054830287	0.4698895832162424	0.4490861618798956
0.4765013054830287	0.4694623852930871	0.4516971279373368
0.4765013054830287	0.47022738218966476	0.4516971279373368
0.4765013054830287	0.46988551141098417	0.45300261096605743
0.4869451697127937	0.4705851280580772	0.45039164490861616
0.4869451697127937	0.47053517287000995	0.45300261096605743
0.4869451697127937	0.47117453534289705	0.45300261096605743
0.4869451697127937	0.4722392142235502	0.45300261096605743
0.4869451697127937	0.47267651270059263	0.45300261096605743
0.4869451697127937	0.47333260943600297	0.4360313315926893
0.4908616187989556	0.47463035899554123	0.4360313315926893
0.4908616187989556	0.47487986127099757	0.45300261096605743
0.49738903394255873	0.4753397916107473	0.45300261096605743
0.49738903394255873	0.47539516995590125	0.45300261096605743
0.49738903394255873	0.4763753590683844	0.45300261096605743
0.49738903394255873	0.47752445669222987	0.45300261096605743
0.49738903394255873	0.4787468324606073	0.45822454308093996
0.49738903394255873	0.4810094138500969	0.45822454308093996
0.49738903394255873	0.4827542589295512	0.45822454308093996
0.49738903394255873	0.4840322066705657	0.45822454308093996
0.49738903394255873	0.4846398430577198	0.45822454308093996
0.49738903394255873	0.4849834040765062	0.45300261096605743
0.49738903394255873	0.4848022957683525	0.45822454308093996
0.49738903394255873	0.48425920283502993	0.45822454308093996
0.49738903394255873	0.48504649761556606	0.4451697127937337
0.49738903394255873	0.485602453656515	0.45822454308093996
0.5	0.48602924467488046	0.45822454308093996
0.5	0.48699138150142035	0.45822454308093996
0.5	0.48814934541653354	0.45822454308093996
0.5	0.48840896263427613	0.45822454308093996
0.5	0.4885707361461034	0.45822454308093996
0.5	0.488259766061086	0.45822454308093996
0.5	0.48887274378476503	0.45822454308093996
0.5	0.4899792299233897	0.45822454308093996
0.5026109660574413	0.490834562155873	0.45822454308093996
0.5026109660574413	0.49067736818216473	0.45822454308093996
0.5026109660574413	0.4917170124815816	0.45822454308093996
0.5026109660574413	0.4920354377273434	0.45822454308093996
0.5026109660574413	0.49269863580359474	0.45822454308093996
0.5026109660574413	0.49308470789540165	0.46866840731070497
0.5026109660574413	0.4929579020379664	0.46866840731070497
0.5026109660574413	0.49367071887424613	0.46866840731070497
0.5026109660574413	0.49499528270838283	0.4751958224543081
0.5026109660574413	0.4958320759585559	0.4751958224543081
0.5026109660574413	0.4962840591586488	0.4751958224543081
0.5026109660574413	0.49662659709882956	0.4751958224543081
0.5026109660574413	0.4968218091440099	0.4751958224543081
0.5026109660574413	0.49745161081500905	0.4751958224543081
0.5026109660574413	0.4981654414769365	0.4751958224543081
0.5026109660574413	0.4990610811714605	0.4751958224543081
0.5026109660574413	0.49896586941750953	0.4751958224543081
0.5026109660574413	0.4987775738034478	0.45691906005221933
0.5026109660574413	0.4986839032881177	0.45691906005221933
0.5039164490861618	0.49900554777390665	0.45691906005221933
0.5130548302872062	0.49950648945279236	0.4751958224543081
0.5130548302872062	0.5000946002194704	0.4751958224543081
0.5130548302872062	0.5000293366972728	0.4856396866840731
0.5130548302872062	0.5001274151436014	0.4804177545691906
0.5182767624020888	0.5005246917435987	0.47127937336814624
0.5182767624020888	0.501427936921715	0.47127937336814624
0.5182767624020888	0.5022075283544276	0.47127937336814624
0.5195822454308094	0.5034029178473739	0.47127937336814624
0.5195822454308094	0.5045373244793471	0.47127937336814624
0.5287206266318538	0.5050641264740464	0.4830287206266319
0.5287206266318538	0.5062495658604934	0.4869451697127937
0.5300261096605744	0.5065600013034443	0.4869451697127937
0.5300261096605744	0.5075912924485	0.4869451697127937
0.5300261096605744	0.5094055498208744	0.4869451697127937
0.5300261096605744	0.5101311132723424	0.48433420365535246
0.5300261096605744	0.512133549505766	0.4869451697127937
0.5300261096605744	0.5128422631581058	0.4869451697127937
0.5300261096605744	0.5146521977296985	0.4869451697127937
0.5300261096605744	0.5153468997269444	0.4869451697127937
0.5313315926892951	0.5168838497641388	0.49477806788511747
0.5430809399477807	0.5168147798904111	0.49477806788511747
0.5430809399477807	0.5174413322641941	0.49738903394255873
0.5430809399477807	0.5179282397835621	0.49738903394255873
0.5456919060052219	0.518963858732995	0.4960835509138381
0.5456919060052219	0.5196037751359315	0.49738903394255873
0.5456919060052219	0.5216897516655167	0.49216710182767626
0.5456919060052219	0.5230103543676307	0.4960835509138381
0.5456919060052219	0.522782909617125	0.49216710182767626
0.5456919060052219	0.523535441446671	0.4869451697127937
0.5456919060052219	0.5238978599334347	0.4869451697127937
0.5456919060052219	0.525286764055574	0.4869451697127937
0.5456919060052219	0.5261652538311438	0.4869451697127937
0.5456919060052219	0.5268895098800042	0.48825065274151436
0.5469973890339426	0.5288445045834864	0.4869451697127937
0.5469973890339426	0.530387160279873	0.4869451697127937
0.5469973890339426	0.5310473801286175	0.49216710182767626
0.5469973890339426	0.5324859344122327	0.49738903394255873
0.5496083550913838	0.5334414642508664	0.4960835509138381
0.5496083550913838	0.5344760223153099	0.49216710182767626
0.5496083550913838	0.5355701982760908	0.49216710182767626
0.5822454308093995	0.5372725676740768	0.4869451697127937
0.5822454308093995	0.5383748691723526	0.4869451697127937
0.5822454308093995	0.5389435058254654	0.4869451697127937
0.5835509138381201	0.5396737218302711	0.49738903394255873
0.5835509138381201	0.5432766700765586	0.49738903394255873
0.5835509138381201	0.5461614379831136	0.49738903394255873
0.5835509138381201	0.5489455149038068	0.49738903394255873
0.5835509138381201	0.5518403099469396	0.49869451697127937
0.5835509138381201	0.5539374463656457	0.49869451697127937
0.5835509138381201	0.5566109879065297	0.49738903394255873
0.5835509138381201	0.5600776390185089	0.5026109660574413
0.5835509138381201	0.5619570295100716	0.5026109660574413
0.587467362924282	0.5640950637212933	0.5026109660574413
0.587467362924282	0.5667452957594291	0.5091383812010444
0.587467362924282	0.5698586055932832	0.5091383812010444
0.587467362924282	0.5731697271200188	0.5169712793733682
0.587467362924282	0.5742875205823385	0.5169712793733682
0.5926892950391645	0.5743537591855745	0.5195822454308094
0.5926892950391645	0.575295287827921	0.5326370757180157
0.5926892950391645	0.5752379805222602	0.5313315926892951
0.5966057441253264	0.5767673484385396	0.5313315926892951
0.5966057441253264	0.5777423071637677	0.5326370757180157
0.5966057441253264	0.5779406751965211	0.5313315926892951
0.5966057441253264	0.5780293339408025	0.5326370757180157
0.5966057441253264	0.578928420383008	0.5156657963446475
0.597911227154047	0.5809660923006106	0.5326370757180157
0.597911227154047	0.5816978580343668	0.5430809399477807
0.597911227154047	0.5811948030332953	0.5430809399477807
0.608355091383812	0.5820621444503977	0.54177545691906
0.608355091383812	0.5837078477292852	0.5274151436031331
0.608355091383812	0.5852382377527088	0.5274151436031331
0.6174934725848564	0.5857484483450703	0.5274151436031331
0.6174934725848564	0.5871148996163948	0.54177545691906
0.6214099216710183	0.5884366627416837	0.54177545691906
0.6214099216710183	0.5894723942252362	0.5456919060052219
0.6214099216710183	0.5909712861639158	0.5430809399477807
0.6214099216710183	0.592601246897149	0.5469973890339426
0.6214099216710183	0.5943849030091976	0.5430809399477807
0.6214099216710183	0.5966377495157077	0.5430809399477807
0.6214099216710183	0.5990906983074089	0.5509138381201044
0.6710182767624021	0.6021628451821156	0.5574412532637075
0.6710182767624021	0.6036864433694514	0.5613577023498695
0.6710182767624021	0.6050588717825615	0.54177545691906
0.6710182767624021	0.6061282865743152	0.54177545691906
0.6710182767624021	0.6081775987738104	0.5430809399477807
0.6710182767624021	0.6103985280637513	0.5430809399477807
0.6710182767624021	0.6114380778536642	0.5822454308093995
0.6710182767624021	0.6162505473809715	0.5822454308093995
0.6710182767624021	0.6211849516396587	0.5822454308093995
0.6710182767624021	0.6242272752587266	0.5822454308093995
0.6710182767624021	0.6284716208576705	0.5822454308093995
0.6710182767624021	0.6312051189277176	0.5835509138381201
0.6710182767624021	0.6338924854250929	0.5822454308093995
0.6710182767624021	0.6334576650503609	0.5822454308093995
0.6710182767624021	0.6364529039313392	0.5861618798955613
0.6710182767624021	0.6414456167076078	0.5835509138381201
0.6710182767624021	0.643570938756596	0.5822454308093995
0.6710182767624021	0.6464340883617791	0.5926892950391645
0.6710182767624021	0.6481523010139598	0.5861618798955613
0.6710182767624021	0.6507952740555702	0.5861618798955613
0.6710182767624021	0.6513372035565321	0.5861618798955613
0.6710182767624021	0.6499794875382902	0.5861618798955613
0.6723237597911227	0.6534251877325916	0.5861618798955613
0.6788511749347258	0.6546688820318147	0.5926892950391645
0.6788511749347258	0.6556429385523274	0.5939947780678851
0.6788511749347258	0.6569524451429501	0.5966057441253264
0.6788511749347258	0.6601078319555935	0.5939947780678851
0.6788511749347258	0.6622889364623221	0.5926892950391645
0.6788511749347258	0.6633323431466123	0.5939947780678851
0.6788511749347258	0.6658805693590569	0.5966057441253264
0.6801566579634465	0.6668248598823113	0.597911227154047
0.6801566579634465	0.6683017544077579	0.6174934725848564
0.6801566579634465	0.6695083764622862	0.6174934725848564
0.6827676240208878	0.6702149025908862	0.6174934725848564
0.6827676240208878	0.6713774001929751	0.6174934725848564
0.6827676240208878	0.6718732220674332	0.6174934725848564
0.6827676240208878	0.6728545437252476	0.6174934725848564
0.6827676240208878	0.6731486781410441	0.6174934725848564
0.6827676240208878	0.673166597957036	0.6174934725848564
0.6840731070496083	0.6740009322702626	0.6174934725848564
0.6840731070496083	0.6746809241421673	0.6174934725848564
0.6840731070496083	0.6762887285717332	0.6174934725848564
0.6892950391644909	0.6766108268865985	0.6214099216710183
0.6892950391644909	0.6774596658567144	0.6214099216710183
0.6892950391644909	0.6775878528342689	0.6266318537859008
0.6892950391644909	0.6780113993155603	0.6618798955613577
0.6892950391644909	0.6780388077687486	0.6501305483028721
0.6892950391644909	0.6784967654527007	0.6618798955613577
0.6892950391644909	0.6792420738530385	0.6618798955613577
0.6906005221932114	0.6797562304438028	0.6618798955613577
0.6906005221932114	0.6801358652872186	0.6618798955613577
0.6906005221932114	0.6809968496516217	0.6618798955613577
0.6906005221932114	0.6815952026825207	0.6618798955613577
0.6906005221932114	0.6817173371096428	0.6618798955613577
0.6906005221932114	0.6822981211052578	0.6710182767624021
0.6906005221932114	0.6830613209902258	0.6710182767624021
0.6932114882506527	0.6835353828391224	0.6710182767624021
0.6932114882506527	0.6837397922337625	0.6579634464751958
0.6932114882506527	0.6838718146943394	0.6501305483028721
0.6932114882506527	0.6848561057892415	0.6501305483028721
0.6932114882506527	0.6849807009238551	0.6697127937336814
0.6932114882506527	0.6852467377413547	0.6710182767624021
0.6932114882506527	0.6854754531601933	0.6657963446475196
0.6932114882506527	0.6858214445422143	0.6592689295039165
0.6997389033942559	0.6858089532818419	0.6592689295039165
0.6997389033942559	0.6858869960103052	0.6357702349869452
0.6997389033942559	0.6864117989298185	0.6318537859007833
0.6997389033942559	0.6860406258311181	0.6318537859007833
0.6997389033942559	0.6865314100643449	0.6318537859007833
0.6997389033942559	0.6871980091739714	0.6305483028720626
0.6997389033942559	0.6877111288521685	0.6253263707571801
0.6997389033942559	0.6882106802969851	0.6305483028720626
0.6997389033942559	0.6883572978340003	0.6305483028720626
0.6997389033942559	0.6891214452049955	0.6344647519582245
0.6997389033942559	0.6894767083238269	0.6318537859007833
0.7010443864229765	0.6900103145806578	0.6318537859007833
0.7049608355091384	0.6907141034234237	0.6318537859007833
0.7049608355091384	0.6910300862766173	0.6318537859007833
0.7049608355091384	0.6917747587997946	0.6344647519582245
0.7049608355091384	0.6923838928194265	0.6592689295039165
0.7049608355091384	0.6922466264594584	0.6592689295039165
0.7049608355091384	0.6925053343063182	0.6592689295039165
0.7049608355091384	0.6932059506768299	0.6592689295039165
0.7049608355091384	0.6933468716758533	0.6592689295039165
0.7049608355091384	0.6940220732779888	0.6579634464751958
0.7075718015665796	0.6943230059400171	0.6579634464751958
0.7075718015665796	0.6945677629429512	0.6540469973890339
0.7075718015665796	0.6953936860101005	0.6514360313315927
0.7075718015665796	0.6961806077672829	0.6514360313315927
0.7075718015665796	0.6968114566025803	0.6449086161879896
0.7075718015665796	0.6974600936027257	0.6449086161879896
0.7075718015665796	0.6982853478888131	0.6449086161879896
0.7127937336814621	0.6988197782712335	0.639686684073107
0.7127937336814621	0.6997970751768836	0.6514360313315927
0.7127937336814621	0.7004085203355647	0.6514360313315927
0.7127937336814621	0.7010012744963333	0.6657963446475196
0.7127937336814621	0.7014907513720361	0.6657963446475196
0.7127937336814621	0.7030596336060599	0.6710182767624021
0.7180156657963447	0.7034464751958234	0.6710182767624021
0.7180156657963447	0.7040669070073846	0.6762402088772846
0.7180156657963447	0.7045181180775408	0.6762402088772846
0.7180156657963447	0.7048077972336001	0.6762402088772846
0.7180156657963447	0.7053326923230155	0.6762402088772846
0.7180156657963447	0.7060781169235666	0.6866840731070496
0.7180156657963447	0.7069832099274908	0.685378590078329
0.7180156657963447	0.7071494005866107	0.6866840731070496
0.7193211488250653	0.707538868089568	0.6892950391644909
0.7193211488250653	0.708691913893338	0.6892950391644909
0.7193211488250653	0.7091711822821682	0.6892950391644909
0.7193211488250653	0.709364385584954	0.6736292428198434
0.7193211488250653	0.7099776016225104	0.6892950391644909
0.7193211488250653	0.7109196286741976	0.6892950391644909
0.7193211488250653	0.712201515557766	0.6684073107049608
0.7480417754569191	0.7128625800501432	0.6906005221932114
0.7532637075718016	0.7134899048695698	0.6906005221932114
0.7532637075718016	0.7139840650852535	0.695822454308094
0.7532637075718016	0.7144646486559101	0.6984334203655352
0.7532637075718016	0.715420164493442	0.6997389033942559
0.7532637075718016	0.7163577666593816	0.6984334203655352
0.7532637075718016	0.7185175771672727	0.6984334203655352
0.7545691906005222	0.7204037132600728	0.6906005221932114
0.7545691906005222	0.7231519295831954	0.6814621409921671
0.7545691906005222	0.7237506029723705	0.6997389033942559
0.7545691906005222	0.7256970005731437	0.6997389033942559
0.7545691906005222	0.7283451254763719	0.7010443864229765
0.7545691906005222	0.7304970477560706	0.6997389033942559
0.7545691906005222	0.7327406533239839	0.6671018276762402
0.7545691906005222	0.7356820232585793	0.6840731070496083
0.7545691906005222	0.7369445390446684	0.6997389033942559
0.7545691906005222	0.7379478864267569	0.6997389033942559
0.7545691906005222	0.7395215825620672	0.6997389033942559
0.7545691906005222	0.7398790578450657	0.7049608355091384
0.7545691906005222	0.7410111923578578	0.7049608355091384
0.7545691906005222	0.742316389121394	0.7088772845953003
0.7545691906005222	0.7439619851322081	0.7088772845953003
0.7545691906005222	0.7455925947128573	0.7088772845953003
0.7545691906005222	0.7465971733994481	0.7088772845953003
0.7558746736292428	0.7466495081812746	0.7088772845953003
0.7558746736292428	0.7476074393971262	0.7088772845953003
0.7558746736292428	0.7480627718727071	0.6566579634464752
0.7558746736292428	0.7486741765841441	0.6684073107049608
0.7558746736292428	0.7492697415857229	0.6671018276762402
0.7558746736292428	0.7495830559847105	0.7127937336814621
0.7558746736292428	0.7505166770860121	0.7101827676240209
0.7571801566579635	0.750523049667081	0.7088772845953003
0.7571801566579635	0.7495206715727084	0.7088772845953003
0.758485639686684	0.7500530238204927	0.7088772845953003
0.758485639686684	0.7509946247679192	0.7114882506527415
0.758485639686684	0.7517141295767777	0.7127937336814621
0.758485639686684	0.7519715581673255	0.7127937336814621
0.758485639686684	0.7520344482973025	0.7140992167101827
0.758485639686684	0.7521079746777312	0.7140992167101827
0.758485639686684	0.7525754058087311	0.7127937336814621
0.758485639686684	0.7532360337380082	0.7101827676240209
0.758485639686684	0.7534450580201274	0.7101827676240209
0.758485639686684	0.7537324347198483	0.6997389033942559
0.758485639686684	0.7543920948276013	0.7140992167101827
0.758485639686684	0.7543756972330378	0.7023498694516971
0.758485639686684	0.7545322317202509	0.7075718015665796
0.758485639686684	0.7548202908002073	0.7114882506527415
0.7637075718015666	0.7546974819263599	0.7101827676240209
0.7637075718015666	0.7549094936243517	0.7101827676240209
0.7637075718015666	0.7551739973345839	0.7101827676240209
0.7637075718015666	0.755540328201972	0.7114882506527415
0.7650130548302873	0.7557402336425384	0.7101827676240209
0.7650130548302873	0.7555368254513806	0.7075718015665796
0.7650130548302873	0.7558723235247748	0.7075718015665796
0.7650130548302873	0.756857597958139	0.7154046997389034
0.7676240208877284	0.7571543982484231	0.6971279373368147
0.7676240208877284	0.7572339187164384	0.6971279373368147
0.7676240208877284	0.7576713169395427	0.716710182767624
0.7676240208877284	0.758498449957257	0.716710182767624
0.7676240208877284	0.759201737234047	0.7101827676240209
0.7676240208877284	0.7598584276182175	0.7101827676240209
0.7689295039164491	0.760335556631552	0.7101827676240209
0.7689295039164491	0.7609821302615355	0.7193211488250653
0.7689295039164491	0.7611139198426502	0.7193211488250653
0.7689295039164491	0.7611576742353184	0.7193211488250653
0.7689295039164491	0.7616464038830927	0.7193211488250653
0.7911227154046997	0.7619049259307743	0.7180156657963447
0.7911227154046997	0.7621762940786789	0.7180156657963447
0.7911227154046997	0.7622144470404113	0.716710182767624
0.7911227154046997	0.7622341920053748	0.706266318537859
0.7911227154046997	0.7619072593977702	0.706266318537859
0.7911227154046997	0.7620549463807292	0.7180156657963447
0.7911227154046997	0.7621816677914959	0.7180156657963447
0.7911227154046997	0.7627695748730252	0.7180156657963447
0.7911227154046997	0.7627191184762642	0.7180156657963447
0.7911227154046997	0.7637041809365571	0.7114882506527415
0.7924281984334204	0.7648370346466422	0.7114882506527415
0.7924281984334204	0.766307273984734	0.7114882506527415
0.7924281984334204	0.7673991314771001	0.7193211488250653
0.7924281984334204	0.7687184714062215	0.7219321148825065
0.793733681462141	0.7705644393146531	0.7180156657963447
0.793733681462141	0.7720114282901667	0.7180156657963447
0.793733681462141	0.7737762073763731	0.7245430809399478
0.793733681462141	0.7756977254940461	0.7258485639686684
0.793733681462141	0.7763806623796098	0.7258485639686684
0.793733681462141	0.7777245708571773	0.7506527415143603
0.793733681462141	0.7784682924015807	0.7506527415143603
0.793733681462141	0.7795704639724346	0.7506527415143603
0.7989556135770235	0.7804942485790054	0.7506527415143603
0.7989556135770235	0.7814722935229089	0.7506527415143603
0.7989556135770235	0.7823853433365315	0.7506527415143603
0.7989556135770235	0.7829213784669031	0.7506527415143603
0.7989556135770235	0.7842077178312099	0.7506527415143603
0.7989556135770235	0.7838488401917822	0.7571801566579635
0.8028720626631853	0.7848185345761546	0.758485639686684
0.8028720626631853	0.7855796016911232	0.758485639686684
0.8028720626631853	0.7862399689388883	0.758485639686684
0.8028720626631853	0.788326651670131	0.758485639686684
0.8028720626631853	0.7885987090827314	0.758485639686684
0.8028720626631853	0.789878002990786	0.7610966057441253
0.8028720626631853	0.7908518683033098	0.7597911227154047
0.8028720626631853	0.7916559408671394	0.7597911227154047
0.8028720626631853	0.792607445896424	0.7610966057441253
0.8707571801566579	0.7934178214064745	0.720626631853786
0.8707571801566579	0.7945322539331324	0.7610966057441253
0.8707571801566579	0.7951734734444328	0.762402088772846
0.8707571801566579	0.796581715514115	0.762402088772846
0.8746736292428199	0.799110900729742	0.762402088772846
0.8746736292428199	0.8026603627125807	0.7637075718015666
0.8746736292428199	0.8076307244309977	0.762402088772846
0.8746736292428199	0.8098726487984205	0.7676240208877284
0.8759791122715405	0.8136042609604156	0.7689295039164491
0.8759791122715405	0.8172005090215312	0.7545691906005222
0.8759791122715405	0.8200384751618821	0.758485639686684
0.8759791122715405	0.8206321375405211	0.7676240208877284
0.8759791122715405	0.8242153888436655	0.7676240208877284
0.8759791122715405	0.8294619130339297	0.762402088772846
0.8759791122715405	0.8329308357409384	0.762402088772846
0.8759791122715405	0.8362770695745613	0.762402088772846
0.8759791122715405	0.8385822223249101	0.762402088772846
0.8798955613577023	0.8450229114892942	0.762402088772846
0.8798955613577023	0.8483148067110353	0.7650130548302873
0.8798955613577023	0.8533688569654608	0.7676240208877284
0.8798955613577023	0.8558427409508353	0.7676240208877284
0.8798955613577023	0.8583045599178099	0.7676240208877284
0.8798955613577023	0.8598857832377999	0.7362924281984334
0.8798955613577023	0.8597192536417406	0.7362924281984334
0.8798955613577023	0.8604781863014442	0.7689295039164491
0.8798955613577023	0.8631644660149869	0.7689295039164491
0.8798955613577023	0.8657864217361302	0.7689295039164491
0.8798955613577023	0.8674888285740745	0.7689295039164491
0.8798955613577023	0.8691353725108696	0.7689295039164491
0.8798955613577023	0.8706100689879289	0.7741514360313316
0.8798955613577023	0.8715593691774467	0.7741514360313316
0.8798955613577023	0.8714555571735876	0.7741514360313316
0.8798955613577023	0.8713674294783122	0.7806788511749347
0.8798955613577023	0.8713255815379894	0.7754569190600522
0.8798955613577023	0.8716921468918418	0.7754569190600522
0.8798955613577023	0.8724213907623503	0.7637075718015666
0.8851174934725848	0.8749575183815597	0.7715404699738904
0.8851174934725848	0.8743221139681532	0.7715404699738904
0.8851174934725848	0.87538672525617	0.7715404699738904
0.8851174934725848	0.8754828464188779	0.7715404699738904
0.8851174934725848	0.8766546062011885	0.7989556135770235
0.8851174934725848	0.8770331913759299	0.7989556135770235
0.8851174934725848	0.8771515267598751	0.8080939947780679
0.8851174934725848	0.8773419681087632	0.8080939947780679
0.8851174934725848	0.8780785380197977	0.804177545691906
0.8851174934725848	0.8784034374040363	0.8054830287206266
0.8851174934725848	0.8787313470220259	0.8080939947780679
0.8851174934725848	0.8785540650040409	0.7924281984334204
0.8851174934725848	0.8790205780882508	0.7911227154046997
0.8864229765013055	0.8791685200070881	0.7911227154046997
0.8864229765013055	0.879604790156784	0.7859007832898173
0.8864229765013055	0.8803240938674991	0.7976501305483029
0.891644908616188	0.880609357781758	0.8093994778067886
0.8955613577023499	0.8807589445908068	0.8093994778067886
0.8955613577023499	0.8808546311490698	0.8080939947780679
0.8955613577023499	0.8812366215166417	0.8120104438642297
0.8955613577023499	0.8818049412976566	0.8159268929503917
0.8955613577023499	0.882604069165957	0.8642297650130548
0.8955613577023499	0.8831587770368652	0.8694516971279374
0.902088772845953	0.883845408805762	0.8694516971279374
0.902088772845953	0.8842553450261109	0.8694516971279374
0.902088772845953	0.8848491496242132	0.8694516971279374
0.902088772845953	0.8855761238399684	0.8694516971279374
0.902088772845953	0.8863263102186917	0.8211488250652742
0.902088772845953	0.8868431879914974	0.8211488250652742
0.902088772845953	0.8879533413940243	0.793733681462141
0.902088772845953	0.8890942105764428	0.8694516971279374
0.902088772845953	0.8905879041416209	0.8746736292428199
0.902088772845953	0.891797069592796	0.8746736292428199
0.902088772845953	0.8924539403522819	0.8133159268929504
0.902088772845953	0.8933127574004611	0.8133159268929504
0.902088772845953	0.8931404730614936	0.8133159268929504
0.902088772845953	0.8940111568217362	0.8054830287206266
0.902088772845953	0.8944367374660978	0.8054830287206266
0.902088772845953	0.8947121693304534	0.8720626631853786
0.902088772845953	0.8950117311222789	0.8342036553524804
0.902088772845953	0.8953611772525901	0.8342036553524804
0.902088772845953	0.895947742422922	0.825065274151436
0.9060052219321149	0.8965612411925095	0.825065274151436
0.9060052219321149	0.897239699653062	0.8707571801566579
0.9060052219321149	0.8981161432355591	0.8720626631853786
0.9060052219321149	0.8983254066203851	0.8746736292428199
0.9060052219321149	0.8983868976975837	0.8746736292428199
0.9060052219321149	0.8986842778886809	0.8707571801566579
0.9060052219321149	0.8991956937046924	0.8707571801566579
0.9060052219321149	0.8991384379200535	0.8707571801566579
0.9060052219321149	0.8991814064479134	0.8746736292428199
0.9060052219321149	0.8992892893836217	0.8785900783289817
0.9060052219321149	0.8994787480163422	0.8785900783289817
0.9086161879895561	0.8996263066578484	0.8446475195822454
0.9086161879895561	0.8996992977983971	0.8276762402088773
0.9086161879895561	0.8999529538779126	0.8276762402088773
0.9086161879895561	0.9002741982275185	0.8276762402088773
0.9086161879895561	0.9004870563740488	0.8276762402088773
0.9086161879895561	0.9007021053829792	0.8276762402088773
0.9086161879895561	0.9009547451186353	0.8276762402088773
0.9086161879895561	0.9009907899707502	0.8498694516971279
0.912532637075718	0.9014281333915498	0.8446475195822454
0.912532637075718	0.902158361493526	0.8498694516971279
0.9151436031331592	0.9026280142389258	0.8289817232375979
0.9151436031331592	0.9035941030285967	0.8537859007832899
0.9151436031331592	0.9042562627152796	0.8851174934725848
0.9151436031331592	0.9046997389033821	0.8851174934725848
0.9151436031331592	0.904883999034464	0.8851174934725848
0.9151436031331592	0.9053225803483756	0.8851174934725848
0.9203655352480418	0.9054898271544038	0.8798955613577023
0.9203655352480418	0.9058767836861323	0.8733681462140992
0.9203655352480418	0.9061765379506134	0.8733681462140992
0.9203655352480418	0.906874324158654	0.8825065274151436
0.9255874673629243	0.9074495666965621	0.8825065274151436
0.9255874673629243	0.9077686731511976	0.8511749347258486
0.9255874673629243	0.9080823337991579	0.8864229765013055
0.9255874673629243	0.908672592134345	0.8785900783289817
0.9255874673629243	0.9097363414860109	0.8785900783289817
0.9281984334203656	0.9105902888029621	0.8838120104438643
0.9281984334203656	0.9115532983150985	0.8864229765013055
0.9281984334203656	0.9118450645865757	0.8825065274151436
0.9281984334203656	0.9126753819328323	0.8472584856396866
0.9281984334203656	0.9132670276668532	0.8472584856396866
0.9281984334203656	0.9140966940376614	0.8890339425587467
0.9281984334203656	0.9150032479625988	0.8877284595300261
0.9281984334203656	0.9156018249808144	0.8903394255874674
0.9281984334203656	0.9164042242021284	0.8890339425587467
0.9281984334203656	0.9169983388019638	0.8890339425587467
0.9281984334203656	0.9178601531504266	0.8890339425587467
0.9281984334203656	0.9187490952761338	0.8864229765013055
0.9281984334203656	0.9188521386542559	0.8929503916449086
0.9281984334203656	0.9193051087605493	0.8694516971279374
0.9281984334203656	0.9194551677372181	0.8759791122715405
0.9281984334203656	0.9195426099351796	0.8955613577023499
0.9281984334203656	0.9202838870912528	0.8929503916449086
0.9281984334203656	0.9213936142116003	0.8890339425587467
0.9425587467362925	0.9218692746824837	0.8929503916449086
0.9425587467362925	0.92222432388	0.8929503916449086
0.9425587467362925	0.9224777873695652	0.8955613577023499
0.9425587467362925	0.9228857080901198	0.8981723237597912
0.9425587467362925	0.9232986906436597	0.8981723237597912
0.9425587467362925	0.9236604513366958	0.8981723237597912
0.9425587467362925	0.9246744193804994	0.8981723237597912
0.9425587467362925	0.9257707084327735	0.8994778067885117
0.9425587467362925	0.9260287574008043	0.9007832898172323
0.9425587467362925	0.926845732653167	0.9007832898172323
0.9425587467362925	0.9280456176812194	0.9007832898172323
0.9425587467362925	0.9291873564361133	0.9007832898172323
0.9425587467362925	0.9294917238123961	0.9007832898172323
0.9425587467362925	0.930182315358081	0.9007832898172323
0.9425587467362925	0.9311663878509292	0.902088772845953
0.9425587467362925	0.9316881066592653	0.8851174934725848
0.9425587467362925	0.93139500434006	0.8642297650130548
0.9425587467362925	0.9322169679918736	0.8851174934725848
0.9425587467362925	0.9331145144484394	0.8707571801566579
0.9425587467362925	0.9337879370952152	0.8707571801566579
0.9425587467362925	0.934242432076104	0.8707571801566579
0.9425587467362925	0.9354134431189739	0.8655352480417755
0.9425587467362925	0.9364266720753788	0.8655352480417755
0.943864229765013	0.9372672918565619	0.8707571801566579
0.9516971279373369	0.9372622400820089	0.8707571801566579
0.9516971279373369	0.9377186149039013	0.8707571801566579
0.9516971279373369	0.9380181963986727	0.8825065274151436
0.9516971279373369	0.9383852993560451	0.8825065274151436
0.9516971279373369	0.9388861697247253	0.8825065274151436
0.9516971279373369	0.9393295284421518	0.8825065274151436
0.9556135770234987	0.9399707435725128	0.912532637075718
0.9556135770234987	0.9405066667119641	0.9060052219321149
0.9556135770234987	0.9411633473976025	0.912532637075718
0.9556135770234987	0.9415040248863541	0.912532637075718
0.9556135770234987	0.941937732774481	0.912532637075718
0.9556135770234987	0.9429212400821375	0.9060052219321149
0.9556135770234987	0.9430903914086284	0.9060052219321149
0.9556135770234987	0.943367825953584	0.9151436031331592
0.9569190600522193	0.9442328961522434	0.9151436031331592
0.9569190600522193	0.9452453686035207	0.8733681462140992
0.9569190600522193	0.9456700779931758	0.9099216710182768
0.9569190600522193	0.9458924657614746	0.9099216710182768
0.9569190600522193	0.9466560709566574	0.9164490861618799
0.9569190600522193	0.9474678981639709	0.9164490861618799
0.9569190600522193	0.9488339188378913	0.9190600522193212
0.9569190600522193	0.9494431885484667	0.9203655352480418
0.9569190600522193	0.9498367937936784	0.9216710182767625
0.9569190600522193	0.9503217528917972	0.922976501305483
0.9569190600522193	0.9512957604625792	0.922976501305483
0.9569190600522193	0.9517328150131555	0.8968668407310705
0.9569190600522193	0.9517443739898218	0.8864229765013055
0.9569190600522193	0.9520117021611407	0.8733681462140992
0.9647519582245431	0.9525883950082599	0.8642297650130548
0.9647519582245431	0.9529307722415353	0.8668407310704961
0.9647519582245431	0.9530339491562786	0.8668407310704961
0.9647519582245431	0.9534786798560445	0.9281984334203656
0.9647519582245431	0.9537643483854791	0.9255874673629243
0.9647519582245431	0.9541330984723821	0.8694516971279374
0.9647519582245431	0.9547470842024404	0.9281984334203656
0.9647519582245431	0.9548522501348257	0.9281984334203656
0.9647519582245431	0.9554547909999539	0.9255874673629243
0.9647519582245431	0.9559773465587516	0.9255874673629243
0.9647519582245431	0.9562618281334554	0.9281984334203656
0.9647519582245431	0.9561338132335814	0.9112271540469974
0.9725848563968669	0.956407616919329	0.9112271540469974
0.9725848563968669	0.9569507820697455	0.8994778067885117
0.9725848563968669	0.9573317454153812	0.8994778067885117
0.9725848563968669	0.9576768730720041	0.9112271540469974
0.9725848563968669	0.9579846777944764	0.9099216710182768
0.9725848563968669	0.9579526011729169	0.9033942558746736
0.9725848563968669	0.9591840528983374	0.9033942558746736
0.9725848563968669	0.9593814739282893	0.9281984334203656
0.9725848563968669	0.960079151460226	0.9281984334203656
0.9725848563968669	0.9605834325264233	0.9281984334203656
0.9725848563968669	0.9616117205510244	0.9281984334203656
0.9725848563968669	0.9622839927696331	0.9321148825065274
0.9725848563968669	0.9630364556336369	0.9321148825065274
0.9725848563968669	0.9634144191361848	0.9281984334203656
0.9725848563968669	0.9638530879356093	0.9281984334203656
0.9725848563968669	0.964683206515743	0.9321148825065274
0.9725848563968669	0.9651376146788998	0.9321148825065274
0.9725848563968669	0.9654704922556222	0.9321148825065274
0.9725848563968669	0.9655189991987103	0.9425587467362925
0.9725848563968669	0.9657861617207889	0.933420365535248
0.9725848563968669	0.9665302120396873	0.9425587467362925
0.9725848563968669	0.9666986754704127	0.9451697127937336
0.9725848563968669	0.9669253853434012	0.943864229765013
0.9765013054830287	0.9670779188906359	0.9321148825065274
0.9765013054830287	0.9676997721137502	0.9321148825065274
0.9765013054830287	0.9680081630203234	0.9464751958224543
0.9765013054830287	0.9682542812744117	0.9451697127937336
0.9765013054830287	0.9685407740876261	0.9451697127937336
0.9765013054830287	0.9687187695252013	0.8968668407310705
0.9765013054830287	0.9689529255866896	0.8890339425587467
0.9765013054830287	0.9692697302211168	0.8968668407310705
0.9765013054830287	0.969592830428348	0.8890339425587467
0.9765013054830287	0.9700733482546393	0.8890339425587467
0.9765013054830287	0.9706293695354005	0.9503916449086162
0.9765013054830287	0.9704848334278695	0.9464751958224543
0.9765013054830287	0.9705880057868914	0.9464751958224543
0.9765013054830287	0.9707049608355136	0.9386422976501305
0.9765013054830287	0.9709734372737628	0.9425587467362925
0.9765013054830287	0.9712436067098296	0.9425587467362925
0.9765013054830287	0.9715473041503676	0.9151436031331592
0.9765013054830287	0.9720069687816599	0.9151436031331592
0.9765013054830287	0.972375669205323	0.9151436031331592
0.9843342036553525	0.9728704066266252	0.9151436031331592
0.9843342036553525	0.9731568264627382	0.9543080939947781
0.9843342036553525	0.9734780816270475	0.9543080939947781
0.9843342036553525	0.9738679773418133	0.9543080939947781
0.9843342036553525	0.9742346172508639	0.9543080939947781
0.9843342036553525	0.9746788604064032	0.9412532637075718
0.9843342036553525	0.9751535613792213	0.9281984334203656
0.9843342036553525	0.9758589249450917	0.9360313315926893
0.9843342036553525	0.9762475680300081	0.9556135770234987
0.9843342036553525	0.9767011477531228	0.9556135770234987
0.9843342036553525	0.9773180927558418	0.95822454308094
0.9843342036553525	0.9778900522040569	0.9634464751958225
0.9856396866840731	0.9783477513798887	0.9490861618798956
0.9856396866840731	0.9787792323790421	0.9595300261096605
0.9856396866840731	0.9788572646514934	0.9634464751958225
0.9856396866840731	0.979162453182825	0.9556135770234987
0.9856396866840731	0.9794175677461567	0.9569190600522193
0.9856396866840731	0.9797540139241602	0.9569190600522193
0.9856396866840731	0.9799328392248213	0.9647519582245431
0.9934725848563969	0.9801944980512549	0.9634464751958225
0.9934725848563969	0.9804865437733874	0.9634464751958225
0.9934725848563969	0.9809734720412406	0.9647519582245431
0.9934725848563969	0.9815128217891427	0.9647519582245431
0.9934725848563969	0.9822106279727607	0.9569190600522193
0.9934725848563969	0.982967020564194	0.8981723237597912
0.9934725848563969	0.9836765769137823	0.9621409921671018
0.9934725848563969	0.9842628862961169	0.9647519582245431
0.9934725848563969	0.9839435335473994	0.9647519582245431
0.9934725848563969	0.9842810256318167	0.9647519582245431
0.9934725848563969	0.9845257243747616	0.9647519582245431
0.9934725848563969	0.9850127260309066	0.9647519582245431
0.9934725848563969	0.9854993603207876	0.9647519582245431
0.9934725848563969	0.9862085522185806	0.9647519582245431
0.9934725848563969	0.9867858009916635	0.9673629242819843
0.9934725848563969	0.9869764120416881	0.9673629242819843
0.9934725848563969	0.9873315391919841	0.9556135770234987
0.9934725848563969	0.9878699177820306	0.9634464751958225
0.9973890339425587	0.988099421317403	0.9360313315926893
0.9973890339425587	0.9884905713469044	0.9360313315926893
0.9973890339425587	0.9886034660019631	0.9268929503916449
0.9973890339425587	0.9891254076402105	0.9360313315926893
0.9973890339425587	0.9895745852194765	0.9360313315926893
0.9973890339425587	0.9902999146386512	0.9360313315926893
0.9973890339425587	0.9909507126773867	0.9686684073107049
0.9973890339425587	0.9916427021659858	0.9686684073107049
0.9973890339425587	0.9919871112018684	0.9686684073107049
0.9973890339425587	0.9924026611599922	0.9765013054830287
0.9973890339425587	0.9925343376487638	0.9725848563968669
0.9973890339425587	0.992836317468853	0.9725848563968669
0.9973890339425587	0.9933109536242505	0.9765013054830287
0.9973890339425587	0.9934981539140191	0.9765013054830287
0.9973890339425587	0.99376666515854	0.9686684073107049
0.9973890339425587	0.9936059759196121	0.9686684073107049
0.9973890339425587	0.9939203662633231	0.9725848563968669
0.9973890339425587	0.9942006007403547	0.9725848563968669
0.9973890339425587	0.9943094888347185	0.9725848563968669
0.9973890339425587	0.99453714494705	0.9725848563968669
0.9973890339425587	0.9949824799973043	0.9765013054830287
0.9973890339425587	0.9950546594086459	0.9765013054830287
0.9973890339425587	0.9951085973832187	0.9738903394255874
0.9973890339425587	0.9950872802460703	0.9738903394255874
0.9973890339425587	0.9952572501576532	0.9399477806788512
0.9973890339425587	0.9953172734651438	0.9360313315926893
0.9973890339425587	0.9952374711792542	0.9360313315926893
0.9973890339425587	0.9952506311632515	0.9281984334203656
0.9973890339425587	0.995561932488463	0.9281984334203656
0.9973890339425587	0.9958194399987029	0.9738903394255874
0.9973890339425587	0.9959021740844435	0.9738903394255874
0.9973890339425587	0.9961157762216978	0.9738903394255874
0.9973890339425587	0.9962452162094141	0.9738903394255874
0.9973890339425587	0.9963136360453007	0.9817232375979112
0.9973890339425587	0.9964454316658855	0.9817232375979112
0.9973890339425587	0.9964607221438351	0.9817232375979112
0.9973890339425587	0.9963940749730078	0.9817232375979112
0.9973890339425587	0.9963930250922725	0.9817232375979112
0.9973890339425587	0.9964232465521963	0.9778067885117493
0.9973890339425587	0.9965336195599183	0.9778067885117493
0.9973890339425587	0.9964373999259316	0.9765013054830287
0.9973890339425587	0.9964540162551038	0.9765013054830287
0.9973890339425587	0.9966489064368075	0.9856396866840731
0.9973890339425587	0.9968624584923854	0.9399477806788512
0.9973890339425587	0.9969286905489417	0.9856396866840731
0.9973890339425587	0.9968946289705407	0.9112271540469974
0.9973890339425587	0.9968874128327248	0.9112271540469974
0.9986945169712794	0.9969625526943224	0.9556135770234987
0.9986945169712794	0.9969876172438655	0.9556135770234987
0.9986945169712794	0.997006307610806	0.9556135770234987
0.9986945169712794	0.9969323604058734	0.9516971279373369
0.9986945169712794	0.9968732875608014	0.9516971279373369
0.9986945169712794	0.9970614382012635	0.9556135770234987
0.9986945169712794	0.9971624798443358	0.9530026109660574
0.9986945169712794	0.9971829785688043	0.9530026109660574
0.9986945169712794	0.9973199570746174	0.9530026109660574
0.9986945169712794	0.997396700954434	0.9843342036553525
0.9986945169712794	0.9974287206265913	0.9856396866840731
0.9986945169712794	0.9975163133214523	0.9856396866840731
0.9986945169712794	0.9975564748206053	0.9856396866840731
0.9986945169712794	0.9976735889886532	0.9817232375979112
0.9986945169712794	0.9977134981259719	0.9817232375979112
0.9986945169712794	0.9977505523197037	0.9647519582245431
0.9986945169712794	0.997791678946609	0.9817232375979112
0.9986945169712794	0.9978313362921138	0.9908616187989556
0.9986945169712794	0.9977984212698784	0.9895561357702349
0.9986945169712794	0.9978579871699538	0.9908616187989556
0.9986945169712794	0.9978795373285099	0.9856396866840731
0.9986945169712794	0.9979932585599258	0.9882506527415144
0.9986945169712794	0.9980599930978815	0.9856396866840731
0.9986945169712794	0.9980352514754125	0.9060052219321149
0.9986945169712794	0.9980997435682463	0.9882506527415144
0.9986945169712794	0.9981120179820493	0.9869451697127938
0.9986945169712794	0.9982023081103868	0.9895561357702349
0.9986945169712794	0.9982404359177742	0.9830287206266318
0.9986945169712794	0.998241594287808	0.9830287206266318
0.9986945169712794	0.9982857431425937	0.9856396866840731
0.9986945169712794	0.998320937493571	0.9934725848563969
0.9986945169712794	0.9982988541440704	0.9112271540469974
0.9986945169712794	0.9981359960923565	0.9112271540469974
0.9986945169712794	0.9980842495273105	0.9112271540469974
0.9986945169712794	0.9982335585851254	0.9112271540469974
0.9986945169712794	0.9982265775999074	0.9112271540469974
0.9986945169712794	0.9984208194395328	0.9934725848563969
0.9986945169712794	0.9984373456125508	0.9934725848563969
0.9986945169712794	0.9984092172104321	0.9112271540469974
0.9986945169712794	0.998424370457279	0.9934725848563969
0.9986945169712794	0.998363929537611	0.9112271540469974
1.0	0.9982955257719621	0.9112271540469974
1.0	0.9981599354731474	0.9112271540469974
1.0	0.998145016901966	0.9112271540469974
1.0	0.9980965345237067	0.9112271540469974
1.0	0.9982803868793546	0.9112271540469974
1.0	0.9984879998819528	0.9112271540469974
1.0	0.9984848626931575	0.9112271540469974
1.0	0.998473033177033	0.9099216710182768
1.0	0.998517377696996	0.9099216710182768
1.0	0.9985035358222893	0.9112271540469974
1.0	0.9985424218611072	0.9046997389033943
1.0	0.9986678608604035	0.9060052219321149
1.0013054830287207	0.9987737380219495	0.9112271540469974
1.0013054830287207	0.998909991500701	0.9112271540469974
1.0013054830287207	0.999070549232964	0.95822454308094
1.0013054830287207	0.9990675121223181	0.95822454308094
1.0013054830287207	0.999037960449609	0.9242819843342036
1.0013054830287207	0.9990237026969161	0.9242819843342036
1.0013054830287207	0.9990485126227354	0.9569190600522193
1.0013054830287207	0.9991195425851667	0.9569190600522193
1.0013054830287207	0.999182504810525	0.9569190600522193
1.0013054830287207	0.9993436303114649	0.9947780678851175
1.0013054830287207	0.9994240322225473	0.9960835509138382
1.0013054830287207	0.9995279720970138	0.9895561357702349
1.0013054830287207	0.9995922420766595	0.9895561357702349
1.0013054830287207	0.9996892332800182	0.9895561357702349
1.0013054830287207	0.9997604317217209	0.9856396866840731
1.0013054830287207	0.999886565261689	0.9947780678851175
1.0013054830287207	0.9999364616890158	0.9973890339425587
1.0013054830287207	0.9999613917299756	0.9921671018276762
1.0013054830287207	1.0000143818861453	0.9895561357702349
1.0013054830287207	1.0000848988462918	0.9921671018276762
1.0013054830287207	1.000161146580761	0.9921671018276762
1.0013054830287207	1.0002235550069212	0.9921671018276762
1.0013054830287207	1.000242865421311	0.9255874673629243
1.0013054830287207	1.0002335168945327	0.9255874673629243
1.0013054830287207	1.0002417320491301	0.9242819843342036
