0.4007832898172324	0.16891383812010444	0.0587467362924282
0.41383812010443866	0.18025848563968666	0.07049608355091384
0.41383812010443866	0.19699477806788487	0.06788511749347259
0.41383812010443866	0.2080757180156658	0.07049608355091384
0.4164490861618799	0.22115665796344638	0.06657963446475196
0.42689295039164493	0.2287754569190601	0.09399477806788512
0.5274151436031331	0.2403655352480418	0.07180156657963446
0.6292428198433421	0.25276240208877304	0.07180156657963446
0.6292428198433421	0.2661227154046998	0.09138381201044386
0.6292428198433421	0.27794255874673623	0.1031331592689295
0.6292428198433421	0.2989399477806792	0.09399477806788512
0.6292428198433421	0.29932114882506533	0.09921671018276762
0.6292428198433421	0.33043603133159244	0.13185378590078328
0.6331592689295039	0.36143864229764994	0.11096605744125326
0.6357702349869452	0.38375456919060064	0.10966057441253264
0.6475195822454308	0.44056919060052185	0.13838120104438642
0.6475195822454308	0.4907258485639686	0.09921671018276762
0.6475195822454308	0.5326657963446481	0.097911227154047
0.7362924281984334	0.5539582245430811	0.12532637075718014
0.7362924281984334	0.5707101827676236	0.13838120104438642
0.7362924281984334	0.6028537859007833	0.16840731070496084
0.7362924281984334	0.6135013054830283	0.18276762402088773
0.7441253263707572	0.6166396866840728	0.2859007832898172
0.7441253263707572	0.6237441253263698	0.489556135770235
0.7441253263707572	0.6337206266318536	0.48825065274151436
0.7519582245430809	0.6443394255874659	0.489556135770235
0.7519582245430809	0.6505274151436029	0.489556135770235
0.7519582245430809	0.6601566579634464	0.47911227154047
0.7558746736292428	0.6658668407310695	0.47911227154047
0.7558746736292428	0.6806083550913834	0.5013054830287206
0.7558746736292428	0.6836449086161879	0.4856396866840731
0.7558746736292428	0.6902402088772845	0.5156657963446475
0.758485639686684	0.6978067885117497	0.5169712793733682
0.7597911227154047	0.6972375979112269	0.5169712793733682
0.7597911227154047	0.7075430809399483	0.5913838120104439
0.7597911227154047	0.7158746736292433	0.5939947780678851
0.7597911227154047	0.7190234986945168	0.5953002610966057
0.7610966057441253	0.7218955613577029	0.5953002610966057
0.7610966057441253	0.7267310704960832	0.6122715404699739
0.7610966057441253	0.7308407310704962	0.6201044386422977
0.762402088772846	0.7321383812010431	0.6135770234986945
0.762402088772846	0.7362114882506515	0.6135770234986945
0.7637075718015666	0.7356135770234986	0.6135770234986945
0.7663185378590078	0.7384830287206259	0.6135770234986945
0.7676240208877284	0.7396657963446464	0.608355091383812
0.7676240208877284	0.7419582245430791	0.6135770234986945
0.7676240208877284	0.7438276762402082	0.608355091383812
0.7676240208877284	0.7457362924281977	0.6135770234986945
0.7676240208877284	0.7504725848563962	0.5992167101827677
0.7689295039164491	0.751921671018276	0.5992167101827677
0.7689295039164491	0.7532323759791124	0.7193211488250653
0.7689295039164491	0.7522532637075712	0.720626631853786
0.7689295039164491	0.7540652741514366	0.7245430809399478
0.7689295039164491	0.7539164490861607	0.7245430809399478
0.7689295039164491	0.7552819843342038	0.7284595300261096
0.7689295039164491	0.755394255874673	0.7271540469973891
0.7689295039164491	0.7560313315926893	0.7284595300261096
0.7689295039164491	0.7573577023498684	0.7323759791122716
0.7689295039164491	0.7575848563968668	0.7284595300261096
0.7689295039164491	0.7580443864229769	0.7284595300261096
0.7689295039164491	0.7576684073107047	0.7284595300261096
0.7689295039164491	0.7583916449086158	0.7323759791122716
0.7689295039164491	0.7594621409921667	0.7349869451697127
0.7689295039164491	0.7603394255874661	0.7349869451697127
0.7689295039164491	0.7610130548302865	0.7336814621409922
0.7689295039164491	0.7610261096605735	0.7336814621409922
0.7689295039164491	0.7607806788511748	0.7336814621409922
0.7689295039164491	0.760981723237598	0.7336814621409922
0.7689295039164491	0.7619347258485631	0.737597911227154
0.7702349869451697	0.7628355091383808	0.7389033942558747
0.7702349869451697	0.7636971279373376	0.737597911227154
0.7702349869451697	0.7645013054830292	0.737597911227154
0.7702349869451697	0.7645195822454325	0.737597911227154
0.7702349869451697	0.7643681462141001	0.737597911227154
0.7702349869451697	0.7651932114882515	0.741514360313316
0.7702349869451697	0.7651227154047016	0.7402088772845953
0.7702349869451697	0.7657806788511778	0.7402088772845953
0.7715404699738904	0.7662793733681488	0.7402088772845953
0.7715404699738904	0.7659086161879916	0.7402088772845953
0.7728459530026109	0.7657467362924298	0.46736292428198434
0.7728459530026109	0.7666292428198465	0.7428198433420365
0.7728459530026109	0.767117493472589	0.7428198433420365
0.7728459530026109	0.7672976501305515	0.741514360313316
0.7728459530026109	0.7674908616188028	0.7428198433420365
0.7728459530026109	0.7670182767624055	0.7428198433420365
0.7741514360313316	0.7677597911227189	0.7428198433420365
0.7741514360313316	0.7676710182767659	0.5900783289817232
0.7741514360313316	0.7680182767624062	0.5900783289817232
0.7741514360313316	0.7678825065274194	0.5900783289817232
0.7741514360313316	0.7692872062663221	0.5926892950391645
0.7741514360313316	0.769751958224547	0.5966057441253264
0.7780678851174935	0.770375979112275	0.741514360313316
0.7780678851174935	0.7706501305483061	0.7467362924281984
0.7780678851174935	0.7711070496083587	0.7545691906005222
0.7780678851174935	0.7713577023498729	0.7571801566579635
0.7780678851174935	0.7712219321148859	0.5443864229765013
0.7780678851174935	0.771323759791126	0.5469973890339426
0.7780678851174935	0.7716318537859042	0.5469973890339426
0.7780678851174935	0.7718981723237628	0.5469973890339426
0.7780678851174935	0.7726657963446503	0.762402088772846
0.7780678851174935	0.7728276762402105	0.762402088772846
0.7780678851174935	0.7731644908616198	0.7610966057441253
0.7780678851174935	0.7734751958224553	0.762402088772846
0.7780678851174935	0.7736501305483034	0.762402088772846
0.7780678851174935	0.7738825065274153	0.762402088772846
0.7780678851174935	0.7742428198433413	0.7637075718015666
0.7780678851174935	0.7745117493472576	0.7663185378590078
0.7780678851174935	0.7746762402088763	0.7663185378590078
0.7780678851174935	0.7746814621409909	0.7663185378590078
0.7780678851174935	0.7748172323759778	0.7663185378590078
0.7780678851174935	0.7749425587467346	0.7663185378590078
0.7780678851174935	0.775177545691904	0.7676240208877284
0.7780678851174935	0.7747859007832875	0.5378590078328982
0.7780678851174935	0.7755691906005189	0.7676240208877284
0.7780678851174935	0.775420365535246	0.7689295039164491
0.7780678851174935	0.77554830287206	0.7689295039164491
0.7780678851174935	0.7758120104438609	0.7676240208877284
0.7780678851174935	0.7759973890339387	0.7689295039164491
0.7819843342036553	0.7757389033942518	0.5966057441253264
0.7819843342036553	0.7762402088772803	0.7702349869451697
0.7819843342036553	0.7765509138381151	0.7676240208877284
0.7819843342036553	0.7766814621409871	0.7676240208877284
0.7819843342036553	0.7770913838120045	0.7702349869451697
0.7819843342036553	0.7774308093994714	0.7689295039164491
0.7819843342036553	0.777112271540464	0.608355091383812
0.7819843342036553	0.7773785900783234	0.7689295039164491
0.7819843342036553	0.7774281984334146	0.7689295039164491
0.783289817232376	0.7775091383811953	0.7689295039164491
0.783289817232376	0.7777859007832837	0.7689295039164491
0.783289817232376	0.7777937336814558	0.7689295039164491
0.783289817232376	0.7778668407310643	0.7702349869451697
0.783289817232376	0.7784464751958162	0.7702349869451697
0.783289817232376	0.7786318537858955	0.7689295039164491
0.7845953002610966	0.7789608355091326	0.7728459530026109
0.7845953002610966	0.7794804177545641	0.7728459530026109
0.7845953002610966	0.7796370757180111	0.7728459530026109
0.7845953002610966	0.7798668407310663	0.7702349869451697
0.7845953002610966	0.7804151436031299	0.7728459530026109
0.7845953002610966	0.7808825065274125	0.7728459530026109
0.7845953002610966	0.7809503916449064	0.7728459530026109
0.7845953002610966	0.7812088772845923	0.7728459530026109
0.7845953002610966	0.7814856396866804	0.7728459530026109
0.7859007832898173	0.781535248041773	0.7728459530026109
0.7872062663185379	0.7815979112271512	0.7728459530026109
0.7872062663185379	0.7817650130548276	0.7741514360313316
0.7872062663185379	0.7819947780678838	0.7663185378590078
0.7872062663185379	0.7823550913838107	0.7663185378590078
0.7872062663185379	0.7826057441253241	0.7741514360313316
0.7885117493472585	0.7828172323759777	0.7767624020887729
0.7963446475195822	0.7829451697127926	0.7767624020887729
0.7963446475195822	0.7835561357702351	0.7767624020887729
0.7963446475195822	0.783832898172324	0.7767624020887729
0.7963446475195822	0.7842689295039169	0.7741514360313316
0.7963446475195822	0.7850809399477827	0.7767624020887729
0.7963446475195822	0.7861018276762417	0.7767624020887729
0.7989556135770235	0.7867650130548313	0.7780678851174935
0.8002610966057441	0.7872532637075735	0.7767624020887729
0.8015665796344648	0.78820626631854	0.7767624020887729
0.8015665796344648	0.7882114882506561	0.7780678851174935
0.8015665796344648	0.789138381201046	0.7767624020887729
0.8015665796344648	0.7903446475195841	0.7806788511749347
0.8015665796344648	0.7910731070496104	0.7806788511749347
0.8028720626631853	0.7918668407310727	0.7806788511749347
0.8028720626631853	0.7923785900783306	0.7806788511749347
0.8028720626631853	0.793036553524807	0.7780678851174935
0.8028720626631853	0.7938851174934756	0.7806788511749347
0.8028720626631853	0.7938485639686707	0.7806788511749347
0.8028720626631853	0.7940496083550936	0.7806788511749347
0.8028720626631853	0.7949138381201062	0.7806788511749347
0.8028720626631853	0.7949660574412565	0.7806788511749347
0.8028720626631853	0.7957754569190638	0.7819843342036553
0.8028720626631853	0.7957258485639733	0.7819843342036553
0.8028720626631853	0.7964699738903441	0.7819843342036553
0.8028720626631853	0.7968772845953053	0.7819843342036553
0.8028720626631853	0.7975926892950441	0.7819843342036553
0.8054830287206266	0.7977049608355146	0.7819843342036553
0.8054830287206266	0.7978825065274204	0.7819843342036553
0.8054830287206266	0.7981279373368197	0.7819843342036553
0.8054830287206266	0.7976840731070547	0.7819843342036553
0.8054830287206266	0.7971723237597965	0.7819843342036553
0.8054830287206266	0.7976553524804224	0.7819843342036553
0.8054830287206266	0.7978981723237647	0.7819843342036553
0.8120104438642297	0.7991749347258533	0.7819843342036553
0.8120104438642297	0.8000678851174988	0.7819843342036553
0.8120104438642297	0.8005639686684124	0.783289817232376
0.8120104438642297	0.8006449086161931	0.783289817232376
0.8120104438642297	0.8010992167101876	0.783289817232376
0.8211488250652742	0.8011305483028761	0.7845953002610966
0.8211488250652742	0.8012845953002652	0.783289817232376
0.8211488250652742	0.8015979112271584	0.7845953002610966
0.8211488250652742	0.8017676240208916	0.7845953002610966
0.8211488250652742	0.8026292428198472	0.7845953002610966
0.8211488250652742	0.8042297650130585	0.7859007832898173
0.8211488250652742	0.8053263707571837	0.7845953002610966
0.8211488250652742	0.8067049608355126	0.7872062663185379
0.8211488250652742	0.808449086161883	0.7872062663185379
0.8211488250652742	0.8094203655352509	0.7872062663185379
0.8211488250652742	0.8090182767624048	0.7845953002610966
0.825065274151436	0.81079895561358	0.7885117493472585
0.825065274151436	0.8115274151436058	0.7885117493472585
0.825065274151436	0.8127206266318564	0.7885117493472585
0.825065274151436	0.8122532637075741	0.7885117493472585
0.825065274151436	0.812540469973892	0.7885117493472585
0.825065274151436	0.8137206266318555	0.7885117493472585
0.825065274151436	0.8141697127937355	0.7885117493472585
0.825065274151436	0.8149686684073119	0.7885117493472585
0.825065274151436	0.816143603133161	0.7885117493472585
0.825065274151436	0.8177597911227167	0.7911227154046997
0.825065274151436	0.8185691906005232	0.7885117493472585
0.825065274151436	0.8193759791122722	0.7885117493472585
0.825065274151436	0.81934725848564	0.7898172323759791
0.825065274151436	0.8198590078328984	0.7911227154046997
0.8263707571801566	0.8201279373368147	0.7924281984334204
0.8263707571801566	0.8202637075718016	0.8002610966057441
0.8263707571801566	0.8205143603133155	0.8002610966057441
0.8289817232375979	0.8209399477806785	0.8002610966057441
0.8289817232375979	0.8212088772845944	0.8028720626631853
0.8289817232375979	0.8213394255874665	0.8028720626631853
0.8289817232375979	0.8217989556135761	0.8028720626631853
0.8302872062663186	0.8220652741514349	0.8015665796344648
0.8302872062663186	0.822720626631852	0.8015665796344648
0.8302872062663186	0.8235117493472561	0.8054830287206266
0.8342036553524804	0.8239686684073089	0.8054830287206266
0.8342036553524804	0.8242140992167075	0.8054830287206266
0.8342036553524804	0.824279373368143	0.8028720626631853
0.8342036553524804	0.82502610966057	0.8054830287206266
0.8342036553524804	0.8257519582245392	0.8054830287206266
0.8368146214099217	0.8263864229764977	0.8054830287206266
0.8368146214099217	0.8268433420365492	0.8054830287206266
0.8368146214099217	0.8271958224543043	0.8054830287206266
0.8433420365535248	0.8277702349869417	0.8054830287206266
0.8433420365535248	0.8276579634464717	0.8054830287206266
0.8433420365535248	0.8280887728459488	0.8054830287206266
0.8433420365535248	0.8294281984334173	0.8054830287206266
0.8446475195822454	0.8303498694516933	0.8054830287206266
0.8446475195822454	0.8313864229764981	0.8054830287206266
0.8446475195822454	0.8315456919060012	0.6840731070496083
0.8446475195822454	0.832942558746733	0.8054830287206266
0.8446475195822454	0.8341697127937303	0.8172323759791122
0.8537859007832899	0.834697127937334	0.8172323759791122
0.8537859007832899	0.8355509138381175	0.8172323759791122
0.8537859007832899	0.8365718015665773	0.8172323759791122
0.8537859007832899	0.8370548302872037	0.8172323759791122
0.8537859007832899	0.8376527415143578	0.8172323759791122
0.8537859007832899	0.8378459530026089	0.825065274151436
0.8537859007832899	0.8385874673629219	0.825065274151436
0.8537859007832899	0.8396031331592668	0.825065274151436
0.8537859007832899	0.841198433420364	0.825065274151436
0.8537859007832899	0.842015665796343	0.8263707571801566
0.8537859007832899	0.8417023498694509	0.8263707571801566
0.8537859007832899	0.8421409921671007	0.8237597911227154
0.8537859007832899	0.8423315926892938	0.8237597911227154
0.8537859007832899	0.8428694516971268	0.8237597911227154
0.8537859007832899	0.8425535248041767	0.8237597911227154
0.8537859007832899	0.8433420365535237	0.8237597911227154
0.8537859007832899	0.8438172323759792	0.8276762402088773
0.8537859007832899	0.8446814621409927	0.8237597911227154
0.8537859007832899	0.8458511749347263	0.8237597911227154
0.8537859007832899	0.8473368146214099	0.8302872062663186
0.8550913838120104	0.847556135770235	0.8276762402088773
0.8550913838120104	0.8479164490861618	0.8276762402088773
0.8550913838120104	0.8477624020887724	0.8302872062663186
0.8550913838120104	0.8477206266318543	0.8302872062663186
0.8550913838120104	0.8485665796344649	0.8302872062663186
0.8550913838120104	0.8491201044386417	0.8342036553524804
0.8550913838120104	0.8497963446475192	0.8302872062663186
0.8550913838120104	0.8501018276762401	0.8342036553524804
0.8550913838120104	0.8500809399477807	0.8302872062663186
0.8550913838120104	0.8506501305483026	0.8342036553524804
0.8550913838120104	0.8506344647519585	0.8342036553524804
0.8550913838120104	0.8510600522193206	0.8342036553524804
0.8550913838120104	0.8512297650130541	0.8342036553524804
0.8550913838120104	0.8514569190600516	0.8342036553524804
0.8550913838120104	0.8511540469973882	0.8315926892950392
0.856396866840731	0.851483028720626	0.8342036553524804
0.856396866840731	0.8521749347258482	0.8342036553524804
0.856396866840731	0.852078328981723	0.8342036553524804
0.856396866840731	0.8523002610966052	0.8342036553524804
0.856396866840731	0.8523916449086151	0.8342036553524804
0.856396866840731	0.8521279373368135	0.8302872062663186
0.856396866840731	0.8517258485639677	0.7323759791122716
0.856396866840731	0.8522532637075709	0.8342036553524804
0.856396866840731	0.8523054830287194	0.8302872062663186
0.856396866840731	0.8520783289817208	0.8342036553524804
0.856396866840731	0.8522950391644893	0.8342036553524804
0.856396866840731	0.8523707571801555	0.8342036553524804
0.8590078328981723	0.8520182767624005	0.8342036553524804
0.8590078328981723	0.8525926892950378	0.8342036553524804
0.860313315926893	0.852973890339424	0.8342036553524804
0.860313315926893	0.8532088772845932	0.8342036553524804
0.860313315926893	0.8537154046997366	0.8342036553524804
0.860313315926893	0.8539399477806757	0.8342036553524804
0.860313315926893	0.8541279373368124	0.835509138381201
0.860313315926893	0.8542245430809364	0.835509138381201
0.860313315926893	0.8545352480417723	0.835509138381201
0.860313315926893	0.8548120104438618	0.8433420365535248
0.860313315926893	0.8550626631853755	0.835509138381201
0.860313315926893	0.8549295039164465	0.835509138381201
0.860313315926893	0.8555926892950367	0.8342036553524804
0.860313315926893	0.8553733681462116	0.6671018276762402
0.860313315926893	0.8557832898172293	0.6671018276762402
0.860313315926893	0.8557101827676207	0.6671018276762402
0.860313315926893	0.8555979112271503	0.6671018276762402
0.860313315926893	0.85648563968668	0.6671018276762402
0.860313315926893	0.8574151436031296	0.8446475195822454
0.860313315926893	0.8577937336814575	0.8446475195822454
0.860313315926893	0.858107049608351	0.8433420365535248
0.860313315926893	0.8584986945169667	0.8446475195822454
0.860313315926893	0.8584334203655308	0.8446475195822454
0.8616187989556136	0.8581488250652698	0.8446475195822454
0.8616187989556136	0.8584308093994734	0.8446475195822454
0.8616187989556136	0.858268929503912	0.8446475195822454
0.8616187989556136	0.8586031331592642	0.8459530026109661
0.8681462140992167	0.8589112271540426	0.8472584856396866
0.8681462140992167	0.859099216710178	0.8459530026109661
0.8681462140992167	0.8589843342036504	0.8459530026109661
0.8681462140992167	0.858981723237594	0.8472584856396866
0.8681462140992167	0.8588485639686642	0.8472584856396866
0.8681462140992167	0.8589634464751921	0.8472584856396866
0.8681462140992167	0.8591148825065239	0.8472584856396866
0.8694516971279374	0.8591697127937296	0.8472584856396866
0.8694516971279374	0.8591044386422936	0.8459530026109661
0.8694516971279374	0.8597258485639655	0.8459530026109661
0.8694516971279374	0.860054830287204	0.8472584856396866
0.8694516971279374	0.8603263707571779	0.8472584856396866
0.8694516971279374	0.8606292428198411	0.5691906005221932
0.8694516971279374	0.8602271540469957	0.5678851174934726
0.8694516971279374	0.8609660574412504	0.8459530026109661
0.8694516971279374	0.8613681462140975	0.8472584856396866
0.8694516971279374	0.861224543080938	0.8472584856396866
0.8694516971279374	0.8615848563968659	0.8472584856396866
0.8694516971279374	0.8623916449086153	0.8472584856396866
0.8694516971279374	0.8625169712793725	0.8472584856396866
0.8733681462140992	0.8627859007832889	0.8472584856396866
0.8733681462140992	0.8633577023498697	0.8472584856396866
0.8733681462140992	0.8635848563968662	0.8472584856396866
0.8733681462140992	0.8635953002610959	0.8472584856396866
0.8733681462140992	0.8637310704960837	0.8511749347258486
0.8733681462140992	0.8643577023498699	0.8511749347258486
0.8733681462140992	0.8648276762402092	0.8472584856396866
0.8733681462140992	0.8655143603133169	0.8472584856396866
0.8733681462140992	0.8662741514360323	0.8472584856396866
0.8733681462140992	0.86628720626632	0.8472584856396866
0.8733681462140992	0.8668642297650145	0.8511749347258486
0.8733681462140992	0.8676083550913846	0.8511749347258486
0.8733681462140992	0.8676605744125343	0.8511749347258486
0.8733681462140992	0.8684569190600526	0.8485639686684073
0.8733681462140992	0.8692088772845963	0.8511749347258486
0.8733681462140992	0.8700704960835515	0.8511749347258486
0.8733681462140992	0.8706240208877285	0.8511749347258486
0.8772845953002611	0.8697989556135772	0.5757180156657964
0.8772845953002611	0.8689347258485641	0.5757180156657964
0.8772845953002611	0.8707937336814626	0.8511749347258486
0.8772845953002611	0.8707206266318538	0.8511749347258486
0.8772845953002611	0.8710731070496078	0.8511749347258486
0.8772845953002611	0.871375979112271	0.8511749347258486
0.8772845953002611	0.8717075718015647	0.8511749347258486
0.8772845953002611	0.871887728459528	0.8511749347258486
0.8772845953002611	0.8722349869451672	0.8524804177545692
0.8772845953002611	0.87176240208877	0.5704960835509139
0.8772845953002611	0.8706997389033915	0.5704960835509139
0.8772845953002611	0.8706631853785874	0.5691906005221932
0.8798955613577023	0.8723629242819806	0.8485639686684073
0.8798955613577023	0.8723315926892921	0.8511749347258486
0.8798955613577023	0.8719060052219288	0.6866840731070496
0.8798955613577023	0.8730704960835469	0.8511749347258486
0.8798955613577023	0.873819843342032	0.8524804177545692
0.8798955613577023	0.8733498694516931	0.8511749347258486
0.8798955613577023	0.8733133159268885	0.8511749347258486
0.8798955613577023	0.8736971279373332	0.8511749347258486
0.881201044386423	0.8737624020887697	0.8511749347258486
0.881201044386423	0.8737127937336788	0.8511749347258486
0.881201044386423	0.8738485639686655	0.8511749347258486
0.881201044386423	0.8740313315926864	0.8511749347258486
0.881201044386423	0.8741906005221909	0.8511749347258486
0.881201044386423	0.8751697127937301	0.8511749347258486
0.881201044386423	0.8757362924281952	0.8511749347258486
0.881201044386423	0.8761436031331569	0.8511749347258486
0.881201044386423	0.8762454308093967	0.8511749347258486
0.8981723237597912	0.8758537859007798	0.8498694516971279
0.8981723237597912	0.8759321148825031	0.8511749347258486
0.8981723237597912	0.8760496083550875	0.6449086161879896
0.8981723237597912	0.8755117493472555	0.6201044386422977
0.8981723237597912	0.8754856396866812	0.6201044386422977
0.8981723237597912	0.8767258485639657	0.6201044386422977
0.8981723237597912	0.8790861618798929	0.6449086161879896
0.8994778067885117	0.8796057441253251	0.6449086161879896
0.8994778067885117	0.8816057441253243	0.8524804177545692
0.8994778067885117	0.8837937336814593	0.856396866840731
0.8994778067885117	0.8851932114882495	0.8577023498694517
0.8994778067885117	0.8864255874673617	0.8577023498694517
0.8994778067885117	0.8872271540469968	0.856396866840731
0.8994778067885117	0.887339425587468	0.8524804177545692
0.8994778067885117	0.8871462140992169	0.8681462140992167
0.8994778067885117	0.8871409921671002	0.8577023498694517
0.8994778067885117	0.8884960835509129	0.8681462140992167
0.8994778067885117	0.8900966057441259	0.8681462140992167
0.8994778067885117	0.8908067885117502	0.8681462140992167
0.9007832898172323	0.8914908616188008	0.8681462140992167
0.9007832898172323	0.8923159268929536	0.8694516971279374
0.9007832898172323	0.8929425587467386	0.8681462140992167
0.9007832898172323	0.8943942558746761	0.8681462140992167
0.9007832898172323	0.8950809399477829	0.8694516971279374
0.9007832898172323	0.8943080939947796	0.8694516971279374
0.9007832898172323	0.8945822454308117	0.8694516971279374
0.9007832898172323	0.894765013054832	0.8694516971279374
0.9007832898172323	0.894485639686685	0.8681462140992167
0.9007832898172323	0.8947806788511768	0.8668407310704961
0.9007832898172323	0.8955221932114888	0.8694516971279374
0.9007832898172323	0.8948276762402103	0.8694516971279374
0.9007832898172323	0.8952689295039173	0.8694516971279374
0.9007832898172323	0.8956866840731075	0.8720626631853786
0.9007832898172323	0.8958407310704968	0.8694516971279374
0.9007832898172323	0.8959712793733687	0.8707571801566579
0.9007832898172323	0.8954856396866834	0.8707571801566579
0.9007832898172323	0.8960626631853782	0.8694516971279374
0.9007832898172323	0.8959660574412539	0.8707571801566579
0.9007832898172323	0.896046997389035	0.8707571801566579
0.9007832898172323	0.8968616187989567	0.8720626631853786
0.9007832898172323	0.8968955613577045	0.8707571801566579
0.9007832898172323	0.8973916449086179	0.8707571801566579
0.9007832898172323	0.897362924281987	0.8707571801566579
0.9007832898172323	0.8980574412532666	0.8720626631853786
0.9007832898172323	0.8980000000000029	0.8707571801566579
0.9007832898172323	0.8981749347258513	0.8759791122715405
0.9007832898172323	0.8985248041775489	0.8720626631853786
0.9007832898172323	0.8987075718015696	0.8785900783289817
0.9007832898172323	0.898582245430812	0.8798955613577023
0.9007832898172323	0.8989321148825101	0.8746736292428199
0.9007832898172323	0.89861618798956	0.8746736292428199
0.9007832898172323	0.8982402088772876	0.8746736292428199
0.9007832898172323	0.8978067885117522	0.8746736292428199
0.9007832898172323	0.8975639686684102	0.8759791122715405
0.9007832898172323	0.8982114882506561	0.8759791122715405
0.9007832898172323	0.8985013054830329	0.8759791122715405
0.9007832898172323	0.8989347258485679	0.8759791122715405
0.9007832898172323	0.8988590078329027	0.8759791122715405
0.9007832898172323	0.899057441253268	0.8759791122715405
0.9007832898172323	0.8993968668407356	0.8825065274151436
0.9007832898172323	0.8994699738903438	0.8825065274151436
0.9007832898172323	0.8994673629242868	0.8838120104438643
0.9007832898172323	0.8997597911227204	0.8838120104438643
0.9007832898172323	0.8997754569190649	0.8838120104438643
0.9007832898172323	0.8999921671018322	0.8838120104438643
0.9007832898172323	0.9002167101827729	0.8942558746736292
0.9177545691906005	0.9001906005221982	0.8929503916449086
0.9177545691906005	0.9003315926893003	0.8929503916449086
0.9177545691906005	0.9004308093994834	0.8942558746736292
0.9177545691906005	0.9005039164490919	0.8942558746736292
0.9177545691906005	0.9005143603133217	0.8903394255874674
0.9177545691906005	0.9006840731070553	0.8903394255874674
0.9177545691906005	0.9014308093994834	0.8903394255874674
0.9177545691906005	0.9023133159268987	0.8942558746736292
0.9177545691906005	0.9027545691906064	0.8942558746736292
0.9177545691906005	0.9032219321148884	0.8942558746736292
0.9203655352480418	0.9043185378590135	0.8942558746736292
0.9203655352480418	0.9047963446475252	0.8942558746736292
0.9203655352480418	0.906057441253269	0.8942558746736292
0.9203655352480418	0.9063577023498748	0.8942558746736292
0.9203655352480418	0.907509138381206	0.8942558746736292
0.9203655352480418	0.9076945169712844	0.6684073107049608
0.9203655352480418	0.9085456919060091	0.6684073107049608
0.9203655352480418	0.9095665796344686	0.6684073107049608
0.9203655352480418	0.9100313315926931	0.8942558746736292
0.9203655352480418	0.9098302872062695	0.8942558746736292
0.9203655352480418	0.9099216710182804	0.8942558746736292
0.9203655352480418	0.9099530026109691	0.8942558746736292
0.9203655352480418	0.9101827676240235	0.8942558746736292
0.9203655352480418	0.911026109660577	0.8942558746736292
0.9203655352480418	0.9120861618798974	0.8942558746736292
0.9203655352480418	0.9125378590078354	0.8942558746736292
0.9203655352480418	0.913804177545694	0.8929503916449086
0.9203655352480418	0.9145169712793751	0.8942558746736292
0.9203655352480418	0.9148851174934745	0.8942558746736292
0.9203655352480418	0.9151462140992186	0.8942558746736292
0.9203655352480418	0.915459530026111	0.8994778067885117
0.9268929503916449	0.9158746736292439	0.9007832898172323
0.9268929503916449	0.9162950391644915	0.9007832898172323
0.9268929503916449	0.9170678851174944	0.8994778067885117
0.9268929503916449	0.9177415143603135	0.9007832898172323
0.9268929503916449	0.9180417754569188	0.9007832898172323
0.9268929503916449	0.9184255874673624	0.9007832898172323
0.9268929503916449	0.9185195822454298	0.9007832898172323
0.9268929503916449	0.9192271540469958	0.9007832898172323
0.9268929503916449	0.9195065274151419	0.9007832898172323
0.9268929503916449	0.9200339425587444	0.9007832898172323
0.9268929503916449	0.9202140992167082	0.9007832898172323
0.9268929503916449	0.9205195822454284	0.9007832898172323
0.9268929503916449	0.9205091383811984	0.9007832898172323
0.9268929503916449	0.9204751958224513	0.9007832898172323
0.9268929503916449	0.9206788511749312	0.9007832898172323
0.9268929503916449	0.9209738903394212	0.9007832898172323
0.9268929503916449	0.9209895561357656	0.9007832898172323
0.9268929503916449	0.920903394255869	0.9007832898172323
0.9268929503916449	0.9210992167101769	0.9007832898172323
0.9268929503916449	0.9218563968668346	0.9007832898172323
0.9268929503916449	0.9226971279373299	0.9007832898172323
0.9268929503916449	0.9229112271540398	0.9007832898172323
0.9268929503916449	0.9230417754569117	0.9033942558746736
0.9268929503916449	0.9230835509138309	0.9033942558746736
0.9268929503916449	0.9228433420365459	0.9007832898172323
0.9268929503916449	0.9230887728459453	0.9007832898172323
0.9268929503916449	0.9227989556135693	0.9007832898172323
0.9268929503916449	0.9231201044386345	0.9007832898172323
0.9268929503916449	0.923577023498686	0.9033942558746736
0.9268929503916449	0.9234543080939869	0.9033942558746736
0.9268929503916449	0.9232767624020808	0.9033942558746736
0.9268929503916449	0.9240783289817148	0.9033942558746736
0.9268929503916449	0.9237937336814543	0.9033942558746736
0.9268929503916449	0.9241174934725764	0.9033942558746736
0.9268929503916449	0.9246579634464662	0.9033942558746736
0.9281984334203656	0.9244151436031247	0.9033942558746736
0.9281984334203656	0.9246031331592601	0.9033942558746736
0.9281984334203656	0.9248381201044301	0.9033942558746736
0.9281984334203656	0.9244151436031247	0.7872062663185379
0.9281984334203656	0.9249765013054753	0.9033942558746736
0.9281984334203656	0.9248929503916384	0.9033942558746736
0.9281984334203656	0.9247389033942505	0.9177545691906005
0.9281984334203656	0.9248981723237544	0.9203655352480418
0.9281984334203656	0.9251305483028676	0.9203655352480418
0.9281984334203656	0.9254125326370721	0.9203655352480418
0.9281984334203656	0.9257728459529979	0.9203655352480418
0.9281984334203656	0.9258851174934685	0.9203655352480418
0.9295039164490861	0.9259712793733633	0.9203655352480418
0.9308093994778068	0.9259973890339394	0.9203655352480418
0.9308093994778068	0.9260417754569168	0.9203655352480418
0.9308093994778068	0.9262637075717995	0.9203655352480418
0.9308093994778068	0.9268172323759771	0.9203655352480418
0.9308093994778068	0.9270574412532627	0.9203655352480418
0.9308093994778068	0.9274960835509145	0.9203655352480418
0.9308093994778068	0.9279765013054844	0.9190600522193212
0.9308093994778068	0.9280626631853808	0.9203655352480418
0.9308093994778068	0.9282219321148845	0.9203655352480418
0.9347258485639687	0.9282297650130574	0.9203655352480418
0.9347258485639687	0.9284412532637107	0.9099216710182768
0.9347258485639687	0.928689295039167	0.9099216710182768
0.9347258485639687	0.9289295039164533	0.9190600522193212
0.9347258485639687	0.929151436031336	0.9164490861618799
0.9347258485639687	0.9294308093994817	0.9190600522193212
0.9347258485639687	0.9295404699738936	0.9190600522193212
0.9347258485639687	0.9299608355091424	0.9164490861618799
0.9347258485639687	0.930232375979116	0.9164490861618799
0.9360313315926893	0.9306109660574451	0.9164490861618799
0.9360313315926893	0.9309556135770283	0.9177545691906005
0.9360313315926893	0.9312271540470013	0.9203655352480418
0.9360313315926893	0.9311932114882548	0.9203655352480418
0.9360313315926893	0.9314699738903433	0.9203655352480418
0.9360313315926893	0.9318746736292463	0.9203655352480418
0.9360313315926893	0.93195300261097	0.9203655352480418
0.9360313315926893	0.9319086161879936	0.9203655352480418
0.9360313315926893	0.9321592689295074	0.9203655352480418
0.9360313315926893	0.9325039164490891	0.9203655352480418
0.9360313315926893	0.9325195822454341	0.9203655352480418
0.9360313315926893	0.9327258485639723	0.9203655352480418
0.9373368146214099	0.9327859007832922	0.9203655352480418
0.9373368146214099	0.9330757180156684	0.9203655352480418
0.9373368146214099	0.9332924281984354	0.9203655352480418
0.9373368146214099	0.9331853785900808	0.9203655352480418
0.9373368146214099	0.9333812010443879	0.922976501305483
0.9373368146214099	0.9334125326370777	0.922976501305483
0.9373368146214099	0.9336501305483046	0.922976501305483
0.9373368146214099	0.9335691906005241	0.922976501305483
0.9373368146214099	0.9336840731070508	0.922976501305483
0.9373368146214099	0.9335483028720648	0.922976501305483
0.9373368146214099	0.9340574412532651	0.9203655352480418
0.9373368146214099	0.9343054830287212	0.9203655352480418
0.9373368146214099	0.9344778067885127	0.9203655352480418
0.9373368146214099	0.9344543080939958	0.9203655352480418
0.9386422976501305	0.9344334203655364	0.9203655352480418
0.9386422976501305	0.9346370757180157	0.9255874673629243
0.9386422976501305	0.9348485639686687	0.9268929503916449
0.9386422976501305	0.9348224543080936	0.9268929503916449
0.9386422976501305	0.9346214099216711	0.9268929503916449
0.9386422976501305	0.9348877284595299	0.9060052219321149
0.9386422976501305	0.9346736292428202	0.9060052219321149
0.9386422976501305	0.9347989556135765	0.9060052219321149
0.9386422976501305	0.934798955613577	0.9268929503916449
0.9386422976501305	0.9350078328981719	0.9268929503916449
0.9386422976501305	0.9350809399477802	0.9268929503916449
0.9386422976501305	0.9353028720626628	0.9268929503916449
0.9386422976501305	0.93540731070496	0.9268929503916449
0.9386422976501305	0.9359843342036531	0.9268929503916449
0.9386422976501305	0.935535248041773	0.7428198433420365
0.9386422976501305	0.9359033942558728	0.9281984334203656
0.9386422976501305	0.9363785900783259	0.9268929503916449
0.9386422976501305	0.9365900783289781	0.9268929503916449
0.9386422976501305	0.9363942558746701	0.7859007832898173
0.9386422976501305	0.9369190600522148	0.9268929503916449
0.9386422976501305	0.937151436031327	0.9268929503916449
0.9386422976501305	0.9374882506527361	0.9281984334203656
0.9399477806788512	0.9373864229764961	0.9060052219321149
0.9399477806788512	0.9375013054830235	0.9281984334203656
0.9399477806788512	0.937621409921665	0.9281984334203656
0.9399477806788512	0.9375143603133103	0.9281984334203656
0.9399477806788512	0.937475195822449	0.9255874673629243
0.9399477806788512	0.9376710182767569	0.9281984334203656
0.9399477806788512	0.9379582245430752	0.9281984334203656
0.9451697127937336	0.9380939947780622	0.9281984334203656
0.9451697127937336	0.9382637075717959	0.9255874673629243
0.9451697127937336	0.9382898172323705	0.9281984334203656
0.9451697127937336	0.9382506527415085	0.9281984334203656
0.9451697127937336	0.9383942558746688	0.9281984334203656
0.9451697127937336	0.9386945169712752	0.9281984334203656
0.9464751958224543	0.939099216710179	0.9295039164490861
0.9464751958224543	0.9392036553524762	0.9295039164490861
0.9464751958224543	0.9397650130548275	0.9281984334203656
0.9464751958224543	0.9401540469973864	0.9295039164490861
0.9464751958224543	0.9405900783289791	0.9321148825065274
0.9464751958224543	0.9408537859007806	0.9321148825065274
0.9464751958224543	0.9412114882506516	0.9295039164490861
0.9464751958224543	0.9412872062663163	0.9295039164490861
0.9464751958224543	0.9417937336814616	0.9295039164490861
0.9464751958224543	0.9420469973890343	0.9295039164490861
0.9464751958224543	0.9423942558746742	0.9308093994778068
0.9464751958224543	0.9427702349869459	0.9373368146214099
0.9464751958224543	0.943140992167103	0.9360313315926893
0.9464751958224543	0.9433394255874689	0.9360313315926893
0.9464751958224543	0.9434830287206285	0.9360313315926893
0.9464751958224543	0.9436109660574438	0.9360313315926893
0.9464751958224543	0.944036553524807	0.9347258485639687
0.9464751958224543	0.9439608355091411	0.9347258485639687
0.9464751958224543	0.9443107049608387	0.9360313315926893
0.9464751958224543	0.9442663185378612	0.9360313315926893
0.9464751958224543	0.9446788511749374	0.9360313315926893
0.9464751958224543	0.9447362924282029	0.9373368146214099
0.9503916449086162	0.9449086161879935	0.9386422976501305
0.9503916449086162	0.9453002610966108	0.9373368146214099
0.9503916449086162	0.9453733681462194	0.9373368146214099
0.9503916449086162	0.9450939947780722	0.9373368146214099
0.9503916449086162	0.9453629242819898	0.9373368146214099
0.9503916449086162	0.9456031331592738	0.9386422976501305
0.9503916449086162	0.9458302872062716	0.9386422976501305
0.9503916449086162	0.9457937336814667	0.9373368146214099
0.9503916449086162	0.9464595300261145	0.9386422976501305
0.9503916449086162	0.946550913838125	0.9386422976501305
0.9503916449086162	0.9466266318537906	0.9386422976501305
0.9503916449086162	0.9464438642297699	0.7963446475195822
0.9503916449086162	0.9458590078329023	0.7963446475195822
0.9503916449086162	0.9455065274151477	0.7898172323759791
0.9503916449086162	0.9463446475195869	0.7963446475195822
0.9503916449086162	0.9472741514360361	0.9321148825065274
0.9503916449086162	0.9474543080939993	0.9295039164490861
0.9516971279373369	0.9476109660574458	0.9321148825065274
0.9516971279373369	0.9476553524804225	0.9386422976501305
0.9516971279373369	0.9477702349869496	0.9386422976501305
0.9516971279373369	0.9479007832898215	0.9386422976501305
0.9516971279373369	0.9480522193211536	0.9386422976501305
0.9516971279373369	0.9485117493472629	0.9386422976501305
0.9516971279373369	0.9485770234986991	0.9399477806788512
0.9516971279373369	0.9486605744125368	0.9386422976501305
0.9516971279373369	0.948798955613582	0.9386422976501305
0.9516971279373369	0.9486657963446524	0.9386422976501305
0.9516971279373369	0.9487284595300306	0.9386422976501305
0.9516971279373369	0.9488276762402138	0.9399477806788512
0.9516971279373369	0.9491174934725893	0.9399477806788512
0.9516971279373369	0.949334203655357	0.943864229765013
0.9516971279373369	0.949488250652745	0.943864229765013
0.9516971279373369	0.9494830287206306	0.9399477806788512
0.9530026109660574	0.9497415143603172	0.943864229765013
0.9530026109660574	0.9498381201044416	0.9386422976501305
0.9530026109660574	0.9500208877284625	0.9386422976501305
0.9530026109660574	0.9503655352480443	0.9451697127937336
0.9530026109660574	0.9506814621409945	0.9451697127937336
0.9530026109660574	0.9505639686684096	0.9451697127937336
0.9530026109660574	0.9505221932114906	0.9451697127937336
0.9530026109660574	0.9507467362924304	0.943864229765013
0.9530026109660574	0.9508955613577043	0.9425587467362925
0.9530026109660574	0.950963446475197	0.9425587467362925
0.9530026109660574	0.9510208877284606	0.9425587467362925
0.9530026109660574	0.9513315926892959	0.943864229765013
0.9530026109660574	0.9515221932114888	0.9451697127937336
0.9530026109660574	0.9515509138381202	0.9451697127937336
0.9530026109660574	0.9517362924281981	0.9451697127937336
0.9530026109660574	0.9519425587467355	0.9464751958224543
0.9556135770234987	0.9520052219321138	0.9464751958224543
0.9569190600522193	0.9520835509138369	0.9464751958224543
0.9569190600522193	0.9522898172323743	0.9477806788511749
0.9569190600522193	0.9523916449086143	0.9464751958224543
0.9569190600522193	0.9526057441253241	0.9464751958224543
0.95822454308094	0.9526736292428175	0.9464751958224543
0.95822454308094	0.9528877284595276	0.9464751958224543
0.95822454308094	0.9530887728459505	0.9464751958224543
0.95822454308094	0.9532193211488225	0.9477806788511749
0.95822454308094	0.9533785900783261	0.9477806788511749
0.95822454308094	0.9536527415143571	0.9477806788511749
0.95822454308094	0.9538694516971246	0.9477806788511749
0.95822454308094	0.9542532637075678	0.9477806788511749
0.95822454308094	0.954582245430805	0.9490861618798956
0.95822454308094	0.9550626631853733	0.943864229765013
0.95822454308094	0.9554255874673568	0.9399477806788512
0.95822454308094	0.9557362924281927	0.9425587467362925
0.95822454308094	0.955838120104432	0.9399477806788512
0.95822454308094	0.955960835509132	0.9399477806788512
0.95822454308094	0.9563968668407246	0.9425587467362925
0.95822454308094	0.9565404699738835	0.9516971279373369
0.95822454308094	0.9568093994777999	0.9516971279373369
0.95822454308094	0.956864229765006	0.9516971279373369
0.95822454308094	0.9572245430809325	0.9516971279373369
0.95822454308094	0.9571592689294963	0.9516971279373369
0.95822454308094	0.9573002610965979	0.9516971279373369
0.95822454308094	0.9569712793733605	0.762402088772846
0.95822454308094	0.9572506527415068	0.9464751958224543
0.95822454308094	0.9574830287206193	0.9516971279373369
0.95822454308094	0.957566579634457	0.9516971279373369
0.95822454308094	0.9575613577023421	0.9516971279373369
0.95822454308094	0.9576057441253186	0.9516971279373369
0.95822454308094	0.9576266318537784	0.9516971279373369
0.9621409921671018	0.9576762402088695	0.9530026109660574
0.9621409921671018	0.9577937336814542	0.9530026109660574
0.9621409921671018	0.9578746736292346	0.9530026109660574
0.9621409921671018	0.9578981723237519	0.9530026109660574
0.9660574412532638	0.9580469973890255	0.9530026109660574
0.9660574412532638	0.9582062663185299	0.9543080939947781
0.9660574412532638	0.9584699738903315	0.9543080939947781
0.9660574412532638	0.9585848563968599	0.9543080939947781
0.9660574412532638	0.9586762402088724	0.9543080939947781
0.9660574412532638	0.9590652741514321	0.9543080939947781
0.9660574412532638	0.9591279373368115	0.9543080939947781
0.9660574412532638	0.9590966057441211	0.9543080939947781
0.9660574412532638	0.959208877284592	0.9543080939947781
0.9660574412532638	0.959493472584853	0.9543080939947781
0.9660574412532638	0.9597258485639654	0.9543080939947781
0.9660574412532638	0.9599451697127916	0.9543080939947781
0.9660574412532638	0.9602715404699727	0.9490861618798956
0.9660574412532638	0.960524804177544	0.9556135770234987
0.9699738903394256	0.9606971279373353	0.9556135770234987
0.9725848563968669	0.9606892950391627	0.9556135770234987
0.9725848563968669	0.9610443864229749	0.9477806788511749
0.9725848563968669	0.9614255874673625	0.9516971279373369
0.9725848563968669	0.9616997389033943	0.9543080939947781
0.9725848563968669	0.9618668407310694	0.9543080939947781
0.9725848563968669	0.9621227154046996	0.9556135770234987
0.9725848563968669	0.9622088772845944	0.9543080939947781
0.9725848563968669	0.9621122715404692	0.9543080939947781
0.9725848563968669	0.9622924281984326	0.9543080939947781
0.9725848563968669	0.9630443864229756	0.9543080939947781
0.9725848563968669	0.9631279373368152	0.9503916449086162
0.9725848563968669	0.9632872062663181	0.9464751958224543
0.9725848563968669	0.9636971279373366	0.9464751958224543
0.9725848563968669	0.9638198433420374	0.9464751958224543
0.9725848563968669	0.9642924281984334	0.9464751958224543
0.9725848563968669	0.9644438642297657	0.9464751958224543
0.9725848563968669	0.9653577023498697	0.9543080939947781
0.9725848563968669	0.965895561357703	0.9543080939947781
0.9725848563968669	0.9658772845952994	0.9543080939947781
0.9725848563968669	0.9667754569190585	0.9543080939947781
0.9725848563968669	0.9668929503916447	0.9556135770234987
0.9725848563968669	0.9673185378590071	0.9543080939947781
0.9725848563968669	0.9678563968668396	0.9530026109660574
0.9738903394255874	0.9681305483028707	0.9530026109660574
0.9738903394255874	0.9684020887728443	0.9530026109660574
0.9738903394255874	0.9686553524804163	0.9530026109660574
0.9738903394255874	0.9685796344647501	0.9530026109660574
0.9751958224543081	0.9683864229764992	0.9530026109660574
0.9751958224543081	0.9685300261096593	0.9530026109660574
0.9751958224543081	0.9689242819843322	0.9530026109660574
0.9751958224543081	0.969015665796343	0.9503916449086162
0.9751958224543081	0.9691984334203635	0.9530026109660574
0.9751958224543081	0.9694986945169688	0.9530026109660574
0.9751958224543081	0.9695483028720605	0.9530026109660574
0.9751958224543081	0.9695561357702325	0.9530026109660574
0.9751958224543081	0.9699503916449066	0.9530026109660574
0.9751958224543081	0.9699921671018247	0.9556135770234987
0.9751958224543081	0.9702010443864203	0.9556135770234987
0.9765013054830287	0.970686684073104	0.95822454308094
0.9765013054830287	0.9710287206266275	0.9595300261096605
0.9765013054830287	0.9708381201044349	0.9595300261096605
0.9765013054830287	0.9709373368146192	0.9595300261096605
0.9765013054830287	0.9712114882506503	0.9595300261096605
0.97911227154047	0.9716109660574386	0.9608355091383812
0.97911227154047	0.9721018276762377	0.9608355091383812
0.97911227154047	0.9720234986945137	0.95822454308094
0.97911227154047	0.9722689295039136	0.95822454308094
0.97911227154047	0.9725822454308065	0.95822454308094
0.97911227154047	0.9726318537858979	0.9608355091383812
0.97911227154047	0.9730156657963431	0.9621409921671018
0.97911227154047	0.9735352480417738	0.9621409921671018
0.9804177545691906	0.9738537859007818	0.9634464751958225
0.9804177545691906	0.974443864229763	0.9647519582245431
0.9804177545691906	0.9747650130548295	0.9634464751958225
0.9804177545691906	0.9750496083550896	0.9621409921671018
0.9804177545691906	0.9751697127937341	0.9608355091383812
0.9804177545691906	0.9752245430809388	0.9647519582245431
0.9804177545691906	0.9753707571801583	0.9660574412532638
0.9804177545691906	0.9756135770234995	0.9647519582245431
0.9804177545691906	0.9755979112271546	0.9621409921671018
0.9804177545691906	0.9759033942558754	0.9673629242819843
0.9804177545691906	0.9761749347258502	0.9660574412532638
0.9804177545691906	0.9761201044386439	0.9673629242819843
0.9804177545691906	0.976185378590079	0.9647519582245431
0.9804177545691906	0.9764882506527437	0.9673629242819843
0.9804177545691906	0.9765979112271564	0.9647519582245431
0.9804177545691906	0.9766736292428219	0.9647519582245431
0.9804177545691906	0.9771514360313349	0.9634464751958225
0.9804177545691906	0.9772819843342073	0.9634464751958225
0.9804177545691906	0.9771409921671053	0.9634464751958225
0.9804177545691906	0.9772245430809443	0.9634464751958225
0.9804177545691906	0.976845953002615	0.9634464751958225
0.9804177545691906	0.976882506527418	0.9608355091383812
0.9804177545691906	0.9769503916449127	0.9621409921671018
0.9804177545691906	0.9774386422976545	0.9634464751958225
0.9804177545691906	0.9777859007832947	0.9660574412532638
0.9817232375979112	0.9776736292428237	0.9621409921671018
0.9817232375979112	0.9775848563968714	0.9660574412532638
0.9817232375979112	0.9775248041775484	0.9660574412532638
0.9817232375979112	0.977780678851178	0.9647519582245431
0.9817232375979112	0.9778563968668446	0.9660574412532638
0.9830287206266318	0.9778093994778105	0.9699738903394256
0.9830287206266318	0.9779765013054866	0.9673629242819843
0.9830287206266318	0.9781488250652791	0.9660574412532638
0.9830287206266318	0.9786083550913888	0.9660574412532638
0.9830287206266318	0.9790704960835556	0.9712793733681462
0.9830287206266318	0.9792010443864269	0.9712793733681462
0.9830287206266318	0.9788981723237646	0.9712793733681462
0.9830287206266318	0.978929503916453	0.9699738903394256
0.9830287206266318	0.9792715404699772	0.9699738903394256
0.9830287206266318	0.9793315926892997	0.9699738903394256
0.9830287206266318	0.9794412532637122	0.9712793733681462
0.9830287206266318	0.979501305483033	0.9699738903394256
0.9830287206266318	0.9796370757180202	0.9712793733681462
0.9830287206266318	0.9792793733681505	0.9699738903394256
0.9830287206266318	0.97950391644909	0.9699738903394256
0.9830287206266318	0.9797597911227194	0.9699738903394256
0.9856396866840731	0.9795039164490895	0.9699738903394256
0.9856396866840731	0.9796919060052262	0.9686684073107049
0.9856396866840731	0.9798041775456965	0.9699738903394256
0.9856396866840731	0.9798146214099257	0.9699738903394256
0.9856396866840731	0.9799086161879939	0.9699738903394256
0.9856396866840731	0.9805039164490905	0.9699738903394256
0.9856396866840731	0.9809634464752003	0.9699738903394256
0.9856396866840731	0.9809216710182815	0.9699738903394256
0.9856396866840731	0.9809086161879935	0.9673629242819843
0.9856396866840731	0.9809399477806814	0.9673629242819843
0.9856396866840731	0.9812532637075749	0.9699738903394256
0.9856396866840731	0.9815848563968692	0.9699738903394256
0.9856396866840731	0.9819033942558778	0.9725848563968669
0.9856396866840731	0.981903394255877	0.9712793733681462
0.9856396866840731	0.982146214099219	0.9712793733681462
0.9856396866840731	0.9824516971279382	0.9712793733681462
0.9856396866840731	0.9826449086161891	0.9738903394255874
0.9856396866840731	0.9832663185378593	0.9738903394255874
0.9947780678851175	0.9836527415143596	0.9673629242819843
0.9947780678851175	0.9836840731070492	0.9686684073107049
0.9947780678851175	0.9838981723237594	0.9725848563968669
0.9947780678851175	0.9842976501305477	0.9751958224543081
0.9947780678851175	0.9845561357702343	0.9765013054830287
0.9947780678851175	0.9851436031331595	0.9765013054830287
0.9947780678851175	0.9858981723237608	0.9765013054830287
0.9947780678851175	0.9860704960835519	0.9765013054830287
0.9947780678851175	0.9869947780678867	0.9751958224543081
0.9947780678851175	0.9877937336814634	0.9751958224543081
0.9947780678851175	0.988590078328984	0.9751958224543081
0.9947780678851175	0.9883785900783303	0.9751958224543081
0.9947780678851175	0.988206266318539	0.9738903394255874
0.9947780678851175	0.9885169712793747	0.9738903394255874
0.9947780678851175	0.9886396866840745	0.9738903394255874
0.9947780678851175	0.9889686684073117	0.9738903394255874
0.9947780678851175	0.9888590078329007	0.9738903394255874
0.9947780678851175	0.9887728459530045	0.9751958224543081
0.9947780678851175	0.9898746736292452	0.9751958224543081
0.9947780678851175	0.9899634464751991	0.9751958224543081
0.9947780678851175	0.9903812010443898	0.9751958224543081
0.9947780678851175	0.990801566579638	0.9751958224543081
0.9947780678851175	0.9911984334203697	0.8459530026109661
0.9947780678851175	0.9902297650130591	0.762402088772846
0.9947780678851175	0.9908903394255923	0.8459530026109661
0.9947780678851175	0.9920261096605795	0.9817232375979112
0.9947780678851175	0.9913812010443906	0.6305483028720626
0.9947780678851175	0.99197389033943	0.9817232375979112
0.9947780678851175	0.9917754569190641	0.97911227154047
0.9947780678851175	0.9917885117493512	0.9804177545691906
0.9947780678851175	0.9913968668407345	0.9817232375979112
0.9947780678851175	0.9915613577023539	0.9817232375979112
0.9947780678851175	0.9918250652741557	0.9830287206266318
0.9947780678851175	0.9916788511749387	0.9830287206266318
0.9947780678851175	0.9919190600522232	0.9830287206266318
0.9947780678851175	0.9920548302872102	0.9830287206266318
0.9947780678851175	0.9923864229765053	0.9830287206266318
0.9947780678851175	0.9926892950391687	0.9830287206266318
0.9947780678851175	0.9929451697127981	0.9830287206266318
0.9947780678851175	0.993355091383817	0.9856396866840731
0.9947780678851175	0.9936631853785953	0.9856396866840731
0.9947780678851175	0.9938511749347314	0.9856396866840731
0.9947780678851175	0.9937310704960889	0.9699738903394256
0.9947780678851175	0.9937963446475252	0.9830287206266318
0.9947780678851175	0.9937702349869502	0.9830287206266318
0.9947780678851175	0.994287206266325	0.9830287206266318
0.9947780678851175	0.9942819843342099	0.9830287206266318
0.9947780678851175	0.9943838120104501	0.9830287206266318
0.9947780678851175	0.9944699738903456	0.9830287206266318
0.9947780678851175	0.9945274151436094	0.9856396866840731
0.9947780678851175	0.994287206266325	0.8028720626631853
0.9947780678851175	0.9942375979112337	0.8028720626631853
0.9947780678851175	0.9943028720626698	0.8028720626631853
0.9947780678851175	0.9939556135770301	0.8028720626631853
0.9947780678851175	0.9946919060052286	0.9856396866840731
0.9973890339425587	0.994642297650137	0.9856396866840731
0.9973890339425587	0.9947206266318603	0.9856396866840731
0.9973890339425587	0.9947284595300327	0.9856396866840731
0.9973890339425587	0.9947206266318602	0.9856396866840731
0.9973890339425587	0.9948328981723303	0.9856396866840731
0.9973890339425587	0.9949425587467429	0.9856396866840731
0.9973890339425587	0.9950887728459595	0.9856396866840731
0.9973890339425587	0.9952245430809465	0.9856396866840731
0.9973890339425587	0.9953289817232439	0.9856396866840731
0.9973890339425587	0.9955352480417824	0.9895561357702349
0.9973890339425587	0.9956187989556201	0.9947780678851175
0.9973890339425587	0.9957441253263777	0.9947780678851175
0.9973890339425587	0.9957232375979178	0.9947780678851175
0.9973890339425587	0.995694516971286	0.9934725848563969
0.9973890339425587	0.9958328981723303	0.9934725848563969
0.9973890339425587	0.9958642297650196	0.9934725848563969
0.9973890339425587	0.9960443864229829	0.9934725848563969
0.9973890339425587	0.9961070496083616	0.9934725848563969
0.9973890339425587	0.9960835509138446	0.9947780678851175
0.9973890339425587	0.9959060052219383	0.8537859007832899
0.9973890339425587	0.9956396866840797	0.8537859007832899
0.9973890339425587	0.9962297650130615	0.9947780678851175
0.9973890339425587	0.9963838120104501	0.9934725848563969
0.9973890339425587	0.9964229765013124	0.9947780678851175
0.9973890339425587	0.9964804177545754	0.9947780678851175
0.9973890339425587	0.9964908616188054	0.9947780678851175
0.9973890339425587	0.9966083550913902	0.9947780678851175
0.9973890339425587	0.9966266318537922	0.9921671018276762
0.9973890339425587	0.9966553524804246	0.9934725848563969
0.9973890339425587	0.9966631853785967	0.9947780678851175
0.9973890339425587	0.996616187989563	0.9947780678851175
0.9973890339425587	0.9965926892950455	0.9947780678851175
0.9986945169712794	0.9965691906005287	0.9947780678851175
0.9986945169712794	0.9965979112271609	0.9947780678851175
0.9986945169712794	0.9966083550913901	0.9947780678851175
0.9986945169712794	0.9966344647519647	0.9947780678851175
0.9986945169712794	0.996652741514367	0.9947780678851175
0.9986945169712794	0.9967650130548363	0.9947780678851175
0.9986945169712794	0.9968224543081005	0.9947780678851175
0.9986945169712794	0.9968877284595364	0.9843342036553525
0.9986945169712794	0.9969477806788565	0.9843342036553525
0.9986945169712794	0.9970809399477869	0.9843342036553525
0.9986945169712794	0.9971827676240272	0.9947780678851175
0.9986945169712794	0.9971462140992225	0.9947780678851175
0.9986945169712794	0.9972715404699796	0.9947780678851175
0.9986945169712794	0.997295039164497	0.9947780678851175
0.9986945169712794	0.997467362924288	0.9947780678851175
0.9986945169712794	0.9975143603133214	0.9947780678851175
0.9986945169712794	0.9976161879895618	0.9947780678851175
0.9986945169712794	0.9976840731070553	0.9947780678851175
0.9986945169712794	0.9976736292428257	0.9947780678851175
0.9986945169712794	0.9977258485639744	0.9947780678851175
0.9986945169712794	0.997898172323765	0.9947780678851175
0.9986945169712794	0.997947780678856	0.9947780678851175
0.9986945169712794	0.998088772845958	0.9947780678851175
0.9986945169712794	0.9982532637075766	0.9947780678851175
0.9986945169712794	0.9982819843342084	0.9947780678851175
0.9986945169712794	0.9982480417754619	0.9947780678851175
0.9986945169712794	0.9982872062663232	0.9947780678851175
0.9986945169712794	0.9983420365535294	0.9947780678851175
0.9986945169712794	0.9983550913838166	0.9947780678851175
0.9986945169712794	0.9983185378590125	0.9947780678851175
0.9986945169712794	0.9983237597911275	0.9947780678851175
0.9986945169712794	0.9983446475195866	0.9947780678851175
0.9986945169712794	0.9983785900783334	0.9947780678851175
0.9986945169712794	0.9983603133159313	0.9947780678851175
0.9986945169712794	0.998436031331597	0.9947780678851175
0.9986945169712794	0.9985274151436075	0.9947780678851175
0.9986945169712794	0.9985483028720669	0.9947780678851175
0.9986945169712794	0.9985665796344689	0.9947780678851175
0.9986945169712794	0.9985483028720666	0.9869451697127938
0.9986945169712794	0.9985926892950432	0.9947780678851175
0.9986945169712794	0.9986370757180196	0.9960835509138382
0.9986945169712794	0.9986240208877324	0.9960835509138382
0.9986945169712794	0.9986449086161919	0.9960835509138382
0.9986945169712794	0.9986318537859047	0.9973890339425587
0.9986945169712794	0.9986292428198473	0.9973890339425587
0.9986945169712794	0.9986605744125365	0.9973890339425587
0.9986945169712794	0.9986710182767662	0.9973890339425587
0.9986945169712794	0.9986710182767663	0.9960835509138382
0.9986945169712794	0.9986762402088811	0.9973890339425587
0.9986945169712794	0.9986579634464792	0.9973890339425587
0.9986945169712794	0.9986631853785939	0.9973890339425587
0.9986945169712794	0.9986788511749386	0.9973890339425587
0.9986945169712794	0.9984099216710222	0.8681462140992167
0.9986945169712794	0.9986788511749385	0.9973890339425587
0.9986945169712794	0.9986657963446515	0.9973890339425587
0.9986945169712794	0.9986762402088811	0.9973890339425587
0.9986945169712794	0.9986657963446514	0.9921671018276762
0.9986945169712794	0.9986292428198472	0.9921671018276762
0.9986945169712794	0.9986710182767663	0.9973890339425587
0.9986945169712794	0.9986684073107088	0.9973890339425587
0.9986945169712794	0.9986919060052257	0.9973890339425587
0.9986945169712794	0.9986684073107087	0.9947780678851175
0.9986945169712794	0.9986736292428238	0.9947780678851175
0.9986945169712794	0.998663185378594	0.9934725848563969
0.9986945169712794	0.9986788511749385	0.9947780678851175
0.9986945169712794	0.9986892950391684	0.9960835509138382
0.9986945169712794	0.9986892950391684	0.9960835509138382
0.9986945169712794	0.9986945169712832	0.9986945169712794
0.9986945169712794	0.9986945169712832	0.9986945169712794
0.9986945169712794	0.9986945169712832	0.9986945169712794
0.9986945169712794	0.9986945169712832	0.9986945169712794
0.9986945169712794	0.9986945169712832	0.9986945169712794
