0.30809399477806787	0.16211488250652742	0.04960835509138381
0.30809399477806787	0.1735509138381201	0.07180156657963446
0.370757180156658	0.20259791122715412	0.09007832898172324
0.370757180156658	0.21907310704960828	0.09660574412532637
0.370757180156658	0.24911227154047	0.11488250652741515
0.4112271540469974	0.2648041775456919	0.13446475195822455
0.4112271540469974	0.2763838120104439	0.14882506527415143
0.42036553524804177	0.2562402088772846	0.14882506527415143
0.42036553524804177	0.2591775456919059	0.13577023498694518
0.4216710182767624	0.27468668407310715	0.13054830287206268
0.4216710182767624	0.27830287206266324	0.13185378590078328
0.42297650130548303	0.295378590078329	0.12663185378590078
0.43342036553524804	0.3080156657963447	0.15404699738903394
0.4347258485639687	0.32084856396866845	0.15274151436031333
0.4347258485639687	0.3380156657963445	0.17885117493472585
0.4347258485639687	0.3515013054830286	0.17885117493472585
0.45300261096605743	0.3670496083550913	0.17885117493472585
0.45300261096605743	0.36432114882506544	0.195822454308094
0.45300261096605743	0.38053524804177546	0.19712793733681463
0.45300261096605743	0.3790600522193211	0.18929503916449086
0.4608355091383812	0.40039164490861623	0.29765013054830286
0.4608355091383812	0.3992950391644909	0.2950391644908616
0.4608355091383812	0.3980809399477807	0.30809399477806787
0.4608355091383812	0.3985248041775458	0.3028720626631854
0.4725848563968668	0.4008355091383811	0.30156657963446476
0.4725848563968668	0.4063315926892952	0.2950391644908616
0.4725848563968668	0.40426892950391646	0.30678851174934724
0.4725848563968668	0.4109007832898171	0.3133159268929504
0.4725848563968668	0.4121932114882509	0.3133159268929504
0.4725848563968668	0.41481723237597906	0.3133159268929504
0.4725848563968668	0.4239556135770235	0.33550913838120106
0.4725848563968668	0.4255744125326369	0.33550913838120106
0.4751958224543081	0.4278590078328983	0.3263707571801567
0.4804177545691906	0.4281331592689294	0.3289817232375979
0.48172323759791125	0.4398172323759794	0.3681462140992167
0.4830287206266319	0.4472584856396866	0.35509138381201044
0.4830287206266319	0.4575456919060052	0.39947780678851175
0.49216710182767626	0.4602480417754572	0.3981723237597911
0.49216710182767626	0.45986945169712795	0.4112271540469974
0.49216710182767626	0.46302872062663186	0.42297650130548303
0.49216710182767626	0.4668276762402091	0.42950391644908614
0.49216710182767626	0.4700783289817232	0.42950391644908614
0.49216710182767626	0.4682506527415144	0.4386422976501306
0.49216710182767626	0.4693342036553525	0.4360313315926893
0.49216710182767626	0.46909921671018273	0.4347258485639687
0.49216710182767626	0.4663446475195823	0.4281984334203655
0.4934725848563969	0.4655483028720627	0.4281984334203655
0.4934725848563969	0.46734986945169715	0.4308093994778068
0.4934725848563969	0.47195822454308095	0.4321148825065274
0.4934725848563969	0.47130548302872066	0.4321148825065274
0.4934725848563969	0.4763446475195821	0.43994778067885115
0.4934725848563969	0.47719321148825067	0.43994778067885115
0.4934725848563969	0.4786814621409924	0.43994778067885115
0.4934725848563969	0.47608355091383814	0.43733681462140994
0.4934725848563969	0.4776762402088774	0.43733681462140994
0.4934725848563969	0.4775587467362923	0.43733681462140994
0.4934725848563969	0.4775195822454309	0.4451697127937337
0.4934725848563969	0.47920365535248044	0.4490861618798956
0.4934725848563969	0.4803394255874673	0.45300261096605743
0.4934725848563969	0.4817885117493475	0.4595300261096606
0.4934725848563969	0.48214099216710227	0.45822454308093996
0.4934725848563969	0.4847258485639692	0.45430809399477806
0.4934725848563969	0.48370757180156687	0.45430809399477806
0.4934725848563969	0.48343342036553544	0.45430809399477806
0.4934725848563969	0.48381201044386457	0.45430809399477806
0.4934725848563969	0.48339425587467405	0.45430809399477806
0.4934725848563969	0.48561357702349917	0.46475195822454307
0.4934725848563969	0.4867232375979118	0.46475195822454307
0.4934725848563969	0.4862010443864234	0.46475195822454307
0.4934725848563969	0.48468668407310744	0.46475195822454307
0.4934725848563969	0.4848694516971282	0.46344647519582244
0.4934725848563969	0.48492167101827727	0.46344647519582244
0.4934725848563969	0.4855744125326374	0.46344647519582244
0.4934725848563969	0.4853394255874677	0.46344647519582244
0.4934725848563969	0.485992167101828	0.45300261096605743
0.4934725848563969	0.4852088772845958	0.4595300261096606
0.4934725848563969	0.4871409921671026	0.46475195822454307
0.4934725848563969	0.48737597911227243	0.4464751958224543
0.4934725848563969	0.4895430809399486	0.46475195822454307
0.4934725848563969	0.49142297650130634	0.4804177545691906
0.4934725848563969	0.49082245430809496	0.4804177545691906
0.4934725848563969	0.4915143603133169	0.4856396866840731
0.4934725848563969	0.49190600522193323	0.4856396866840731
0.4934725848563969	0.4915926892950402	0.4856396866840731
0.4934725848563969	0.4915926892950402	0.4856396866840731
0.4934725848563969	0.4919060052219331	0.4856396866840731
0.4934725848563969	0.49206266318537956	0.4856396866840731
0.4934725848563969	0.49190600522193306	0.4856396866840731
0.4934725848563969	0.49198433420365634	0.4856396866840731
0.4934725848563969	0.4916710182767634	0.4856396866840731
0.4934725848563969	0.49268929503916553	0.4856396866840731
0.4934725848563969	0.49285900783289927	0.4856396866840731
0.49738903394255873	0.49342036553524904	0.4856396866840731
0.49738903394255873	0.49351174934725955	0.4856396866840731
0.49738903394255873	0.4939947780678861	0.4934725848563969
0.49738903394255873	0.4940339425587478	0.4869451697127937
0.49738903394255873	0.49411227154047105	0.4869451697127937
0.49738903394255873	0.49441253263707663	0.4934725848563969
0.49738903394255873	0.49464751958224645	0.4934725848563969
0.49738903394255873	0.49492167101827755	0.4934725848563969
0.49738903394255873	0.4948433420365543	0.4934725848563969
0.49738903394255873	0.4951566579634473	0.4934725848563969
0.49738903394255873	0.49530026109660646	0.4934725848563969
0.5	0.49541775456919135	0.4934725848563969
0.5	0.49582245430809474	0.4934725848563969
0.5039164490861618	0.4959399477806795	0.4934725848563969
0.5039164490861618	0.496214099216711	0.4934725848563969
0.5039164490861618	0.4967101827676247	0.4934725848563969
0.5039164490861618	0.4977676240208881	0.4934725848563969
0.5039164490861618	0.4977676240208881	0.4934725848563969
0.5039164490861618	0.49759791122715463	0.4908616187989556
0.5039164490861618	0.4980809399477812	0.48825065274151436
0.5039164490861618	0.49919060052219366	0.48825065274151436
0.5039164490861618	0.4997780678851179	0.4934725848563969
0.5039164490861618	0.5002480417754573	0.4934725848563969
0.5039164490861618	0.5014751958224547	0.4934725848563969
0.5039164490861618	0.5009007832898177	0.4934725848563969
0.5039164490861618	0.5016449086161884	0.4934725848563969
0.5039164490861618	0.5021540469973895	0.49738903394255873
0.5039164490861618	0.5023498694516974	0.49738903394255873
0.5039164490861618	0.5026762402088777	0.49738903394255873
0.5039164490861618	0.5030026109660578	0.49738903394255873
0.5039164490861618	0.5032637075718019	0.49738903394255873
0.5039164490861618	0.5028720626631856	0.49738903394255873
0.5039164490861618	0.5035117493472588	0.49738903394255873
0.5156657963446475	0.503968668407311	0.49738903394255873
0.5156657963446475	0.504151436031332	0.5039164490861618
0.5156657963446475	0.5048563968668411	0.5039164490861618
0.5156657963446475	0.5050913838120108	0.5039164490861618
0.5156657963446475	0.5054438642297654	0.5039164490861618
0.5156657963446475	0.5059138381201048	0.5039164490861618
0.5156657963446475	0.5059138381201048	0.5039164490861618
0.5156657963446475	0.5063838120104444	0.5039164490861618
0.5156657963446475	0.5067362924281988	0.5039164490861618
0.5156657963446475	0.5073237597911232	0.5039164490861618
0.5156657963446475	0.5080678851174941	0.5039164490861618
0.5156657963446475	0.5074020887728464	0.5039164490861618
0.5156657963446475	0.5083420365535253	0.5039164490861618
0.5156657963446475	0.5081462140992172	0.5039164490861618
0.5156657963446475	0.5087728459530032	0.5039164490861618
0.5156657963446475	0.5106135770234994	0.5039164490861618
0.5156657963446475	0.5113577023498702	0.5039164490861618
0.5156657963446475	0.5123498694516979	0.5039164490861618
0.5156657963446475	0.511906005221933	0.5039164490861618
0.5156657963446475	0.51159268929504	0.5039164490861618
0.5156657963446475	0.511788511749348	0.5039164490861618
0.5156657963446475	0.5130809399477816	0.5039164490861618
0.5156657963446475	0.5131984334203665	0.5039164490861618
0.5156657963446475	0.5129503916449095	0.5039164490861618
0.5261096605744126	0.5138903394255885	0.5039164490861618
0.5261096605744126	0.5141253263707581	0.5039164490861618
0.5261096605744126	0.5151436031331602	0.5039164490861618
0.5261096605744126	0.5165404699738914	0.5039164490861618
0.5261096605744126	0.5175587467362933	0.5039164490861618
0.5261096605744126	0.5183812010443873	0.5156657963446475
0.5261096605744126	0.5170234986945179	0.5156657963446475
0.5261096605744126	0.518172323759792	0.5156657963446475
0.5261096605744126	0.5185900783289825	0.5156657963446475
0.5261096605744126	0.5195300261096614	0.5156657963446475
0.5261096605744126	0.5196344647519591	0.5156657963446475
0.5261096605744126	0.5185900783289825	0.5156657963446475
0.5261096605744126	0.5200522193211496	0.5156657963446475
0.5261096605744126	0.521723237597912	0.5156657963446475
0.5261096605744126	0.5239164490861623	0.5156657963446475
0.5261096605744126	0.5242297650130553	0.5156657963446475
0.5261096605744126	0.5238120104438647	0.5156657963446475
0.5261096605744126	0.5241253263707576	0.5156657963446475
0.5261096605744126	0.5242428198433424	0.5156657963446475
0.5274151436031331	0.5236161879895567	0.5156657963446475
0.5274151436031331	0.5242297650130553	0.5156657963446475
0.5274151436031331	0.52490861618799	0.5156657963446475
0.5274151436031331	0.5253263707571805	0.5156657963446475
0.5274151436031331	0.5251305483028724	0.5156657963446475
0.5274151436031331	0.5256396866840735	0.5156657963446475
0.5274151436031331	0.5253655352480422	0.5156657963446475
0.5274151436031331	0.5252480417754573	0.5156657963446475
0.5274151436031331	0.5253785900783293	0.5156657963446475
0.5274151436031331	0.5250652741514364	0.5156657963446475
0.5274151436031331	0.524334203655353	0.5
0.5274151436031331	0.5244778067885122	0.5156657963446475
0.5274151436031331	0.524712793733682	0.5156657963446475
0.5274151436031331	0.5243472584856402	0.5156657963446475
0.5287206266318538	0.5237075718015671	0.5156657963446475
0.5287206266318538	0.5240992167101833	0.5156657963446475
0.5287206266318538	0.5240992167101833	0.5156657963446475
0.5287206266318538	0.5234073107049612	0.5156657963446475
0.5287206266318538	0.5242819843342041	0.5156657963446475
0.5287206266318538	0.5251044386422978	0.5156657963446475
0.5287206266318538	0.5252219321148828	0.5156657963446475
0.5287206266318538	0.5261096605744126	0.5156657963446475
0.5300261096605744	0.5264360313315926	0.5156657963446475
0.5300261096605744	0.5266971279373367	0.5156657963446475
0.5300261096605744	0.5268929503916447	0.5156657963446475
0.5300261096605744	0.5272062663185381	0.5169712793733682
0.5300261096605744	0.5277415143603134	0.5169712793733682
0.5430809399477807	0.5282245430809401	0.5169712793733682
0.5469973890339426	0.5282375979112275	0.5169712793733682
0.5469973890339426	0.5288511749347261	0.5261096605744126
0.5469973890339426	0.5284464751958229	0.5261096605744126
0.5469973890339426	0.5288511749347262	0.5261096605744126
0.5469973890339426	0.529660574412533	0.5261096605744126
0.5469973890339426	0.5307702349869454	0.5261096605744126
0.5469973890339426	0.5313707571801567	0.5261096605744126
0.5469973890339426	0.5309399477806788	0.5261096605744126
0.5469973890339426	0.5314621409921673	0.5261096605744126
0.5469973890339426	0.5307702349869454	0.5261096605744126
0.5469973890339426	0.5318276762402092	0.5261096605744126
0.5469973890339426	0.5329895561357703	0.5261096605744126
0.5469973890339426	0.5338250652741516	0.5261096605744126
0.5469973890339426	0.5332375979112276	0.5261096605744126
0.5469973890339426	0.5348825065274156	0.5261096605744126
0.5469973890339426	0.5351305483028722	0.5261096605744126
0.5469973890339426	0.5347389033942561	0.5221932114882507
0.5469973890339426	0.5354830287206269	0.5221932114882507
0.5469973890339426	0.5372062663185379	0.5221932114882507
0.5469973890339426	0.5389425587467362	0.5221932114882507
0.5548302872062664	0.539686684073107	0.5248041775456919
0.5548302872062664	0.5392689295039166	0.5248041775456919
0.5548302872062664	0.5396866840731069	0.5248041775456919
0.5548302872062664	0.5393864229765012	0.5261096605744126
0.5548302872062664	0.5419582245430807	0.5261096605744126
0.5548302872062664	0.5434073107049604	0.5261096605744126
0.5548302872062664	0.5441122715404694	0.5261096605744126
0.5548302872062664	0.5420496083550912	0.5261096605744126
0.5548302872062664	0.5445430809399475	0.5261096605744126
0.5548302872062664	0.5456527415143599	0.5261096605744126
0.5548302872062664	0.5465274151436025	0.5261096605744126
0.5548302872062664	0.5481853785900778	0.5274151436031331
0.5548302872062664	0.54831592689295	0.5274151436031331
0.5548302872062664	0.5486814621409917	0.5274151436031331
0.5548302872062664	0.5483420365535243	0.5274151436031331
0.5548302872062664	0.546932114882506	0.5274151436031331
0.5548302872062664	0.5470104438642293	0.5274151436031331
0.5548302872062664	0.5483681462140987	0.5274151436031331
0.5548302872062664	0.5475587467362921	0.5274151436031331
0.5548302872062664	0.5457441253263705	0.5274151436031331
0.5548302872062664	0.5491906005221925	0.5300261096605744
0.5548302872062664	0.5504046997389028	0.5300261096605744
0.5548302872062664	0.5499477806788505	0.5300261096605744
0.5548302872062664	0.5502741514360306	0.5300261096605744
0.5548302872062664	0.5507310704960829	0.5300261096605744
0.5548302872062664	0.5506788511749339	0.5469973890339426
0.5548302872062664	0.5508355091383804	0.5313315926892951
0.5548302872062664	0.5511227154046989	0.5313315926892951
0.5548302872062664	0.5506396866840724	0.5313315926892951
0.5574412532637075	0.550234986945169	0.5313315926892951
0.5574412532637075	0.5498433420365528	0.5313315926892951
0.5574412532637075	0.5493342036553519	0.5313315926892951
0.5587467362924282	0.548394255874673	0.5313315926892951
0.5587467362924282	0.5497780678851167	0.5313315926892951
0.5587467362924282	0.5501958224543076	0.5313315926892951
0.5587467362924282	0.5500522193211485	0.5313315926892951
0.5587467362924282	0.5506266318537854	0.5313315926892951
0.5587467362924282	0.5486292428198427	0.5313315926892951
0.5587467362924282	0.5498694516971274	0.5313315926892951
0.5587467362924282	0.5504177545691897	0.5313315926892951
0.5587467362924282	0.5499608355091378	0.5313315926892951
0.5587467362924282	0.5507571801566573	0.5313315926892951
0.5587467362924282	0.550796344647519	0.5313315926892951
0.5587467362924282	0.5518537859007825	0.5313315926892951
0.5587467362924282	0.5516840731070488	0.5313315926892951
0.5652741514360313	0.5514882506527408	0.5313315926892951
0.5652741514360313	0.5514490861618792	0.5313315926892951
0.5652741514360313	0.5502088772845948	0.5313315926892951
0.5652741514360313	0.5495822454308088	0.5313315926892951
0.5652741514360313	0.5501827676240203	0.5313315926892951
0.5652741514360313	0.550587467362924	0.5313315926892951
0.5652741514360313	0.5507963446475191	0.5313315926892951
0.5652741514360313	0.5515796344647513	0.5313315926892951
0.5652741514360313	0.5546605744125318	0.5313315926892951
0.5652741514360313	0.5563054830287198	0.5313315926892951
0.5652741514360313	0.5581984334203649	0.5443864229765013
0.5652741514360313	0.557702349869451	0.5443864229765013
0.5652741514360313	0.5572193211488243	0.5443864229765013
0.5652741514360313	0.5587728459530018	0.5469973890339426
0.5652741514360313	0.5599999999999994	0.5469973890339426
0.5652741514360313	0.5595561357702342	0.5469973890339426
0.5652741514360313	0.5594125326370749	0.5469973890339426
0.5652741514360313	0.5607832898172316	0.5469973890339426
0.5652741514360313	0.5623759791122707	0.5469973890339426
0.5652741514360313	0.5632898172323751	0.5469973890339426
0.5652741514360313	0.5638642297650124	0.5469973890339426
0.5652741514360313	0.5627415143603125	0.5469973890339426
0.5652741514360313	0.5612402088772839	0.54177545691906
0.5652741514360313	0.5628067885117485	0.5469973890339426
0.5652741514360313	0.562832898172323	0.5469973890339426
0.5652741514360313	0.56340731070496	0.5469973890339426
0.5652741514360313	0.5635639686684064	0.5469973890339426
0.5652741514360313	0.5638120104438634	0.5469973890339426
0.5652741514360313	0.563851174934725	0.5469973890339426
0.5652741514360313	0.5636945169712785	0.5469973890339426
0.5652741514360313	0.5632506527415134	0.5469973890339426
0.5652741514360313	0.5634595300261087	0.5469973890339426
0.5652741514360313	0.5641253263707563	0.5509138381201044
0.5652741514360313	0.5643733681462133	0.5509138381201044
0.5652741514360313	0.564033942558746	0.5509138381201044
0.5652741514360313	0.5634334203655345	0.5469973890339426
0.5652741514360313	0.5640731070496074	0.5509138381201044
0.5652741514360313	0.5643733681462133	0.5509138381201044
0.5652741514360313	0.5646214099216702	0.5509138381201044
0.5652741514360313	0.5646475195822446	0.5613577023498695
0.5652741514360313	0.565052219321148	0.5613577023498695
0.5652741514360313	0.5651566579634456	0.5613577023498695
0.5652741514360313	0.5652741514360305	0.5652741514360313
0.5652741514360313	0.5652741514360305	0.5652741514360313
0.5652741514360313	0.5652741514360305	0.5652741514360313
0.5652741514360313	0.5652741514360305	0.5652741514360313
0.5652741514360313	0.5652741514360305	0.5652741514360313
0.5652741514360313	0.5652741514360305	0.5652741514360313
0.5652741514360313	0.5652741514360305	0.5652741514360313
0.5652741514360313	0.5652741514360305	0.5652741514360313
0.5652741514360313	0.5652741514360305	0.5652741514360313
0.5652741514360313	0.5652741514360305	0.5652741514360313
0.5652741514360313	0.5652741514360305	0.5652741514360313
0.5652741514360313	0.5652741514360305	0.5652741514360313
0.5652741514360313	0.5652741514360305	0.5652741514360313
0.5652741514360313	0.5652741514360305	0.5652741514360313
0.5652741514360313	0.5652741514360305	0.5652741514360313
0.5652741514360313	0.5652741514360305	0.5652741514360313
0.5652741514360313	0.5652741514360305	0.5652741514360313
0.5652741514360313	0.5652872062663178	0.5652741514360313
0.566579634464752	0.5652872062663178	0.5652741514360313
0.566579634464752	0.5652872062663178	0.5652741514360313
0.566579634464752	0.5653133159268922	0.5652741514360313
0.566579634464752	0.5653785900783282	0.5652741514360313
0.566579634464752	0.5654830287206258	0.5652741514360313
0.566579634464752	0.5654699738903387	0.5652741514360313
0.566579634464752	0.5655221932114877	0.5652741514360313
0.566579634464752	0.5654699738903387	0.5574412532637075
0.566579634464752	0.5655221932114877	0.5652741514360313
0.5678851174934726	0.5655744125326365	0.5639686684073107
0.5678851174934726	0.5655744125326364	0.5639686684073107
0.5678851174934726	0.5658355091383807	0.5639686684073107
0.5718015665796344	0.5662010443864226	0.5639686684073107
0.5731070496083551	0.566174934725848	0.5639686684073107
0.5731070496083551	0.5668537859007828	0.5639686684073107
0.5744125326370757	0.5673890339425585	0.5639686684073107
0.5744125326370757	0.5676892950391645	0.5639686684073107
0.5744125326370757	0.5684464751958225	0.5639686684073107
0.5744125326370757	0.5688511749347258	0.5652741514360313
0.5744125326370757	0.5689295039164488	0.5652741514360313
0.5744125326370757	0.5701566579634465	0.5652741514360313
0.5744125326370757	0.5694778067885117	0.5652741514360313
0.5744125326370757	0.5704438642297649	0.5626631853785901
0.5744125326370757	0.5713968668407313	0.5652741514360313
0.5744125326370757	0.5710704960835506	0.5652741514360313
0.5744125326370757	0.5706788511749348	0.5639686684073107
0.5744125326370757	0.5704830287206267	0.5639686684073107
0.5744125326370757	0.5708093994778068	0.5639686684073107
0.5744125326370757	0.5716449086161881	0.5652741514360313
0.5744125326370757	0.5714360313315926	0.5652741514360313
0.5744125326370757	0.5720365535248042	0.5652741514360313
0.5744125326370757	0.5723759791122716	0.5652741514360313
0.5744125326370757	0.572911227154047	0.566579634464752
0.5744125326370757	0.573028720626632	0.566579634464752
0.5744125326370757	0.5729634464751959	0.566579634464752
0.5744125326370757	0.572845953002611	0.5652741514360313
0.5744125326370757	0.5725979112271542	0.5652741514360313
0.5744125326370757	0.5724281984334207	0.5652741514360313
0.5744125326370757	0.5724020887728462	0.5652741514360313
0.5744125326370757	0.572349869451697	0.5652741514360313
0.5744125326370757	0.5724804177545694	0.5652741514360313
0.5744125326370757	0.5721018276762405	0.5652741514360313
0.5744125326370757	0.5725979112271543	0.566579634464752
0.5744125326370757	0.5729634464751958	0.5652741514360313
0.5744125326370757	0.5729895561357703	0.5652741514360313
0.5757180156657964	0.5728720626631856	0.5652741514360313
0.5757180156657964	0.5727415143603133	0.5652741514360313
0.5757180156657964	0.5723368146214102	0.566579634464752
0.5757180156657964	0.5727284595300263	0.5496083550913838
0.577023498694517	0.5730156657963451	0.5652741514360313
0.577023498694517	0.5728590078328984	0.5652741514360313
0.577023498694517	0.5727154046997391	0.5652741514360313
0.577023498694517	0.5734725848563972	0.566579634464752
0.577023498694517	0.5732506527415144	0.566579634464752
0.577023498694517	0.5733289817232381	0.566579634464752
0.577023498694517	0.5736292428198436	0.566579634464752
0.577023498694517	0.5737859007832902	0.5678851174934726
0.577023498694517	0.5736945169712798	0.5718015665796344
0.577023498694517	0.5736684073107052	0.5678851174934726
0.577023498694517	0.5736422976501305	0.5678851174934726
0.577023498694517	0.5736422976501308	0.5718015665796344
0.577023498694517	0.5734464751958224	0.5718015665796344
0.577023498694517	0.5734986945169716	0.5718015665796344
0.577023498694517	0.5735900783289817	0.5704960835509139
0.577023498694517	0.5738642297650131	0.5704960835509139
0.577023498694517	0.5740992167101828	0.5704960835509139
0.577023498694517	0.5745169712793735	0.5718015665796344
0.577023498694517	0.5747519582245431	0.5718015665796344
0.577023498694517	0.5749086161879895	0.5718015665796344
0.577023498694517	0.5753524804177543	0.5718015665796344
0.577023498694517	0.5749608355091382	0.5718015665796344
0.577023498694517	0.5753524804177544	0.5718015665796344
0.577023498694517	0.5755613577023496	0.5718015665796344
0.577023498694517	0.5757571801566579	0.5718015665796344
0.577023498694517	0.5758746736292426	0.5718015665796344
0.577023498694517	0.5759791122715402	0.5731070496083551
0.577023498694517	0.5761096605744119	0.5731070496083551
0.577023498694517	0.5766710182767616	0.5731070496083551
0.577023498694517	0.5766187989556129	0.5744125326370757
0.577023498694517	0.5767232375979104	0.5744125326370757
0.577023498694517	0.5769060052219313	0.5744125326370757
0.577023498694517	0.5768798955613569	0.5744125326370757
0.577023498694517	0.5768146214099208	0.566579634464752
0.577023498694517	0.5767624020887719	0.566579634464752
0.577023498694517	0.576892950391644	0.5744125326370757
0.577023498694517	0.5768407310704952	0.5744125326370757
0.577023498694517	0.5765274151436023	0.5613577023498695
0.577023498694517	0.5764229765013049	0.5744125326370757
0.577023498694517	0.5765274151436024	0.5744125326370757
0.577023498694517	0.5767362924281977	0.5744125326370757
0.577023498694517	0.5766579634464745	0.5744125326370757
0.577023498694517	0.5763968668407304	0.5744125326370757
0.577023498694517	0.5762663185378585	0.5744125326370757
0.577023498694517	0.5767101827676232	0.5744125326370757
0.577023498694517	0.5765274151436025	0.5744125326370757
0.577023498694517	0.5766318537859001	0.5744125326370757
0.577023498694517	0.5764490861618793	0.5744125326370757
0.577023498694517	0.5765665796344641	0.5678851174934726
0.577023498694517	0.5766710182767616	0.5678851174934726
0.577023498694517	0.5769451697127927	0.5744125326370757
0.577023498694517	0.5769451697127927	0.5744125326370757
0.577023498694517	0.5770104438642288	0.5744125326370757
0.5783289817232375	0.5770365535248032	0.577023498694517
0.5783289817232375	0.5770757180156649	0.577023498694517
0.5783289817232375	0.5771279373368138	0.577023498694517
0.5783289817232375	0.5771932114882499	0.577023498694517
0.5783289817232375	0.5773107049608348	0.577023498694517
0.5783289817232375	0.5774020887728454	0.577023498694517
0.5783289817232375	0.5774151436031327	0.577023498694517
0.5783289817232375	0.5774020887728455	0.577023498694517
0.5783289817232375	0.5775195822454304	0.577023498694517
0.5783289817232375	0.5775195822454304	0.577023498694517
0.5783289817232375	0.5775979112271536	0.577023498694517
0.5783289817232375	0.5776501305483026	0.577023498694517
0.5783289817232375	0.5776240208877281	0.5744125326370757
0.5783289817232375	0.5776240208877282	0.577023498694517
0.5783289817232375	0.5776501305483026	0.577023498694517
0.5783289817232375	0.5776631853785898	0.577023498694517
0.5783289817232375	0.5777023498694516	0.577023498694517
0.5783289817232375	0.5776501305483027	0.577023498694517
0.5783289817232375	0.5777415143603133	0.577023498694517
0.5783289817232375	0.5777415143603133	0.5691906005221932
0.5783289817232375	0.578015665796345	0.577023498694517
0.5783289817232375	0.5781331592689299	0.577023498694517
0.5783289817232375	0.5781331592689299	0.577023498694517
0.5783289817232375	0.5782245430809404	0.577023498694517
0.5783289817232375	0.5781723237597917	0.577023498694517
0.5783289817232375	0.5782506527415149	0.577023498694517
0.5783289817232375	0.5782245430809404	0.577023498694517
0.5783289817232375	0.5782637075718021	0.577023498694517
0.5783289817232375	0.5782898172323766	0.577023498694517
0.5783289817232375	0.5782898172323766	0.577023498694517
0.5783289817232375	0.5783028720626638	0.577023498694517
0.5783289817232375	0.5782767624020894	0.577023498694517
0.5783289817232375	0.5782375979112276	0.577023498694517
0.5783289817232375	0.5781592689295043	0.577023498694517
0.5783289817232375	0.5781592689295043	0.577023498694517
0.5783289817232375	0.5780287206266322	0.5626631853785901
0.5783289817232375	0.5781070496083556	0.5626631853785901
0.5848563968668408	0.5779112271540474	0.5613577023498695
0.5848563968668408	0.5776631853785904	0.5613577023498695
0.5848563968668408	0.578250652741515	0.5626631853785901
0.5848563968668408	0.5782637075718021	0.5626631853785901
0.5848563968668408	0.578772845953003	0.5626631853785901
0.5848563968668408	0.5792036553524809	0.577023498694517
0.5848563968668408	0.5798825065274155	0.577023498694517
0.5848563968668408	0.5810052219321151	0.5783289817232375
0.5848563968668408	0.5821801566579634	0.5783289817232375
0.5848563968668408	0.5816057441253265	0.5783289817232375
0.5848563968668408	0.5818015665796346	0.5783289817232375
0.5848563968668408	0.5817493472584857	0.5783289817232375
0.5848563968668408	0.5824151436031331	0.5783289817232375
0.5861618798955613	0.5825848563968667	0.5783289817232375
0.5861618798955613	0.5835117493472582	0.5783289817232375
0.5861618798955613	0.5841253263707569	0.5783289817232375
0.5861618798955613	0.583942558746736	0.5783289817232375
0.5861618798955613	0.5842558746736288	0.5783289817232375
0.5861618798955613	0.58476501305483	0.5783289817232375
0.5861618798955613	0.5850652741514358	0.5783289817232375
0.5861618798955613	0.5852088772845953	0.5783289817232375
0.5861618798955613	0.5851305483028719	0.5809399477806788
0.5861618798955613	0.5849999999999997	0.5809399477806788
0.5861618798955613	0.5852349869451694	0.5822454308093995
0.5861618798955613	0.5853002610966057	0.5822454308093995
0.5861618798955613	0.5851697127937334	0.5822454308093995
0.5861618798955613	0.5851697127937334	0.5809399477806788
0.5861618798955613	0.5853002610966056	0.5809399477806788
0.5861618798955613	0.5854308093994777	0.5848563968668408
0.5861618798955613	0.585509138381201	0.5848563968668408
0.5861618798955613	0.5857310704960836	0.5848563968668408
0.5861618798955613	0.5857180156657965	0.5848563968668408
0.5861618798955613	0.5856527415143604	0.5848563968668408
0.5861618798955613	0.585691906005222	0.5848563968668408
0.5861618798955613	0.5856657963446475	0.5848563968668408
0.5861618798955613	0.5857180156657965	0.5848563968668408
0.5861618798955613	0.5856919060052219	0.5848563968668408
0.5861618798955613	0.5857571801566579	0.5848563968668408
0.5926892950391645	0.5857832898172325	0.5848563968668408
0.5926892950391645	0.5858224543080941	0.5848563968668408
0.5926892950391645	0.5861096605744127	0.5848563968668408
0.5926892950391645	0.5863838120104442	0.5835509138381201
0.5939947780678851	0.5866187989556138	0.5848563968668408
0.5939947780678851	0.5868015665796347	0.5848563968668408
0.5939947780678851	0.5869060052219325	0.5848563968668408
0.5939947780678851	0.5877284595300266	0.5848563968668408
0.5939947780678851	0.5875979112271544	0.5848563968668408
0.5939947780678851	0.5884725848563973	0.5848563968668408
0.5939947780678851	0.5883028720626637	0.5848563968668408
0.5939947780678851	0.5894386422976508	0.5848563968668408
0.5939947780678851	0.589712793733682	0.5861618798955613
0.5939947780678851	0.589203655352481	0.5848563968668408
0.5939947780678851	0.5899347258485645	0.5861618798955613
0.5939947780678851	0.5898955613577029	0.5848563968668408
0.5939947780678851	0.5900130548302878	0.5848563968668408
0.5939947780678851	0.5903263707571809	0.5848563968668408
0.5939947780678851	0.591540469973891	0.5848563968668408
0.5939947780678851	0.5926892950391652	0.5835509138381201
0.5953002610966057	0.5931723237597919	0.5835509138381201
0.5953002610966057	0.5937728459530035	0.5835509138381201
0.5953002610966057	0.5935639686684082	0.5835509138381201
0.5953002610966057	0.5939164490861627	0.5835509138381201
0.5953002610966057	0.5940208877284604	0.5926892950391645
0.5953002610966057	0.594060052219322	0.5939947780678851
0.5953002610966057	0.5941514360313325	0.5939947780678851
0.5953002610966057	0.5941775456919067	0.5939947780678851
0.5953002610966057	0.5941644908616196	0.5939947780678851
0.5953002610966057	0.5941775456919068	0.5939947780678851
0.5953002610966057	0.5942297650130554	0.5939947780678851
0.5953002610966057	0.5942428198433426	0.5939947780678851
0.5953002610966057	0.5943342036553529	0.5939947780678851
0.5953002610966057	0.5944516971279381	0.5939947780678851
0.5953002610966057	0.5945953002610969	0.5900783289817232
0.5953002610966057	0.5948302872062665	0.5939947780678851
0.5953002610966057	0.5949086161879895	0.5939947780678851
0.5953002610966057	0.5948694516971281	0.5939947780678851
0.5953002610966057	0.5946997389033944	0.5939947780678851
0.5953002610966057	0.5948563968668408	0.5939947780678851
0.5953002610966057	0.5948041775456921	0.5939947780678851
0.5953002610966057	0.5947650130548304	0.5939947780678851
0.5953002610966057	0.5944778067885121	0.5731070496083551
0.5953002610966057	0.594046997389034	0.5731070496083551
0.5953002610966057	0.5939295039164496	0.5731070496083551
0.5953002610966057	0.5942950391644914	0.5731070496083551
0.597911227154047	0.5941514360313316	0.5639686684073107
0.597911227154047	0.5946736292428203	0.5939947780678851
0.597911227154047	0.5947127937336818	0.5913838120104439
0.597911227154047	0.5949086161879896	0.5913838120104439
0.597911227154047	0.5950652741514361	0.5913838120104439
0.597911227154047	0.5949608355091386	0.5913838120104439
0.597911227154047	0.595	0.5913838120104439
0.597911227154047	0.5951958224543084	0.5913838120104439
0.597911227154047	0.5954438642297653	0.5913838120104439
0.597911227154047	0.5959138381201048	0.5913838120104439
0.597911227154047	0.5959530026109665	0.5913838120104439
0.597911227154047	0.5959399477806793	0.5939947780678851
0.597911227154047	0.5960052219321156	0.5939947780678851
0.597911227154047	0.5958485639686683	0.5939947780678851
0.597911227154047	0.5957571801566584	0.5926892950391645
0.597911227154047	0.5957441253263708	0.5939947780678851
0.597911227154047	0.5957310704960836	0.5939947780678851
0.597911227154047	0.5958485639686691	0.5939947780678851
0.597911227154047	0.5966318537859014	0.5939947780678851
0.597911227154047	0.5965535248041787	0.5939947780678851
0.597911227154047	0.5965665796344658	0.5939947780678851
0.597911227154047	0.5968015665796357	0.5939947780678851
0.597911227154047	0.596631853785902	0.5939947780678851
0.597911227154047	0.5968146214099228	0.5939947780678851
0.597911227154047	0.596892950391646	0.5939947780678851
0.597911227154047	0.596892950391646	0.5939947780678851
0.597911227154047	0.596892950391646	0.5939947780678851
0.597911227154047	0.5970496083550926	0.5939947780678851
0.597911227154047	0.5969321148825076	0.5939947780678851
0.597911227154047	0.5965665796344658	0.5887728459530026
0.597911227154047	0.5968537859007844	0.5900783289817232
0.597911227154047	0.5970887728459542	0.5900783289817232
0.597911227154047	0.5971279373368159	0.5900783289817232
0.597911227154047	0.596579634464753	0.5900783289817232
0.597911227154047	0.5967362924281996	0.5939947780678851
0.597911227154047	0.5969321148825076	0.5939947780678851
0.597911227154047	0.5971671018276774	0.5939947780678851
0.597911227154047	0.596892950391646	0.5939947780678851
0.597911227154047	0.5966449086161891	0.5926892950391645
0.597911227154047	0.5970496083550926	0.5939947780678851
0.597911227154047	0.5967362924281996	0.5939947780678851
0.597911227154047	0.5967754569190613	0.5939947780678851
0.597911227154047	0.5969321148825076	0.5939947780678851
0.597911227154047	0.5972845953002622	0.5939947780678851
0.597911227154047	0.5974804177545704	0.5939947780678851
0.597911227154047	0.5976240208877297	0.5939947780678851
0.6044386422976501	0.5976370757180168	0.5939947780678851
0.6044386422976501	0.5976892950391657	0.5939947780678851
0.6044386422976501	0.5979503916449097	0.5939947780678851
0.6044386422976501	0.5985639686684083	0.5939947780678851
0.6044386422976501	0.5988381201044397	0.5939947780678851
0.6044386422976501	0.5996475195822465	0.5939947780678851
0.6044386422976501	0.6000913838120114	0.597911227154047
0.6044386422976501	0.6002088772845964	0.597911227154047
0.6044386422976501	0.6000391644908628	0.597911227154047
0.6044386422976501	0.6002219321148837	0.587467362924282
0.6044386422976501	0.6011749347258497	0.597911227154047
0.6044386422976501	0.6011749347258497	0.597911227154047
0.6044386422976501	0.6014360313315938	0.597911227154047
0.6044386422976501	0.601892950391646	0.597911227154047
0.6044386422976501	0.6015013054830298	0.597911227154047
0.6044386422976501	0.6017624020887739	0.597911227154047
0.6044386422976501	0.6020234986945181	0.597911227154047
0.6044386422976501	0.601892950391646	0.597911227154047
0.6044386422976501	0.6019582245430819	0.597911227154047
0.6044386422976501	0.6021148825065284	0.597911227154047
0.6044386422976501	0.6022845953002622	0.597911227154047
0.6044386422976501	0.6018015665796357	0.597911227154047
0.6044386422976501	0.602402088772847	0.597911227154047
0.6096605744125326	0.601892950391646	0.597911227154047
0.6096605744125326	0.6022976501305491	0.597911227154047
0.6096605744125326	0.602428198433421	0.5913838120104439
0.6096605744125326	0.6027937336814628	0.5913838120104439
0.6096605744125326	0.6021671018276767	0.5913838120104439
0.6096605744125326	0.6019321148825073	0.5913838120104439
0.6096605744125326	0.6018668407310708	0.5913838120104439
0.6096605744125326	0.6014621409921679	0.5913838120104439
0.6096605744125326	0.6013315926892955	0.5913838120104439
0.6096605744125326	0.6027284595300266	0.5913838120104439
0.6096605744125326	0.6028720626631857	0.5913838120104439
0.6096605744125326	0.6034986945169714	0.597911227154047
0.6096605744125326	0.6045300261096607	0.597911227154047
0.6096605744125326	0.6046344647519584	0.597911227154047
0.6096605744125326	0.605626631853786	0.597911227154047
0.6096605744125326	0.607036553524804	0.597911227154047
0.6266318537859008	0.6068015665796341	0.597911227154047
0.6266318537859008	0.6077806788511743	0.597911227154047
0.6266318537859008	0.6083159268929499	0.597911227154047
0.6318537859007833	0.6093211488250647	0.597911227154047
0.6318537859007833	0.6086161879895556	0.597911227154047
0.6318537859007833	0.6106005221932111	0.597911227154047
0.6318537859007833	0.6106266318537855	0.597911227154047
0.6318537859007833	0.6113185378590075	0.597911227154047
0.6318537859007833	0.6120757180156652	0.597911227154047
0.6318537859007833	0.6151697127937331	0.597911227154047
0.6318537859007833	0.6175456919060044	0.597911227154047
0.6318537859007833	0.6233681462140982	0.6031331592689295
0.6318537859007833	0.62406005221932	0.6031331592689295
0.6318537859007833	0.6277676240208866	0.6096605744125326
0.6318537859007833	0.6271932114882496	0.6096605744125326
0.6318537859007833	0.6289686684073096	0.6096605744125326
0.6318537859007833	0.6289686684073096	0.6096605744125326
0.6318537859007833	0.6300783289817221	0.6096605744125326
0.6318537859007833	0.6311879895561346	0.6096605744125326
0.6318537859007833	0.6314099216710172	0.6096605744125326
0.6318537859007833	0.6316318537858997	0.6096605744125326
0.6318537859007833	0.6318537859007821	0.6318537859007833
0.6318537859007833	0.6318537859007821	0.6318537859007833
0.6318537859007833	0.6318537859007821	0.6318537859007833
0.6318537859007833	0.6318276762402077	0.6292428198433421
0.6318537859007833	0.6318015665796333	0.6292428198433421
0.6318537859007833	0.6316971279373358	0.6292428198433421
0.6318537859007833	0.6317232375979103	0.6292428198433421
0.6475195822454308	0.6316710182767613	0.6292428198433421
0.6475195822454308	0.6319321148825053	0.6292428198433421
0.6475195822454308	0.6319843342036542	0.6292428198433421
0.6475195822454308	0.6318798955613566	0.618798955613577
0.6475195822454308	0.6319973890339414	0.6305483028720626
0.6475195822454308	0.6321671018276751	0.6318537859007833
0.6475195822454308	0.6322062663185367	0.6318537859007833
0.6475195822454308	0.6329895561357691	0.6318537859007833
0.6475195822454308	0.6337336814621399	0.6318537859007833
0.6475195822454308	0.6342036553524792	0.6318537859007833
0.6475195822454308	0.6360835509138371	0.6318537859007833
0.6475195822454308	0.6378067885117482	0.6318537859007833
0.6475195822454308	0.6384334203655343	0.6318537859007833
0.6475195822454308	0.6391514360313306	0.6318537859007833
0.6475195822454308	0.6387467362924272	0.6318537859007833
0.6475195822454308	0.6381201044386414	0.6318537859007833
0.6475195822454308	0.6385900783289807	0.6318537859007833
0.6475195822454308	0.6401566579634452	0.6318537859007833
0.6475195822454308	0.6410966057441243	0.6318537859007833
0.6475195822454308	0.6415274151436021	0.6318537859007833
0.6475195822454308	0.6409399477806779	0.6318537859007833
0.6475195822454308	0.6404699738903384	0.6318537859007833
0.6475195822454308	0.6420365535248033	0.6318537859007833
0.6475195822454308	0.6423498694516963	0.6318537859007833
0.6475195822454308	0.6446997389033935	0.6318537859007833
0.6475195822454308	0.642976501305482	0.6318537859007833
0.6475195822454308	0.6426631853785891	0.6318537859007833
0.6475195822454308	0.642976501305482	0.6318537859007833
0.6475195822454308	0.6414099216710173	0.6318537859007833
0.6475195822454308	0.6410966057441243	0.6318537859007833
0.6475195822454308	0.6432898172323752	0.6318537859007833
0.6475195822454308	0.6446997389033933	0.6318537859007833
0.6475195822454308	0.6464229765013045	0.6318537859007833
0.6475195822454308	0.6470496083550907	0.6318537859007833
0.6475195822454308	0.6467362924281977	0.6318537859007833
0.6475195822454308	0.6464229765013045	0.6318537859007833
0.6475195822454308	0.6462663185378581	0.6318537859007833
0.6475195822454308	0.6468929503916442	0.6318537859007833
0.6475195822454308	0.6456396866840722	0.6318537859007833
0.6475195822454308	0.6461096605744117	0.6318537859007833
0.6475195822454308	0.6472062663185371	0.6318537859007833
0.6475195822454308	0.6470496083550907	0.6318537859007833
0.6475195822454308	0.6472062663185371	0.6318537859007833
0.6475195822454308	0.6468929503916442	0.6318537859007833
0.6475195822454308	0.6467362924281977	0.6318537859007833
0.6475195822454308	0.6470496083550907	0.6318537859007833
0.6475195822454308	0.6470496083550905	0.6318537859007833
0.6475195822454308	0.6472062663185372	0.6318537859007833
0.6475195822454308	0.64751958224543	0.6475195822454308
0.6475195822454308	0.64751958224543	0.6475195822454308
0.6475195822454308	0.6474804177545684	0.643603133159269
0.6475195822454308	0.64751958224543	0.6475195822454308
0.6475195822454308	0.64751958224543	0.6475195822454308
0.6475195822454308	0.64751958224543	0.6475195822454308
0.6475195822454308	0.64751958224543	0.6475195822454308
0.6475195822454308	0.64751958224543	0.6475195822454308
0.6475195822454308	0.64751958224543	0.6475195822454308
0.6475195822454308	0.64751958224543	0.6475195822454308
0.6475195822454308	0.64751958224543	0.6475195822454308
0.6475195822454308	0.64751958224543	0.6475195822454308
0.6475195822454308	0.64751958224543	0.6475195822454308
0.6475195822454308	0.64751958224543	0.6475195822454308
0.6475195822454308	0.64751958224543	0.6475195822454308
0.6475195822454308	0.64751958224543	0.6475195822454308
0.6475195822454308	0.64751958224543	0.6475195822454308
0.6475195822454308	0.6474673629242812	0.6422976501305483
0.6475195822454308	0.64751958224543	0.6475195822454308
0.6475195822454308	0.64751958224543	0.6475195822454308
0.6475195822454308	0.64751958224543	0.6475195822454308
0.6475195822454308	0.64751958224543	0.6475195822454308
0.6475195822454308	0.6473237597911219	0.6279373368146214
0.6475195822454308	0.6471279373368138	0.6279373368146214
0.6475195822454308	0.6473237597911221	0.6279373368146214
0.6475195822454308	0.64751958224543	0.6475195822454308
0.6475195822454308	0.64751958224543	0.6475195822454308
0.6475195822454308	0.6473107049608348	0.6266318537859008
0.6475195822454308	0.6473107049608348	0.6266318537859008
0.6475195822454308	0.6471018276762395	0.6266318537859008
0.6475195822454308	0.6473107049608348	0.6266318537859008
0.6475195822454308	0.64751958224543	0.6475195822454308
0.6475195822454308	0.64751958224543	0.6475195822454308
0.6475195822454308	0.64751958224543	0.6475195822454308
0.6475195822454308	0.64751958224543	0.6475195822454308
0.6475195822454308	0.64751958224543	0.6475195822454308
0.6475195822454308	0.64751958224543	0.6475195822454308
0.6475195822454308	0.64751958224543	0.6475195822454308
0.6475195822454308	0.64751958224543	0.6475195822454308
0.6475195822454308	0.64751958224543	0.6475195822454308
0.6475195822454308	0.64751958224543	0.6475195822454308
0.6475195822454308	0.64751958224543	0.6475195822454308
0.6475195822454308	0.64751958224543	0.6475195822454308
0.6475195822454308	0.64751958224543	0.6475195822454308
0.6475195822454308	0.64751958224543	0.6475195822454308
0.6475195822454308	0.6475456919060045	0.6475195822454308
0.6501305483028721	0.6474673629242812	0.639686684073107
0.6501305483028721	0.6472323759791115	0.639686684073107
0.6501305483028721	0.6469973890339419	0.618798955613577
0.6501305483028721	0.6477023498694509	0.639686684073107
0.6501305483028721	0.6476762402088765	0.639686684073107
0.6501305483028721	0.6477545691905996	0.639686684073107
0.6501305483028721	0.6477545691905998	0.6475195822454308
0.6501305483028721	0.6479895561357694	0.6475195822454308
0.6501305483028721	0.6483289817232367	0.639686684073107
0.6501305483028721	0.6485248041775448	0.6475195822454308
0.6501305483028721	0.6486422976501294	0.639686684073107
0.6501305483028721	0.648798955613576	0.639686684073107
0.6501305483028721	0.6486945169712784	0.639686684073107
0.6501305483028721	0.6488511749347247	0.6475195822454308
0.6501305483028721	0.6488250652741503	0.6475195822454308
0.6501305483028721	0.6489295039164479	0.6475195822454308
0.6501305483028721	0.6490600522193197	0.6475195822454308
0.6501305483028721	0.6492950391644896	0.6475195822454308
0.6501305483028721	0.6491383812010433	0.6475195822454308
0.6501305483028721	0.6490861618798942	0.6475195822454308
0.6501305483028721	0.6491383812010433	0.6475195822454308
0.6501305483028721	0.6493994778067873	0.6475195822454308
0.6501305483028721	0.6492950391644896	0.6475195822454308
0.6501305483028721	0.6490078328981713	0.6475195822454308
0.6501305483028721	0.6491906005221919	0.6475195822454308
0.6501305483028721	0.6489033942558735	0.6475195822454308
0.6501305483028721	0.6489033942558734	0.6475195822454308
0.6501305483028721	0.6491383812010432	0.6475195822454308
0.6501305483028721	0.6491383812010433	0.6475195822454308
0.6501305483028721	0.6491906005221921	0.6475195822454308
0.6501305483028721	0.6494778067885106	0.6475195822454308
0.6501305483028721	0.6494255874673613	0.6475195822454308
0.6501305483028721	0.6493733681462129	0.6449086161879896
0.6501305483028721	0.6495039164490848	0.6449086161879896
0.6501305483028721	0.6491644908616176	0.6449086161879896
0.6501305483028721	0.6491906005221919	0.6449086161879896
0.6501305483028721	0.6491122715404687	0.6449086161879896
0.6501305483028721	0.6488511749347248	0.6475195822454308
0.6501305483028721	0.6489556135770224	0.6475195822454308
0.6501305483028721	0.6487206266318526	0.639686684073107
0.6501305483028721	0.6487728459530016	0.639686684073107
0.6501305483028721	0.6487467362924271	0.639686684073107
0.6501305483028721	0.6488250652741503	0.6370757180156658
0.6501305483028721	0.64906005221932	0.6475195822454308
0.6501305483028721	0.649321148825064	0.6475195822454308
0.6501305483028721	0.6496866840731056	0.6475195822454308
0.6501305483028721	0.6495561357702335	0.6475195822454308
0.6501305483028721	0.6493472584856386	0.6475195822454308
0.6501305483028721	0.6493211488250641	0.6475195822454308
0.6501305483028721	0.6496083550913824	0.6475195822454308
0.6501305483028721	0.6496083550913825	0.6475195822454308
0.6501305483028721	0.6495300261096593	0.6475195822454308
0.6501305483028721	0.6495300261096593	0.6475195822454308
0.6501305483028721	0.6498172323759778	0.6475195822454308
0.6501305483028721	0.6497911227154032	0.6475195822454308
0.6501305483028721	0.6498433420365521	0.6475195822454308
0.6501305483028721	0.6498172323759777	0.6475195822454308
0.6501305483028721	0.6498955613577009	0.6449086161879896
0.6501305483028721	0.6497389033942546	0.6449086161879896
0.6501305483028721	0.649895561357701	0.6475195822454308
0.6501305483028721	0.6500652741514347	0.6462140992167101
0.6527415143603134	0.6500913838120091	0.6462140992167101
0.6527415143603134	0.650156657963445	0.6462140992167101
0.6527415143603134	0.6503394255874659	0.6501305483028721
0.6527415143603134	0.6504569190600509	0.6462140992167101
0.6527415143603134	0.6504960835509127	0.6462140992167101
0.6527415143603134	0.6505874673629234	0.6462140992167101
0.6527415143603134	0.650861618798955	0.6449086161879896
0.6527415143603134	0.651096605744125	0.6449086161879896
0.6540469973890339	0.6513446475195819	0.6501305483028721
0.6540469973890339	0.6516187989556134	0.6501305483028721
0.6540469973890339	0.651892950391645	0.6501305483028721
0.6540469973890339	0.6522193211488247	0.6501305483028721
0.6540469973890339	0.6522323759791118	0.6501305483028721
0.6540469973890339	0.6520496083550908	0.6501305483028721
0.6540469973890339	0.6520365535248033	0.6501305483028721
0.6540469973890339	0.651762402088772	0.643603133159269
0.6553524804177546	0.6520365535248038	0.6501305483028721
0.6553524804177546	0.6523498694516968	0.6501305483028721
0.6553524804177546	0.652741514360313	0.6501305483028721
0.6553524804177546	0.6529765013054829	0.6501305483028721
0.6553524804177546	0.6531331592689296	0.6501305483028721
0.6553524804177546	0.6528720626631853	0.6501305483028721
0.6553524804177546	0.6528198433420365	0.6501305483028721
0.6553524804177546	0.652728459530026	0.6501305483028721
0.6553524804177546	0.6528067885117494	0.6462140992167101
0.6553524804177546	0.6527676240208876	0.6462140992167101
0.6553524804177546	0.6527676240208875	0.6462140992167101
0.6553524804177546	0.6530548302872057	0.6501305483028721
0.6553524804177546	0.6529895561357698	0.6501305483028721
0.6553524804177546	0.6535639686684069	0.6501305483028721
0.6553524804177546	0.6535900783289813	0.6501305483028721
0.6553524804177546	0.6535770234986942	0.6501305483028721
0.6553524804177546	0.6531201044386418	0.6409921671018277
0.6553524804177546	0.653629242819843	0.6475195822454308
0.6553524804177546	0.6537467362924277	0.6422976501305483
0.6553524804177546	0.6540208877284592	0.6422976501305483
0.6553524804177546	0.6538511749347258	0.6501305483028721
0.6553524804177546	0.6538381201044386	0.6449086161879896
0.6553524804177546	0.6536292428198435	0.6501305483028721
0.6553524804177546	0.6536553524804176	0.6501305483028721
0.6553524804177546	0.6539295039164492	0.6514360313315927
0.6553524804177546	0.6541122715404701	0.6514360313315927
0.6553524804177546	0.6541644908616189	0.6501305483028721
0.6553524804177546	0.6539556135770238	0.6501305483028721
0.6553524804177546	0.6539033942558748	0.6501305483028721
0.6553524804177546	0.6541775456919061	0.6501305483028721
0.6553524804177546	0.6544255874673631	0.6514360313315927
0.6553524804177546	0.6546344647519581	0.6514360313315927
0.6553524804177546	0.6546214099216711	0.6514360313315927
0.6553524804177546	0.6543994778067886	0.6514360313315927
0.6553524804177546	0.6546475195822455	0.6527415143603134
0.6553524804177546	0.6547258485639689	0.6527415143603134
0.6553524804177546	0.6548433420365537	0.6527415143603134
0.6553524804177546	0.6549608355091385	0.6527415143603134
0.6553524804177546	0.6549477806788514	0.6527415143603134
0.6553524804177546	0.6550783289817232	0.6514360313315927
0.6553524804177546	0.655195822454308	0.6527415143603134
0.6553524804177546	0.6553002610966057	0.6527415143603134
0.6553524804177546	0.6552741514360312	0.6527415143603134
0.6553524804177546	0.6552741514360312	0.6527415143603134
0.6553524804177546	0.6553524804177545	0.6553524804177546
0.6553524804177546	0.6553524804177545	0.6553524804177546
0.6553524804177546	0.6553002610966056	0.6501305483028721
0.6553524804177546	0.6553002610966056	0.6501305483028721
0.6553524804177546	0.6553524804177545	0.6553524804177546
0.6553524804177546	0.6553524804177545	0.6553524804177546
0.6553524804177546	0.6553524804177545	0.6553524804177546
0.6553524804177546	0.6553524804177545	0.6553524804177546
0.6553524804177546	0.6553524804177545	0.6553524804177546
0.6553524804177546	0.6553524804177545	0.6553524804177546
0.6553524804177546	0.6553524804177545	0.6553524804177546
0.6553524804177546	0.6553524804177545	0.6553524804177546
0.6553524804177546	0.6553524804177545	0.6553524804177546
0.6553524804177546	0.6553524804177545	0.6553524804177546
0.6553524804177546	0.6553524804177545	0.6553524804177546
0.6553524804177546	0.6553524804177545	0.6553524804177546
0.6553524804177546	0.6553133159268928	0.6514360313315927
0.6553524804177546	0.6553524804177545	0.6553524804177546
0.6553524804177546	0.6553524804177545	0.6553524804177546
0.6553524804177546	0.6553524804177545	0.6553524804177546
0.6553524804177546	0.6553524804177545	0.6553524804177546
0.6553524804177546	0.6553524804177545	0.6553524804177546
0.6553524804177546	0.6553524804177545	0.6553524804177546
0.6553524804177546	0.6553524804177545	0.6553524804177546
0.6553524804177546	0.6553524804177545	0.6553524804177546
0.6553524804177546	0.6553655352480416	0.6527415143603134
0.6592689295039165	0.6553916449086161	0.6553524804177546
0.6592689295039165	0.6551044386422976	0.6266318537859008
0.6592689295039165	0.6553916449086161	0.6553524804177546
0.6592689295039165	0.6553916449086161	0.6553524804177546
0.6592689295039165	0.6554308093994777	0.6553524804177546
0.6592689295039165	0.6554699738903393	0.6553524804177546
0.6592689295039165	0.6555483028720626	0.6553524804177546
0.6592689295039165	0.6556788511749346	0.6553524804177546
0.6592689295039165	0.6558093994778068	0.6553524804177546
0.6592689295039165	0.6560182767624019	0.6553524804177546
0.6592689295039165	0.6561096605744123	0.6553524804177546
0.6592689295039165	0.6565535248041776	0.6553524804177546
0.6592689295039165	0.6565404699738903	0.6553524804177546
0.6592689295039165	0.6569451697127937	0.6553524804177546
0.6592689295039165	0.6568537859007831	0.6553524804177546
0.6592689295039165	0.6567754569190599	0.6553524804177546
0.6592689295039165	0.6566579634464751	0.6553524804177546
0.6592689295039165	0.6569321148825066	0.6553524804177546
0.6592689295039165	0.6573107049608357	0.6553524804177546
0.6592689295039165	0.6569973890339424	0.6553524804177546
0.660574412532637	0.657349869451697	0.6553524804177546
0.660574412532637	0.6573629242819843	0.6553524804177546
0.660574412532637	0.6578981723237599	0.6553524804177546
0.660574412532637	0.6578720626631855	0.6553524804177546
0.660574412532637	0.6581984334203657	0.6553524804177546
0.660574412532637	0.6581723237597913	0.6553524804177546
0.660574412532637	0.6583159268929506	0.6553524804177546
0.660574412532637	0.6587206266318542	0.6553524804177546
0.660574412532637	0.6586161879895568	0.6553524804177546
0.660574412532637	0.6589817232375986	0.6566579634464752
0.660574412532637	0.6592036553524809	0.6566579634464752
0.660574412532637	0.6595561357702358	0.6527415143603134
0.660574412532637	0.6596475195822462	0.6540469973890339
0.660574412532637	0.6594778067885126	0.6540469973890339
0.660574412532637	0.6593864229765021	0.6409921671018277
0.660574412532637	0.659503916449087	0.6540469973890339
0.6618798955613577	0.6597127937336823	0.6553524804177546
0.6618798955613577	0.6593733681462148	0.6449086161879896
0.664490861618799	0.6588381201044393	0.6449086161879896
0.664490861618799	0.658381201044387	0.6409921671018277
0.664490861618799	0.6587989556135776	0.6449086161879896
0.664490861618799	0.6583550913838125	0.6449086161879896
0.664490861618799	0.658146214099217	0.6449086161879896
0.664490861618799	0.6586684073107054	0.6449086161879896
0.664490861618799	0.6580548302872069	0.643603133159269
0.664490861618799	0.65869451697128	0.6357702349869452
0.664490861618799	0.6594647519582253	0.643603133159269
0.664490861618799	0.6593864229765025	0.643603133159269
0.664490861618799	0.6599086161879901	0.643603133159269
0.664490861618799	0.6614360313315936	0.6449086161879896
0.664490861618799	0.6609921671018286	0.6449086161879896
0.664490861618799	0.6612924281984344	0.6449086161879896
0.664490861618799	0.6617362924281993	0.6449086161879896
0.664490861618799	0.6626892950391654	0.6501305483028721
0.664490861618799	0.6628067885117502	0.6501305483028721
0.664490861618799	0.6631853785900792	0.6501305483028721
0.6723237597911227	0.6631070496083563	0.6488250652741514
0.6723237597911227	0.6636161879895571	0.6579634464751958
0.6723237597911227	0.6646214099216721	0.6579634464751958
0.6762402088772846	0.664556135770236	0.6579634464751958
0.6762402088772846	0.6646475195822462	0.6579634464751958
0.6762402088772846	0.6658877284595305	0.6579634464751958
0.6762402088772846	0.6656657963446484	0.6592689295039165
0.6762402088772846	0.6658485639686686	0.6592689295039165
0.6762402088772846	0.6658485639686691	0.6592689295039165
0.6762402088772846	0.6650652741514367	0.6592689295039165
0.6762402088772846	0.6645039164490872	0.660574412532637
0.6814621409921671	0.6653655352480428	0.660574412532637
0.6814621409921671	0.6658746736292437	0.660574412532637
0.6814621409921671	0.6657702349869458	0.660574412532637
0.6814621409921671	0.6666840731070505	0.660574412532637
0.6814621409921671	0.6672845953002615	0.660574412532637
0.6814621409921671	0.6668146214099222	0.660574412532637
0.6814621409921671	0.6665013054830297	0.6449086161879896
0.6814621409921671	0.666971279373369	0.660574412532637
0.6814621409921671	0.6682637075718024	0.660574412532637
0.6814621409921671	0.6670887728459539	0.660574412532637
0.6814621409921671	0.668629242819844	0.660574412532637
0.6814621409921671	0.6698302872062672	0.660574412532637
0.6814621409921671	0.6698955613577031	0.660574412532637
0.6814621409921671	0.6715665796344653	0.660574412532637
0.6814621409921671	0.6722193211488258	0.660574412532637
0.6814621409921671	0.6744516971279378	0.660574412532637
0.6814621409921671	0.6751697127937342	0.660574412532637
0.6814621409921671	0.6745953002610974	0.660574412532637
0.6814621409921671	0.6745300261096611	0.660574412532637
0.6814621409921671	0.6753002610966061	0.660574412532637
0.6814621409921671	0.6761488250652746	0.660574412532637
0.6814621409921671	0.6768929503916452	0.660574412532637
0.6814621409921671	0.6784464751958227	0.660574412532637
0.6814621409921671	0.6802219321148826	0.664490861618799
0.6814621409921671	0.6802219321148826	0.664490861618799
0.6814621409921671	0.6805613577023499	0.664490861618799
0.6814621409921671	0.6812663185378589	0.664490861618799
0.6814621409921671	0.6809530026109661	0.664490861618799
0.6814621409921671	0.6809530026109661	0.664490861618799
0.6814621409921671	0.6814621409921671	0.6814621409921671
0.6814621409921671	0.6814621409921671	0.6814621409921671
0.6814621409921671	0.6814621409921671	0.6814621409921671
0.6814621409921671	0.6814621409921671	0.6814621409921671
0.6814621409921671	0.6814229765013055	0.6775456919060052
0.6814621409921671	0.6814229765013055	0.6775456919060052
