0.3198433420365535	0.1979586992641823	0.12402088772845953
0.3198433420365535	0.19461739305081344	0.10966057441253264
0.3198433420365535	0.2265448215839861	0.15404699738903394
0.3198433420365535	0.21486714790354783	0.1174934725848564
0.3198433420365535	0.24185790847876867	0.16449086161879894
0.3198433420365535	0.24319283849309956	0.16971279373368145
0.33550913838120106	0.241968441366784	0.1514360313315927
0.33550913838120106	0.23718015665796346	0.1514360313315927
0.33550913838120106	0.2528285465622281	0.14882506527415143
0.33550913838120106	0.27464661924912215	0.1566579634464752
0.3394255874673629	0.27705718857912914	0.2206266318537859
0.3394255874673629	0.28491178099533193	0.19843342036553524
0.3394255874673629	0.3074972025363669	0.21279373368146215
0.3394255874673629	0.3166325594524027	0.24281984334203655
0.3394255874673629	0.3100354823592421	0.23237597911227154
0.3394255874673629	0.32614786983378974	0.23890339425587467
0.3394255874673629	0.32995324549152943	0.23890339425587467
0.3394255874673629	0.3295909486510008	0.24281984334203655
0.3394255874673629	0.3332870396089105	0.31592689295039167
0.3394255874673629	0.3332711674748227	0.3185378590078329
0.3394255874673629	0.3330517585624328	0.3185378590078329
0.3394255874673629	0.33422828710773933	0.3185378590078329
0.3394255874673629	0.3352005696653215	0.3185378590078329
0.3394255874673629	0.33548623517017073	0.31592689295039167
0.3394255874673629	0.3361065628180731	0.3185378590078329
0.3394255874673629	0.33677181868766826	0.3276762402088773
0.34073107049608353	0.3365452360230427	0.3276762402088773
0.34073107049608353	0.33613175336412926	0.3276762402088773
0.34073107049608353	0.33660028837535544	0.3276762402088773
0.34073107049608353	0.3363983804442425	0.3276762402088773
0.34073107049608353	0.33742139521200276	0.3276762402088773
0.34073107049608353	0.3375657212346648	0.3276762402088773
0.34073107049608353	0.33787641427328086	0.3276762402088773
0.34073107049608353	0.3374080227866126	0.3276762402088773
0.34073107049608353	0.3374260501702083	0.3276762402088773
0.34073107049608353	0.33715307997292293	0.3276762402088773
0.34073107049608353	0.33749095599106593	0.3276762402088773
0.34073107049608353	0.3370757180156657	0.32506527415143605
0.34073107049608353	0.33760991566879733	0.3276762402088773
0.34073107049608353	0.3383988030627512	0.3276762402088773
0.34073107049608353	0.33899520844690556	0.3276762402088773
0.34073107049608353	0.33880793958280686	0.3276762402088773
0.34073107049608353	0.338449910677477	0.3289817232375979
0.34073107049608353	0.33847002772469115	0.3276762402088773
0.34073107049608353	0.33885855948519134	0.3276762402088773
0.34073107049608353	0.3395677687873226	0.3276762402088773
0.34073107049608353	0.3398691982052776	0.3276762402088773
0.34073107049608353	0.339811015790128	0.3289817232375979
0.34073107049608353	0.3394865913472096	0.3289817232375979
0.34073107049608353	0.3391141878458332	0.3289817232375979
0.34073107049608353	0.33933149860042805	0.3289817232375979
0.34073107049608353	0.34000323482520384	0.3289817232375979
0.34073107049608353	0.3396072198887501	0.3289817232375979
0.34073107049608353	0.3399276963245631	0.3289817232375979
0.34073107049608353	0.33934879434802634	0.3289817232375979
0.34073107049608353	0.3389832337138293	0.3289817232375979
0.34073107049608353	0.33834299178500904	0.3289817232375979
0.34073107049608353	0.3380992167101825	0.3289817232375979
0.34073107049608353	0.338603235953208	0.3289817232375979
0.34073107049608353	0.339273787115186	0.3289817232375979
0.34073107049608353	0.3396547944113367	0.3289817232375979
0.34073107049608353	0.3392292742299612	0.3289817232375979
0.34073107049608353	0.33959965187119223	0.3289817232375979
0.34073107049608353	0.33995921556669395	0.3289817232375979
0.34073107049608353	0.3402239044273719	0.3289817232375979
0.34073107049608353	0.34014776956835724	0.3289817232375979
0.34073107049608353	0.3402380908908324	0.3289817232375979
0.34073107049608353	0.3397587107229674	0.3289817232375979
0.34073107049608353	0.3399317951723769	0.3289817232375979
0.34073107049608353	0.3403367970981478	0.3289817232375979
0.34073107049608353	0.34041982950910377	0.3289817232375979
0.34073107049608353	0.3405860168262257	0.3289817232375979
0.34203655352480417	0.34052050871725764	0.3289817232375979
0.34203655352480417	0.3406894946034491	0.3289817232375979
0.34203655352480417	0.3407474916662562	0.3289817232375979
0.3524804177545692	0.34070674472536205	0.3289817232375979
0.3524804177545692	0.34085921606945485	0.3289817232375979
0.3524804177545692	0.3412374396708602	0.34073107049608353
0.3524804177545692	0.3417864010881632	0.34073107049608353
0.3524804177545692	0.3420520030281028	0.34073107049608353
0.3524804177545692	0.34221214480936896	0.3381201044386423
0.3524804177545692	0.34233839931179166	0.3381201044386423
0.3524804177545692	0.34251398731816496	0.3381201044386423
0.3524804177545692	0.3427593633373163	0.3394255874673629
0.3524804177545692	0.34263459602958135	0.34073107049608353
0.3524804177545692	0.34363054109025887	0.34073107049608353
0.3537859007832898	0.34409821797999707	0.34073107049608353
0.3537859007832898	0.3450850328134926	0.34073107049608353
0.3537859007832898	0.3464905544463219	0.34073107049608353
0.3537859007832898	0.3480182905770373	0.34073107049608353
0.3537859007832898	0.34903558295626963	0.34073107049608353
0.35509138381201044	0.34957182862322256	0.34073107049608353
0.35509138381201044	0.349079467095133	0.34073107049608353
0.35509138381201044	0.34919351632185097	0.34073107049608353
0.35509138381201044	0.34914782791240756	0.34073107049608353
0.35509138381201044	0.3501097644934592	0.34073107049608353
0.35509138381201044	0.34986302074624737	0.34073107049608353
0.35509138381201044	0.3499777112653631	0.34073107049608353
0.35509138381201044	0.3504622797391552	0.34073107049608353
0.35509138381201044	0.3504191287618522	0.34073107049608353
0.35509138381201044	0.35139767116676734	0.34073107049608353
0.35509138381201044	0.35164686990524474	0.34073107049608353
0.35509138381201044	0.3521586010079539	0.34073107049608353
0.35509138381201044	0.3521435189084473	0.3342036553524804
0.35509138381201044	0.3524506122059677	0.3342036553524804
0.35509138381201044	0.35364412887066804	0.34203655352480417
0.35509138381201044	0.3540961725345097	0.34203655352480417
0.35509138381201044	0.3541804467653026	0.3433420365535248
0.35509138381201044	0.3541539664830164	0.34595300261096606
0.35509138381201044	0.35406523994664	0.34595300261096606
0.35509138381201044	0.3541419416093039	0.34595300261096606
0.35509138381201044	0.3539147682067252	0.34595300261096606
0.35509138381201044	0.35383589800566595	0.34464751958224543
0.35509138381201044	0.3538464928225971	0.34464751958224543
0.35509138381201044	0.3541245616526646	0.34464751958224543
0.35509138381201044	0.35413258507307427	0.34464751958224543
0.35509138381201044	0.35429627480686315	0.34464751958224543
0.35509138381201044	0.3543347365055675	0.34464751958224543
0.35509138381201044	0.35450470925254424	0.34464751958224543
0.35509138381201044	0.3544465066532441	0.34464751958224543
0.35509138381201044	0.35461288007239883	0.34464751958224543
0.35509138381201044	0.3545805426268582	0.34464751958224543
0.35509138381201044	0.35461014693083437	0.34464751958224543
0.35509138381201044	0.3548627972894712	0.34464751958224543
0.35509138381201044	0.3548494410113202	0.3524804177545692
0.35509138381201044	0.3548362894270873	0.3524804177545692
0.35509138381201044	0.35487793981872084	0.3524804177545692
0.35509138381201044	0.35491896152519764	0.3524804177545692
0.35509138381201044	0.3549838159220028	0.3537859007832898
0.35509138381201044	0.3549554971027005	0.3328981723237598
0.37597911227154046	0.354927596273351	0.3328981723237598
0.37597911227154046	0.3555217628324671	0.3328981723237598
0.37597911227154046	0.3562022311891756	0.3328981723237598
0.37597911227154046	0.35830560556503294	0.34986945169712796
0.37597911227154046	0.3590078328981713	0.3537859007832898
0.37597911227154046	0.3590449996747898	0.3537859007832898
0.37597911227154046	0.3594460692505687	0.34986945169712796
0.37597911227154046	0.3597315743667252	0.34595300261096606
0.37597911227154046	0.36119121914829627	0.34595300261096606
0.37597911227154046	0.36213828182171226	0.34595300261096606
0.37597911227154046	0.3621616286685856	0.3537859007832898
0.37597911227154046	0.3623584241527715	0.3537859007832898
0.37597911227154046	0.3629508341815271	0.35509138381201044
0.37597911227154046	0.36523195400479846	0.35509138381201044
0.3785900783289817	0.3663342560493188	0.35509138381201044
0.3785900783289817	0.36824163146344063	0.35509138381201044
0.3785900783289817	0.3697403682927027	0.35509138381201044
0.3785900783289817	0.37002953387835336	0.35509138381201044
0.3785900783289817	0.37123769996853123	0.35509138381201044
0.3785900783289817	0.3721471604687899	0.35509138381201044
0.3785900783289817	0.37221797788654376	0.35509138381201044
0.37989556135770236	0.3730469890472885	0.35509138381201044
0.37989556135770236	0.37333913548012676	0.35509138381201044
0.37989556135770236	0.37509369002808585	0.35509138381201044
0.37989556135770236	0.37564353356196317	0.35509138381201044
0.37989556135770236	0.3758855729891082	0.35509138381201044
0.37989556135770236	0.3766136659418468	0.35509138381201044
0.37989556135770236	0.3768588069893548	0.35509138381201044
0.37989556135770236	0.3774642489280662	0.35509138381201044
0.37989556135770236	0.3777012388200648	0.3563968668407311
0.37989556135770236	0.378069462740488	0.3563968668407311
0.37989556135770236	0.37871160978210483	0.37597911227154046
0.37989556135770236	0.378944702077081	0.3681462140992167
0.37989556135770236	0.37906656026527913	0.3681462140992167
0.37989556135770236	0.3791407688101223	0.3681462140992167
0.37989556135770236	0.37913753895392804	0.3537859007832898
0.37989556135770236	0.379271365390616	0.37597911227154046
0.37989556135770236	0.37933552805842385	0.37597911227154046
0.37989556135770236	0.37943657308823725	0.37597911227154046
0.37989556135770236	0.3795813476774357	0.37597911227154046
0.37989556135770236	0.379631489292062	0.37597911227154046
0.37989556135770236	0.37973283826063614	0.37597911227154046
0.37989556135770236	0.37973743242746105	0.37597911227154046
0.37989556135770236	0.379738318303821	0.37597911227154046
0.37989556135770236	0.3797755587394614	0.37597911227154046
0.37989556135770236	0.3797979213527823	0.37597911227154046
0.381201044386423	0.3798128448021616	0.3772845953002611
0.381201044386423	0.3798061447118977	0.3785900783289817
0.381201044386423	0.37986354678751366	0.3785900783289817
0.381201044386423	0.37988494767454	0.3785900783289817
0.381201044386423	0.3799553813347577	0.3785900783289817
0.381201044386423	0.38001805976522113	0.3785900783289817
0.381201044386423	0.3800452567449943	0.37597911227154046
0.381201044386423	0.3800790908020571	0.3524804177545692
0.381201044386423	0.3802090150664442	0.3785900783289817
0.381201044386423	0.3802279284280054	0.3785900783289817
0.3838120104438642	0.380263687120369	0.3785900783289817
0.3838120104438642	0.38032620121392857	0.3785900783289817
0.38511749347258484	0.3803172290026367	0.370757180156658
0.38511749347258484	0.3802177371180026	0.370757180156658
0.38511749347258484	0.38012594071571126	0.370757180156658
0.38511749347258484	0.3804270557205394	0.370757180156658
0.38511749347258484	0.3809465578213304	0.370757180156658
0.38511749347258484	0.38097414683231295	0.370757180156658
0.38511749347258484	0.38114542230249226	0.370757180156658
0.38511749347258484	0.3813345227010806	0.35900783289817234
0.38511749347258484	0.3817096320675878	0.35900783289817234
0.38511749347258484	0.38197466395899937	0.35900783289817234
0.38511749347258484	0.3819195411884717	0.370757180156658
0.38511749347258484	0.3821043492693775	0.370757180156658
0.38642297650130547	0.3823572386016416	0.370757180156658
0.38642297650130547	0.3825444591254224	0.370757180156658
0.4007832898172324	0.38295636855516224	0.370757180156658
0.4007832898172324	0.3828227235444034	0.370757180156658
0.4007832898172324	0.3828866441920041	0.370757180156658
0.4046997389033943	0.38327555304726557	0.370757180156658
0.4046997389033943	0.3835867143183419	0.370757180156658
0.4046997389033943	0.3844232836737846	0.370757180156658
0.40600522193211486	0.38547520193713086	0.370757180156658
0.4073107049608355	0.3862738653861384	0.3720626631853786
0.4073107049608355	0.387295317829083	0.3720626631853786
0.4073107049608355	0.3880842262676465	0.3720626631853786
0.4073107049608355	0.38861678821163986	0.3720626631853786
0.4073107049608355	0.3895029604889747	0.3720626631853786
0.4086161879895561	0.3902234487352589	0.370757180156658
0.40992167101827676	0.39143176852986755	0.3720626631853786
0.40992167101827676	0.3935103053592596	0.3720626631853786
0.40992167101827676	0.3948426086191231	0.3785900783289817
0.40992167101827676	0.3951057528869589	0.3785900783289817
0.40992167101827676	0.39558752551361726	0.3785900783289817
0.40992167101827676	0.397463136748625	0.37989556135770236
0.40992167101827676	0.3976564706424839	0.3785900783289817
0.40992167101827676	0.39977333371589374	0.37989556135770236
0.40992167101827676	0.40079185972770687	0.37989556135770236
0.40992167101827676	0.40183279578149955	0.381201044386423
0.4112271540469974	0.40237195788472224	0.381201044386423
0.4112271540469974	0.4016094378246101	0.381201044386423
0.4112271540469974	0.4026699233555135	0.37989556135770236
0.4112271540469974	0.40382755323966796	0.381201044386423
0.4112271540469974	0.4039704498766905	0.381201044386423
0.412532637075718	0.40423963235824145	0.381201044386423
0.412532637075718	0.4059279417528264	0.381201044386423
0.412532637075718	0.406931427786177	0.37989556135770236
0.412532637075718	0.4078717616084005	0.381201044386423
0.412532637075718	0.40849354344614985	0.38511749347258484
0.412532637075718	0.4091264391525507	0.38511749347258484
0.41383812010443866	0.4092892009795191	0.38642297650130547
0.4151436031331593	0.4092891173858055	0.38642297650130547
0.4151436031331593	0.40954637815581224	0.402088772845953
0.4151436031331593	0.40954257369705466	0.40339425587467365
0.4164490861618799	0.4095760237805313	0.402088772845953
0.4164490861618799	0.4098448778989415	0.402088772845953
0.4177545691906005	0.4102355144130613	0.402088772845953
0.41906005221932113	0.41053369827319147	0.40339425587467365
0.41906005221932113	0.4106071150133178	0.402088772845953
0.41906005221932113	0.41123236555609516	0.402088772845953
0.42428198433420367	0.41158012758955537	0.402088772845953
0.42428198433420367	0.41211384846056537	0.40339425587467365
0.4308093994778068	0.4128261776383898	0.4046997389033943
0.4308093994778068	0.41335593776770213	0.40339425587467365
0.4308093994778068	0.41378957963957524	0.40339425587467365
0.4308093994778068	0.4143114531323968	0.40339425587467365
0.4308093994778068	0.41530076808030697	0.40339425587467365
0.4308093994778068	0.415913762366738	0.4046997389033943
0.4308093994778068	0.41604159434944804	0.402088772845953
0.43994778067885115	0.41667961291551253	0.4046997389033943
0.43994778067885115	0.4175923198658076	0.4046997389033943
0.43994778067885115	0.417958473206515	0.40339425587467365
0.43994778067885115	0.41960503564687124	0.40339425587467365
0.4412532637075718	0.41975598079039733	0.39947780678851175
0.4412532637075718	0.42158988656311397	0.3981723237597911
0.4412532637075718	0.42171265657223816	0.3981723237597911
0.4412532637075718	0.42429662526536766	0.38642297650130547
0.4412532637075718	0.4254902246792216	0.3981723237597911
0.4412532637075718	0.42636010017584086	0.40339425587467365
0.4412532637075718	0.4266588804216158	0.40339425587467365
0.4412532637075718	0.42733772821910965	0.40339425587467365
0.4412532637075718	0.4283804824298757	0.4086161879895561
0.4412532637075718	0.4295922215168432	0.4086161879895561
0.4412532637075718	0.430500268705979	0.4046997389033943
0.4412532637075718	0.431051067842471	0.4046997389033943
0.4412532637075718	0.43172772298264	0.4046997389033943
0.4425587467362924	0.4321713358266889	0.4073107049608355
0.4425587467362924	0.4338492764764624	0.4073107049608355
0.4425587467362924	0.43377300943030533	0.4073107049608355
0.4425587467362924	0.43430464993973017	0.4086161879895561
0.4425587467362924	0.43437571013175524	0.40992167101827676
0.44386422976501305	0.43503777813720373	0.41383812010443866
0.44386422976501305	0.43599219012622104	0.41383812010443866
0.44386422976501305	0.4369628361790891	0.41383812010443866
0.44386422976501305	0.4368086770038376	0.41383812010443866
0.44386422976501305	0.4370178484363837	0.3981723237597911
0.4451697127937337	0.43805653309115783	0.4151436031331593
0.4451697127937337	0.4389024892416446	0.4164490861618799
0.4464751958224543	0.4394945819072242	0.4164490861618799
0.4464751958224543	0.43980397531940657	0.4164490861618799
0.4464751958224543	0.43991195267120337	0.4164490861618799
0.44778067885117495	0.44015755060141576	0.4164490861618799
0.44778067885117495	0.4408796331303584	0.4151436031331593
0.44778067885117495	0.4412599130269038	0.4164490861618799
0.44778067885117495	0.4416199476039646	0.42689295039164493
0.44778067885117495	0.4419951655299653	0.42428198433420367
0.44778067885117495	0.4422120806547162	0.412532637075718
0.44778067885117495	0.442418795456832	0.42428198433420367
0.44778067885117495	0.44252605517463867	0.42297650130548303
0.44778067885117495	0.4427455546239299	0.42689295039164493
0.44778067885117495	0.44272978016791603	0.42689295039164493
0.4830287206266319	0.44332477396802106	0.42689295039164493
0.4830287206266319	0.44341257995277106	0.4177545691906005
0.4830287206266319	0.4442479431675442	0.42036553524804177
0.4856396866840731	0.4450265583535966	0.3785900783289817
0.4856396866840731	0.44714816912926686	0.4281984334203655
0.4856396866840731	0.44954042751915835	0.42689295039164493
0.4908616187989556	0.45178176216934507	0.42689295039164493
0.4908616187989556	0.45291825018875786	0.42689295039164493
0.4908616187989556	0.45468439264556954	0.42689295039164493
0.4908616187989556	0.4585640105779747	0.42689295039164493
0.4908616187989556	0.46088563968668395	0.360313315926893
0.4934725848563969	0.46398157748989144	0.391644908616188
0.5274151436031331	0.46811217606794303	0.42689295039164493
0.5274151436031331	0.4698663069519551	0.4281984334203655
0.5274151436031331	0.4703760533577509	0.4347258485639687
0.5274151436031331	0.473259184638473	0.43733681462140994
0.5274151436031331	0.4767164949932563	0.43733681462140994
0.5274151436031331	0.4781050678892028	0.4386422976501306
0.5287206266318538	0.4800593068109144	0.4386422976501306
0.5287206266318538	0.4839443860169155	0.4386422976501306
0.5287206266318538	0.4863480883275642	0.43994778067885115
0.5313315926892951	0.4905044773830607	0.43994778067885115
0.5313315926892951	0.4923883701376285	0.43994778067885115
0.5313315926892951	0.49634625179980113	0.43994778067885115
0.5313315926892951	0.49916233171663915	0.43994778067885115
0.5313315926892951	0.5036015386761804	0.43994778067885115
0.5313315926892951	0.5049596432871946	0.43342036553524804
0.5313315926892951	0.5076625316465724	0.43994778067885115
0.5326370757180157	0.5105959401650327	0.4425587467362924
0.5326370757180157	0.5122868990938412	0.4425587467362924
0.5326370757180157	0.5140756591216953	0.4425587467362924
0.5326370757180157	0.5163058157605281	0.4725848563968668
0.5326370757180157	0.5175508435879137	0.4725848563968668
0.5326370757180157	0.5195608440696846	0.4804177545691906
0.5326370757180157	0.5200245190274654	0.4804177545691906
0.5326370757180157	0.522150662411761	0.47911227154047
0.5365535248041775	0.5240791234558878	0.46736292428198434
0.5365535248041775	0.5255021014623736	0.48172323759791125
0.5365535248041775	0.5265754937256324	0.48172323759791125
0.5365535248041775	0.5266142689486204	0.48172323759791125
0.5391644908616188	0.5270644737092891	0.4412532637075718
0.5391644908616188	0.5270616940495072	0.48172323759791125
0.5391644908616188	0.5279134629595257	0.48172323759791125
0.5391644908616188	0.5293875376436323	0.48172323759791125
0.5391644908616188	0.5298113548766297	0.4751958224543081
0.5430809399477807	0.5300636775175173	0.47911227154047
0.5430809399477807	0.5304868683765951	0.4804177545691906
0.5430809399477807	0.5308982993235402	0.4804177545691906
0.5430809399477807	0.5317319904798451	0.48825065274151436
0.5443864229765013	0.5326612169404541	0.48825065274151436
0.5443864229765013	0.5332962983537962	0.4751958224543081
0.5443864229765013	0.5338742378527301	0.4908616187989556
0.5443864229765013	0.5342298018390924	0.4725848563968668
0.5443864229765013	0.5349689511701613	0.49477806788511747
0.5443864229765013	0.5352608585793863	0.48825065274151436
0.5443864229765013	0.5355967791999137	0.48433420365535246
0.5443864229765013	0.5361019769783448	0.48433420365535246
0.5443864229765013	0.5364808970974352	0.48433420365535246
0.5443864229765013	0.5370605085046533	0.5234986945169713
0.5443864229765013	0.5375917720261912	0.5234986945169713
0.5443864229765013	0.5377851805167936	0.5234986945169713
0.5443864229765013	0.5383797644743429	0.5274151436031331
0.5443864229765013	0.5384231054379025	0.5261096605744126
0.5443864229765013	0.5387823111514346	0.5261096605744126
0.5443864229765013	0.5387245804822289	0.5261096605744126
0.5535248041775457	0.539349212269767	0.5261096605744126
0.5535248041775457	0.5397082945113064	0.5052219321148825
0.5548302872062664	0.5401731929041118	0.5261096605744126
0.5548302872062664	0.540219800354475	0.5274151436031331
0.5548302872062664	0.5404559175454853	0.5274151436031331
0.5548302872062664	0.5407363274747267	0.5287206266318538
0.5587467362924282	0.5413105861216884	0.5287206266318538
0.5848563968668408	0.5422756887338066	0.5287206266318538
0.5848563968668408	0.5426428817277609	0.5287206266318538
0.5861618798955613	0.5434866279009313	0.5287206266318538
0.5939947780678851	0.5448048691923328	0.5287206266318538
0.5939947780678851	0.5463334379559298	0.5287206266318538
0.5939947780678851	0.5490235537346471	0.5287206266318538
0.5953002610966057	0.5520168940826127	0.5287206266318538
0.5953002610966057	0.5545616622580244	0.5287206266318538
0.5953002610966057	0.5558695540879545	0.5287206266318538
0.5992167101827677	0.557114456990548	0.5287206266318538
0.6031331592689295	0.5589962889650194	0.5313315926892951
0.6031331592689295	0.5636029299712492	0.5313315926892951
0.6031331592689295	0.5659395593445915	0.5313315926892951
0.6031331592689295	0.5684561610376494	0.5313315926892951
0.6031331592689295	0.5724433870647976	0.5313315926892951
0.6031331592689295	0.5752739168177722	0.5313315926892951
0.608355091383812	0.5782236738732892	0.5300261096605744
0.608355091383812	0.5810516557793045	0.5339425587467362
0.608355091383812	0.5839467163359993	0.5313315926892951
0.608355091383812	0.5851665942319867	0.5313315926892951
0.608355091383812	0.5868187579214184	0.5313315926892951
0.608355091383812	0.58825626417299	0.5313315926892951
0.608355091383812	0.5888271724850932	0.5352480417754569
0.608355091383812	0.5926597369328533	0.5352480417754569
0.608355091383812	0.5938621003698586	0.5313315926892951
0.608355091383812	0.5947251296496585	0.5313315926892951
0.608355091383812	0.5963172666021253	0.54177545691906
0.608355091383812	0.5979388650263849	0.54177545691906
0.6122715404699739	0.5985745098357196	0.54177545691906
0.6122715404699739	0.6001355631695235	0.5430809399477807
0.6122715404699739	0.6011596045790334	0.5430809399477807
0.6122715404699739	0.6013898323637445	0.5443864229765013
0.6122715404699739	0.602177731960086	0.5443864229765013
0.6122715404699739	0.6027262970734741	0.5509138381201044
0.618798955613577	0.6030884181124979	0.5443864229765013
0.618798955613577	0.603979571342496	0.5443864229765013
0.6227154046997389	0.6053004837124698	0.5443864229765013
0.6240208877284595	0.6060455126598542	0.54177545691906
0.6240208877284595	0.6069973890339422	0.5548302872062664
0.6240208877284595	0.6076115817023993	0.5443864229765013
0.6266318537859008	0.6084889467003879	0.5443864229765013
0.6266318537859008	0.6093416658026287	0.5443864229765013
0.6266318537859008	0.609861176846718	0.5548302872062664
0.643603133159269	0.6106127171244989	0.5430809399477807
0.643603133159269	0.6110877153579103	0.5443864229765013
0.643603133159269	0.611389289126371	0.5443864229765013
0.643603133159269	0.6135444252304406	0.5443864229765013
0.6449086161879896	0.6152355909052926	0.5535248041775457
0.6449086161879896	0.6159500672053422	0.5548302872062664
0.6449086161879896	0.6178633851313676	0.5639686684073107
0.6449086161879896	0.6197846029886206	0.5639686684073107
0.6449086161879896	0.6211568021648649	0.5613577023498695
0.6449086161879896	0.6220083318283823	0.5718015665796344
0.6449086161879896	0.6236742858015393	0.5939947780678851
0.6449086161879896	0.6244611264627673	0.5939947780678851
0.6449086161879896	0.6256895959537649	0.5953002610966057
0.6488250652741514	0.6278069401357964	0.5953002610966057
0.6488250652741514	0.628559067434328	0.5953002610966057
0.6488250652741514	0.6307022442234288	0.597911227154047
0.6488250652741514	0.631883900849545	0.5953002610966057
0.6488250652741514	0.6332704377950129	0.597911227154047
0.6540469973890339	0.6355588996171996	0.6005221932114883
0.6540469973890339	0.6358465003185212	0.6005221932114883
0.6540469973890339	0.6360939947780688	0.6005221932114883
0.6540469973890339	0.6373585478622533	0.6005221932114883
0.6540469973890339	0.6376608833322943	0.5953002610966057
0.6540469973890339	0.6374787729348631	0.6031331592689295
0.6540469973890339	0.6389001416367773	0.5835509138381201
0.6540469973890339	0.6384033278753821	0.6057441253263708
0.6540469973890339	0.6399310022047509	0.6031331592689295
0.6540469973890339	0.6403665925571317	0.5848563968668408
0.6579634464751958	0.6423445361652502	0.6031331592689295
0.6579634464751958	0.6424379932109039	0.6031331592689295
0.6579634464751958	0.6437621249471257	0.6057441253263708
0.6579634464751958	0.6437181088106276	0.6057441253263708
0.6579634464751958	0.6441389765826263	0.6057441253263708
0.6579634464751958	0.6448999226273112	0.608355091383812
0.6579634464751958	0.6454926861144605	0.6109660574412533
0.660574412532637	0.646180921194987	0.6109660574412533
0.6710182767624021	0.6472144417800635	0.6109660574412533
0.6710182767624021	0.6477393170126414	0.6148825065274152
0.6710182767624021	0.6487304858231135	0.6174934725848564
0.6710182767624021	0.6499117762290563	0.618798955613577
0.6801566579634465	0.6508724621552611	0.618798955613577
0.6814621409921671	0.6514018638368394	0.6148825065274152
0.685378590078329	0.6527997568022931	0.6214099216710183
0.685378590078329	0.6542015008093726	0.6214099216710183
0.685378590078329	0.656342554220685	0.6201044386422977
0.685378590078329	0.6585322136758178	0.6148825065274152
0.6879895561357703	0.6606631346802214	0.6148825065274152
0.6879895561357703	0.66170142802137	0.6201044386422977
0.6879895561357703	0.6632106188634579	0.6214099216710183
0.7010443864229765	0.666185331016205	0.6240208877284595
0.7010443864229765	0.6680540623560126	0.6174934725848564
0.7010443864229765	0.6697044341838707	0.6305483028720626
0.7010443864229765	0.6702035663738704	0.6305483028720626
0.7010443864229765	0.672118434086287	0.6266318537859008
0.7010443864229765	0.6725881789411601	0.6266318537859008
0.7010443864229765	0.6739621755287545	0.6266318537859008
0.7258485639686684	0.6753427754541627	0.6266318537859008
0.7310704960835509	0.6765634844428808	0.6266318537859008
0.7310704960835509	0.6787509643552356	0.6305483028720626
0.7310704960835509	0.6801470688960807	0.6305483028720626
0.7310704960835509	0.6833171571910952	0.6449086161879896
0.7310704960835509	0.6854863572249025	0.639686684073107
0.7310704960835509	0.6872476497221609	0.6266318537859008
0.7336814621409922	0.6899430260580405	0.639686684073107
0.7336814621409922	0.6914464426604223	0.6357702349869452
0.737597911227154	0.6946901337951026	0.639686684073107
0.737597911227154	0.6972305399326623	0.639686684073107
0.737597911227154	0.7009756767898876	0.639686684073107
0.737597911227154	0.7036123293528007	0.6449086161879896
0.737597911227154	0.7059590671364468	0.6383812010443864
0.7467362924281984	0.7075851911361078	0.6331592689295039
0.7467362924281984	0.7115176474046698	0.6331592689295039
0.7467362924281984	0.7134271396453472	0.6488250652741514
0.7467362924281984	0.7172770897709229	0.6488250652741514
0.7467362924281984	0.7203078974418914	0.6579634464751958
0.7467362924281984	0.7208572450994685	0.6540469973890339
0.7467362924281984	0.7217879429978751	0.6579634464751958
0.7467362924281984	0.7225604363402109	0.6579634464751958
0.7493472584856397	0.724237458273284	0.6579634464751958
0.7493472584856397	0.7254791372505703	0.6579634464751958
0.7493472584856397	0.7279229043389248	0.6579634464751958
0.7493472584856397	0.7285315476455457	0.6579634464751958
0.7493472584856397	0.7311763460588502	0.6579634464751958
0.7558746736292428	0.7331884825357365	0.6723237597911227
0.7558746736292428	0.7339951425098028	0.6723237597911227
0.7558746736292428	0.7349739552888266	0.6723237597911227
0.7558746736292428	0.7358010895014226	0.6723237597911227
0.7558746736292428	0.73679314369111	0.6723237597911227
0.7558746736292428	0.739153902374141	0.6723237597911227
0.7558746736292428	0.7404034754458328	0.6762402088772846
0.7558746736292428	0.7421085801746615	0.6762402088772846
0.7558746736292428	0.7418814873007404	0.6762402088772846
0.7558746736292428	0.7435488127663143	0.6762402088772846
0.7558746736292428	0.7449065703771675	0.6762402088772846
0.7558746736292428	0.7456617892901858	0.6762402088772846
0.7558746736292428	0.7455505317455233	0.6762402088772846
0.7571801566579635	0.7456926687022166	0.6762402088772846
0.7571801566579635	0.7459877647440889	0.6762402088772846
0.7571801566579635	0.7468768439472917	0.6762402088772846
0.7571801566579635	0.7474553823055852	0.6762402088772846
0.7571801566579635	0.7474451634061103	0.6906005221932114
0.7571801566579635	0.7482532712609914	0.6788511749347258
0.7571801566579635	0.7491575299607719	0.6762402088772846
0.7571801566579635	0.7493610532150482	0.6945169712793734
0.7571801566579635	0.7494035832567707	0.6945169712793734
0.7571801566579635	0.7494422027059062	0.6762402088772846
0.7571801566579635	0.7503933905401694	0.6932114882506527
0.7571801566579635	0.751265036700372	0.6945169712793734
0.7741514360313316	0.7514365281852629	0.7088772845953003
0.7741514360313316	0.7514015655878107	0.7310704960835509
0.7741514360313316	0.7520188583519953	0.7258485639686684
0.7741514360313316	0.7525584750179672	0.7258485639686684
0.7741514360313316	0.7529555198879637	0.7310704960835509
0.7741514360313316	0.7536672876221469	0.7310704960835509
0.779373368146214	0.7545728749364402	0.7310704960835509
0.7806788511749347	0.7558084801235562	0.706266318537859
0.7806788511749347	0.7573490007610164	0.7088772845953003
0.7806788511749347	0.7583317661023761	0.7088772845953003
0.7806788511749347	0.7605017638038626	0.7088772845953003
0.7806788511749347	0.7612961390308949	0.706266318537859
0.7806788511749347	0.7627202623110015	0.716710182767624
0.7806788511749347	0.7628081582385973	0.716710182767624
0.7806788511749347	0.763928983659071	0.737597911227154
0.7819843342036553	0.7656446622530567	0.737597911227154
0.7819843342036553	0.7672443097574827	0.737597911227154
0.7819843342036553	0.7683014282104572	0.741514360313316
0.7819843342036553	0.7695888509107064	0.7428198433420365
0.7819843342036553	0.7710201948274485	0.737597911227154
0.7819843342036553	0.772267998554506	0.737597911227154
0.7819843342036553	0.7725963226704853	0.7428198433420365
0.7819843342036553	0.7732083884735904	0.7428198433420365
0.7819843342036553	0.7738729647198188	0.7428198433420365
0.7819843342036553	0.7740884782510491	0.7428198433420365
0.7845953002610966	0.7738063901082023	0.7467362924281984
0.7976501305483029	0.7746662910789169	0.7467362924281984
0.7976501305483029	0.775124936497991	0.7467362924281984
0.7976501305483029	0.7755783867673264	0.7467362924281984
0.7976501305483029	0.7760549221065668	0.7467362924281984
0.7976501305483029	0.7767212752606799	0.7467362924281984
0.7976501305483029	0.7777711311136561	0.7467362924281984
0.7976501305483029	0.7783746443583199	0.7362924281984334
0.7976501305483029	0.7789280780531548	0.7362924281984334
0.8015665796344648	0.7792345366176868	0.7480417754569191
0.8015665796344648	0.7800558061969056	0.7480417754569191
0.8015665796344648	0.7818645971137499	0.7480417754569191
0.8015665796344648	0.7832700899332704	0.7480417754569191
0.8015665796344648	0.7847389381453519	0.7480417754569191
0.8028720626631853	0.785996757684307	0.7506527415143603
0.8028720626631853	0.787352859019372	0.7545691906005222
0.8028720626631853	0.7878181034661529	0.7545691906005222
0.8028720626631853	0.7891351606261711	0.7532637075718016
0.8028720626631853	0.7904406952472147	0.7571801566579635
0.8028720626631853	0.7918046841510451	0.7545691906005222
0.8028720626631853	0.7921181319121379	0.7571801566579635
0.8028720626631853	0.7930837953349822	0.7571801566579635
0.8028720626631853	0.7934611832578912	0.7571801566579635
0.8028720626631853	0.7935413304317523	0.7571801566579635
0.8028720626631853	0.793989324352881	0.7571801566579635
0.804177545691906	0.7940909596150908	0.7571801566579635
0.804177545691906	0.7944481305437717	0.7271540469973891
0.804177545691906	0.7947509409650388	0.7558746736292428
0.804177545691906	0.7953246331220323	0.7571801566579635
0.804177545691906	0.7958388995645359	0.758485639686684
0.804177545691906	0.796341274178421	0.758485639686684
0.8054830287206266	0.7967824277269767	0.758485639686684
0.8054830287206266	0.7976434070305557	0.762402088772846
0.8054830287206266	0.7981099022062309	0.7610966057441253
0.8054830287206266	0.7986563240546118	0.762402088772846
0.8054830287206266	0.798908790103745	0.7610966057441253
0.8054830287206266	0.7985816644741655	0.7571801566579635
0.814621409921671	0.7985334148102867	0.7571801566579635
0.814621409921671	0.7993105452415846	0.7571801566579635
0.814621409921671	0.7996764528066204	0.7441253263707572
0.814621409921671	0.7994563619360463	0.7454308093994778
0.814621409921671	0.8003096521875348	0.7454308093994778
0.814621409921671	0.8014035319650492	0.758485639686684
0.814621409921671	0.802195675078796	0.7741514360313316
0.814621409921671	0.8027359147274685	0.7610966057441253
0.814621409921671	0.8033927213018386	0.7754569190600522
0.8185378590078329	0.8038908427970761	0.7545691906005222
0.8185378590078329	0.8046942766313011	0.762402088772846
0.8185378590078329	0.8051896494936138	0.7467362924281984
0.8185378590078329	0.8058554016946167	0.7767624020887729
0.8185378590078329	0.8062830582869293	0.7780678851174935
0.8185378590078329	0.8063218802428159	0.7754569190600522
0.8198433420365535	0.8066097526624214	0.7689295039164491
0.8328981723237598	0.8076602758927954	0.7780678851174935
0.8328981723237598	0.8083585467565864	0.762402088772846
0.8328981723237598	0.8087979422741448	0.762402088772846
0.8368146214099217	0.809607192748699	0.762402088772846
0.8368146214099217	0.8109058870300503	0.762402088772846
0.8368146214099217	0.8118216476332861	0.762402088772846
0.8368146214099217	0.813144575552016	0.762402088772846
0.8368146214099217	0.8147668199887498	0.762402088772846
0.8368146214099217	0.8162492607955841	0.762402088772846
0.8368146214099217	0.8174849469813998	0.762402088772846
0.8368146214099217	0.8179718305063783	0.762402088772846
0.8368146214099217	0.8186281487209633	0.762402088772846
0.8368146214099217	0.819270668733942	0.762402088772846
0.8368146214099217	0.8200498052892661	0.762402088772846
0.8368146214099217	0.8214881449456101	0.7650130548302873
0.8368146214099217	0.8232067813352827	0.7650130548302873
0.8368146214099217	0.8243582692182014	0.7715404699738904
0.8368146214099217	0.8251504829550778	0.7715404699738904
0.8368146214099217	0.8257899590185386	0.7715404699738904
0.8368146214099217	0.8268069667704696	0.7715404699738904
0.8368146214099217	0.827304591070783	0.7715404699738904
0.8368146214099217	0.8274661504660588	0.7676240208877284
0.8368146214099217	0.8282554113367195	0.762402088772846
0.8368146214099217	0.8290067284991137	0.7571801566579635
0.8368146214099217	0.8293655664547985	0.762402088772846
0.8368146214099217	0.8303536747737389	0.7519582245430809
0.8368146214099217	0.8308004819606843	0.7519582245430809
0.8368146214099217	0.8314612092437635	0.7676240208877284
0.8407310704960835	0.8318376611697766	0.7806788511749347
0.8407310704960835	0.8324513152870417	0.8028720626631853
0.8407310704960835	0.8331774035003725	0.8028720626631853
0.8407310704960835	0.8334691282582946	0.8028720626631853
0.8472584856396866	0.8340454772356926	0.804177545691906
0.8472584856396866	0.8338283161627505	0.804177545691906
0.8472584856396866	0.8342548507653607	0.8028720626631853
0.8472584856396866	0.8343345103467361	0.7819843342036553
0.8472584856396866	0.8345874408245574	0.804177545691906
0.8472584856396866	0.8351208565436095	0.804177545691906
0.8485639686684073	0.8349281322943655	0.804177545691906
0.8511749347258486	0.8354806920583873	0.804177545691906
0.8524804177545692	0.8358377914513627	0.8028720626631853
0.8524804177545692	0.8368794398069958	0.804177545691906
0.8590078328981723	0.837548766010109	0.8028720626631853
0.8590078328981723	0.8375849876519202	0.804177545691906
0.8590078328981723	0.8386433057451267	0.804177545691906
0.8629242819843342	0.8393078222288356	0.8080939947780679
0.8629242819843342	0.8400818464494617	0.8080939947780679
0.8629242819843342	0.8410481593793037	0.8120104438642297
0.8629242819843342	0.8421367440872488	0.804177545691906
0.8629242819843342	0.8430779388373664	0.8080939947780679
0.8629242819843342	0.8440232449893195	0.8080939947780679
0.8629242819843342	0.8453157194517931	0.8080939947780679
0.8629242819843342	0.8466978548653361	0.8028720626631853
0.8629242819843342	0.8467066630342446	0.8080939947780679
0.8629242819843342	0.8471036146492048	0.8080939947780679
0.8629242819843342	0.8484509655816348	0.8080939947780679
0.8629242819843342	0.8493686371311413	0.8120104438642297
0.8629242819843342	0.8497261549225872	0.814621409921671
0.8629242819843342	0.8503944078356583	0.8120104438642297
0.8629242819843342	0.8511256712153284	0.814621409921671
0.8629242819843342	0.8518881790331728	0.814621409921671
0.8629242819843342	0.8527053655450675	0.814621409921671
0.8629242819843342	0.8531836719480997	0.814621409921671
0.8629242819843342	0.8538015704970608	0.814621409921671
0.8629242819843342	0.8547207635364386	0.8263707571801566
0.8642297650130548	0.855625489434079	0.8302872062663186
0.8642297650130548	0.8563471434393364	0.8263707571801566
0.8681462140992167	0.8571484200832128	0.8302872062663186
0.8681462140992167	0.8579268968386471	0.8263707571801566
0.8681462140992167	0.8587515893891855	0.8302872062663186
0.8681462140992167	0.8588886239801777	0.8289817232375979
0.8681462140992167	0.8588578329949417	0.8302872062663186
0.8681462140992167	0.8587730198885617	0.8302872062663186
0.8681462140992167	0.858968272806389	0.8263707571801566
0.8681462140992167	0.8596658734211303	0.8263707571801566
0.8681462140992167	0.8601632382905713	0.793733681462141
0.8681462140992167	0.8603719137670267	0.793733681462141
0.8681462140992167	0.8603507250658419	0.7767624020887729
0.8707571801566579	0.8606198123092714	0.7911227154046997
0.8772845953002611	0.8610679138094228	0.7911227154046997
0.8772845953002611	0.8610257448511199	0.7911227154046997
0.8772845953002611	0.8615139025836857	0.7911227154046997
0.8772845953002611	0.8627824023553843	0.8067885117493473
0.8772845953002611	0.8632913005197124	0.8067885117493473
0.8772845953002611	0.864321860906708	0.8067885117493473
0.8772845953002611	0.8646554453906021	0.8067885117493473
0.8772845953002611	0.8656961850358782	0.8067885117493473
0.8772845953002611	0.8662962283734978	0.8407310704960835
0.8772845953002611	0.8666292862415398	0.839425587467363
0.8798955613577023	0.8674977142264578	0.8407310704960835
0.8798955613577023	0.8680022062380746	0.8185378590078329
0.8798955613577023	0.8684432138379248	0.8342036553524804
0.8798955613577023	0.8690640878605961	0.8342036553524804
0.8798955613577023	0.8694263934367784	0.8342036553524804
0.8798955613577023	0.8698194783682798	0.8342036553524804
0.8798955613577023	0.8707749354734362	0.8342036553524804
0.8798955613577023	0.8707394502227376	0.8342036553524804
0.8798955613577023	0.8708988171447798	0.8342036553524804
0.8798955613577023	0.8714169003757289	0.8342036553524804
0.8825065274151436	0.8722726554732672	0.8368146214099217
0.8825065274151436	0.8727669002989462	0.8289817232375979
0.8825065274151436	0.8731448520977554	0.8224543080939948
0.8825065274151436	0.8733625949042629	0.8276762402088773
0.8825065274151436	0.8737293945256536	0.8276762402088773
0.8838120104438643	0.8741043832861236	0.8511749347258486
0.8838120104438643	0.8744644939940382	0.825065274151436
0.8838120104438643	0.8750305900709661	0.8511749347258486
0.8838120104438643	0.875505978028194	0.8472584856396866
0.8838120104438643	0.8760011302565603	0.8289817232375979
0.8838120104438643	0.8765187119234075	0.856396866840731
0.8838120104438643	0.8772562351223384	0.8498694516971279
0.8838120104438643	0.8773375820152081	0.8498694516971279
0.8838120104438643	0.8776777910971654	0.8420365535248042
0.8890339425587467	0.8781883211652187	0.8420365535248042
0.8890339425587467	0.8785273059742855	0.8420365535248042
0.8890339425587467	0.8790134291232589	0.8342036553524804
0.8890339425587467	0.8794210876787399	0.8368146214099217
0.8890339425587467	0.8795404264879848	0.8537859007832899
0.8890339425587467	0.8795318716989697	0.8537859007832899
0.8903394255874674	0.8797455889128778	0.856396866840731
0.8929503916449086	0.8801093826968908	0.860313315926893
0.9060052219321149	0.8804262235412175	0.8159268929503917
0.9060052219321149	0.8812055429495804	0.8629242819843342
0.9073107049608355	0.8816844235119894	0.8629242819843342
0.9073107049608355	0.8826168878361288	0.8289817232375979
0.9073107049608355	0.8839777718442177	0.8629242819843342
0.9073107049608355	0.8843819848710728	0.8629242819843342
0.9073107049608355	0.8855267414035606	0.856396866840731
0.9073107049608355	0.8868825279434038	0.8629242819843342
0.9086161879895561	0.888648981010347	0.8629242819843342
0.9086161879895561	0.8905387631460464	0.8629242819843342
0.9086161879895561	0.8918333105236711	0.8629242819843342
0.9086161879895561	0.8932468099532682	0.8629242819843342
0.9086161879895561	0.8933784624547367	0.8629242819843342
0.9086161879895561	0.8935407354958651	0.8629242819843342
0.9086161879895561	0.8948940322543601	0.8629242819843342
0.9086161879895561	0.8954633802742336	0.8629242819843342
0.9086161879895561	0.8964631194433256	0.8629242819843342
0.9086161879895561	0.8972708978518985	0.860313315926893
0.9086161879895561	0.8984035305184153	0.8642297650130548
0.9086161879895561	0.899327680629864	0.8511749347258486
0.9099216710182768	0.9009226933105617	0.8642297650130548
0.9099216710182768	0.9009049948078371	0.8590078328981723
0.9099216710182768	0.9012344815404876	0.8590078328981723
0.9216710182767625	0.9018713378799642	0.8629242819843342
0.9216710182767625	0.902821308413171	0.8629242819843342
0.9216710182767625	0.9034195120506785	0.8655352480417755
0.9216710182767625	0.903919580158048	0.8629242819843342
0.9216710182767625	0.9045642396668774	0.8655352480417755
0.9216710182767625	0.9051403936399972	0.8407310704960835
0.9242819843342036	0.9057358090443008	0.8733681462140992
0.9242819843342036	0.9063780934929991	0.8733681462140992
0.9255874673629243	0.9066877709676456	0.8642297650130548
0.9255874673629243	0.9075169246857943	0.8642297650130548
0.9255874673629243	0.9081422502563574	0.8067885117493473
0.9255874673629243	0.9090869191805311	0.8054830287206266
0.9255874673629243	0.9098383057425778	0.8524804177545692
0.9308093994778068	0.9102830177343106	0.8524804177545692
0.9308093994778068	0.911207438938879	0.8524804177545692
0.9308093994778068	0.9117279458973571	0.835509138381201
0.9308093994778068	0.9125813682693212	0.8798955613577023
0.9308093994778068	0.9129740593947792	0.8798955613577023
0.9321148825065274	0.9131133254771239	0.8825065274151436
0.9425587467362925	0.9141489493969878	0.8825065274151436
0.9425587467362925	0.9144113419685114	0.8772845953002611
0.943864229765013	0.9159946727458924	0.8759791122715405
0.943864229765013	0.9166984766819838	0.881201044386423
0.943864229765013	0.9179833040496214	0.881201044386423
0.9503916449086162	0.9195795380129906	0.8825065274151436
0.9503916449086162	0.9209342019654047	0.8825065274151436
0.9503916449086162	0.9228811428166364	0.8825065274151436
0.9503916449086162	0.9242592289812167	0.881201044386423
0.9503916449086162	0.9256447032403913	0.881201044386423
0.9503916449086162	0.9272376046361857	0.8759791122715405
0.9503916449086162	0.9291865707353522	0.8825065274151436
0.9503916449086162	0.9303700461656372	0.8929503916449086
0.9503916449086162	0.9311242561928792	0.8681462140992167
0.9503916449086162	0.9319518016669356	0.881201044386423
0.9503916449086162	0.9333042669165726	0.8851174934725848
0.9503916449086162	0.934414701490671	0.8851174934725848
0.9503916449086162	0.934715851246585	0.8877284595300261
0.9503916449086162	0.9351194071825706	0.8838120104438643
0.9503916449086162	0.9358800916746585	0.8851174934725848
0.9503916449086162	0.9366537805892188	0.8929503916449086
0.9503916449086162	0.9374089270172848	0.8942558746736292
0.9503916449086162	0.9380876536239808	0.8942558746736292
0.9503916449086162	0.93862245496952	0.8942558746736292
0.9503916449086162	0.939571246674363	0.8929503916449086
0.9503916449086162	0.9403716709358084	0.8942558746736292
0.9503916449086162	0.9410695900700935	0.8929503916449086
0.9503916449086162	0.9421910397962584	0.8942558746736292
0.9503916449086162	0.9426335100815523	0.8942558746736292
0.9503916449086162	0.9434908829529047	0.8942558746736292
0.9503916449086162	0.9438519370811278	0.9086161879895561
0.9503916449086162	0.9445100141597874	0.8838120104438643
0.9503916449086162	0.9449244749048084	0.8838120104438643
0.9503916449086162	0.9458832788769767	0.9060052219321149
0.9503916449086162	0.9466032163318315	0.9060052219321149
0.9503916449086162	0.9471405605351613	0.9046997389033943
0.9503916449086162	0.9473007816630498	0.9046997389033943
0.9503916449086162	0.9477043158115386	0.9046997389033943
0.9503916449086162	0.9475234767877186	0.9099216710182768
0.9503916449086162	0.9473868459821775	0.9033942558746736
0.9503916449086162	0.9478527110827687	0.9099216710182768
0.9503916449086162	0.9480862346312753	0.9138381201044387
0.9503916449086162	0.9479591029385906	0.9151436031331592
0.9503916449086162	0.9480774161918627	0.9099216710182768
0.9503916449086162	0.9478612145099516	0.9073107049608355
0.9503916449086162	0.9477686133888054	0.9164490861618799
0.9503916449086162	0.9478063868246659	0.912532637075718
0.9516971279373369	0.9486945972099451	0.912532637075718
0.9516971279373369	0.94887058487884	0.9099216710182768
0.9516971279373369	0.9487820027438393	0.9099216710182768
0.9516971279373369	0.948767985367083	0.9099216710182768
0.9516971279373369	0.948948028201632	0.9164490861618799
0.9516971279373369	0.9490247555309634	0.9033942558746736
0.9516971279373369	0.9495210573855039	0.9033942558746736
0.9516971279373369	0.9498578367963322	0.9033942558746736
0.9543080939947781	0.9501270521827819	0.9033942558746736
0.9543080939947781	0.9502392724213851	0.9177545691906005
0.9543080939947781	0.9504621901360469	0.9268929503916449
0.9543080939947781	0.9506085656787159	0.9321148825065274
0.9543080939947781	0.9506256988011227	0.9321148825065274
0.9543080939947781	0.9506988638427969	0.9321148825065274
0.9543080939947781	0.9506835051627901	0.9321148825065274
0.9543080939947781	0.9507225458573761	0.9321148825065274
0.9543080939947781	0.950862216850273	0.9321148825065274
0.9543080939947781	0.9508757975550497	0.9321148825065274
0.9543080939947781	0.9510267235437738	0.9321148825065274
0.9543080939947781	0.9511608213958287	0.9295039164490861
0.9543080939947781	0.9512851998791022	0.9295039164490861
0.9543080939947781	0.9514186666082779	0.9138381201044387
0.9543080939947781	0.9514627503738469	0.9138381201044387
0.9543080939947781	0.9516245577510561	0.9295039164490861
0.9543080939947781	0.9519465336502974	0.9295039164490861
0.9543080939947781	0.9520077348118029	0.9295039164490861
0.9543080939947781	0.9519202807838283	0.9112271540469974
0.95822454308094	0.9520675713666741	0.9295039164490861
0.95822454308094	0.9523409490388541	0.9321148825065274
0.95822454308094	0.9523200409077245	0.9151436031331592
0.95822454308094	0.9524407966928876	0.9164490861618799
0.95822454308094	0.9526254198955983	0.9164490861618799
0.95822454308094	0.952887580232011	0.9164490861618799
0.95822454308094	0.9530396240702432	0.9321148825065274
0.95822454308094	0.9531997812642045	0.9203655352480418
0.95822454308094	0.9534503370254078	0.9203655352480418
0.95822454308094	0.9536250013446718	0.9164490861618799
0.95822454308094	0.9538752354244082	0.9203655352480418
0.95822454308094	0.9539662000248347	0.9164490861618799
0.95822454308094	0.9543869589519342	0.9164490861618799
0.95822454308094	0.9547700223775194	0.922976501305483
0.9595300261096605	0.9550910782571683	0.922976501305483
0.9595300261096605	0.955122971770733	0.9216710182767625
0.9595300261096605	0.9551791781172615	0.9216710182767625
0.9595300261096605	0.9551408627606106	0.9151436031331592
0.9595300261096605	0.954972620591802	0.912532637075718
0.9595300261096605	0.9551009527975527	0.9151436031331592
0.9634464751958225	0.955156923459694	0.9151436031331592
0.9634464751958225	0.9551059312723325	0.912532637075718
0.9634464751958225	0.9552805842509461	0.9164490861618799
0.9634464751958225	0.9555984585170758	0.912532637075718
0.9634464751958225	0.9560862388950774	0.912532637075718
0.9634464751958225	0.9565713837516658	0.9151436031331592
0.9634464751958225	0.9567985307477644	0.9151436031331592
0.9634464751958225	0.9569762454759421	0.9164490861618799
0.9634464751958225	0.9572722995591112	0.9151436031331592
0.9634464751958225	0.9572486213228231	0.9151436031331592
0.9634464751958225	0.9576156675959586	0.912532637075718
0.9634464751958225	0.9580065880830095	0.912532637075718
0.9634464751958225	0.9583300291021521	0.912532637075718
0.9634464751958225	0.9586714113414668	0.9164490861618799
0.9634464751958225	0.9589590172377305	0.9164490861618799
0.9634464751958225	0.9593697297925776	0.9255874673629243
0.9673629242819843	0.959781739323389	0.9308093994778068
0.9673629242819843	0.9599093972461876	0.9295039164490861
0.9673629242819843	0.9600033287216436	0.9268929503916449
0.9673629242819843	0.9602432547569364	0.9268929503916449
0.9673629242819843	0.9603981241372538	0.9268929503916449
0.9673629242819843	0.9607014805347277	0.9425587467362925
0.9673629242819843	0.9609287050939468	0.9268929503916449
0.9673629242819843	0.961169452731442	0.9268929503916449
0.9673629242819843	0.9614723841263648	0.9268929503916449
1.0013054830287207	0.961817385702027	0.9268929503916449
1.0013054830287207	0.9622094692802614	0.9268929503916449
1.0013054830287207	0.9626918692310311	0.9477806788511749
1.0013054830287207	0.9629976006147412	0.9268929503916449
1.0013054830287207	0.9636365370869997	0.922976501305483
1.0013054830287207	0.9648208607538351	0.9308093994778068
1.0013054830287207	0.9669829210896481	0.9360313315926893
1.0013054830287207	0.9683926834441211	0.9412532637075718
1.0013054830287207	0.9704049115967993	0.9412532637075718
1.0013054830287207	0.9717529667083468	0.9412532637075718
1.0013054830287207	0.9732328599772776	0.9412532637075718
1.0013054830287207	0.974363604327235	0.943864229765013
1.0013054830287207	0.9753994632610119	0.943864229765013
1.0013054830287207	0.9771624015075872	0.943864229765013
1.0013054830287207	0.978411272871352	0.943864229765013
1.0013054830287207	0.9797733490097603	0.943864229765013
1.0013054830287207	0.9806031143336681	0.943864229765013
1.0013054830287207	0.9829802622538258	0.943864229765013
1.0013054830287207	0.9849562406712589	0.943864229765013
1.0013054830287207	0.9864046463360713	0.943864229765013
1.0013054830287207	0.9873409235409502	0.943864229765013
1.0013054830287207	0.9886351689783376	0.943864229765013
1.0013054830287207	0.9888289493559047	0.943864229765013
1.0013054830287207	0.9892371294605363	0.943864229765013
1.0013054830287207	0.9891757586370878	0.943864229765013
1.0013054830287207	0.991244445782685	0.9543080939947781
1.0013054830287207	0.9914252036281587	0.9543080939947781
1.0013054830287207	0.9923094531278146	0.9543080939947781
1.0013054830287207	0.993358971390865	0.9399477806788512
1.0013054830287207	0.9946752851863251	0.9543080939947781
1.0013054830287207	0.99479589261246	0.9543080939947781
1.0013054830287207	0.9945223840840989	0.9543080939947781
1.0013054830287207	0.994177616835419	0.9543080939947781
1.0013054830287207	0.9950914690912757	0.9543080939947781
1.0013054830287207	0.9947915557467759	0.9543080939947781
1.0013054830287207	0.9944915849174061	0.9543080939947781
1.0013054830287207	0.9951669502415006	0.9543080939947781
1.0013054830287207	0.9952103985792072	0.9543080939947781
1.0013054830287207	0.9952594073234531	0.9543080939947781
1.0013054830287207	0.9957601808613212	0.9543080939947781
1.0013054830287207	0.9956349894842228	0.9543080939947781
1.0013054830287207	0.9961659802254461	0.9503916449086162
1.0013054830287207	0.9962587882584221	0.9503916449086162
1.0013054830287207	0.9972765529061886	0.9503916449086162
1.0013054830287207	0.9979957780721295	0.9503916449086162
1.0013054830287207	0.9987113528620625	0.9543080939947781
1.0013054830287207	0.9986727939579507	0.9543080939947781
1.0013054830287207	0.9987022168712127	0.9543080939947781
1.0013054830287207	0.9990245587439721	0.9543080939947781
1.0013054830287207	0.9993727534725902	0.9386422976501305
1.0013054830287207	0.999539487547358	0.9386422976501305
1.0013054830287207	0.9999351788993023	0.9386422976501305
1.0013054830287207	0.9997959965187458	0.9386422976501305
1.0013054830287207	0.9998991502189135	0.9386422976501305
1.0013054830287207	1.0001778625095366	0.9386422976501305
1.0013054830287207	0.9999611339449532	0.9386422976501305
1.0013054830287207	1.000409046727038	0.9386422976501305
1.0013054830287207	1.0005381221821663	0.9386422976501305
1.0013054830287207	1.0007409498271478	0.9516971279373369
1.0013054830287207	1.0006834953496415	0.9543080939947781
1.0013054830287207	1.0005778367504534	0.9543080939947781
1.0013054830287207	1.0006786029056152	0.9543080939947781
1.0013054830287207	1.0008294467370176	0.9543080939947781
1.0013054830287207	1.0010109407323458	0.9543080939947781
1.0013054830287207	1.0010036889004745	0.9543080939947781
1.0013054830287207	1.0011035829706594	0.9543080939947781
1.0013054830287207	1.000878096834909	0.9543080939947781
1.0013054830287207	1.000837427958617	0.9543080939947781
1.0013054830287207	1.0007988981093792	0.9543080939947781
1.0013054830287207	1.0007932741295889	0.95822454308094
1.0013054830287207	1.0006872401501627	0.95822454308094
1.0013054830287207	1.0006967580618886	0.9543080939947781
1.0013054830287207	1.0006155880809422	0.9543080939947781
1.0013054830287207	1.0005979207612343	0.9543080939947781
1.0013054830287207	1.000837441171665	0.9543080939947781
1.0013054830287207	1.0009514191776572	0.9543080939947781
1.0013054830287207	1.0010576924382828	0.9543080939947781
1.0013054830287207	1.0012369875555627	0.95822454308094
1.0013054830287207	1.0012323163618653	0.9386422976501305
1.0013054830287207	1.001252695223553	0.9386422976501305
1.0013054830287207	1.00124869350291	0.9386422976501305
1.0013054830287207	1.000927277909211	0.860313315926893
1.0013054830287207	1.0007340390363408	0.860313315926893
1.0013054830287207	1.0006753195636804	0.9386422976501305
1.0013054830287207	1.0005372746039145	0.9386422976501305
1.0013054830287207	1.0007714523616764	0.9386422976501305
1.0013054830287207	1.000877488850016	0.9386422976501305
1.0013054830287207	1.0009638424829383	0.9386422976501305
1.0013054830287207	1.0009346909820795	0.9412532637075718
1.0013054830287207	1.0010616678299613	0.9412532637075718
1.0013054830287207	1.0011843695340383	0.933420365535248
1.0013054830287207	1.0013054830287582	1.0013054830287207
1.0013054830287207	1.0012887888723807	0.9686684073107049
1.0013054830287207	1.0012554517425272	0.9686684073107049
1.0013054830287207	1.0012388427516412	0.9686684073107049
1.0013054830287207	1.0012222676393703	0.9686684073107049
1.0013054830287207	1.0011225956966656	0.9686684073107049
1.0013054830287207	1.0010045243458012	0.9686684073107049
1.0013054830287207	1.0010207589721636	0.9686684073107049
1.0013054830287207	1.0011715533325665	0.9686684073107049
1.0013054830287207	1.001271041061486	0.9686684073107049
1.0013054830287207	1.0012876178276555	0.9686684073107049
1.0013054830287207	1.0013028390124976	1.0
1.0013054830287207	1.0013028416872738	1.0
1.0013054830287207	1.001302184688615	1.0
1.0013054830287207	1.0012909849840173	0.9817232375979112
1.0013054830287207	1.0012969246427907	1.0
1.0013054830287207	1.001271283977124	0.9503916449086162
1.0013054830287207	1.0012923427868987	1.0
1.0013054830287207	1.001285136133891	0.9843342036553525
1.0013054830287207	1.0012976147232109	1.0
1.0013054830287207	1.0012753514586021	0.9490861618798956
1.0013054830287207	1.0013002480090942	1.0
1.0013054830287207	1.0012989458077832	1.0
1.0013054830287207	1.001295033939984	1.0
1.0013054830287207	1.0012885202307835	1.0
1.0013054830287207	1.001289188932044	0.9986945169712794
1.0013054830287207	1.0012774851383666	0.97911227154047
1.0013054830287207	1.0012885709416894	0.9986945169712794
1.0013054830287207	1.0012853386913312	0.9986945169712794
