0.31070496083550914	0.16345953002610963	0.05613577023498695
0.42036553524804177	0.1796083550913839	0.06266318537859007
0.42036553524804177	0.196323759791123	0.0639686684073107
0.42036553524804177	0.20820887728459525	0.0731070496083551
0.42036553524804177	0.22216187989556146	0.08093994778067885
0.42036553524804177	0.23067885117493483	0.0731070496083551
0.4595300261096606	0.25251958224543086	0.09660574412532637
0.4595300261096606	0.2596187989556136	0.09138381201044386
0.4595300261096606	0.2751253263707568	0.10443864229765012
0.46344647519582244	0.29429503916449073	0.09138381201044386
0.47127937336814624	0.3138851174934724	0.09530026109660575
0.4869451697127937	0.33696866840731077	0.09530026109660575
0.5013054830287206	0.3546292428198431	0.10704960835509138
0.5078328981723238	0.3714046997389033	0.15013054830287206
0.5078328981723238	0.38301827676240235	0.1370757180156658
0.5169712793733682	0.4035900783289815	0.1370757180156658
0.5313315926892951	0.41365274151435993	0.10443864229765012
0.5326370757180157	0.42496083550913877	0.17101827676240208
0.6005221932114883	0.43779373368146257	0.17493472584856398
0.6005221932114883	0.44965535248041794	0.22323759791122716
0.6005221932114883	0.4584229765013053	0.2245430809399478
0.6109660574412533	0.4665587467362926	0.21671018276762402
0.6109660574412533	0.4720757180156657	0.2454308093994778
0.6109660574412533	0.4787284595300265	0.26109660574412535
0.6109660574412533	0.4799347258485643	0.27023498694516973
0.6109660574412533	0.4789425587467362	0.2362924281984334
0.6214099216710183	0.48177284595300296	0.23237597911227154
0.6214099216710183	0.4891618798955613	0.24673629242819844
0.6214099216710183	0.49439164490861676	0.2650130548302872
0.6214099216710183	0.48782767624020884	0.27023498694516973
0.6214099216710183	0.4931305483028721	0.2819843342036554
0.6214099216710183	0.49248302872062677	0.2885117493472585
0.6214099216710183	0.49616187989556165	0.293733681462141
0.6227154046997389	0.4916083550913835	0.293733681462141
0.6227154046997389	0.5009921671018275	0.2963446475195822
0.6266318537859008	0.4961566579634463	0.2819843342036554
0.6266318537859008	0.5038668407310706	0.32114882506527415
0.6292428198433421	0.5005639686684069	0.2754569190600522
0.6292428198433421	0.4973733681462135	0.2793733681462141
0.6292428198433421	0.5109216710182769	0.29112271540469975
0.6344647519582245	0.520535248041776	0.3198433420365535
0.6344647519582245	0.5178067885117491	0.3002610966057441
0.6344647519582245	0.527253263707572	0.31592689295039167
0.6357702349869452	0.5332271540469972	0.3133159268929504
0.6357702349869452	0.5554099216710178	0.3133159268929504
0.6357702349869452	0.569825065274152	0.31462140992167104
0.6370757180156658	0.5743263707571805	0.3642297650130548
0.6370757180156658	0.5825274151436037	0.3577023498694517
0.6370757180156658	0.5970365535248048	0.3733681462140992
0.639686684073107	0.6020339425587474	0.3733681462140992
0.639686684073107	0.6102454308094	0.370757180156658
0.639686684073107	0.6165848563968666	0.4112271540469974
0.6409921671018277	0.6245065274151445	0.42689295039164493
0.6409921671018277	0.6247075718015664	0.4255874673629243
0.6409921671018277	0.626490861618799	0.42950391644908614
0.6409921671018277	0.6284255874673627	0.44386422976501305
0.6409921671018277	0.6297441253263711	0.5
0.6409921671018277	0.6303550913838114	0.5078328981723238
0.6409921671018277	0.6319138381201042	0.5026109660574413
0.6409921671018277	0.6322610966057441	0.5026109660574413
0.6409921671018277	0.6330548302872059	0.5026109660574413
0.643603133159269	0.6332323759791113	0.5026109660574413
0.643603133159269	0.6342428198433419	0.6174934725848564
0.6488250652741514	0.6345274151436018	0.6174934725848564
0.6501305483028721	0.6351174934725842	0.618798955613577
0.6501305483028721	0.6353629242819838	0.6201044386422977
0.6501305483028721	0.6351018276762396	0.6174934725848564
0.6514360313315927	0.6357023498694507	0.6201044386422977
0.6514360313315927	0.635932114882506	0.618798955613577
0.6514360313315927	0.6366579634464744	0.618798955613577
0.6514360313315927	0.6378590078328973	0.6201044386422977
0.6514360313315927	0.638357702349869	0.6201044386422977
0.6514360313315927	0.6389321148825053	0.6201044386422977
0.6514360313315927	0.639399477806788	0.6214099216710183
0.6514360313315927	0.6402506527415134	0.6214099216710183
0.6514360313315927	0.6407023498694503	0.5339425587467362
0.6514360313315927	0.6417023498694512	0.6227154046997389
0.6514360313315927	0.6430992167101816	0.6240208877284595
0.6514360313315927	0.6437389033942542	0.6279373368146214
0.6514360313315927	0.6438433420365522	0.6279373368146214
0.6514360313315927	0.6447258485639673	0.6279373368146214
0.6514360313315927	0.6449843342036543	0.6253263707571801
0.6514360313315927	0.6457180156657957	0.6279373368146214
0.6514360313315927	0.6458381201044376	0.5130548302872062
0.6553524804177546	0.6466422976501291	0.5091383812010444
0.6553524804177546	0.6474490861618785	0.6279373368146214
0.6553524804177546	0.6474412532637065	0.6292428198433421
0.6553524804177546	0.6476161879895547	0.6318537859007833
0.6553524804177546	0.6477049608355078	0.6318537859007833
0.6553524804177546	0.6483394255874662	0.5887728459530026
0.6553524804177546	0.6487519582245416	0.6318537859007833
0.6553524804177546	0.6486266318537847	0.6331592689295039
0.6553524804177546	0.6489973890339416	0.6331592689295039
0.6553524804177546	0.6490835509138374	0.6331592689295039
0.6553524804177546	0.649130548302871	0.6331592689295039
0.6553524804177546	0.6490130548302865	0.6266318537859008
0.6553524804177546	0.6492036553524801	0.6266318537859008
0.6566579634464752	0.6494934725848569	0.6266318537859008
0.6566579634464752	0.649986945169713	0.6344647519582245
0.6657963446475196	0.6506318537859007	0.6344647519582245
0.6657963446475196	0.6510261096605746	0.6370757180156658
0.6710182767624021	0.6510469973890342	0.6370757180156658
0.6710182767624021	0.6518355091383813	0.639686684073107
0.6710182767624021	0.6528746736292427	0.639686684073107
0.6710182767624021	0.6536266318537868	0.639686684073107
0.6710182767624021	0.6549399477806789	0.639686684073107
0.6814621409921671	0.655203655352481	0.6370757180156658
0.685378590078329	0.6564569190600528	0.5900783289817232
0.685378590078329	0.6572845953002611	0.5887728459530026
0.685378590078329	0.6591018276762413	0.6409921671018277
0.685378590078329	0.6595404699738917	0.6357702349869452
0.685378590078329	0.6611018276762402	0.6409921671018277
0.685378590078329	0.6612219321148829	0.6409921671018277
0.685378590078329	0.6625221932114881	0.6409921671018277
0.6919060052219321	0.6645665796344645	0.5496083550913838
0.6919060052219321	0.6653107049608347	0.6409921671018277
0.6919060052219321	0.6677049608355078	0.6409921671018277
0.6919060052219321	0.6686005221932103	0.6409921671018277
0.6919060052219321	0.6700104438642293	0.6409921671018277
0.6919060052219321	0.6705691906005211	0.6409921671018277
0.6919060052219321	0.6716657963446456	0.6409921671018277
0.6919060052219321	0.6730574412532626	0.6409921671018277
0.6971279373368147	0.6751096605744111	0.6409921671018277
0.6971279373368147	0.6770757180156641	0.6501305483028721
0.6971279373368147	0.6779947780678836	0.6501305483028721
0.6971279373368147	0.678107049608353	0.6449086161879896
0.6971279373368147	0.6797571801566555	0.6514360313315927
0.6971279373368147	0.6817023498694493	0.6514360313315927
0.6971279373368147	0.6835561357702332	0.6514360313315927
0.6971279373368147	0.6845013054830276	0.6514360313315927
0.6971279373368147	0.6850704960835496	0.6553524804177546
0.6971279373368147	0.6852819843342008	0.6527415143603134
0.6971279373368147	0.6868198433420348	0.6553524804177546
0.6971279373368147	0.6875979112271523	0.6553524804177546
0.6971279373368147	0.6878250652741503	0.6553524804177546
0.7088772845953003	0.6884830287206256	0.6527415143603134
0.7088772845953003	0.6891409921670999	0.6553524804177546
0.7088772845953003	0.6898642297650118	0.5926892950391645
0.7088772845953003	0.6900261096605731	0.6527415143603134
0.7088772845953003	0.690248041775456	0.6501305483028721
0.7088772845953003	0.6908355091383802	0.660574412532637
0.7088772845953003	0.6912819843342021	0.6553524804177546
0.7088772845953003	0.6932402088772835	0.6553524804177546
0.7088772845953003	0.6937154046997386	0.6553524804177546
0.7088772845953003	0.6944203655352474	0.6553524804177546
0.7088772845953003	0.6960391644908609	0.6553524804177546
0.7088772845953003	0.6979556135770234	0.6553524804177546
0.7088772845953003	0.6987859007832896	0.5900783289817232
0.7088772845953003	0.6978302872062663	0.6109660574412533
0.7088772845953003	0.69722454308094	0.5926892950391645
0.7088772845953003	0.6985509138381206	0.5926892950391645
0.7088772845953003	0.6999425587467363	0.660574412532637
0.7101827676240209	0.7010130548302878	0.6553524804177546
0.7101827676240209	0.7013994778067885	0.6553524804177546
0.7101827676240209	0.701838120104439	0.660574412532637
0.7101827676240209	0.7028015665796349	0.6697127937336814
0.7101827676240209	0.7029973890339429	0.660574412532637
0.7101827676240209	0.7042532637075726	0.6671018276762402
0.7101827676240209	0.7053994778067897	0.6697127937336814
0.7101827676240209	0.705308093994779	0.6697127937336814
0.7127937336814621	0.7056031331592694	0.6697127937336814
0.7127937336814621	0.7059973890339429	0.6814621409921671
0.7127937336814621	0.7056214099216711	0.6697127937336814
0.7127937336814621	0.7056527415143606	0.6697127937336814
0.7127937336814621	0.7068172323759795	0.6814621409921671
0.7127937336814621	0.7069112271540471	0.6566579634464752
0.7127937336814621	0.7077336814621417	0.6566579634464752
0.7127937336814621	0.7077180156657963	0.6566579634464752
0.7127937336814621	0.7077258485639684	0.6566579634464752
0.7127937336814621	0.7077989556135765	0.6566579634464752
0.7140992167101827	0.7075561357702348	0.6657963446475196
0.7140992167101827	0.707143603133159	0.6657963446475196
0.7140992167101827	0.7065274151436018	0.6657963446475196
0.7140992167101827	0.7073498694516955	0.6736292428198434
0.7180156657963447	0.7069921671018269	0.6723237597911227
0.7180156657963447	0.707715404699739	0.6697127937336814
0.7180156657963447	0.708148825065274	0.6736292428198434
0.7232375979112271	0.7082715404699739	0.674934725848564
0.7297650130548303	0.7085248041775458	0.674934725848564
0.7297650130548303	0.7101096605744128	0.674934725848564
0.7297650130548303	0.7112558746736305	0.674934725848564
0.7297650130548303	0.7120678851174945	0.6814621409921671
0.7297650130548303	0.712738903394257	0.6814621409921671
0.7297650130548303	0.7123577023498706	0.6814621409921671
0.7297650130548303	0.7132845953002619	0.6684073107049608
0.7297650130548303	0.714036553524806	0.6814621409921671
0.7297650130548303	0.7148433420365549	0.6736292428198434
0.7310704960835509	0.7157519582245448	0.6814621409921671
0.7310704960835509	0.7153785900783306	0.6814621409921671
0.7558746736292428	0.7157754569190612	0.6723237597911227
0.7558746736292428	0.7171462140992193	0.6723237597911227
0.7610966057441253	0.7178041775456939	0.6723237597911227
0.7610966057441253	0.719274151436031	0.6762402088772846
0.7610966057441253	0.7215456919060057	0.6879895561357703
0.7610966057441253	0.7235039164490871	0.7036553524804178
0.7610966057441253	0.7241383812010458	0.7036553524804178
0.7780678851174935	0.7262976501305498	0.6997389033942559
0.7780678851174935	0.7284804177545698	0.6997389033942559
0.7780678851174935	0.7308642297650135	0.6997389033942559
0.7780678851174935	0.7324151436031349	0.6971279373368147
0.7780678851174935	0.7348146214099225	0.6971279373368147
0.7780678851174935	0.736890339425589	0.6919060052219321
0.7780678851174935	0.7390078328981732	0.6919060052219321
0.7780678851174935	0.7415770234986943	0.6919060052219321
0.7780678851174935	0.7426109660574415	0.706266318537859
0.7780678851174935	0.7461827676240206	0.7088772845953003
0.7780678851174935	0.7456579634464755	0.706266318537859
0.7780678851174935	0.7496788511749356	0.7075718015665796
0.7780678851174935	0.7518485639686685	0.7075718015665796
0.7780678851174935	0.7523237597911219	0.7088772845953003
0.7780678851174935	0.7506997389033941	0.6697127937336814
0.7780678851174935	0.7519399477806787	0.6762402088772846
0.7806788511749347	0.7563942558746726	0.7101827676240209
0.7806788511749347	0.7594960835509121	0.7127937336814621
0.7806788511749347	0.7617624020887708	0.7127937336814621
0.7819843342036553	0.7638511749347238	0.7101827676240209
0.7819843342036553	0.7646318537858987	0.7127937336814621
0.7819843342036553	0.7638250652741492	0.7127937336814621
0.7819843342036553	0.7646501305483008	0.7101827676240209
0.7819843342036553	0.7646971279373344	0.7101827676240209
0.7819843342036553	0.765877284595298	0.7101827676240209
0.7819843342036553	0.7647676240208858	0.7127937336814621
0.7819843342036553	0.7652793733681434	0.7101827676240209
0.7819843342036553	0.7681958224543042	0.7101827676240209
0.793733681462141	0.7684308093994747	0.7101827676240209
0.793733681462141	0.7712140992167066	0.7101827676240209
0.793733681462141	0.7711775456919013	0.7101827676240209
0.793733681462141	0.7726005221932066	0.7180156657963447
0.793733681462141	0.7728250652741467	0.7127937336814621
0.793733681462141	0.7741906005221881	0.716710182767624
0.793733681462141	0.7744360313315877	0.716710182767624
0.793733681462141	0.7761514360313262	0.716710182767624
0.793733681462141	0.7769530026109605	0.7180156657963447
0.793733681462141	0.7790966057441198	0.7180156657963447
0.793733681462141	0.7801201044386361	0.7232375979112271
0.793733681462141	0.7815378590078269	0.7232375979112271
0.793733681462141	0.7831853785900723	0.7349869451697127
0.793733681462141	0.783459530026104	0.7232375979112271
0.793733681462141	0.7837989556135717	0.7402088772845953
0.793733681462141	0.784704960835504	0.7402088772845953
0.793733681462141	0.7852193211488192	0.7402088772845953
0.793733681462141	0.785321148825059	0.758485639686684
0.793733681462141	0.7856997389033882	0.7558746736292428
0.793733681462141	0.786600522193206	0.758485639686684
0.793733681462141	0.7867258485639628	0.7558746736292428
0.793733681462141	0.7865979112271481	0.7558746736292428
0.7963446475195822	0.7866945169712739	0.7558746736292428
0.7963446475195822	0.7873211488250598	0.7610966057441253
0.7963446475195822	0.7885822454308045	0.7610966057441253
0.7963446475195822	0.7875953002610913	0.7610966057441253
0.7963446475195822	0.7879242819843287	0.7610966057441253
0.7963446475195822	0.788637075718011	0.7597911227154047
0.7963446475195822	0.7889033942558694	0.7610966057441253
0.7963446475195822	0.7889060052219278	0.758485639686684
0.7963446475195822	0.7900809399477752	0.7610966057441253
0.7963446475195822	0.7906266318537815	0.7610966057441253
0.7963446475195822	0.7909347258485591	0.7610966057441253
0.7963446475195822	0.790911227154042	0.7650130548302873
0.7963446475195822	0.7912036553524758	0.7650130548302873
0.7963446475195822	0.7923942558746688	0.7702349869451697
0.7963446475195822	0.7926135770234938	0.7702349869451697
0.8015665796344648	0.7930939947780626	0.7715404699738904
0.8015665796344648	0.793584856396862	0.7715404699738904
0.8015665796344648	0.7935195822454251	0.7715404699738904
0.8015665796344648	0.7942741514360269	0.7715404699738904
0.8015665796344648	0.7943707571801526	0.7754569190600522
0.8015665796344648	0.7943577023498661	0.7728459530026109
0.8015665796344648	0.795114882506525	0.7728459530026109
0.8015665796344648	0.7955561357702317	0.7767624020887729
0.8015665796344648	0.7953890339425561	0.7676240208877284
0.8015665796344648	0.7955326370757159	0.7780678851174935
0.8015665796344648	0.7960522193211471	0.783289817232376
0.8015665796344648	0.7961958224543073	0.783289817232376
0.8015665796344648	0.7965378590078309	0.7532637075718016
0.8015665796344648	0.7971279373368131	0.7532637075718016
0.8015665796344648	0.7972480417754557	0.7728459530026109
0.8028720626631853	0.796942558746735	0.7728459530026109
0.8028720626631853	0.7972271540469958	0.7767624020887729
0.8028720626631853	0.7973133159268928	0.7728459530026109
0.8028720626631853	0.7977258485639687	0.7728459530026109
0.8028720626631853	0.7983342036553517	0.7806788511749347
0.8028720626631853	0.7986814621409914	0.7806788511749347
0.8028720626631853	0.7988772845953006	0.7898172323759791
0.804177545691906	0.7988981723237606	0.7898172323759791
0.804177545691906	0.7983315926892948	0.7898172323759791
0.8120104438642297	0.7983237597911235	0.7859007832898173
0.8120104438642297	0.7984856396866846	0.7859007832898173
0.8120104438642297	0.7986553524804183	0.7859007832898173
0.8120104438642297	0.7994543080939959	0.7767624020887729
0.8120104438642297	0.7996684073107062	0.7767624020887729
0.8133159268929504	0.8005718015665807	0.7780678851174935
0.8133159268929504	0.8003603133159276	0.7859007832898173
0.8133159268929504	0.8006501305483035	0.7859007832898173
0.8133159268929504	0.801310704960836	0.7859007832898173
0.8133159268929504	0.8021958224543093	0.7859007832898173
0.8133159268929504	0.8023446475195832	0.7859007832898173
0.8133159268929504	0.803093994778068	0.7859007832898173
0.8133159268929504	0.8032663185378587	0.7859007832898173
0.8133159268929504	0.8036579634464746	0.7637075718015666
0.8133159268929504	0.803480417754568	0.7637075718015666
0.8133159268929504	0.8045456919060044	0.7323759791122716
0.814621409921671	0.8048224543080935	0.7754569190600522
0.814621409921671	0.8050026109660552	0.7859007832898173
0.814621409921671	0.805851174934724	0.779373368146214
0.814621409921671	0.8059007832898152	0.779373368146214
0.814621409921671	0.8062219321148814	0.7780678851174935
0.814621409921671	0.8068302872062645	0.7689295039164491
0.814621409921671	0.8079738903394241	0.7845953002610966
0.814621409921671	0.8077049608355072	0.7859007832898173
0.814621409921671	0.8075535248041755	0.7859007832898173
0.814621409921671	0.807673629242818	0.7859007832898173
0.814621409921671	0.8074516971279373	0.7728459530026109
0.814621409921671	0.8079765013054839	0.7715404699738904
0.814621409921671	0.807832898172324	0.7650130548302873
0.814621409921671	0.8084073107049622	0.7859007832898173
0.814621409921671	0.807545691906006	0.7859007832898173
0.814621409921671	0.8078146214099226	0.7859007832898173
0.814621409921671	0.8088120104438656	0.7859007832898173
0.814621409921671	0.8098772845953022	0.7754569190600522
0.814621409921671	0.8100522193211518	0.7898172323759791
0.814621409921671	0.8103968668407335	0.7898172323759791
0.814621409921671	0.8106187989556166	0.7219321148825065
0.814621409921671	0.8110678851174963	0.793733681462141
0.814621409921671	0.8118355091383839	0.793733681462141
0.814621409921671	0.8118146214099252	0.793733681462141
0.8159268929503917	0.8116135770235019	0.7924281984334204
0.8159268929503917	0.8117284595300293	0.779373368146214
0.8159268929503917	0.811733681462144	0.7924281984334204
0.8159268929503917	0.8116527415143633	0.7963446475195822
0.8159268929503917	0.811767624020891	0.7963446475195822
0.8159268929503917	0.811741514360316	0.7911227154046997
0.8159268929503917	0.8121853785900816	0.7911227154046997
0.8159268929503917	0.8124438642297687	0.7950391644908616
0.8159268929503917	0.812759791122718	0.7898172323759791
0.8159268929503917	0.812778067885122	0.7950391644908616
0.8159268929503917	0.8132584856396902	0.7950391644908616
0.8159268929503917	0.8133394255874722	0.7950391644908616
0.8159268929503917	0.8132219321148861	0.7911227154046997
0.8159268929503917	0.8133785900783336	0.7950391644908616
0.8159268929503917	0.8138015665796394	0.7950391644908616
0.8159268929503917	0.8141279373368193	0.7976501305483029
0.8159268929503917	0.8143185378590129	0.7976501305483029
0.8159268929503917	0.8143577023498763	0.7976501305483029
0.8159268929503917	0.8142872062663246	0.7963446475195822
0.8159268929503917	0.8145117493472649	0.7963446475195822
0.8159268929503917	0.8146396866840792	0.7963446475195822
0.8159268929503917	0.8145169712793786	0.7402088772845953
0.8159268929503917	0.8147362924282044	0.7963446475195822
0.8159268929503917	0.8149608355091432	0.7976501305483029
0.8159268929503917	0.8149973890339492	0.7976501305483029
0.825065274151436	0.8149216710182836	0.7963446475195822
0.825065274151436	0.8148877284595365	0.7963446475195822
0.825065274151436	0.815049608355098	0.7963446475195822
0.825065274151436	0.8151018276762473	0.7950391644908616
0.825065274151436	0.8150522193211551	0.6840731070496083
0.825065274151436	0.8149347258485709	0.6827676240208878
0.825065274151436	0.8153185378590138	0.6840731070496083
0.825065274151436	0.8157885117493533	0.6840731070496083
0.825065274151436	0.8168093994778126	0.7989556135770235
0.825065274151436	0.8169895561357758	0.7989556135770235
0.825065274151436	0.8175979112271577	0.7989556135770235
0.8368146214099217	0.8182637075718052	0.7989556135770235
0.8368146214099217	0.8181279373368188	0.7989556135770235
0.8368146214099217	0.8188511749347288	0.8107049608355091
0.8368146214099217	0.8196501305483049	0.7950391644908616
0.8368146214099217	0.8201018276762422	0.7950391644908616
0.8368146214099217	0.8205535248041783	0.8107049608355091
0.8381201044386423	0.8207780678851185	0.7780678851174935
0.8381201044386423	0.8221566579634477	0.7780678851174935
0.8381201044386423	0.8231984334203667	0.8093994778067886
0.8381201044386423	0.8240287206266321	0.814621409921671
0.8381201044386423	0.8257389033942566	0.814621409921671
0.8381201044386423	0.8263446475195833	0.814621409921671
0.8381201044386423	0.8270443864229767	0.814621409921671
0.8381201044386423	0.8270469973890342	0.814621409921671
0.8381201044386423	0.8274203655352478	0.814621409921671
0.8381201044386423	0.8282898172323766	0.814621409921671
0.8381201044386423	0.828691906005223	0.8133159268929504
0.8381201044386423	0.8289582245430822	0.804177545691906
0.8381201044386423	0.8283054830287218	0.804177545691906
0.8446475195822454	0.8290078328981744	0.814621409921671
0.8446475195822454	0.8297597911227175	0.814621409921671
0.8446475195822454	0.8293785900783306	0.814621409921671
0.8446475195822454	0.830177545691908	0.814621409921671
0.8446475195822454	0.8311096605744145	0.814621409921671
0.8446475195822454	0.8318798955613591	0.814621409921671
0.8446475195822454	0.8332245430809416	0.814621409921671
0.8446475195822454	0.8340391644908645	0.814621409921671
0.8446475195822454	0.8345274151436053	0.814621409921671
0.8446475195822454	0.8356187989556157	0.814621409921671
0.8446475195822454	0.8364804177545707	0.8159268929503917
0.8459530026109661	0.8368485639686698	0.814621409921671
0.8459530026109661	0.8373629242819843	0.8159268929503917
0.8459530026109661	0.8379503916449086	0.8159268929503917
0.8472584856396866	0.8376449086161882	0.8159268929503917
0.8472584856396866	0.8374020887728462	0.814621409921671
0.8472584856396866	0.8380861618798956	0.8159268929503917
0.8524804177545692	0.8395691906005214	0.8159268929503917
0.8524804177545692	0.8407728459530005	0.8159268929503917
0.8524804177545692	0.8411618798955599	0.8159268929503917
0.8550913838120104	0.8420913838120089	0.8159268929503917
0.8550913838120104	0.8421096605744112	0.8159268929503917
0.8550913838120104	0.842955613577022	0.8159268929503917
0.8550913838120104	0.8436031331592673	0.8159268929503917
0.8550913838120104	0.8441618798955608	0.6997389033942559
0.8550913838120104	0.8442689295039156	0.6997389033942559
0.8550913838120104	0.8450757180156641	0.7023498694516971
0.8550913838120104	0.8458877284595294	0.6997389033942559
0.8550913838120104	0.8472114882506528	0.825065274151436
0.8550913838120104	0.8471566579634461	0.825065274151436
0.8590078328981723	0.8475039164490854	0.825065274151436
0.8590078328981723	0.8477780678851178	0.825065274151436
0.8590078328981723	0.8486083550913848	0.825065274151436
0.8590078328981723	0.8497206266318549	0.825065274151436
0.8590078328981723	0.85005221932115	0.825065274151436
0.8590078328981723	0.8501879895561377	0.825065274151436
0.8590078328981723	0.850326370757182	0.825065274151436
0.8590078328981723	0.8512062663185392	0.8276762402088773
0.8616187989556136	0.8513942558746749	0.825065274151436
0.8616187989556136	0.8518302872062669	0.825065274151436
0.8616187989556136	0.8518381201044404	0.825065274151436
0.8616187989556136	0.8522715404699752	0.8315926892950392
0.8616187989556136	0.8525248041775467	0.8315926892950392
0.8616187989556136	0.853524804177546	0.8315926892950392
0.8616187989556136	0.8532819843342047	0.8315926892950392
0.8616187989556136	0.8529086161879903	0.8315926892950392
0.8629242819843342	0.8539791122715408	0.8315926892950392
0.8629242819843342	0.8543968668407309	0.8224543080939948
0.8629242819843342	0.8544308093994776	0.8315926892950392
0.8629242819843342	0.8547832898172327	0.783289817232376
0.8629242819843342	0.8554099216710171	0.8133159268929504
0.8629242819843342	0.8558067885117483	0.8133159268929504
0.8629242819843342	0.8562976501305468	0.825065274151436
0.8629242819843342	0.8565953002610956	0.8315926892950392
0.8629242819843342	0.8558694516971275	0.8054830287206266
0.8629242819843342	0.8566945169712811	0.8342036553524804
0.8629242819843342	0.856671018276763	0.8342036553524804
0.8629242819843342	0.8564673629242819	0.8342036553524804
0.8629242819843342	0.8566788511749356	0.8315926892950392
0.8668407310704961	0.8565900783289829	0.8315926892950392
0.8668407310704961	0.8575274151436032	0.8315926892950392
0.8668407310704961	0.8577597911227155	0.8328981723237598
0.8668407310704961	0.8582610966057447	0.8342036553524804
0.8668407310704961	0.8585848563968667	0.8315926892950392
0.8668407310704961	0.8589138381201046	0.8315926892950392
0.8668407310704961	0.8589112271540479	0.8315926892950392
0.8668407310704961	0.8590992167101837	0.8315926892950392
0.8668407310704961	0.8599164490861626	0.8315926892950392
0.8668407310704961	0.8604046997389042	0.8315926892950392
0.8668407310704961	0.8611305483028737	0.8315926892950392
0.8668407310704961	0.8613733681462155	0.8315926892950392
0.8668407310704961	0.862446475195824	0.8315926892950392
0.8668407310704961	0.8627336814621424	0.8472584856396866
0.8668407310704961	0.8629973890339443	0.8511749347258486
0.8668407310704961	0.8632219321148842	0.8498694516971279
0.8668407310704961	0.8632976501305515	0.8524804177545692
0.8994778067885117	0.8636449086161907	0.8524804177545692
0.8994778067885117	0.8638407310704984	0.8524804177545692
0.8994778067885117	0.8643211488250678	0.8472584856396866
0.8994778067885117	0.8649660574412558	0.8459530026109661
0.8994778067885117	0.8657676240208919	0.839425587467363
0.9033942558746736	0.867287206266321	0.839425587467363
0.9033942558746736	0.8698825065274179	0.8472584856396866
0.9033942558746736	0.8721723237597935	0.8485639686684073
0.9033942558746736	0.8742219321148855	0.8485639686684073
0.9033942558746736	0.8770261096605778	0.8485639686684073
0.9033942558746736	0.8795195822454333	0.8550913838120104
0.9033942558746736	0.8790522193211513	0.8550913838120104
0.9046997389033943	0.8795430809399504	0.8550913838120104
0.9046997389033943	0.8813263707571827	0.8550913838120104
0.9046997389033943	0.8842480417754591	0.8550913838120104
0.9046997389033943	0.8856057441253288	0.8550913838120104
0.9046997389033943	0.8875822454308112	0.856396866840731
0.9046997389033943	0.8881749347258507	0.8577023498694517
0.9046997389033943	0.8864725848563986	0.856396866840731
0.9046997389033943	0.8876657963446495	0.8498694516971279
0.9046997389033943	0.8889373368146227	0.8550913838120104
0.9046997389033943	0.8903629242819855	0.8577023498694517
0.9046997389033943	0.8915561357702357	0.8577023498694517
0.9046997389033943	0.8924386422976515	0.8590078328981723
0.9046997389033943	0.8944673629242826	0.860313315926893
0.9046997389033943	0.8956187989556139	0.860313315926893
0.9046997389033943	0.8960000000000001	0.860313315926893
0.9046997389033943	0.8965039164490862	0.860313315926893
0.9046997389033943	0.8983864229765005	0.860313315926893
0.9046997389033943	0.899391644908615	0.860313315926893
0.9046997389033943	0.9004882506527401	0.8616187989556136
0.9046997389033943	0.9003994778067871	0.8616187989556136
0.9046997389033943	0.9007049608355073	0.8616187989556136
0.9046997389033943	0.9015613577023482	0.8616187989556136
0.9046997389033943	0.9027127937336793	0.8642297650130548
0.9046997389033943	0.9029556135770215	0.8642297650130548
0.9046997389033943	0.9029791122715384	0.8642297650130548
0.9046997389033943	0.9038407310704933	0.8642297650130548
0.9046997389033943	0.9042088772845922	0.8681462140992167
0.9046997389033943	0.904284595300258	0.8994778067885117
0.9046997389033943	0.904422976501302	0.8994778067885117
0.9046997389033943	0.9044569190600485	0.9007832898172323
0.9060052219321149	0.9044516971279338	0.8994778067885117
0.9073107049608355	0.9044725848563933	0.8994778067885117
0.9073107049608355	0.9045195822454271	0.8994778067885117
0.9073107049608355	0.9045326370757144	0.8994778067885117
0.9073107049608355	0.9045561357702314	0.8838120104438643
0.9073107049608355	0.9046422976501273	0.8838120104438643
0.9073107049608355	0.9047310704960804	0.8838120104438643
0.9073107049608355	0.9047597911227121	0.8838120104438643
0.9073107049608355	0.9047859007832868	0.8838120104438643
0.9073107049608355	0.9046396866840697	0.8825065274151436
0.9073107049608355	0.9048302872062632	0.8825065274151436
0.9073107049608355	0.9047362924281954	0.8825065274151436
0.9073107049608355	0.9049007832898144	0.8825065274151436
0.9073107049608355	0.9054177545691875	0.8838120104438643
0.9099216710182768	0.905438642297647	0.8838120104438643
0.9151436031331592	0.9053524804177523	0.8838120104438643
0.9151436031331592	0.9054647519582212	0.8838120104438643
0.9151436031331592	0.9060574412532604	0.8825065274151436
0.9151436031331592	0.9062114882506496	0.8838120104438643
0.9151436031331592	0.9062219321148789	0.8838120104438643
0.9151436031331592	0.9063681462140958	0.8825065274151436
0.9151436031331592	0.9067937336814584	0.8838120104438643
0.9151436031331592	0.9070522193211454	0.8838120104438643
0.9190600522193212	0.9071932114882468	0.8929503916449086
0.9190600522193212	0.9074647519582207	0.8825065274151436
0.9190600522193212	0.9081305483028684	0.9033942558746736
0.9190600522193212	0.9084569190600494	0.8054830287206266
0.9190600522193212	0.9089451697127905	0.9033942558746736
0.9190600522193212	0.9092558746736267	0.8942558746736292
0.9190600522193212	0.9096997389033921	0.9046997389033943
0.9190600522193212	0.9100939947780649	0.9033942558746736
0.9190600522193212	0.9105117493472563	0.9033942558746736
0.9190600522193212	0.9103237597911198	0.9033942558746736
0.9190600522193212	0.9108981723237572	0.9046997389033943
0.9190600522193212	0.9111462140992146	0.9007832898172323
0.9190600522193212	0.9110704960835482	0.9046997389033943
0.9190600522193212	0.9117127937336792	0.9033942558746736
0.9190600522193212	0.9124621409921646	0.9046997389033943
0.9190600522193212	0.9122140992167085	0.9046997389033943
0.9203655352480418	0.9129190600522172	0.9046997389033943
0.9203655352480418	0.9130156657963417	0.9046997389033943
0.9203655352480418	0.913159268929502	0.9046997389033943
0.9203655352480418	0.9133054830287181	0.9046997389033943
0.922976501305483	0.9134177545691881	0.9046997389033943
0.922976501305483	0.9137963446475178	0.9033942558746736
0.922976501305483	0.9140417754569171	0.9033942558746736
0.922976501305483	0.9143446475195799	0.9046997389033943
0.922976501305483	0.9148694516971254	0.9007832898172323
0.922976501305483	0.9148746736292407	0.9046997389033943
0.922976501305483	0.9147571801566544	0.9007832898172323
0.922976501305483	0.9152480417754542	0.9007832898172323
0.922976501305483	0.9158746736292405	0.891644908616188
0.922976501305483	0.9162767624020874	0.891644908616188
0.922976501305483	0.9163707571801548	0.891644908616188
0.922976501305483	0.916890339425586	0.9046997389033943
0.922976501305483	0.9171174934725832	0.9046997389033943
0.922976501305483	0.9173916449086138	0.9060052219321149
0.9242819843342036	0.9177232375979084	0.9073107049608355
0.9242819843342036	0.917872062663183	0.9073107049608355
0.9242819843342036	0.9179843342036521	0.9033942558746736
0.9242819843342036	0.9183498694516934	0.9033942558746736
0.9242819843342036	0.9186449086161854	0.9060052219321149
0.9242819843342036	0.9187806788511715	0.9073107049608355
0.9242819843342036	0.9189373368146194	0.9073107049608355
0.9242819843342036	0.9192454308093969	0.9073107049608355
0.9242819843342036	0.9194125326370731	0.9073107049608355
0.9242819843342036	0.9199765013054803	0.9073107049608355
0.9242819843342036	0.9198772845952968	0.9073107049608355
0.9242819843342036	0.9199791122715374	0.8942558746736292
0.9242819843342036	0.9200469973890306	0.8798955613577023
0.9242819843342036	0.9203759791122684	0.9073107049608355
0.9242819843342036	0.9199973890339396	0.9073107049608355
0.9242819843342036	0.9203368146214065	0.9046997389033943
0.9242819843342036	0.9206579634464719	0.9046997389033943
0.9242819843342036	0.9205744125326338	0.9046997389033943
0.9242819843342036	0.9205822454308045	0.9046997389033943
0.9242819843342036	0.9210574412532606	0.9046997389033943
0.9242819843342036	0.9215248041775411	0.9099216710182768
0.9242819843342036	0.9215091383811974	0.9086161879895561
0.9242819843342036	0.9215979112271498	0.9086161879895561
0.9242819843342036	0.9215404699738867	0.9073107049608355
0.9242819843342036	0.9221958224543033	0.9007832898172323
0.9242819843342036	0.9226214099216663	0.9073107049608355
0.9242819843342036	0.9225378590078283	0.9099216710182768
0.9242819843342036	0.9227415143603089	0.9099216710182768
0.9242819843342036	0.9226788511749299	0.9099216710182768
0.9242819843342036	0.9223368146214053	0.9099216710182768
0.9242819843342036	0.9226919060052171	0.9099216710182768
0.9242819843342036	0.9228328981723186	0.9099216710182768
0.9255874673629243	0.9228120104438599	0.8955613577023499
0.9255874673629243	0.9230052219321099	0.912532637075718
0.9268929503916449	0.9231305483028673	0.912532637075718
0.9268929503916449	0.9233028720626575	0.912532637075718
0.9268929503916449	0.9234255874673574	0.9138381201044387
0.9268929503916449	0.9233942558746684	0.9112271540469974
0.9268929503916449	0.9234073107049559	0.9112271540469974
0.9268929503916449	0.9235300261096553	0.9099216710182768
0.9268929503916449	0.923522193211483	0.9099216710182768
0.9268929503916449	0.9234595300261038	0.9033942558746736
0.9268929503916449	0.9234281984334153	0.9033942558746736
0.9268929503916449	0.9235953002610915	0.9151436031331592
0.9268929503916449	0.9235900783289757	0.9151436031331592
0.9268929503916449	0.9235013054830238	0.9190600522193212
0.9268929503916449	0.9238250652741457	0.9190600522193212
0.9268929503916449	0.9238929503916387	0.9151436031331592
0.9268929503916449	0.9238041775456862	0.912532637075718
0.9268929503916449	0.9239321148825008	0.9190600522193212
0.9268929503916449	0.9240208877284536	0.9190600522193212
0.9268929503916449	0.9241879895561291	0.9190600522193212
0.9268929503916449	0.9243080939947717	0.9190600522193212
0.9295039164490861	0.9242845953002546	0.9190600522193212
0.9295039164490861	0.9244334203655284	0.9190600522193212
0.9295039164490861	0.9248067885117423	0.9190600522193212
0.9295039164490861	0.9247963446475129	0.9190600522193212
0.9295039164490861	0.9252872062663121	0.9190600522193212
0.9295039164490861	0.9254960835509072	0.9203655352480418
0.9295039164490861	0.9257545691905944	0.9203655352480418
0.9308093994778068	0.9260365535247984	0.9190600522193212
0.9308093994778068	0.9263707571801519	0.9203655352480418
0.9308093994778068	0.9263002610966009	0.9190600522193212
0.9308093994778068	0.9263707571801525	0.9190600522193212
0.9308093994778068	0.9264569190600478	0.9203655352480418
0.9308093994778068	0.9266109660574373	0.9203655352480418
0.9347258485639687	0.9266840731070459	0.9190600522193212
0.9347258485639687	0.9269399477806757	0.9203655352480418
0.9347258485639687	0.9269190600522147	0.9138381201044387
0.9347258485639687	0.9275300261096571	0.9138381201044387
0.9412532637075718	0.9278485639686656	0.9138381201044387
0.9412532637075718	0.9280130548302861	0.8994778067885117
0.9425587467362925	0.9284699738903384	0.9177545691906005
0.9425587467362925	0.9286031331592678	0.9190600522193212
0.9451697127937336	0.9292114882506516	0.9190600522193212
0.9451697127937336	0.9295509138381199	0.9190600522193212
0.9451697127937336	0.930566579634465	0.9203655352480418
0.9451697127937336	0.9307702349869454	0.9203655352480418
0.9451697127937336	0.9312506527415136	0.9203655352480418
0.9451697127937336	0.9319321148825067	0.9177545691906005
0.9451697127937336	0.9325065274151435	0.9177545691906005
0.9451697127937336	0.9329869451697127	0.9177545691906005
0.9451697127937336	0.9339190600522206	0.9177545691906005
0.9451697127937336	0.9340731070496087	0.9190600522193212
0.9451697127937336	0.9346370757180164	0.9203655352480418
0.9451697127937336	0.934391644908616	0.9190600522193212
0.9451697127937336	0.9345535248041784	0.9190600522193212
0.9451697127937336	0.9358015665796363	0.9190600522193212
0.9451697127937336	0.9366605744125348	0.9203655352480418
0.9608355091383812	0.93712532637076	0.9203655352480418
0.9608355091383812	0.9376945169712825	0.9203655352480418
0.9608355091383812	0.9378668407310733	0.9203655352480418
0.9608355091383812	0.9377362924282011	0.922976501305483
0.9608355091383812	0.9382454308094035	0.922976501305483
0.9608355091383812	0.9386005221932143	0.9242819843342036
0.9608355091383812	0.9389738903394282	0.922976501305483
0.9608355091383812	0.9396292428198461	0.922976501305483
0.9608355091383812	0.9401723237597945	0.9242819843342036
0.9608355091383812	0.941300261096609	0.9242819843342036
0.9608355091383812	0.9432767624020924	0.9242819843342036
0.9634464751958225	0.9441906005221969	0.9242819843342036
0.9634464751958225	0.9448355091383851	0.9242819843342036
0.9634464751958225	0.9465665796344698	0.9242819843342036
0.9634464751958225	0.9475665796344701	0.9268929503916449
0.9634464751958225	0.9485352480417816	0.9268929503916449
0.9634464751958225	0.9490887728459572	0.9268929503916449
0.9634464751958225	0.949765013054835	0.9268929503916449
0.9634464751958225	0.9514151436031378	0.9268929503916449
0.9634464751958225	0.9514986945169762	0.9268929503916449
0.9634464751958225	0.9524751958224588	0.9268929503916449
0.9634464751958225	0.952485639686687	0.9295039164490861
0.9634464751958225	0.9525143603133202	0.9268929503916449
0.9634464751958225	0.9534360313315959	0.9295039164490861
0.9634464751958225	0.9541148825065303	0.9295039164490861
0.9634464751958225	0.9540992167101859	0.922976501305483
0.9634464751958225	0.9546475195822486	0.9295039164490861
0.9634464751958225	0.9541122715404728	0.9295039164490861
0.9634464751958225	0.9545874673629267	0.9268929503916449
0.9634464751958225	0.955647519582248	0.9295039164490861
0.9634464751958225	0.9552036553524823	0.9295039164490861
0.9634464751958225	0.9558981723237627	0.9295039164490861
0.9634464751958225	0.9566762402088805	0.9295039164490861
0.9634464751958225	0.9571148825065307	0.9295039164490861
0.9634464751958225	0.9570000000000032	0.9295039164490861
0.9634464751958225	0.9575221932114917	0.9295039164490861
0.9634464751958225	0.9570626631853817	0.9295039164490861
0.9634464751958225	0.9577702349869489	0.9295039164490861
0.9673629242819843	0.9585561357702383	0.9268929503916449
0.9673629242819843	0.9583994778067925	0.9268929503916449
0.9673629242819843	0.9577754569190641	0.9268929503916449
0.9712793733681462	0.9572637075718041	0.9268929503916449
0.9712793733681462	0.9576135770235009	0.9268929503916449
0.9712793733681462	0.9588877284595316	0.9268929503916449
0.9712793733681462	0.9591357702349893	0.9347258485639687
0.9712793733681462	0.9592689295039187	0.9347258485639687
0.9712793733681462	0.9602062663185406	0.9347258485639687
0.9712793733681462	0.9603577023498708	0.9295039164490861
0.9712793733681462	0.9610208877284613	0.9295039164490861
0.9712793733681462	0.9617806788511769	0.9295039164490861
0.9712793733681462	0.9624986945169723	0.9295039164490861
0.9712793733681462	0.9624516971279381	0.9295039164490861
0.9712793733681462	0.9624203655352483	0.9295039164490861
0.9712793733681462	0.9627728459530024	0.9295039164490861
0.9712793733681462	0.9632558746736286	0.9295039164490861
0.9712793733681462	0.9635665796344649	0.9281984334203656
0.9712793733681462	0.9641958224543079	0.9295039164490861
0.9712793733681462	0.9652767624020876	0.9295039164490861
0.9712793733681462	0.9655535248041758	0.9399477806788512
0.9712793733681462	0.9651932114882497	0.9399477806788512
0.9712793733681462	0.9658746736292407	0.9386422976501305
0.9712793733681462	0.9668120104438612	0.9295039164490861
0.9712793733681462	0.96687467362924	0.943864229765013
0.9712793733681462	0.9668276762402056	0.943864229765013
0.9712793733681462	0.9661697127937312	0.943864229765013
0.9712793733681462	0.9657075718015642	0.9386422976501305
0.9712793733681462	0.9657676240208858	0.9399477806788512
0.9712793733681462	0.9663289817232356	0.9399477806788512
0.9712793733681462	0.966271540469971	0.9399477806788512
0.9712793733681462	0.9665169712793708	0.9399477806788512
0.9712793733681462	0.9672506527415107	0.9425587467362925
0.9712793733681462	0.9665509138381169	0.9425587467362925
0.9712793733681462	0.9666840731070463	0.9451697127937336
0.9712793733681462	0.9672976501305446	0.943864229765013
0.9712793733681462	0.9673446475195789	0.9399477806788512
0.9712793733681462	0.9675691906005187	0.9464751958224543
0.9712793733681462	0.9673838120104404	0.9464751958224543
0.9712793733681462	0.967143603133155	0.9373368146214099
0.9712793733681462	0.9675874673629202	0.943864229765013
0.9712793733681462	0.9681436031331546	0.943864229765013
0.9712793733681462	0.9682558746736248	0.943864229765013
0.9712793733681462	0.9682819843341988	0.943864229765013
0.9712793733681462	0.9683289817232323	0.9360313315926893
0.9712793733681462	0.9683629242819797	0.9360313315926893
0.9712793733681462	0.9682610966057393	0.943864229765013
0.9712793733681462	0.9686866840731027	0.9477806788511749
0.9712793733681462	0.9685430809399437	0.9477806788511749
0.9712793733681462	0.968809399477802	0.9477806788511749
0.9712793733681462	0.9686657963446424	0.9477806788511749
0.9712793733681462	0.9691174934725788	0.9464751958224543
0.9712793733681462	0.9687493472584797	0.9464751958224543
0.9712793733681462	0.9690835509138318	0.9477806788511749
0.9712793733681462	0.9687023498694456	0.9373368146214099
0.9712793733681462	0.9694177545691836	0.9477806788511749
0.9712793733681462	0.9694151436031263	0.9477806788511749
0.9712793733681462	0.9695378590078259	0.9477806788511749
0.9712793733681462	0.9695613577023434	0.9477806788511749
0.9712793733681462	0.9699556135770167	0.9477806788511749
0.9712793733681462	0.9702558746736223	0.9477806788511749
0.9712793733681462	0.9701827676240137	0.9477806788511749
0.9712793733681462	0.9701984334203584	0.9477806788511749
0.9712793733681462	0.9702349869451624	0.9477806788511749
0.9712793733681462	0.970516971279366	0.9477806788511749
0.9712793733681462	0.9705587467362848	0.9634464751958225
0.9712793733681462	0.9706370757180081	0.9634464751958225
0.9712793733681462	0.9707937336814544	0.9634464751958225
0.9712793733681462	0.9706214099216632	0.9634464751958225
0.9712793733681462	0.9705744125326297	0.9634464751958225
0.9712793733681462	0.9707624020887649	0.9634464751958225
0.9712793733681462	0.9708563968668327	0.9634464751958225
0.9712793733681462	0.9710600522193129	0.9634464751958225
0.9712793733681462	0.9711775456918975	0.9634464751958225
0.9712793733681462	0.9710757180156575	0.9634464751958225
0.9712793733681462	0.971216710182759	0.9634464751958225
0.9712793733681462	0.9711462140992081	0.9634464751958225
0.9712793733681462	0.9711697127937252	0.9634464751958225
0.9712793733681462	0.9711436031331508	0.9621409921671018
0.9712793733681462	0.9711018276762317	0.9634464751958225
0.9712793733681462	0.9710783289817148	0.9477806788511749
0.9712793733681462	0.9711096605744041	0.9634464751958225
0.9712793733681462	0.9712323759791036	0.9634464751958225
0.9712793733681462	0.9712036553524719	0.9634464751958225
0.9712793733681462	0.9712036553524719	0.9634464751958225
0.9712793733681462	0.971240208877276	0.9634464751958225
0.9712793733681462	0.9712532637075632	0.9699738903394256
0.9712793733681462	0.9712637075717929	0.9699738903394256
0.9725848563968669	0.9712715404699651	0.9699738903394256
0.9725848563968669	0.97127676240208	0.9699738903394256
0.9725848563968669	0.9712663185378504	0.9699738903394256
0.9725848563968669	0.9712663185378504	0.9699738903394256
0.9725848563968669	0.9712637075717929	0.9686684073107049
0.9725848563968669	0.9712584856396781	0.9686684073107049
0.9725848563968669	0.9712480417754483	0.9686684073107049
0.9725848563968669	0.9712715404699652	0.9686684073107049
0.9725848563968669	0.9713080939947694	0.9686684073107049
0.9725848563968669	0.9713550913838034	0.9686684073107049
0.9725848563968669	0.9714621409921586	0.9686684073107049
0.9725848563968669	0.971530026109652	0.9660574412532638
0.9725848563968669	0.9715639686683989	0.9712793733681462
0.9725848563968669	0.9716344647519504	0.9712793733681462
0.9725848563968669	0.9716553524804098	0.9712793733681462
0.9725848563968669	0.9716710182767548	0.9712793733681462
0.9725848563968669	0.9716762402088699	0.9712793733681462
0.9725848563968669	0.9717389033942482	0.9712793733681462
0.9725848563968669	0.9717702349869374	0.9712793733681462
0.9725848563968669	0.9718198433420289	0.9712793733681462
0.9725848563968669	0.9718616187989481	0.9712793733681462
0.9725848563968669	0.9718381201044312	0.9712793733681462
0.9725848563968669	0.9718981723237526	0.9712793733681462
0.9725848563968669	0.9719033942558668	0.9712793733681462
0.9725848563968669	0.9719582245430739	0.9712793733681462
0.9725848563968669	0.9720522193211419	0.9712793733681462
0.9725848563968669	0.9720626631853722	0.9712793733681462
0.9725848563968669	0.9721331592689225	0.9712793733681462
0.9725848563968669	0.9721853785900714	0.9712793733681462
0.9725848563968669	0.9721801566579571	0.9712793733681462
0.9725848563968669	0.9722088772845884	0.9712793733681462
0.9738903394255874	0.972206266318531	0.9712793733681462
0.9738903394255874	0.972211488250646	0.9712793733681462
0.9738903394255874	0.9722689295039098	0.9712793733681462
0.9738903394255874	0.9722950391644848	0.9712793733681462
0.9738903394255874	0.9722558746736227	0.9242819843342036
0.9738903394255874	0.9723498694516906	0.9242819843342036
0.9738903394255874	0.9723916449086101	0.9242819843342036
0.9738903394255874	0.9725039164490799	0.95822454308094
0.9738903394255874	0.9724438642297589	0.9569190600522193
0.9738903394255874	0.9725404699738842	0.95822454308094
0.9738903394255874	0.9726396866840665	0.9569190600522193
0.9738903394255874	0.9726814621409858	0.95822454308094
0.9738903394255874	0.9724673629242756	0.9255874673629243
0.9738903394255874	0.9724203655352416	0.9242819843342036
0.9738903394255874	0.9724360313315863	0.9569190600522193
0.9738903394255874	0.9725509138381133	0.9569190600522193
0.9738903394255874	0.9725691906005159	0.9569190600522193
0.9738903394255874	0.9726736292428133	0.9569190600522193
0.9778067885117493	0.9726370757180093	0.9569190600522193
0.9778067885117493	0.9727336814621342	0.9569190600522193
0.9778067885117493	0.9727963446475133	0.9569190600522193
0.9778067885117493	0.9729242819843278	0.9569190600522193
0.9778067885117493	0.9732167101827623	0.95822454308094
0.9778067885117493	0.9734908616187942	0.9569190600522193
0.9778067885117493	0.9739347258485601	0.9673629242819843
0.9778067885117493	0.9744020887728424	0.9673629242819843
0.9778067885117493	0.9744543080939924	0.9673629242819843
0.9778067885117493	0.9745822454308083	0.8798955613577023
0.9778067885117493	0.9749895561357689	0.9712793733681462
0.9778067885117493	0.9750130548302866	0.9673629242819843
0.9778067885117493	0.9750261096605741	0.9712793733681462
0.9778067885117493	0.975174934725849	0.9712793733681462
0.9778067885117493	0.9751540469973881	0.9712793733681462
0.9778067885117493	0.9749556135770227	0.9360313315926893
0.9778067885117493	0.9744960835509132	0.9360313315926893
0.9778067885117493	0.9748093994778066	0.9360313315926893
0.9778067885117493	0.9752167101827675	0.9360313315926893
0.9778067885117493	0.974929503916449	0.9360313315926893
0.9778067885117493	0.9749477806788526	0.9360313315926893
0.9778067885117493	0.9753785900783302	0.9360313315926893
0.9778067885117493	0.9755195822454323	0.9360313315926893
0.9778067885117493	0.9754804177545693	0.9360313315926893
0.9778067885117493	0.9758355091383835	0.9360313315926893
0.9778067885117493	0.975945169712796	0.9360313315926893
0.9778067885117493	0.9758146214099263	0.9347258485639687
0.9778067885117493	0.9763368146214142	0.9360313315926893
0.9778067885117493	0.9765613577023546	0.9360313315926893
0.9778067885117493	0.9766475195822493	0.9712793733681462
0.9778067885117493	0.976804177545697	0.9712793733681462
0.9778067885117493	0.9769608355091433	0.9712793733681462
0.9778067885117493	0.9770208877284646	0.9712793733681462
0.9778067885117493	0.9770522193211545	0.9516971279373369
0.9778067885117493	0.9770861618799012	0.9712793733681462
0.9778067885117493	0.9771044386423032	0.9725848563968669
0.9778067885117493	0.9771227154047049	0.9712793733681462
0.9778067885117493	0.9773107049608415	0.9712793733681462
0.9778067885117493	0.9773759791122779	0.9725848563968669
0.9778067885117493	0.9773968668407379	0.9712793733681462
0.9778067885117493	0.9774099216710258	0.9725848563968669
0.9778067885117493	0.9774595300261166	0.9699738903394256
0.9778067885117493	0.9775848563968742	0.9725848563968669
0.9778067885117493	0.9776370757180226	0.9725848563968669
0.9778067885117493	0.9776318537859082	0.9738903394255874
0.9778067885117493	0.9776501305483098	0.9738903394255874
0.9778067885117493	0.9776292428198506	0.9738903394255874
0.9778067885117493	0.9776344647519657	0.9738903394255874
0.9778067885117493	0.9776919060052295	0.9738903394255874
0.9778067885117493	0.9776657963446552	0.9738903394255874
0.9778067885117493	0.9776866840731147	0.9725848563968669
0.9778067885117493	0.9776997389034018	0.9725848563968669
0.9778067885117493	0.9776892950391718	0.9738903394255874
0.9778067885117493	0.9777075718015737	0.9738903394255874
0.9778067885117493	0.9777310704960909	0.9738903394255874
0.9778067885117493	0.9777258485639763	0.9738903394255874
0.9778067885117493	0.9777206266318614	0.9765013054830287
0.9778067885117493	0.977736292428206	0.9765013054830287
0.9778067885117493	0.9777519582245506	0.9765013054830287
0.9778067885117493	0.977736292428206	0.9765013054830287
0.9778067885117493	0.9777206266318614	0.9712793733681462
0.9778067885117493	0.9777389033942635	0.9765013054830287
0.9778067885117493	0.9777336814621487	0.9725848563968669
0.9778067885117493	0.9777127937336889	0.9712793733681462
0.9778067885117493	0.9777127937336888	0.9712793733681462
0.9778067885117493	0.977689295039172	0.9673629242819843
0.9778067885117493	0.9776762402088849	0.9673629242819843
0.9778067885117493	0.9776814621409996	0.9712793733681462
0.9778067885117493	0.9776945169712871	0.9712793733681462
0.9778067885117493	0.9776945169712868	0.9712793733681462
0.9778067885117493	0.9776449086161952	0.9712793733681462
0.9778067885117493	0.9775509138381275	0.9712793733681462
0.9778067885117493	0.977459530026117	0.9712793733681462
0.9778067885117493	0.9773707571801634	0.9699738903394256
0.9778067885117493	0.9774151436031397	0.9699738903394256
0.9778067885117493	0.9774334203655421	0.9699738903394256
0.9778067885117493	0.9773133159268995	0.9699738903394256
0.9778067885117493	0.977449086161887	0.9699738903394256
0.9778067885117493	0.9774725848564039	0.9712793733681462
0.9778067885117493	0.9773289817232442	0.8798955613577023
0.9778067885117493	0.9774778067885185	0.9712793733681462
0.9778067885117493	0.9774908616188058	0.9712793733681462
0.97911227154047	0.9775404699738975	0.9712793733681462
0.97911227154047	0.9776214099216783	0.9699738903394256
0.97911227154047	0.9776266318537931	0.9712793733681462
0.97911227154047	0.9777049608355165	0.9712793733681462
0.97911227154047	0.9776866840731142	0.9712793733681462
0.97911227154047	0.977655352480425	0.9712793733681462
0.97911227154047	0.9777075718015739	0.9712793733681462
0.97911227154047	0.977838120104446	0.9712793733681462
0.97911227154047	0.9779216710182838	0.9712793733681462
0.97911227154047	0.9778877284595371	0.9712793733681462
0.97911227154047	0.9780130548302943	0.9712793733681462
0.97911227154047	0.9781044386423045	0.9712793733681462
0.97911227154047	0.9780626631853853	0.9647519582245431
0.97911227154047	0.9780626631853853	0.9699738903394256
0.97911227154047	0.9779738903394319	0.9699738903394256
0.97911227154047	0.9779556135770295	0.9699738903394256
0.97911227154047	0.9781201044386484	0.9699738903394256
0.97911227154047	0.9781331592689354	0.9712793733681462
0.97911227154047	0.9780313315926947	0.9712793733681462
0.97911227154047	0.9781357702349931	0.9712793733681462
0.97911227154047	0.9780731070496141	0.9712793733681462
0.97911227154047	0.978248041775463	0.9712793733681462
0.97911227154047	0.9784177545691968	0.9712793733681462
0.97911227154047	0.9785169712793795	0.9712793733681462
0.97911227154047	0.978548302872069	0.9712793733681462
0.97911227154047	0.9784934725848624	0.9712793733681462
0.97911227154047	0.9785404699738964	0.9712793733681462
0.97911227154047	0.9786057441253323	0.9712793733681462
0.9804177545691906	0.9786187989556195	0.9712793733681462
0.9804177545691906	0.9786005221932178	0.9778067885117493
0.9804177545691906	0.9786501305483092	0.9778067885117493
0.9804177545691906	0.9787650130548362	0.9778067885117493
0.9804177545691906	0.978817232375985	0.9778067885117493
0.9804177545691906	0.9788302872062722	0.9778067885117493
0.9804177545691906	0.978877284595306	0.9778067885117493
0.9804177545691906	0.9789216710182829	0.9778067885117493
0.9804177545691906	0.9790182767624083	0.9778067885117493
0.9804177545691906	0.9790652741514421	0.9751958224543081
0.9804177545691906	0.9790548302872124	0.9778067885117493
0.9804177545691906	0.9791070496083616	0.9660574412532638
0.9804177545691906	0.9791070496083617	0.9660574412532638
0.9804177545691906	0.9791253263707635	0.9660574412532638
0.9804177545691906	0.9792767624020952	0.9660574412532638
0.9804177545691906	0.9794438642297718	0.9660574412532638
0.9804177545691906	0.9795561357702421	0.9660574412532638
0.9804177545691906	0.9795065274151505	0.9660574412532638
0.9804177545691906	0.9796214099216779	0.9778067885117493
0.9817232375979112	0.9797754569190665	0.9778067885117493
0.9817232375979112	0.9798537859007909	0.9778067885117493
0.9817232375979112	0.9798929503916528	0.9778067885117493
0.9830287206266318	0.979911227154054	0.9778067885117493
0.9830287206266318	0.9799556135770304	0.9778067885117493
0.9830287206266318	0.9801697127937412	0.9778067885117493
0.9830287206266318	0.9803315926893025	0.9778067885117493
0.9830287206266318	0.9803838120104503	0.9778067885117493
0.9830287206266318	0.9805665796344717	0.9778067885117493
0.9830287206266318	0.9806396866840799	0.9778067885117493
0.9843342036553525	0.9807493472584918	0.9778067885117493
0.9843342036553525	0.9808093994778136	0.9778067885117493
0.9843342036553525	0.9809190600522254	0.9738903394255874
0.9869451697127938	0.9810992167101886	0.9778067885117493
0.9869451697127938	0.9812637075718069	0.9751958224543081
0.9869451697127938	0.9814621409921727	0.9778067885117493
0.9869451697127938	0.9816866840731119	0.9778067885117493
0.9869451697127938	0.9818511749347312	0.9778067885117493
0.9869451697127938	0.9820939947780721	0.9778067885117493
0.9869451697127938	0.9824125326370793	0.9778067885117493
0.9869451697127938	0.9826762402088804	0.9778067885117493
0.9869451697127938	0.9830026109660601	0.9778067885117493
0.9869451697127938	0.9830600522193234	0.9778067885117493
0.9869451697127938	0.9834882506527433	0.97911227154047
0.9869451697127938	0.983741514360314	0.97911227154047
0.9869451697127938	0.9843368146214091	0.97911227154047
0.9869451697127938	0.9845404699738892	0.97911227154047
0.9869451697127938	0.9847075718015649	0.97911227154047
0.9869451697127938	0.9848485639686666	0.9778067885117493
0.9869451697127938	0.9849060052219298	0.9778067885117493
0.9869451697127938	0.9850261096605719	0.97911227154047
0.9869451697127938	0.9852610966057411	0.97911227154047
0.9869451697127938	0.9852114882506501	0.97911227154047
0.9869451697127938	0.9853342036553493	0.97911227154047
0.9869451697127938	0.9853994778067852	0.97911227154047
0.9869451697127938	0.9854856396866808	0.97911227154047
0.9869451697127938	0.9856266318537821	0.9804177545691906
0.9869451697127938	0.9856396866840693	0.97911227154047
0.9869451697127938	0.9857258485639645	0.97911227154047
0.9869451697127938	0.9859608355091335	0.9804177545691906
0.9882506527415144	0.9859503916449041	0.97911227154047
0.9882506527415144	0.9860731070496032	0.9765013054830287
0.9882506527415144	0.9860835509138332	0.97911227154047
0.9882506527415144	0.9861566579634411	0.97911227154047
0.9882506527415144	0.9862845953002556	0.97911227154047
0.9882506527415144	0.986443864229759	0.97911227154047
0.9882506527415144	0.9864438642297589	0.97911227154047
0.9882506527415144	0.9862950391644851	0.97911227154047
0.9882506527415144	0.986378590078323	0.97911227154047
0.9882506527415144	0.9862506527415087	0.97911227154047
0.9882506527415144	0.9864099216710123	0.97911227154047
0.9882506527415144	0.9862976501305428	0.97911227154047
