"V1" "V2" "V3" "V4" "V5"
"1" 58.8941132357276 15.9885151816568 1 1 24
"2" 62.2347732358926 16.6289057346439 1 2 24
"3" 62.3364492532386 16.2832308275347 1 3 21
"4" 61.5910881110707 15.8376869478252 1 4 31
"5" 62.540849860671 15.7811812259447 2 5 22
"6" 61.7653040557206 16.0928676498103 1 6 22
"7" 60.5235865756109 16.102953759164 1 7 21
"8" 61.7765705595772 16.2209734855172 2 8 21
"9" 61.2010617610531 16.9093153685878 1 9 23
"10" 62.5515861770599 16.1930092506706 2 10 24
"11" 61.7357851220223 17.1072403083334 1 11 22
"12" 61.9700931869524 16.9354172714212 1 12 21
"13" 60.6604466640215 16.1776554445365 2 13 20
"14" 60.2852651424697 15.4990381514568 1 14 20
"15" 60.1196303075697 16.1309650125435 1 15 22
"16" 63.1571793112338 15.9313417553669 1 16 21
"17" 60.9405457398123 15.7823511412467 1 17 22
"18" 61.4257752817604 15.4304626204007 1 18 24
"19" 59.4694742358557 15.6238415024476 2 19 21
"20" 61.3980314614058 16.5778322383091 1 20 22
"21" 60.4843894018122 15.925472641492 1 21 21
"22" 61.2407909280032 15.9392946173422 1 22 24
"23" 61.4453371734529 16.2303235286003 2 23 22
"24" 59.0150175749148 15.5430843016722 1 24 27
"25" 61.4050006532432 16.402189946133 1 25 21
"26" 60.8067974227218 16.0621771206557 2 26 21
"27" 60.5228468456984 15.8644173115279 1 27 20
"28" 59.9913058256608 16.3211248050608 1 28 24
"29" 60.3075810245828 15.7579681224605 1 29 19
"30" 59.881566444834 15.8113417952542 1 30 21
"31" 61.3893297692718 17.2070667488085 1 31 21
"32" 61.6123802719775 16.0410216266726 1 32 24
"33" 60.7826676376878 15.8401897424215 1 33 21
"34" 59.6697338120443 15.9134683823619 1 34 22
"35" 60.3520961239037 15.7687960353993 2 35 20
"36" 60.0266005576772 15.7298312129762 2 36 20
"37" 61.9681582812051 15.6639827045616 1 37 24
"38" 61.1801535277609 16.5922881037263 2 38 21
"39" 62.722885189079 16.045855534139 1 39 28
"40" 60.1403628548962 15.6719832795585 2 40 20
"41" 61.8124644550598 16.3600387162001 1 41 20
"42" 60.0453974346955 16.3605987962132 1 42 24
"43" 61.5913932349172 16.4360017384841 1 43 21
"44" 59.3868015618596 15.8008721834689 1 44 22
"45" 61.5258495855101 16.5493808151157 2 45 21
"46" 61.2306170951787 15.9717197285614 1 46 23
"47" 61.0405364848212 16.2434858680806 1 47 22
"48" 59.1258587744615 16.0187320475489 2 48 25
"49" 62.3818992759135 16.337413499993 1 49 22
"50" 61.1360131067354 15.6445982387252 1 50 24
"51" 59.9592017044882 16.412133495458 1 51 23
"52" 61.208244173776 15.698757111807 1 52 24
"53" 60.9079233754834 15.4646674562535 2 53 21
"54" 62.4578581610602 16.7116437036083 1 54 25
"55" 63.103392430698 15.4878927204715 1 55 24
"56" 61.0689390945984 16.8489582931994 1 56 22
"57" 60.5596966895372 15.7081192950168 1 57 20
"58" 60.3746024120116 16.4702775950242 1 58 26
"59" 60.6326766999134 16.5628181078029 1 59 23
"60" 59.6865712208478 16.2592837677789 2 60 20
"61" 61.1219752972693 16.26481758392 1 61 23
"62" 59.7096355337122 16.7131325422942 1 62 21
"63" 61.2768500656223 15.7008750679219 1 63 23
"64" 60.923198040987 16.6079218631202 1 64 21
"65" 59.9832288984219 16.5965737043532 1 65 24
"66" 60.1214770930159 15.3516579280565 1 66 23
"67" 60.7433842000669 16.572635929091 1 67 22
"68" 60.5501102956529 16.4623968075047 1 68 23
"69" 60.6817193614462 16.1468677217078 1 69 20
"70" 59.8616198218545 15.2191048780196 1 70 26
"71" 60.896694832642 15.8759432215641 1 71 22
"72" 61.9897155471341 16.6606802361299 1 72 22
"73" 66.7878645006875 98.8984254868924 1 73 4
"74" 68.6772060329843 99.3820744768009 1 74 4
"75" 60.60964496344 98.4183751167 1 75 10
"76" 69.6414900066643 98.9869158034955 2 76 7
"77" 68.4067815136751 98.7335523952392 1 77 6
"78" 61.1986139721478 98.9714636865067 1 78 6
"79" 58.2987748103912 98.8462093169589 1 79 3
"80" 65.8209288830496 99.4720218300778 1 80 6
"81" 66.941866897207 99.0386643345799 1 81 3
"82" 65.0943854263308 99.1598240736166 1 82 4
"83" 59.8923006989148 98.4613297940374 1 83 4
"84" 60.4826951202763 98.8915205364452 1 84 5
"85" 62.953978865893 98.9515347628833 1 85 6
"86" 63.1017268795778 98.5506302886761 1 86 10
"87" 61.5561626423723 98.7847382717059 1 87 7
"88" 61.7575333409513 98.8488390645864 2 88 5
"89" 67.6614999631129 99.2794053266564 1 89 7
"90" 74.8672237905574 98.9164519139515 1 90 7
"91" 70.0294503334786 98.982086166955 2 91 7
"92" 60.2157381327803 99.1314365394253 1 92 4
"93" 64.2585997121492 98.8213924781857 1 93 4
"94" 66.1235681212026 99.1840225411301 1 94 5
"95" 67.5320795393306 98.7922892328381 1 95 5
"96" 55.4178237081154 99.0894485683544 1 96 14
"97" 65.876220999083 99.0726118036583 2 97 7
"98" 58.3062226761925 98.9630766766126 1 98 4
"99" 58.6400775708504 98.9204040756712 1 99 4
"100" 63.4700155379532 98.3912815148471 1 100 9
"101" 60.1842748246556 99.2926847499256 1 101 5
"102" 63.3859027608218 98.9946723182572 1 102 5
"103" 66.3459793027479 98.7688130079147 2 103 4
"104" 61.3541196348375 98.658154854707 1 104 4
"105" 56.2121176261549 98.8741609349178 1 105 9
"106" 60.4100145519486 99.1249498992892 2 106 3
"107" 67.3938949268159 98.8373981795671 2 107 4
"108" 67.2408323170328 98.9376163275835 1 108 6
"109" 61.3788167959217 98.9112976182551 1 109 4
"110" 67.4145868663445 98.4069094647169 1 110 3
"111" 59.2589771933873 98.9617757016546 1 111 4
"112" 68.4428048371626 99.5980447246942 1 112 6
"113" 55.4049575867942 98.5843718791055 1 113 10
"114" 58.3653496755677 98.6449280936812 1 114 5
"115" 62.3131593790752 99.5829334726295 1 115 7
"116" 66.3917753513154 98.8888915922526 1 116 5
"117" 57.7705767056642 98.2676408331229 1 117 11
"118" 55.4651509665675 99.2957179483339 1 118 13
"119" 70.363440543568 98.7064949191987 1 119 7
"120" 59.0600562777984 98.7582014308328 1 120 4
"121" 63.2789625531601 98.7917366639985 1 121 5
"122" 68.8114239287187 98.7709589430211 1 122 7
"123" 63.8988883114489 98.4177624395878 1 123 8
"124" 56.2289213216698 98.9411503937667 1 124 8
"125" 58.5791816775091 99.3075094868633 1 125 6
"126" 65.2537815291244 98.8184503294162 1 126 5
"127" 69.203750451296 98.9353723794001 1 127 8
"128" 61.5119300702769 98.754951572006 1 128 6
"129" 64.4390740881555 98.2735638036919 1 129 7
"130" 72.8414280238911 98.8036561390475 1 130 10
"131" 62.8445418692616 98.845143241355 1 131 8
"132" 59.4128011111834 98.7548579818465 1 132 6
"133" 49.0162640126332 98.9236363141697 0 133 0
"134" 57.8130482871997 98.4579327286379 1 134 7
"135" 60.2309807319314 98.6230105571638 1 135 3
"136" 55.4514837426117 99.0060526858941 1 136 13
"137" 65.3221464972386 98.3610079871809 1 137 5
"138" 66.8727697936003 98.5082857925787 1 138 4
"139" 53.3748631922161 99.3725811640202 1 139 13
"140" 65.2597738562613 99.0647316950065 1 140 5
"141" 69.333166910211 98.9933337947125 1 141 10
"142" 60.3953798408157 98.5444040455617 1 142 5
"143" 68.367636518863 98.742331281573 1 143 7
"144" 55.6314684495826 99.0238893486614 1 144 12
"145" 68.89955612062 99.1832877020872 1 145 5
"146" 76.3679261822235 98.5371179008535 1 146 22
"147" 60.2890153885225 98.958848411908 1 147 4
"148" 64.0612117966156 99.0979083437553 2 148 4
"149" 64.358323695591 98.6640908194366 1 149 6
"150" 67.5989352500659 98.8514042005062 2 150 4
"151" 54.1949476438642 98.2160838094725 1 151 6
"152" 70.6798873218403 98.870984733438 1 152 7
"153" 53.9699144391847 98.3994125474045 1 153 8
"154" 68.6659877437796 98.7801100505834 1 154 9
"155" 63.8626658987937 98.3795760586593 1 155 7
"156" 75.6344524343979 98.9207758118164 1 156 20
"157" 66.1731854748606 98.4941506410777 1 157 5
"158" 60.3409412194138 99.1473825836201 1 158 4
"159" 61.9836938516336 98.9855094393788 1 159 6
"160" 64.2826998419639 99.2522422462771 1 160 6
"161" 67.4325422536883 99.2414623459152 1 161 8
"162" 66.0376416005664 99.1192234970468 1 162 6
"163" 70.4070270300971 98.9380038934087 1 163 7
"164" 64.3713576946844 98.76953188566 1 164 5
"165" 59.5910793373214 98.8293381907607 1 165 7
"166" 57.7164646694197 98.5194031207896 2 166 6
"167" 53.9248390364608 99.5331491599576 1 167 10
"168" 66.2082236386641 99.2348416790933 2 168 4
"169" 59.1459533830686 99.4007994210399 1 169 4
"170" 61.4343456019498 99.6138184274837 1 170 6
"171" 62.5925402385583 98.8858682312277 1 171 6
"172" 64.1638912522785 98.6225828931444 1 172 8
"173" 63.8665246628355 98.8538711305678 1 173 8
"174" 72.0304437299894 98.5899706146214 1 174 6
"175" 57.1330382455371 99.0961671677663 1 175 8
"176" 65.6417661805944 98.1994915584001 1 176 8
"177" 61.2954776054515 98.7639634874637 1 177 4
"178" 66.0128283972414 99.2411117644662 1 178 5
"179" 72.7172188952995 98.9322211884309 1 179 9
"180" 68.4386819608341 99.6721460552881 2 180 5
"181" 59.4291135344513 99.2463637755079 1 181 5
"182" 58.4090923989089 98.9919246700032 1 182 4
"183" 61.2915458286144 98.1612334226979 1 183 6
"184" 62.5472406235217 98.9465056871592 1 184 6
"185" 69.5781412600734 99.1324637291143 1 185 5
"186" 66.3468042359584 98.9833300379331 1 186 6
"187" 60.1556429213495 98.7907514168979 2 187 2
"188" 65.3463977128389 99.10568856769 1 188 5
"189" 63.5022363009845 99.1827555756948 1 189 5
"190" 56.5651260523965 98.9214784516106 1 190 8
"191" 67.4674833455645 99.0668210036794 1 191 6
"192" 70.8445028455616 98.9558550179619 1 192 6
"193" 69.8503051087785 98.7730095504366 1 193 6
"194" 71.3032720460448 98.9391451698602 1 194 6
"195" 65.3067701140335 98.882723526337 1 195 5
"196" 56.8465779875 99.1956494308943 1 196 9
"197" 53.3509737396653 98.8477517610734 2 197 10
"198" 59.7353815596261 98.531197511129 2 198 5
"199" 64.8443076176727 98.3944046614763 2 199 7
"200" 62.1481479678026 98.8929190947375 1 200 5
"201" 62.4696442348123 98.962458880256 1 201 5
"202" 55.6761339978937 98.6028230199182 1 202 10
"203" 70.0192008738786 99.1941302707325 1 203 6
"204" 72.1158901843096 98.8893262348867 1 204 5
"205" 64.9686768879411 98.723078585932 1 205 5
"206" 73.9616968112781 98.7021489938779 1 206 10
"207" 65.187692398154 98.6999564917604 1 207 4
"208" 67.2597278172162 98.8476244343847 1 208 5
"209" 57.9210485688276 99.0505361410372 1 209 6
"210" 69.6428842818471 98.8339574204825 1 210 6
"211" 69.1786404406068 98.5563404858074 2 211 7
"212" 67.4291145047125 99.0003414486956 1 212 5
"213" 59.8262424621075 99.2958056546927 2 213 4
"214" 67.2230965178709 98.7080053666073 1 214 5
"215" 60.7333032967167 98.8257550493592 1 215 5
"216" 64.9011579105399 98.6814798833321 2 216 6
"217" 64.7552224837529 99.4390448380367 1 217 4
"218" 65.764130405208 98.7983784590035 1 218 5
"219" 59.1944176781052 98.9878594706282 1 219 3
"220" 59.5144951639547 99.2360194113009 1 220 4
"221" 57.6759639645779 98.8365770883403 1 221 6
"222" 64.2026962472429 99.3827790112025 1 222 6
"223" 64.4747813938466 99.1671917035035 1 223 5
"224" 66.3053259702305 98.8310584447752 1 224 4
"225" 58.9612599922722 99.0859344049798 1 225 3
"226" 54.93418238183 98.5109566169488 1 226 7
"227" 68.8680490178989 99.0667892091207 1 227 6
"228" 62.7019836241274 98.6013704532004 1 228 8
"229" 66.0307592921989 98.7985254154599 1 229 5
"230" 58.6243223190437 98.554769268641 1 230 4
"231" 63.2309253724409 99.337265394016 1 231 7
"232" 67.5885620537382 99.1048688237037 1 232 7
"233" 57.8150227397879 99.4950910958837 1 233 5
"234" 60.5824584944914 98.7310254649281 1 234 6
"235" 57.8655151986668 98.8422976198562 1 235 5
"236" 68.0434913381253 98.8661116102889 2 236 5
"237" 66.1921373102509 98.4010996384494 1 237 6
"238" 61.8980274083874 98.9084968181935 1 238 5
"239" 62.5745923273027 99.1179901945602 1 239 7
"240" 72.8719360292066 98.7155994599966 1 240 11
"241" 64.8952661341938 98.9305762095092 1 241 3
"242" 71.7279919164333 98.9977977602466 1 242 6
"243" 65.2747835915271 99.2282224251435 1 243 7
"244" 64.7138731623646 99.1553664642471 2 244 4
"245" 63.096880713344 99.0303235893763 1 245 8
"246" 68.2130106830521 98.9483236395839 2 246 6
"247" 60.2971243536484 98.7853023731499 1 247 3
"248" 62.8966206754907 99.0896733506508 1 248 6
"249" 63.5018285501833 98.7266938400223 1 249 4
"250" 56.5685313386289 99.1230342010471 2 250 10
"251" 68.0283708527084 98.7934233916835 2 251 6
"252" 71.0725639198931 98.8694924495901 1 252 5
"253" 62.3779067576483 99.5023369947047 1 253 8
"254" 59.1346131647847 98.8474751039754 1 254 3
"255" 69.239712381736 98.1096502797904 1 255 6
"256" 66.8123310490586 99.2603691069811 2 256 7
"257" 53.6098494103675 99.1767978684607 2 257 13
"258" 65.4703919192252 98.7934321752683 1 258 5
"259" 60.1295078608225 98.8797936129535 1 259 3
"260" 64.42483613932 98.9329438545287 1 260 5
"261" 70.2897311001291 99.1393008043552 1 261 8
"262" 67.6834104226 99.138436092447 1 262 6
"263" 66.91127301978 98.8005467059319 2 263 4
"264" 65.5525245354877 99.1403556409818 1 264 5
"265" 68.3740801649957 99.0268243424579 1 265 6
"266" 69.188915089406 99.16554983702 1 266 6
"267" 66.3010444413558 99.0864066007968 2 267 5
"268" 59.2389356071894 98.8499729804123 1 268 4
"269" 65.37230255491 98.8041282560559 2 269 5
"270" 69.6977022686901 98.3112894209474 1 270 10
"271" 69.8656424505993 98.7763524611442 1 271 5
"272" 70.3022035415748 98.9051210409325 1 272 6
"273" 63.8091373831806 98.7439702907083 1 273 7
"274" 56.7328606790969 99.1842246970426 1 274 10
"275" 64.3496940780537 98.4258485544439 1 275 5
"276" 61.7859580197373 98.8622167759206 2 276 5
"277" 66.1081047345149 98.3410760659341 1 277 6
"278" 59.0444630181791 98.43024534715 2 278 5
"279" 57.2759668590445 98.4514408793695 1 279 7
"280" 66.5593146729561 99.4297797588095 1 280 4
"281" 66.0291984137318 99.069077804465 1 281 5
"282" 61.8592031128676 99.1509752554565 1 282 4
"283" 65.9658809256386 98.5569109832648 1 283 6
"284" 61.8552570958293 98.623411895145 1 284 4
"285" 64.6865306732507 98.3716888306692 1 285 7
"286" 64.8547698897281 99.2220616500611 1 286 6
"287" 58.8218990180704 99.7515943714139 1 287 4
"288" 53.9122077480504 98.7966059511982 1 288 9
"289" 58.6400142147488 99.5753386931107 1 289 6
"290" 64.7629534777068 99.2093778242858 1 290 5
"291" 64.1982184516661 99.3084022468515 1 291 5
"292" 72.5221136426975 99.1581665512727 1 292 7
"293" 67.4196832919892 98.7984220476478 1 293 5
"294" 52.7401522963385 99.0274228551389 1 294 31
"295" 66.9500428924783 98.8661876405499 1 295 4
"296" 57.8430150157616 99.1629994324929 1 296 8
"297" 57.0399097792626 98.4124009154648 2 297 6
"298" 62.1472276728024 98.8724670760746 1 298 4
"299" 61.8929385512433 98.5579011572355 1 299 5
"300" 60.8021586584014 98.617238014796 1 300 5
"301" 71.9349971068232 99.0597533235577 2 301 6
"302" 66.1088182870745 99.3789363126645 1 302 5
"303" 61.9990212174646 98.637038989615 1 303 4
"304" 65.1571091356791 98.6856384824519 1 304 4
"305" 76.202437201216 98.9056015744664 1 305 30
"306" 65.6135384881169 98.7744841347096 1 306 4
"307" 67.2516747631761 99.0378229229173 1 307 5
"308" 61.7220327420683 99.0568307960587 1 308 5
"309" 60.2653432266005 98.6909208089798 1 309 3
"310" 57.3708468480008 98.6480707401638 1 310 5
"311" 61.3691009551809 98.585936030253 1 311 5
"312" 55.3893408810786 98.2814991192243 1 312 12
"313" 57.3215559079709 98.6221364758426 1 313 6
"314" 69.6621373797022 98.5968105896435 1 314 20
"315" 62.2091904724732 99.139581840745 1 315 8
"316" 69.8312463302687 99.1136933627248 1 316 4
"317" 55.2455879855913 98.8212552227957 1 317 14
"318" 66.8232506502906 98.6729366322576 1 318 4
"319" 56.2674762030524 98.7772686891211 1 319 10
"320" 59.6588125329236 98.2739857326974 1 320 4
"321" 63.1730140821763 98.74865763398 2 321 5
"322" 57.9222747232964 98.1699756957533 1 322 8
"323" 61.3540309568942 99.3362680701754 2 323 4
"324" 58.7982286391235 99.1071645400983 1 324 4
"325" 71.9301018959111 98.8646258351564 1 325 9
"326" 56.7730621712588 98.8285183507349 1 326 9
"327" 66.1069533996129 98.9028532242803 1 327 4
"328" 70.1102222597864 98.9115880927702 2 328 6
"329" 74.0711504778025 98.550014215322 1 329 10
"330" 61.407605167682 98.4321635076886 2 330 5
"331" 65.5256637503722 98.9542555295724 1 331 4
"332" 60.7287673437257 98.8605114367858 1 332 4
"333" 58.1313462986484 98.6819869311051 1 333 4
"334" 53.8276673779801 98.6711083880669 1 334 11
"335" 64.4883801760619 98.6500845633288 1 335 6
"336" 67.7699679386885 99.3333092300147 1 336 8
"337" 66.065914549073 99.0466433150673 1 337 5
"338" 57.1783769593397 99.1283006922456 1 338 7
"339" 56.1920848827313 99.0958753763456 1 339 9
"340" 67.1654382622511 98.7933366071022 1 340 5
"341" 61.4447955391785 99.2171177234206 1 341 3
"342" 60.8604691261618 98.8567921961581 1 342 5
"343" 55.5412602161481 98.1686700249077 1 343 11
"344" 61.8608348732038 99.2190724230509 1 344 5
"345" 68.0470146780774 98.6595005039312 1 345 7
"346" 68.3918932267487 98.4083974281399 1 346 9
"347" 61.812840075541 98.7404130010966 1 347 4
"348" 68.6595095108018 99.251687281799 1 348 5
"349" 179.768794187752 18.0946142109744 1 349 6
"350" 195.168887898279 11.2028570726459 1 350 5
"351" 186.56064295811 11.6796731376205 1 351 21
"352" 181.041258255321 10.9476825719374 1 352 10
"353" 173.109887102786 13.9251234853419 1 353 11
"354" 186.065457378349 8.91219108132301 1 354 21
"355" 182.109311247363 16.6958403418993 1 355 6
"356" 186.193185105049 15.7341202763649 2 356 11
"357" 186.765964147473 13.709249673831 1 357 19
"358" 172.54221039549 10.6583554261997 1 358 39
"359" 179.413338474466 22.9989169277905 1 359 13
"360" 181.634648480134 16.3123399980152 1 360 7
"361" 182.561193063963 14.4105495478785 2 361 6
"362" 175.276614648831 7.12134740176309 1 362 23
"363" 187.033701430273 22.070032032927 1 363 11
"364" 182.42863018379 11.719421358738 1 364 21
"365" 188.681831444077 23.2620853917249 2 365 23
"366" 176.173546240855 15.181117259679 1 366 38
"367" 192.431053029302 18.0699401636039 1 367 20
"368" 170.14132925651 24.5860627099599 1 368 17
"369" 195.971447643677 11.7985895836506 1 369 16
"370" 190.734584574212 20.4940707170026 1 370 10
"371" 186.391869183053 23.4802015101886 1 371 13
"372" 177.604655753512 20.5957198380901 2 372 9
"373" 181.645087405336 21.9048246024331 2 373 12
"374" 178.774685403751 12.2668683607196 1 374 5
"375" 174.878795343379 13.1044210174505 1 375 10
"376" 184.384173465263 11.7606899611332 2 376 9
"377" 180.221319511774 20.8286046707075 1 377 6
"378" 177.040340588573 20.88627122108 1 378 12
"379" 176.718619095665 25.2341922463912 1 379 21
"380" 181.447912384567 16.7255086298461 1 380 10
"381" 177.198672911083 9.45706887401128 1 381 10
"382" 185.152911355061 11.9766785388427 1 382 5
"383" 180.841992475923 21.0252578770598 1 383 10
"384" 174.417852668317 12.2014929383846 1 384 9
"385" 183.459008862708 14.3155975784536 1 385 8
"386" 184.547606091698 11.1695043987255 1 386 8
"387" 177.003152222398 18.077303065944 1 387 4
"388" 175.202441018802 17.7917092889255 1 388 6
"389" 180.45512811031 12.4075892379171 2 389 5
"390" 171.570035803498 23.8654938692459 1 390 11
"391" 181.608489594214 17.3884288990643 1 391 8
"392" 178.653309090519 13.9244718472398 1 392 8
"393" 181.886363630207 17.3539015288629 2 393 9
"394" 181.973190334845 16.1946252900637 1 394 8
"395" 180.422084476204 20.1184517146772 1 395 20
"396" 180.803581537347 16.9181090819528 1 396 12
"397" 172.177583412321 17.3189609485051 1 397 8
"398" 179.890646853314 23.690863160079 2 398 6
"399" 172.559540355859 11.018567468095 1 399 36
"400" 179.755345705572 8.43768646850353 1 400 14
"401" 187.141614678014 18.912441408053 1 401 8
"402" 179.5713542021 20.3590357390411 1 402 9
"403" 172.637995133291 12.3738137532827 1 403 22
"404" 183.442108337262 12.1944085984097 1 404 11
"405" 183.76002011323 14.0940885741469 1 405 9
"406" 173.39985039233 22.1923966806516 1 406 24
"407" 182.294151093552 17.4345712788359 1 407 10
"408" 178.618851547551 17.5298880423017 1 408 10
"409" 171.802417404872 21.5861494253902 1 409 9
"410" 174.411997336409 16.4748624472262 1 410 9
"411" 177.583098068401 26.3517095265078 1 411 12
"412" 182.905771262709 15.4282081130306 2 412 10
"413" 177.951451794372 9.35794063541725 1 413 8
"414" 174.97083950689 11.6279206748245 1 414 19
"415" 184.595154014306 7.84335008255821 1 415 20
"416" 181.007570903493 14.003589464284 2 416 4
"417" 184.352768301163 17.7627039572738 1 417 11
"418" 181.929416644969 23.1838830756979 1 418 12
"419" 180.866600137916 13.4730160103354 1 419 7
"420" 183.661697027281 7.28372784006099 1 420 6
"421" 185.139044365114 17.9605521391381 1 421 4
"422" 182.849327061564 8.51823821839349 1 422 6
"423" 174.981606964254 19.1607688447475 1 423 10
"424" 175.754335070139 12.6418316490151 1 424 8
"425" 184.43760368432 17.3625352944295 1 425 4
"426" 175.977995903105 8.61869742643126 1 426 11
"427" 179.515477569095 15.0352938477496 1 427 10
"428" 184.686130739171 25.2326091627776 1 428 18
"429" 180.757617854121 19.1658708622346 1 429 8
"430" 185.964936675217 6.56103224053068 1 430 24
"431" 169.248717616882 20.8534037426413 1 431 7
"432" 183.571564027817 10.7733368109741 1 432 12
"433" 178.964749396149 14.172539869094 1 433 15
"434" 173.748918994959 24.3150044445996 1 434 6
"435" 192.090768743588 28.7005206963729 1 435 29
"436" 186.073588170726 21.1184450838394 1 436 10
"437" 180.886788414402 20.9515051570986 1 437 11
"438" 176.499100752679 20.6430626092177 2 438 9
"439" 181.942169767844 18.9943431676673 1 439 16
"440" 177.153977260615 17.6035382670665 1 440 7
"441" 175.11841475164 9.55029699055745 1 441 27
"442" 183.607331608658 12.7361969776414 2 442 6
"443" 184.52602458782 10.1938385680666 1 443 13
"444" 184.312657220602 23.1733588154635 2 444 16
"445" 173.658881650082 14.3194220875817 1 445 11
"446" 185.389252808996 9.25291895717402 1 446 28
"447" 183.085629902577 6.26703477187817 1 447 33
"448" 190.022834051211 20.0706894891741 1 448 11
"449" 175.899822797644 11.5525021685669 1 449 24
"450" 180.676585073865 20.5608569593354 1 450 8
"451" 176.762575983773 9.71615541229478 1 451 12
"452" 174.527060222063 15.6636390818915 2 452 7
"453" 174.856891938245 6.5381408210635 1 453 22
"454" 186.209724984091 20.5472899803617 1 454 9
"455" 179.726513315734 14.3672132124204 1 455 16
"456" 178.130097731065 16.9919956933319 1 456 17
"457" 183.348076955667 17.2324599079067 1 457 6
"458" 186.773990219286 7.9277786312918 1 458 30
"459" 172.173452792105 19.1677129668296 1 459 6
"460" 178.996393863474 12.9615168970497 2 460 13
"461" 181.361883007834 18.5059427303304 1 461 16
"462" 197.022202639762 19.8109491175129 0 462 0
"463" 171.166780211283 13.8082325833715 1 463 16
"464" 179.85169535709 27.3919343666139 1 464 10
"465" 188.055033035486 22.4454689272981 1 465 21
"466" 177.606620899183 15.9535908128943 2 466 11
"467" 183.610286215686 16.333316133775 1 467 10
"468" 182.380499399241 18.1930522501378 2 468 7
"469" 172.419770463381 25.4669107523557 1 469 34
"470" 188.849533985919 17.9533729882184 1 470 15
"471" 183.435216224581 10.4923669892588 1 471 9
"472" 177.645997236753 26.2823405505888 1 472 11
"473" 178.513535604075 17.3927410963171 1 473 7
"474" 178.338935025557 19.1420242139821 1 474 4
"475" 185.097547070115 21.1264120367775 1 475 7
"476" 179.614259757181 11.3735917450691 1 476 17
"477" 183.900370266266 15.6008373811551 1 477 9
"478" 180.378234927727 23.0400999925272 1 478 8
"479" 177.385055479471 15.8249016859421 1 479 8
"480" 180.824483914147 17.9959299880392 1 480 7
"481" 175.020090184219 22.6037913273978 1 481 4
"482" 180.169984774349 20.9222898801313 1 482 7
"483" 185.999388862501 19.9019664502231 1 483 6
"484" 189.131462614535 22.5156711029473 1 484 15
"485" 186.85435953197 16.5409883197975 1 485 4
"486" 186.564204554896 14.0771739155604 1 486 16
"487" 183.375814598346 17.121548003526 1 487 7
"488" 177.793309563653 17.3766524727796 1 488 11
"489" 187.279226679886 12.3290441501703 2 489 10
"490" 176.052771121436 25.6114568139514 1 490 7
"491" 177.765675001749 13.1959380021576 1 491 10
"492" 182.232602985679 12.7404481212667 1 492 14
"493" 196.255084367861 11.3553596455499 1 493 15
"494" 174.943661913451 18.1003985893871 1 494 9
"495" 185.714089569049 16.5757177805068 1 495 5
"496" 187.738750940872 15.8312726488108 1 496 4
"497" 188.470807932757 16.2660175462671 1 497 11
"498" 169.928760295195 15.9117029644865 1 498 12
"499" 182.946617766386 17.3419968855734 1 499 8
"500" 172.310452896355 14.1091831841514 1 500 10
"501" 180.660013356708 17.3850031152228 1 501 9
"502" 188.041322506239 16.9043224338321 1 502 4
"503" 177.686401913485 16.4838819262384 1 503 11
"504" 180.207166004794 16.1597245281232 1 504 12
"505" 170.655477941312 20.3424919365835 1 505 8
"506" 178.384379846975 10.1724606651451 1 506 7
"507" 191.128625590315 19.7551465024025 1 507 7
"508" 174.7319940823 16.979946389506 1 508 7
"509" 183.1242818888 9.24462441366022 1 509 11
"510" 181.45947373927 8.0692822261053 1 510 8
"511" 180.368663513436 17.9275110398441 1 511 6
"512" 179.184687244623 23.5629936310489 1 512 7
"513" 173.805670375093 12.2187526964652 2 513 11
"514" 172.839509655707 16.980071352718 1 514 8
"515" 177.05997592016 19.4497501724834 1 515 5
"516" 173.453136233328 13.5963266705811 1 516 12
"517" 189.93061881305 23.2136061576193 1 517 16
"518" 176.083274367675 28.5884329420377 1 518 22
"519" 184.728066436786 19.8966116251194 1 519 7
"520" 183.582840541168 8.37966543131788 1 520 10
"521" 182.919576447578 13.7306108733885 1 521 14
"522" 177.916835972331 22.9052280605879 1 522 5
"523" 191.153243630549 13.40954911111 2 523 15
"524" 189.914725293563 11.4774896378317 1 524 15
"525" 178.232515769412 14.8016735443976 1 525 10
"526" 182.701514844242 17.0219162586849 1 526 10
"527" 176.333643042045 12.9008187281164 1 527 9
"528" 186.478613713067 23.1004998341715 1 528 11
"529" 179.357520225477 4.86078672155365 1 529 22
"530" 172.299207190723 19.167185635273 1 530 5
"531" 172.230394744435 9.91416662396323 1 531 28
"532" 177.954605573034 17.6342178504385 1 532 8
"533" 179.913252292541 19.9445338431087 1 533 13
"534" 180.576469033959 15.2721631909768 1 534 11
"535" 189.192941913127 23.9007603047374 1 535 50
"536" 189.612499916787 5.93015734973937 1 536 48
"537" 183.421744548651 15.5794822939055 1 537 7
"538" 174.156624510254 19.1029723692936 1 538 11
"539" 181.19465316187 11.6743085813853 1 539 8
"540" 177.94924386268 10.2264121013369 1 540 9
"541" 179.446678474127 18.5962777599202 1 541 6
"542" 173.130907191024 13.4937035195416 1 542 8
"543" 178.267002611417 18.916669975481 1 543 4
"544" 180.036140477155 16.8590334656797 1 544 15
"545" 187.913560049509 24.8088473500748 2 545 15
"546" 189.392921023227 22.9085574883144 1 546 16
"547" 186.467897805877 20.7505573686469 2 547 10
"548" 180.682376778184 21.3408327097102 1 548 8
"549" 170.509092439566 23.6935132338157 1 549 12
"550" 183.619959808468 9.89310170716787 1 550 24
"551" 182.468031275362 16.4124130864335 1 551 10
"552" 189.162488213099 16.2560854813473 1 552 9
"553" 179.691810693162 17.5433524732756 2 553 7
"554" 190.321706501609 21.0021735153512 1 554 9
"555" 178.758935090122 4.69131097728683 1 555 23
"556" 173.473223816373 11.994699726088 1 556 12
"557" 182.362727442935 15.8384390417244 1 557 8
"558" 182.0622503312 13.3735395978908 1 558 14
"559" 184.209734276012 14.6238892696078 1 559 14
"560" 176.401588706501 12.7622850067491 1 560 10
"561" 173.393422472065 12.1650488667331 1 561 12
"562" 186.384064544451 17.224152732645 1 562 12
"563" 181.081528428827 14.699586656447 1 563 10
"564" 175.858686270229 14.2038342963957 1 564 12
"565" 183.468408245283 20.0188339295726 1 565 12
"566" 198.464227533539 24.1333460619405 0 566 0
"567" 190.487863931207 17.3390438562875 1 567 6
"568" 185.250253360314 23.1682643942222 1 568 8
"569" 187.1249894252 19.212101967217 2 569 6
"570" 189.863656688697 16.4045438990868 1 570 18
"571" 187.591441669973 20.6352557869249 1 571 11
"572" 178.377061271981 21.5741626253738 1 572 11
"573" 191.554378594047 19.4974057364685 1 573 16
"574" 176.691131592813 14.3114386632582 1 574 14
"575" 176.172422910622 16.7116305941126 1 575 8
"576" 170.464187396191 18.4457242718633 1 576 15
"577" 186.431330852491 22.6351397815508 1 577 12
"578" 190.387426426093 22.0586633695094 1 578 10
"579" 180.659533560963 13.4727107155442 1 579 5
"580" 188.746672408651 15.1826750016637 1 580 6
"581" 178.487680934584 20.5438903260901 1 581 4
"582" 191.82928947599 21.2653574508697 1 582 12
"583" 178.269313511128 14.7227639727587 1 583 9
"584" 189.054768608672 12.2489870820146 1 584 12
"585" 174.449451598641 21.8717122853439 2 585 31
"586" 176.1615999115 9.95687853655454 1 586 16
"587" 186.987069862146 19.5648577171022 1 587 17
"588" 187.997854418699 17.3281714308742 1 588 14
"589" 186.226005100749 13.5297278899937 1 589 13
"590" 176.020539234304 20.1833184521683 2 590 26
"591" 183.517268772102 18.7438689240076 1 591 12
"592" 178.50858287943 10.8299531595678 1 592 8
"593" 171.958369586088 15.5398923856165 1 593 26
"594" 182.056044381495 20.6203068999769 1 594 20
"595" 179.65271271891 22.6104600041038 1 595 15
"596" 183.418157072658 19.252799763379 1 596 5
"597" 179.837295195005 18.2535823967593 1 597 5
"598" 188.480494784915 21.1183866766091 1 598 29
"599" 183.805670081762 9.20973140596832 1 599 6
"600" 180.487255370216 14.799755971508 1 600 6
"601" 179.060352574303 20.8577451524128 1 601 6
"602" 173.499153119092 12.7920361123435 1 602 22
"603" 176.131039998313 18.9945916986166 1 603 3
"604" 188.07170454018 4.62526046967271 0 604 0
"605" 179.056481006328 21.5871018141485 1 605 13
"606" 191.320792705963 26.3366968865089 0 606 0
"607" 183.219542162239 23.0958778922367 2 607 18
"608" 178.23321498436 18.3127080074926 1 608 5
"609" 182.540713002779 26.2786925754599 1 609 5
"610" 181.420276429298 19.7482550308674 1 610 7
"611" 185.947933109889 9.55563917630004 2 611 22
"612" 186.000983691224 20.4194701600615 1 612 8
"613" 171.300668047564 14.5829890329122 1 613 14
"614" 182.575473175917 21.0648214168987 2 614 15
"615" 185.377667121193 24.6517717263943 1 615 11
"616" 173.643116583461 16.2599610287689 1 616 17
"617" 192.816548290784 9.86772412623833 1 617 38
"618" 182.929222046413 13.982660835443 1 618 14
"619" 178.978183379329 17.8868888152783 2 619 7
"620" 181.061506722783 11.774186544714 1 620 9
"621" 182.021386392175 20.1490384286975 1 621 7
"622" 178.808538075047 13.3260328687446 1 622 9
"623" 191.852503058909 16.9866107306301 1 623 11
"624" 181.835344419017 13.1799748620586 2 624 9
"625" 183.066217015343 8.57919963389845 1 625 15
"626" 177.735092491952 20.4038216776348 1 626 5
"627" 182.755381593515 15.675208978199 1 627 6
"628" 184.615283143475 11.3543886877883 2 628 8
"629" 184.564186501018 15.3453930042919 1 629 11
"630" 175.468202472418 19.6742963882847 1 630 23
"631" 183.386575021111 12.7061252591616 1 631 7
"632" 175.707912420045 17.3056985080348 1 632 4
"633" 177.28008334618 14.3223425622219 2 633 14
"634" 187.665035166507 18.3678786017724 1 634 12
"635" 180.662097544862 6.91941531010359 2 635 8
"636" 190.710781875557 16.8138753607878 1 636 8
"637" 194.227393050792 16.7272847273494 1 637 16
"638" 176.814576647397 18.3336102937011 1 638 7
"639" 182.892032022756 11.2804751312182 1 639 10
"640" 170.705272860935 17.1480815732253 1 640 31
"641" 184.442375609268 15.1905080349456 1 641 9
"642" 179.722177255253 18.6037493086034 2 642 7
"643" 170.824689832989 5.86409558687399 1 643 19
"644" 179.929510995974 16.4203955574149 1 644 13
"645" 181.321916970039 21.011398591858 1 645 10
"646" 180.760441711912 13.4569325580751 1 646 6
"647" 182.296252943419 13.2479108100971 1 647 10
"648" 181.757444632137 17.3266855231824 1 648 8
"649" 182.158826513673 21.8006061977886 1 649 10
"650" 181.503727195613 22.3607049126392 1 650 8
"651" 174.80281311663 22.2130476042296 2 651 9
"652" 179.056102035379 15.1601944656358 1 652 17
"653" 179.575683162971 12.9607723856473 2 653 12
"654" 178.358611867439 20.3904387453875 1 654 5
"655" 181.569076166073 21.1013259202152 1 655 6
"656" 184.314184455733 12.7560687529594 2 656 12
"657" 179.158930234939 11.5250379426101 1 657 6
"658" 182.570502273331 17.5487172699484 1 658 11
"659" 191.489914928256 11.9233987337111 1 659 13
"660" 185.125946819942 22.1163903210153 1 660 13
"661" 184.061591517544 17.6233144047545 1 661 5
"662" 189.956732875183 9.78346586629035 1 662 42
"663" 188.16088016982 22.9619148164925 1 663 15
"664" 190.385632785276 21.1426534827531 1 664 11
"665" 190.835394308621 19.1897522229624 1 665 10
"666" 184.26578499237 18.7660793918791 1 666 14
"667" 176.86678362783 18.3514231802791 1 667 6
"668" 176.778409827764 27.0536021560689 1 668 11
"669" 186.86824420537 10.5541267436256 1 669 17
"670" 185.574307569585 13.7754202728801 1 670 11
"671" 189.937656231145 16.900095511812 1 671 4
"672" 178.638958452916 17.1228406358496 1 672 8
"673" 186.640185260961 18.2224781292306 1 673 14
"674" 192.431711890903 16.7758649452439 1 674 10
"675" 184.187668540998 16.4645047228133 1 675 8
"676" 178.689583445168 17.2221220557998 1 676 9
"677" 179.931552199363 21.6563416069948 1 677 6
"678" 177.66552307396 17.0176267637808 1 678 12
"679" 179.887211711427 12.4094283312552 1 679 4
"680" 190.735964272065 24.0441516816482 1 680 19
"681" 189.291510847789 16.9470933657555 1 681 10
"682" 178.186194414843 15.5522853903145 1 682 10
"683" 184.570174385576 6.30584720811007 1 683 32
"684" 177.431811212339 9.2588526179064 1 684 9
"685" 182.380559327698 18.4722677252831 2 685 8
"686" 174.195983883688 11.8580789252982 1 686 13
"687" 180.316663388093 21.5042378734611 1 687 10
"688" 177.758052472694 8.252778396306 1 688 6
"689" 188.070145995999 16.7261213492314 1 689 3
"690" 184.238752704905 15.9985670310791 2 690 10
"691" 173.035983323546 8.41254499780191 1 691 50
"692" 176.21697386098 14.0993560494665 1 692 11
"693" 178.207926068005 12.6167726919332 1 693 13
"694" 182.610296427409 20.3465792263203 1 694 12
"695" 179.564203079532 19.4371330905612 1 695 15
"696" 177.279248619293 13.4005523280802 1 696 18
"697" 186.11385755003 23.6382062175329 1 697 11
"698" 173.949494055671 17.488053895149 1 698 13
"699" 182.275590822624 21.7980950820203 1 699 9
"700" 179.20254247741 27.1986227891895 1 700 21
"701" 180.496131217454 20.5784045209197 1 701 7
"702" 191.536197302281 21.4497177048961 1 702 11
"703" 183.863907044459 25.2671264683577 1 703 10
"704" 187.851919918269 6.21779244512766 1 704 15
"705" 178.391942201605 20.780748510098 1 705 4
"706" 180.923789718839 23.7462402345078 1 706 7
"707" 185.046854090257 20.0555977261708 1 707 8
"708" 178.856062904954 13.5881178752417 1 708 11
"709" 177.488333827904 19.6410132426853 2 709 5
"710" 183.354066409557 19.7294643616382 1 710 9
"711" 184.269558571155 4.68114573323636 0 711 0
"712" 188.463231025294 12.0357803894393 1 712 22
"713" 188.563602263817 21.7935130093181 2 713 7
"714" 189.01109454633 11.4579118972745 1 714 16
"715" 189.826726990319 12.4366292837924 1 715 8
"716" 178.494842571398 16.7722450312956 1 716 16
"717" 178.27085605634 18.4155020334373 1 717 5
"718" 189.002917071196 13.5202554889867 1 718 32
"719" 185.057226705632 12.8093018650142 1 719 8
"720" 180.7623154912 12.0804390344931 1 720 7
"721" 183.933882901894 11.1212012335587 1 721 8
"722" 188.207950021642 4.33426873797036 0 722 0
"723" 175.810450336086 7.82533229092597 1 723 18
"724" 182.194567520576 15.9736594195758 1 724 10
"725" 168.041219936994 22.6460126144135 1 725 17
"726" 178.310698067557 19.5985831601039 1 726 10
"727" 176.826144426124 21.3017055056344 1 727 7
"728" 188.526826635316 12.7397986757157 1 728 6
"729" 177.350241256242 16.7577002383641 2 729 16
"730" 180.803617279992 17.6609705010175 1 730 6
"731" 182.487967353292 15.995471430568 1 731 7
"732" 181.036679839897 14.9274316915791 1 732 12
"733" 171.433071064419 15.1905007018079 2 733 19
"734" 174.046863726136 15.9813356333413 1 734 14
"735" 178.150136521252 15.3661492942694 2 735 9
"736" 186.265393215833 21.3186471407404 2 736 17
"737" 174.232277570362 12.226147208603 1 737 10
"738" 175.573193439251 11.3649330926732 1 738 25
"739" 172.056948627789 19.0176105190478 1 739 7
"740" 183.229643088974 17.5316407529086 1 740 7
"741" 178.01714279621 20.0316623408988 2 741 5
"742" 189.98037404121 23.6642155440322 1 742 18
"743" 185.401182862855 8.82539649514762 1 743 21
"744" 185.20417778433 19.3150344995439 1 744 10
"745" 180.399719981521 18.9954810599309 1 745 7
"746" 185.492449433334 19.9259539482579 1 746 6
"747" 183.22254025021 18.9359986846816 1 747 11
"748" 189.580313756499 22.9681768024091 1 748 17
"749" 174.39568432029 11.8982879098739 1 749 11
"750" 173.21100132487 17.2008397507631 1 750 11
"751" 181.311342097936 24.3471596837547 1 751 13
"752" 184.755691877781 15.9815534292666 1 752 11
"753" 184.263429442048 21.9705000148969 1 753 22
"754" 182.962791533134 14.9968465099048 1 754 7
"755" 180.90582792672 10.778024803552 1 755 8
"756" 192.305717086819 16.8340637883405 1 756 9
"757" 181.281762193576 12.9052692906073 1 757 8
"758" 171.297189953136 16.7754101037228 1 758 12
"759" 189.61354683331 14.697793769333 1 759 33
"760" 170.605900927234 22.1606279838511 1 760 13
"761" 185.059381514431 13.4085867203049 1 761 5
"762" 182.255398485777 11.2393868991896 1 762 15
"763" 179.823483076808 21.8533291703752 2 763 7
"764" 173.116385176244 17.403923876049 2 764 10
"765" 186.401125700904 15.5296726155602 1 765 10
"766" 187.422959311885 16.6847926595881 1 766 4
"767" 170.154343461588 7.96482470811999 1 767 11
"768" 180.959692876666 16.5793785755426 1 768 20
"769" 181.827665201657 22.7330945960644 1 769 17
"770" 183.556161790631 25.1112214914279 1 770 6
"771" 178.813853517412 11.6684282265112 1 771 9
"772" 171.224155263558 18.791373175665 1 772 13
"773" 182.009171189437 1.33607579473568 1 773 40
"774" 180.466999697043 27.3874589178091 1 774 13
"775" 181.906787938611 16.6675866713373 2 775 8
"776" 183.081598560695 23.5167972519088 1 776 19
"777" 181.311803809997 12.116744982695 1 777 5
"778" 176.066515892454 8.18854089223162 1 778 18
"779" 180.909271457763 25.7200002698319 1 779 4
"780" 175.846237398074 16.4373491487011 1 780 6
"781" 178.713338524588 18.6673787703501 1 781 5
"782" 176.885058798996 22.6367484318329 1 782 7
"783" 175.586733015086 15.8640438215511 1 783 9
"784" 181.776145366286 10.8054862869562 1 784 10
"785" 192.911032215528 20.3631563332147 1 785 24
"786" 178.700270311254 14.8245195385767 1 786 11
"787" 179.322645174799 18.6770317945445 1 787 7
"788" 187.401398475144 21.634041147605 1 788 16
"789" 178.112480354655 17.6752389231214 1 789 6
"790" 183.453508352343 12.5060164899249 1 790 8
"791" 176.353449221087 16.5413256477668 1 791 10
"792" 185.354219733821 12.6114681938415 2 792 13
"793" 186.643653450489 17.6579879180961 1 793 6
"794" 180.88935948048 18.8393754644299 2 794 5
"795" 181.979449861365 11.4328778317251 1 795 20
"796" 182.30963493675 28.7278342230385 1 796 17
"797" 178.024805405575 18.3929127146512 1 797 9
"798" 177.293824872872 14.399688831532 1 798 13
"799" 172.531922913719 19.703138054297 1 799 20
"800" 182.171844420865 16.3301203890354 1 800 7
"801" 179.746286596575 24.066634691569 1 801 9
"802" 186.179217233247 20.5693404626093 1 802 8
"803" 184.046506551925 11.4883869111057 1 803 6
"804" 178.180795309522 14.3999856286751 1 804 9
"805" 190.265660493983 20.2976599149136 1 805 15
"806" 175.084981693976 12.731315493931 1 806 9
"807" 178.652590774695 17.8280999581993 1 807 6
"808" 188.587888524285 16.5201649056589 1 808 18
"809" 185.894072959282 20.8090893619098 1 809 17
"810" 171.970280919631 18.4864800335575 1 810 9
"811" 186.229846742517 23.1650741629138 2 811 10
"812" 176.135504464514 19.6374393304645 1 812 19
"813" 176.536698819937 9.23648525492934 1 813 12
"814" 179.958827166952 11.9646259655338 1 814 6
"815" 177.610297323905 14.713317585854 1 815 10
"816" 183.92607844627 8.26076483365517 1 816 5
"817" 184.774220062744 8.70518983525445 1 817 9
"818" 184.777025528055 19.5166792936005 1 818 18
"819" 191.129366249582 16.1038486634643 1 819 30
"820" 180.843916303081 18.5681426669465 2 820 6
"821" 179.678313960236 22.1604009244898 1 821 21
"822" 177.717564835248 13.4240246773771 1 822 9
"823" 180.783035296906 15.9966589841822 1 823 21
"824" 180.040051990037 20.7618766565161 1 824 6
"825" 179.503568146416 24.1255894357032 1 825 8
"826" 182.208873631338 14.8961870603833 1 826 5
"827" 182.055000630012 18.4670460409046 1 827 8
"828" 182.978192388941 26.2129685651486 1 828 6
"829" 178.367897758918 14.6423045180307 1 829 7
"830" 186.488309304541 28.9418280783685 0 830 0
"831" 181.567265373238 14.3175087887592 1 831 10
"832" 174.926364630626 17.1376192677836 1 832 6
"833" 178.797614397784 15.1937950929959 1 833 17
"834" 195.316744380202 12.625704345065 1 834 4
"835" 177.837872576596 22.8725670975165 1 835 4
"836" 181.335367174371 12.9400845778228 1 836 8
"837" 178.156316853659 13.5182396994469 1 837 12
"838" 176.065689575198 17.7078936444363 1 838 8
"839" 178.813874584628 12.3464063919892 1 839 6
"840" 181.857884852584 15.2514701649144 1 840 9
"841" 180.135671320279 19.0871137011339 1 841 9
"842" 183.385228682646 20.8998229079524 2 842 19
"843" 173.805727574188 14.1809643519907 1 843 10
"844" 174.214275094226 16.3045131296344 1 844 10
"845" 181.053402825082 25.0560949840974 1 845 5
"846" 178.648789672721 18.6613741669357 2 846 6
"847" 177.661496112439 11.276877073613 1 847 9
"848" 171.565396461992 15.5982929914352 1 848 20
"849" 103.527542260391 153.154813223775 1 849 38
"850" 96.7063691078465 154.455734776623 1 850 8
"851" 101.982316772599 153.363209848517 1 851 4
"852" 102.36060919319 152.315985243619 1 852 7
"853" 102.511542768474 147.098624765584 2 853 7
"854" 96.4118067002873 153.895251892075 1 854 7
"855" 100.523551170208 151.151491532702 1 855 4
"856" 101.703675626638 148.035843044715 1 856 7
"857" 102.73611055606 147.000043650594 1 857 14
"858" 101.22464542336 148.588526928942 1 858 5
"859" 98.8192305750694 153.137714017602 1 859 6
"860" 101.128491787281 143.928066081569 1 860 7
"861" 101.836634441468 151.474010606588 2 861 9
"862" 95.2672346505047 159.696155231065 1 862 8
"863" 102.263241763842 158.450350658872 1 863 10
"864" 96.2351397461324 151.453063796975 1 864 8
"865" 98.8981637480354 150.778297387976 2 865 8
"866" 105.855511106716 151.555368136243 2 866 10
"867" 104.720668431422 153.723249923986 1 867 7
"868" 101.817473360589 155.17861911161 2 868 8
"869" 103.337717259195 154.30681690847 2 869 8
"870" 95.9830504568264 149.182148155181 2 870 3
"871" 99.3551985072301 144.691301520842 1 871 7
"872" 101.479756812479 155.537192472852 1 872 3
"873" 96.937027620324 161.078707902688 2 873 10
"874" 96.3692651750131 155.042209245971 1 874 17
"875" 101.654035382436 155.99874593768 1 875 3
"876" 93.5790775898363 146.279691010144 1 876 18
"877" 101.410021945972 162.130495527395 1 877 18
"878" 102.235418192583 147.382226991112 1 878 5
"879" 99.9179410327719 149.417782937553 1 879 1
"880" 101.47714053935 142.32891125342 1 880 2
"881" 101.540017759989 149.672990392319 1 881 6
"882" 99.8929164469372 149.932162471204 1 882 2
"883" 100.371170338692 154.718686471636 1 883 4
"884" 97.2210283681358 146.290206092165 1 884 9
"885" 98.1049646816825 149.026407439807 2 885 9
"886" 100.441979075607 154.30203666025 1 886 8
"887" 97.6936535476714 147.201291105488 1 887 6
"888" 102.355417097205 156.87891449219 1 888 5
"889" 95.2144109102603 146.590934752149 1 889 10
"890" 100.299241086376 154.032143330614 1 890 4
"891" 96.0957228407871 147.088969068148 1 891 5
"892" 101.318370325781 142.420479789717 1 892 8
"893" 95.1339135327226 147.610862130943 1 893 16
"894" 99.7289481539 157.296005117075 1 894 6
"895" 100.546197938158 149.171257258139 1 895 2
"896" 102.870932585709 144.351932916885 1 896 14
"897" 104.691758797882 154.13584502518 1 897 9
"898" 101.944740333547 150.853866678677 1 898 8
"899" 100.521987910197 150.930348211419 1 899 4
"900" 101.061670857714 146.238647686283 1 900 16
"901" 95.6611464645623 144.591027398864 1 901 19
"902" 107.595388528192 150.283785095228 1 902 34
"903" 98.7418201011584 143.190335310441 1 903 5
"904" 102.296640924114 146.42734159069 1 904 6
"905" 97.5079813400654 161.803673598996 1 905 5
"906" 108.587082358489 147.439050014948 1 906 31
"907" 102.977978910243 161.626191599194 1 907 23
"908" 99.4809991503073 156.065244770336 1 908 5
"909" 99.8538692686117 154.66594111788 1 909 3
"910" 96.2342128020422 146.008393190772 1 910 13
"911" 104.762145627956 152.037733885426 1 911 12
"912" 106.877973170418 151.905048236925 1 912 10
"913" 99.0576568882221 152.126542682493 1 913 7
"914" 105.685480553808 144.619290457305 2 914 13
"915" 101.771065134406 152.638132415775 1 915 5
"916" 100.14831391979 151.877964672084 1 916 10
"917" 100.10439633839 155.70726263286 1 917 3
"918" 108.272178352093 146.350984581269 2 918 22
"919" 99.5204693411846 147.056563250558 1 919 2
"920" 97.453261088384 142.290412728953 1 920 15
"921" 101.455828545131 164.691033859897 1 921 11
"922" 99.6413468678354 150.521841491837 1 922 3
"923" 97.2624184260456 152.036896821389 1 923 13
"924" 98.6954392520304 151.997861571998 1 924 9
"925" 102.025352929828 157.929935215219 1 925 4
"926" 104.203822868623 155.374811626747 1 926 14
"927" 101.882882414785 149.90810270138 1 927 14
"928" 95.132239080104 154.733829129316 1 928 3
"929" 102.613362759046 154.647806601333 1 929 12
"930" 97.5791248789533 161.922129424275 1 930 6
"931" 98.0705951145479 146.383888951135 1 931 5
"932" 94.6632197655652 148.422737648566 1 932 4
"933" 100.989671563031 151.599487419728 1 933 6
"934" 97.4174441054498 144.385261766578 1 934 3
"935" 95.9531693483766 142.709169564557 0 935 0
"936" 97.0943907549956 149.514729823693 1 936 4
"937" 98.9286253588654 151.145148298148 1 937 11
"938" 102.194741253708 148.645607710169 1 938 13
"939" 102.726812315923 157.11941150428 1 939 9
"940" 104.696349249238 143.75417063134 1 940 10
"941" 94.7113512239023 153.847695967608 1 941 20
"942" 105.263459113193 151.346607400573 1 942 10
"943" 101.43812888879 158.127858525069 1 943 5
"944" 100.331780631226 155.124372523436 1 944 5
"945" 102.474494966498 153.719384779166 1 945 6
"946" 100.039641889805 154.180333823139 1 946 3
"947" 106.507891227006 151.72240732407 1 947 13
"948" 101.351450636192 149.913392393818 1 948 5
"949" 104.741875421459 155.246541088951 1 949 9
"950" 101.458474120595 153.813356415823 2 950 3
"951" 99.8063616467376 146.928834383342 1 951 8
"952" 105.089624548079 149.70097168672 1 952 10
"953" 99.422121899175 141.454932025138 1 953 27
"954" 96.8454918531844 155.779210296072 1 954 8
"955" 103.589583506653 154.14901571011 1 955 9
"956" 100.929892473535 151.069978350939 1 956 13
"957" 96.2415416436105 153.997753446143 1 957 5
"958" 101.48626885872 149.936161298938 1 958 4
"959" 99.9468430645444 156.286922650366 1 959 8
"960" 96.0109930501839 159.153290674853 1 960 27
"961" 100.193253292861 157.217383976075 2 961 8
"962" 104.544777338764 150.50298975688 1 962 20
"963" 99.3537748843537 150.757071438492 1 963 2
"964" 101.471110660194 144.62454453918 1 964 5
"965" 106.788195436592 152.650854213209 1 965 9
"966" 100.397631138454 150.981111737498 1 966 3
"967" 102.587921698714 146.204784348555 1 967 7
"968" 98.0308724336973 146.281710639904 1 968 5
"969" 97.2131815408619 159.425559186582 1 969 14
"970" 94.9939960223048 160.20547950928 1 970 8
"971" 102.227245608824 155.90463784551 1 971 7
"972" 100.153306294764 154.482144461956 1 972 4
"973" 100.556211914344 145.359505876379 1 973 11
"974" 98.4513174702647 153.651864701899 1 974 6
"975" 94.6859925178826 159.972260925132 1 975 10
"976" 100.312179876842 153.319344621259 1 976 4
"977" 101.415580588955 148.681678281 1 977 6
"978" 101.599987675414 154.409639052652 1 978 4
"979" 98.3902832356545 154.330560923628 1 979 12
"980" 101.062861792518 152.886339015967 1 980 6
"981" 100.35941478184 148.027422663371 1 981 2
"982" 102.026533258424 155.581981989398 1 982 17
"983" 98.8905063439364 152.021193868773 1 983 6
"984" 101.536586243186 152.381486998517 1 984 5
"985" 100.761177910986 154.203255662683 1 985 3
"986" 99.3828380954052 148.77858909395 1 986 4
"987" 96.1239004426923 153.299981871376 1 987 4
"988" 98.9691522540504 155.255515417987 1 988 4
"989" 103.048049075272 160.198273099466 1 989 17
"990" 99.3044250465211 154.69501377696 1 990 2
"991" 99.3451102306306 150.608835385729 1 991 3
"992" 99.7502925774432 159.324018007901 1 992 11
"993" 101.976836805873 154.862701906445 1 993 4
"994" 97.9265752227639 151.462406801962 2 994 3
"995" 99.1161422906718 149.016952655712 1 995 5
"996" 100.21096451298 153.298321253716 1 996 4
"997" 106.180388414411 147.692904350824 1 997 15
"998" 97.0259164394483 149.466735468999 1 998 5
"999" 99.4587202106522 148.59501517423 1 999 3
"1000" 95.3623042177372 140.405999348252 1 1000 19
"1001" 97.9169070253491 151.007717214183 2 1001 6
"1002" 100.177218247919 147.072380732263 1 1002 9
"1003" 100.420446896745 158.568428572922 1 1003 4
"1004" 101.188661311799 149.232764572365 1 1004 4
"1005" 104.434663530834 153.764050923081 1 1005 10
"1006" 102.912055718535 155.266581721608 1 1006 6
"1007" 98.1642763768896 151.947999972654 1 1007 12
"1008" 100.350777393556 153.2701312771 1 1008 3
"1009" 98.7727482945673 151.555597202959 1 1009 5
"1010" 99.8275616664496 155.900569426569 1 1010 7
"1011" 103.71452203749 151.902291036355 1 1011 15
"1012" 96.1593461184771 155.249352269518 2 1012 2
"1013" 101.868546091413 146.087491627805 1 1013 11
"1014" 103.437449539423 143.749500592068 1 1014 14
"1015" 100.94366950992 152.716090107081 1 1015 4
"1016" 102.390523331513 152.609855143099 1 1016 6
"1017" 96.735453806406 159.914878524699 1 1017 13
"1018" 99.9272591593383 157.778294873463 1 1018 9
"1019" 99.3006405222999 157.99790954812 1 1019 9
"1020" 99.8895115490619 153.416118062137 1 1020 4
"1021" 104.544126036351 156.243410504251 1 1021 6
"1022" 96.1020500930922 147.069582444887 1 1022 4
"1023" 97.6649298493827 154.664440907628 1 1023 9
"1024" 100.538603641624 144.224005250187 1 1024 10
"1025" 100.082043281703 154.95094541073 1 1025 6
"1026" 105.427118045718 151.638528326728 1 1026 7
"1027" 101.466575634165 153.948093690102 1 1027 3
"1028" 100.363415939329 153.844590169856 1 1028 5
"1029" 99.9505663947605 150.110409759037 1 1029 3
"1030" 101.782780286939 147.058253182321 1 1030 11
"1031" 100.134913057686 152.7734593113 1 1031 6
"1032" 104.011360227676 155.718470892738 1 1032 8
"1033" 104.304973940799 155.270864279974 1 1033 15
"1034" 105.639018888316 150.819052938957 1 1034 10
"1035" 101.92837985369 154.0749292071 1 1035 9
"1036" 95.7268176475813 154.123597292717 1 1036 4
"1037" 101.803935066966 156.647561655764 1 1037 3
"1038" 106.104131676787 148.307466667274 1 1038 18
"1039" 92.3680324253165 142.616237197056 1 1039 36
"1040" 102.463465995349 156.055784730416 1 1040 4
"1041" 102.318266238784 153.468337886886 1 1041 12
"1042" 96.0439995153407 151.511173550393 1 1042 7
"1043" 98.9589033354875 159.378036442019 1 1043 13
"1044" 96.8289458071727 153.388013241131 1 1044 4
"1045" 103.435073798438 154.015496109058 1 1045 12
"1046" 104.670182314615 158.587639896611 2 1046 26
"1047" 104.414609591233 149.731701016361 1 1047 11
"1048" 101.507487968336 153.371470311291 1 1048 4
"1049" 103.876905272484 153.994023124388 1 1049 10
"1050" 101.626559260272 145.938456345198 1 1050 10
"1051" 103.332115080508 155.067991406948 1 1051 11
"1052" 99.6370303034893 159.664407906814 1 1052 9
"1053" 100.46360978996 145.071128981049 1 1053 15
"1054" 98.5066339882021 154.952661078101 2 1054 5
"1055" 104.942220707191 156.232439472117 2 1055 11
"1056" 104.402909666928 149.49524236607 1 1056 10
"1057" 98.6910254911217 153.823564703642 1 1057 4
"1058" 95.7312539137833 156.790052299679 1 1058 7
"1059" 99.7025612122684 147.906023937055 2 1059 9
"1060" 96.8320071755075 157.419705621384 1 1060 23
"1061" 101.895670826576 147.937222087196 1 1061 11
"1062" 104.010713041624 143.946691848629 1 1062 13
"1063" 95.9930556026564 147.464496335476 1 1063 7
"1064" 98.284958876942 151.349521827249 1 1064 5
"1065" 99.0925657468685 145.735130895941 1 1065 2
"1066" 96.9086407092651 145.011939173108 1 1066 9
"1067" 96.9589060987445 151.726235219944 2 1067 4
"1068" 100.950389113898 151.424826271669 1 1068 4
"1069" 102.124343942215 144.991583022625 2 1069 4
"1070" 99.0721016994857 149.562771209611 1 1070 8
"1071" 97.4367023321249 155.54850789582 1 1071 3
"1072" 99.1854410188198 148.004752740975 1 1072 5
"1073" 92.2913746153404 142.974655949491 1 1073 34
"1074" 102.283042997765 152.320694614807 1 1074 7
"1075" 100.788651166382 141.196492660954 1 1075 12
"1076" 95.693008798629 154.507250468165 1 1076 7
"1077" 99.038501325089 152.457061985308 1 1077 7
"1078" 100.409979378508 152.828775985676 1 1078 9
"1079" 97.2599315851636 151.318035220609 1 1079 3
"1080" 98.1158701049499 157.334310334178 1 1080 16
"1081" 100.850234597273 152.824640149927 1 1081 6
"1082" 104.038015849266 149.589106164893 1 1082 11
"1083" 101.293052644913 156.048737398477 1 1083 4
"1084" 102.393973422364 158.6078705305 1 1084 14
"1085" 105.553726967932 150.712208113252 1 1085 10
"1086" 96.4859676262267 144.500051047092 1 1086 13
"1087" 105.032276933852 147.901546083108 1 1087 8
"1088" 98.2980217141955 149.967177182134 1 1088 7
"1089" 97.4013658996564 151.439679997787 1 1089 4
"1090" 99.8087715818011 153.946668172532 1 1090 3
"1091" 104.045413455487 153.093649917455 1 1091 25
"1092" 106.857762943467 157.983172937833 1 1092 19
"1093" 99.7149804599924 152.755464063468 2 1093 11
"1094" 98.4979181788859 146.505978157526 1 1094 2
"1095" 101.292632368725 148.356042923555 1 1095 3
"1096" 104.502161997497 154.295052780663 1 1096 9
"1097" 99.2570440009954 154.528052596182 1 1097 4
"1098" 99.1139222220715 140.940884115647 1 1098 13
"1099" 95.9135724152889 155.888938770811 1 1099 5
"1100" 100.227684817981 149.788408125251 1 1100 2
"1101" 97.8850310357587 155.385056879125 1 1101 4
"1102" 98.3935115870431 151.169752076998 1 1102 6
"1103" 98.5246438708461 150.598470003113 1 1103 8
"1104" 95.2258051819288 151.096163133698 1 1104 6
"1105" 94.7979319022724 152.674510271325 1 1105 7
"1106" 96.2752406399737 150.908616808141 1 1106 8
"1107" 96.8530685172567 146.115419244483 1 1107 12
"1108" 98.2450470373059 148.333776928316 1 1108 6
"1109" 99.0446943057373 154.718597214705 1 1109 3
"1110" 100.878911596536 148.815818426853 1 1110 3
"1111" 93.6855601558242 148.569991576253 1 1111 7
"1112" 101.49733162118 147.676527207606 1 1112 6
"1113" 98.3738854121699 153.644604536203 2 1113 5
"1114" 104.423308449985 157.784771435928 1 1114 18
"1115" 103.365689828434 154.630165176535 1 1115 7
"1116" 103.251553463758 151.078447397979 1 1116 2
"1117" 98.3945250328356 150.906916274945 1 1117 4
"1118" 100.738119707552 151.890118836493 1 1118 7
"1119" 98.4996048852537 153.38240651182 1 1119 8
"1120" 104.655505860635 156.824589372017 1 1120 9
"1121" 105.335681032033 150.50807825446 1 1121 9
"1122" 101.628221709152 146.408797486378 1 1122 13
"1123" 101.837767741628 147.604559031844 1 1123 4
"1124" 100.133169601705 150.331115754689 1 1124 6
"1125" 103.612402863638 149.650900977496 1 1125 9
"1126" 99.7768884426513 143.20332928397 1 1126 17
"1127" 98.2366064526962 150.558418012966 1 1127 5
"1128" 101.028998410313 147.249702284809 1 1128 8
"1129" 100.073074666516 152.318673654298 1 1129 4
"1130" 101.765107115484 145.025598778583 1 1130 10
"1131" 99.7292076223171 157.275846543338 1 1131 7
"1132" 98.1040177579421 148.382052095812 1 1132 5
"1133" 99.5529777039116 150.026594166076 1 1133 3
"1134" 93.5567871385123 149.212016892658 1 1134 24
"1135" 102.321797890807 149.272412188988 1 1135 7
"1136" 103.902478086439 154.337334221031 1 1136 10
"1137" 101.08485120758 153.233815267581 1 1137 4
"1138" 99.9790704230537 153.847726061785 1 1138 4
"1139" 99.9669685447483 150.485098704104 1 1139 7
"1140" 99.00232758784 147.293622510988 1 1140 9
"1141" 105.182777808019 145.847400956866 1 1141 6
"1142" 102.832650774336 152.254100316527 1 1142 10
"1143" 99.6880876766 151.23119248883 1 1143 11
"1144" 102.256215550332 147.830686265678 1 1144 5
"1145" 102.960834644711 158.027383989946 2 1145 14
"1146" 96.6629382722662 151.866307505286 1 1146 3
"1147" 98.8487499802444 153.075583095988 1 1147 5
"1148" 96.7650599604654 148.941281157093 1 1148 5
"1149" 107.456879826237 145.604000169215 1 1149 11
"1150" 104.244177157478 158.373089555451 1 1150 44
"1151" 100.415534169749 150.392646106433 1 1151 3
"1152" 97.8399926923537 148.834841414019 1 1152 22
"1153" 101.926491205667 152.051607031376 1 1153 9
"1154" 98.7020135583248 149.475915629656 1 1154 8
"1155" 101.285899349255 146.434857177822 1 1155 9
"1156" 96.9634934333718 152.581365613853 1 1156 6
"1157" 98.4176498666911 144.421512968264 1 1157 20
"1158" 101.280890969502 151.973080437352 1 1158 3
"1159" 97.6399101479062 147.699422500365 1 1159 5
"1160" 100.103724124493 147.575229475432 1 1160 8
"1161" 107.659729979417 152.906048561996 1 1161 13
"1162" 101.609077680477 152.681110108134 1 1162 4
"1163" 101.222742759262 154.415978958251 1 1163 2
"1164" 101.130393569631 149.122764688912 1 1164 3
"1165" 102.335437228241 159.634870697147 1 1165 17
"1166" 99.9217694172 143.916681288858 1 1166 6
"1167" 99.866057782476 146.666074214832 1 1167 10
"1168" 100.455582675228 151.592418470272 2 1168 11
"1169" 99.5843536366927 159.111149280553 1 1169 10
"1170" 99.600230109192 152.475321339355 1 1170 5
"1171" 102.184974842892 149.434337684145 1 1171 6
"1172" 98.8214913815149 150.366561468327 1 1172 9
"1173" 101.921233726832 148.935941687374 1 1173 6
"1174" 101.263780069492 151.551580965383 1 1174 9
"1175" 96.7302435948512 152.512239583713 1 1175 4
"1176" 107.408897517099 150.739811548695 1 1176 35
"1177" 96.698238108244 153.767195396825 1 1177 5
"1178" 99.1451654568241 151.430488763692 1 1178 4
"1179" 101.222578744395 148.365849575752 1 1179 2
"1180" 105.61195429218 154.802101435081 1 1180 12
"1181" 94.2416329345722 151.85215609224 1 1181 6
"1182" 99.0753515027623 151.333030481959 1 1182 5
"1183" 98.0677226470778 153.634654976766 1 1183 4
"1184" 103.669590283736 149.892245933919 1 1184 8
"1185" 97.9148175796487 157.236215846027 1 1185 17
"1186" 99.7747232272101 149.091629210722 1 1186 3
"1187" 102.776791712033 152.498293954929 1 1187 12
"1188" 100.756018622448 149.141045812487 1 1188 6
"1189" 103.471113115051 149.860190573221 1 1189 11
"1190" 105.904314510374 151.804908493967 1 1190 5
"1191" 98.2086567237368 141.024913931427 1 1191 5
"1192" 99.6984641421115 150.633625118869 1 1192 2
"1193" 98.1421618741299 150.427259520216 1 1193 5
"1194" 101.509284830561 149.875963945862 1 1194 5
"1195" 97.8503621719454 148.217296336124 1 1195 6
"1196" 99.9963859904896 147.987458810267 1 1196 4
"1197" 97.470099743095 155.222712384793 1 1197 14
"1198" 100.928728277292 149.405534959572 2 1198 3
"1199" 96.9666760228107 149.293081312155 1 1199 3
"1200" 99.6869563698294 146.014927270827 1 1200 6
"1201" 102.543804216614 150.061271076821 1 1201 2
"1202" 101.626359612924 152.386495758387 2 1202 6
"1203" 100.295199451793 153.389559000789 1 1203 4
"1204" 102.16755731202 153.112428791282 1 1204 7
"1205" 97.3684252003023 153.64746118358 1 1205 2
"1206" 101.226805205222 147.545330603228 1 1206 5
"1207" 94.8518974356925 154.880977778992 1 1207 4
"1208" 99.2762798126672 152.751536316319 1 1208 9
"1209" 100.470637444305 149.191729992568 1 1209 3
"1210" 96.4103742483429 152.880813599739 1 1210 9
"1211" 100.494095709956 143.802455941352 1 1211 7
"1212" 98.917736801034 145.220721826593 1 1212 18
"1213" 102.548159425069 152.789388256298 2 1213 11
"1214" 98.5429717415878 154.160920404393 1 1214 14
"1215" 101.05833306425 153.459012536993 2 1215 5
"1216" 105.221583991147 159.548042965847 1 1216 15
"1217" 159.8101711029 67.676855642267 1 1217 5
"1218" 158.793793021015 64.051192323931 1 1218 6
"1219" 153.032929357586 65.7027228127587 1 1219 26
"1220" 160.176438445993 69.7825930098324 1 1220 33
"1221" 156.153070938683 67.7153687395375 2 1221 7
"1222" 155.34491403748 64.8066903061906 1 1222 12
"1223" 155.187037230481 67.543585345075 1 1223 4
"1224" 160.562952255541 66.7404260396963 1 1224 6
"1225" 156.627826517524 68.6280384547766 1 1225 6
"1226" 155.632863078226 64.3354087374354 1 1226 7
"1227" 157.121401267796 70.5003402918059 1 1227 18
"1228" 155.480248135762 66.7732278638951 1 1228 5
"1229" 156.302530124332 67.8462221376574 1 1229 6
"1230" 158.104393165963 67.3373882881103 1 1230 3
"1231" 156.996543476339 65.3874030773024 1 1231 5
"1232" 157.301011870981 63.5146910397581 1 1232 4
"1233" 158.701630957449 67.529397666453 1 1233 5
"1234" 156.26616038036 67.3295235497413 1 1234 5
"1235" 158.832370866862 65.3084177428806 1 1235 10
"1236" 158.840596916212 67.0197230306975 2 1236 5
"1237" 156.31293240476 66.9813748673848 1 1237 4
"1238" 156.047396742321 63.5522364938247 1 1238 25
"1239" 158.169278185814 67.5892732361892 1 1239 4
"1240" 156.75338207637 62.2170858868408 0 1240 0
"1241" 157.090873813704 66.9432659279402 1 1241 6
"1242" 156.414678039999 70.3814116790086 1 1242 10
"1243" 157.146711540804 65.9204721248068 1 1243 6
"1244" 155.029711130653 67.3175503525395 1 1244 5
"1245" 158.302495871693 65.1480595636403 1 1245 7
"1246" 155.52969699118 65.873152262444 1 1246 13
"1247" 157.964786205523 66.4020323378547 1 1247 5
"1248" 154.20593033183 63.5536910900429 2 1248 8
"1249" 157.12570844828 65.6042913050468 1 1249 3
"1250" 159.187053532172 71.2421894691047 1 1250 12
"1251" 154.223713673241 66.1683309922339 1 1251 12
"1252" 154.45587598642 67.5985897237377 1 1252 12
"1253" 159.150825528173 66.3559514491763 1 1253 17
"1254" 161.023790882829 63.2525355103499 1 1254 3
"1255" 158.395601312167 67.8780912251931 1 1255 4
"1256" 155.015386649675 68.1754376743267 1 1256 7
"1257" 158.770502441674 66.4087119043605 2 1257 9
"1258" 156.864935503206 64.1798590379194 1 1258 6
"1259" 158.30548333215 67.9707146041405 1 1259 4
"1260" 156.918489412489 65.5002106790875 1 1260 4
"1261" 157.233891664301 66.5112577305074 1 1261 4
"1262" 155.405987451787 66.5457056097378 1 1262 5
"1263" 156.368825380581 65.9960380630549 1 1263 7
"1264" 156.778016177971 67.6677188653469 1 1264 7
"1265" 156.373862076798 64.9748450764648 1 1265 5
"1266" 154.669759846896 68.1033204996083 1 1266 6
"1267" 159.458759742372 65.4429960460806 1 1267 5
"1268" 156.058464976692 67.4637273298204 1 1268 5
"1269" 159.170937153161 63.4734296624628 1 1269 10
"1270" 157.757587581421 67.5687806989223 1 1270 6
"1271" 156.4761070653 66.4188826507015 2 1271 7
"1272" 159.156797503542 68.47052249734 2 1272 6
"1273" 157.628595139201 65.1764430735037 2 1273 4
"1274" 154.125656054716 60.8213926667358 0 1274 0
"1275" 157.872135900085 65.0434103614507 1 1275 5
"1276" 158.1316169598 66.0946963726294 1 1276 10
"1277" 156.07778808423 65.3471993417017 1 1277 8
"1278" 154.731794247243 63.984450273442 1 1278 13
"1279" 159.574876452998 68.6086659255816 2 1279 7
"1280" 158.440280363609 65.2351685751113 1 1280 6
"1281" 157.779149962869 64.8210753607912 1 1281 7
"1282" 156.100792624538 67.9301973508363 1 1282 7
"1283" 151.808484702891 67.6625060225425 2 1283 34
"1284" 157.12733991108 67.2878235868934 1 1284 7
"1285" 157.78306472195 64.8471704097148 1 1285 7
"1286" 155.516103004256 66.4817708603565 1 1286 7
"1287" 158.672372405004 67.3960320952182 1 1287 5
"1288" 157.77508394218 65.3578695729918 1 1288 5
"1289" 156.543292094615 66.8758636623587 1 1289 4
"1290" 157.345228375351 65.6899207373892 2 1290 3
"1291" 156.673962551147 65.3898291825087 2 1291 4
"1292" 154.625414225412 66.4886341510326 1 1292 8
"1293" 158.225672535846 65.7848131859899 1 1293 4
"1294" 158.944422861651 65.7899309442907 1 1294 4
"1295" 157.966345218459 64.8020610206015 1 1295 7
"1296" 155.165204211314 68.3594699589886 2 1296 7
"1297" 156.207962813252 67.1037544491086 1 1297 5
"1298" 158.8719622991 64.8026661324315 1 1298 9
"1299" 154.849572747005 68.1935033995548 1 1299 5
"1300" 157.752547417208 64.3955370140395 1 1300 6
"1301" 157.165858276708 64.9208251476678 1 1301 7
"1302" 156.302208098496 66.431619169433 2 1302 4
"1303" 156.323066186591 64.1201437697943 1 1303 5
"1304" 156.835283193064 64.5843911046094 1 1304 4
"1305" 156.109960546237 64.299820103805 1 1305 15
"1306" 159.502335612989 66.9853832287611 1 1306 6
"1307" 157.952574542904 67.2798795088767 1 1307 5
"1308" 158.109419469854 67.9346073228401 1 1308 7
"1309" 157.954862715262 64.9017123536427 1 1309 6
"1310" 159.612570490488 63.2206451920418 1 1310 8
"1311" 160.902131031386 66.667961778776 2 1311 4
"1312" 155.881984139323 66.7604155430117 1 1312 5
"1313" 156.929897273625 66.8005724063908 1 1313 10
"1314" 158.397752953202 64.898894731984 1 1314 11
"1315" 154.27578155343 64.1332569352907 1 1315 9
"1316" 158.200744052574 63.3197320460142 2 1316 3
"1317" 157.622169984595 66.9427443057454 1 1317 5
"1318" 157.874806723103 67.426513056001 1 1318 5
"1319" 154.991046694437 65.8017838330346 1 1319 11
"1320" 158.721378941581 66.5599536287962 1 1320 8
"1321" 157.235499951239 65.7882830638138 1 1321 3
"1322" 157.11573362259 65.6283696048947 1 1322 3
"1323" 156.753461680907 67.4940481957758 1 1323 10
"1324" 153.798168516335 66.5778784957763 1 1324 13
"1325" 157.16539388756 66.7767819698552 1 1325 8
"1326" 160.262539775772 67.300345107385 1 1326 3
"1327" 154.409723745666 68.3346875897341 1 1327 8
"1328" 155.127352634137 67.9985329969791 2 1328 11
"1329" 157.271875950995 67.2142582021545 1 1329 6
"1330" 156.027417961304 68.8933687314495 1 1330 10
"1331" 158.163561408921 68.7497069057953 1 1331 8
"1332" 160.568917168765 68.0094675822462 1 1332 4
"1333" 156.599853742709 66.0578565771639 2 1333 8
"1334" 156.080877501654 64.6058718640354 1 1334 12
"1335" 154.366875243085 71.4651538842097 2 1335 3
"1336" 157.248678945613 67.9237890575729 1 1336 16
"1337" 158.772328909062 64.641640806776 1 1337 8
"1338" 155.88423933919 64.7421650924272 1 1338 10
"1339" 150.852805185008 65.6849413246918 0 1339 0
"1340" 159.585941812426 65.7005933577378 2 1340 4
"1341" 159.083592167139 67.55133119582 1 1341 4
"1342" 156.460009727987 61.4615382508686 0 1342 0
"1343" 158.301680555539 68.267652554718 2 1343 6
"1344" 156.553692370395 67.5703319254751 1 1344 11
"1345" 158.711112826756 64.3120816095562 1 1345 5
"1346" 160.594709056794 68.1133624375368 2 1346 3
"1347" 157.888879175278 63.9297486255339 1 1347 7
"1348" 153.960249107299 67.1930250801607 2 1348 8
"1349" 155.027915868016 67.1138366866756 1 1349 6
"1350" 157.414948858416 65.1770979908059 1 1350 3
"1351" 158.915270065512 66.8832386420112 1 1351 4
"1352" 154.785279738056 63.4074418311953 2 1352 9
"1353" 157.080602803585 67.202476605614 1 1353 7
"1354" 158.903094133121 65.8107485303062 1 1354 5
"1355" 160.881242537456 63.4893242642599 2 1355 11
"1356" 160.099281758209 68.4422914705724 1 1356 3
"1357" 154.408172039924 67.1072226644102 1 1357 9
"1358" 158.856766413706 68.0131854596501 1 1358 11
"1359" 154.45075413529 66.4742113144245 1 1359 6
"1360" 159.541037477688 65.9867107785044 1 1360 3
"1361" 154.955784986948 66.1110146282021 1 1361 15
"1362" 158.050612294419 67.1881704495598 1 1362 5
"1363" 157.115642466315 65.7034804630423 1 1363 3
"1364" 156.442918003818 65.2926815604127 1 1364 5
"1365" 157.09906723608 66.0536008351149 1 1365 3
"1366" 157.102150588623 68.7050922313267 1 1366 11
"1367" 156.315778625513 66.800483042036 1 1367 3
"1368" 158.148412768284 64.9228785156755 1 1368 7
"1369" 154.419223420428 65.0028645387151 2 1369 10
"1370" 156.516157941655 64.4465968416353 1 1370 12
"1371" 155.884090460553 64.9015223034093 1 1371 9
"1372" 157.225321965151 65.6885620494111 1 1372 2
"1373" 154.992522198056 65.7526343905882 1 1373 10
"1374" 156.905018962049 65.6491088915967 1 1374 4
"1375" 156.529586372538 65.432291676068 1 1375 4
"1376" 155.854396575015 66.2465297375421 1 1376 5
"1377" 155.698522383674 65.8692747340923 1 1377 9
"1378" 157.829949724386 65.0237055451428 1 1378 6
"1379" 154.195192400231 65.482840690085 1 1379 13
"1380" 156.756517409449 68.5292947402332 1 1380 6
"1381" 155.791010328553 66.5322026750195 1 1381 4
"1382" 157.390446384638 64.6192347973415 1 1382 4
"1383" 157.383239123847 68.8098434447796 1 1383 10
"1384" 158.540354059502 68.6202998168959 1 1384 16
"1385" 156.401035946291 67.883048884048 1 1385 6
"1386" 158.767241294194 66.8550880892679 1 1386 7
"1387" 156.71548029181 67.0080764578161 1 1387 5
"1388" 154.659893093916 67.0102107079292 2 1388 8
"1389" 157.962615567743 67.3501365672918 1 1389 4
"1390" 157.272813926742 66.128919275276 1 1390 3
"1391" 159.590157208566 71.3113916692178 1 1391 19
"1392" 158.62241784319 67.4915458135997 1 1392 4
"1393" 155.320815670861 66.2932471011397 1 1393 6
"1394" 157.668798805549 64.5542736614887 2 1394 5
"1395" 157.682493593059 68.0400269047533 1 1395 5
"1396" 158.977765360502 70.3547203816279 1 1396 6
"1397" 155.868164319473 67.5496759322518 1 1397 7
"1398" 94.4946347867651 73.5837467190245 1 1398 31
"1399" 160.655915871695 33.8294504490235 0 1399 0
"1400" 196.672832965303 147.912391723289 0 1400 0
"1401" 187.991732691859 119.892457817253 1 1401 7
"1402" 92.2776529161357 151.626876856955 0 1402 0
"1403" 104.734000582412 70.5943070767718 0 1403 0
"1404" 97.6830902033393 24.120591419352 1 1404 23
"1405" 143.707004027428 96.5282458390375 1 1405 39
"1406" 86.9447676525298 127.852696113389 0 1406 0
"1407" 111.828906480424 91.3768008987966 0 1407 0
"1408" 183.956222211494 53.6182160136354 1 1408 34
"1409" 174.932745911992 36.5037463492352 0 1409 0
"1410" 64.3766383144145 68.4236803747257 1 1410 14
"1411" 58.2325265214134 24.3039981402673 0 1411 0
"1412" 144.717500212605 153.022598407763 1 1412 3
"1413" 134.324959561545 72.4762400492353 1 1413 41
"1414" 130.772913897247 48.793221841094 0 1414 0
"1415" 68.8199732624523 12.6061351808515 1 1415 25
"1416" 103.427703252862 50.2746575130589 0 1416 0
"1417" 195.925158387561 163.585373970955 0 1417 0
"1418" 113.915728587678 49.3556192483344 1 1418 41
"1419" 90.7989071904701 82.2658933068157 1 1419 21
"1420" 191.744980655011 51.725340419651 0 1420 0
"1421" 89.0805934416395 112.556563653968 1 1421 42
"1422" 152.828020518666 77.5771024927207 1 1422 43
"1423" 178.31287190639 116.1873038789 0 1423 0
"1424" 114.815519037373 13.4368184688835 0 1424 0
"1425" 88.2843232702991 87.4990169185323 0 1425 0
"1426" 145.51489060848 158.243075054591 1 1426 7
"1427" 168.211410190854 4.28707028701933 1 1427 31
"1428" 94.0804963642242 157.978385026046 1 1428 32
"1429" 138.706148806122 102.115617853018 1 1429 49
"1430" 54.7672234817532 112.469723915396 1 1430 27
"1431" 166.723818922571 17.1156677228454 0 1431 0
"1432" 137.476250761952 85.928278119291 0 1432 0
"1433" 179.843133520252 110.35436759571 0 1433 0
"1434" 152.875208576618 50.5155745170191 0 1434 0
"1435" 182.564885072364 20.680727268321 1 1435 13
"1436" 97.7820456554486 60.4653303165415 0 1436 0
"1437" 162.538995358534 137.006082289216 1 1437 24
"1438" 190.138561031688 57.3110028035324 0 1438 0
"1439" 66.9304589044168 117.551830594688 1 1439 16
"1440" 153.899772637112 97.4572723751505 1 1440 45
"1441" 149.754738930757 30.4762932597305 0 1441 0
"1442" 128.776347912553 55.2400143325623 0 1442 0
"1443" 191.120896343472 42.2764941824518 0 1443 0
"1444" 114.637531664361 75.8772092977738 0 1444 0
"1445" 164.131745382306 142.866063893659 0 1445 0
"1446" 120.434312645551 99.3557519426271 0 1446 0
"1447" 118.822927171327 28.3151705416412 0 1447 0
"1448" 181.23939823461 119.350201259843 0 1448 0
"1449" 105.675403368518 33.9648288491416 0 1449 0
"1450" 175.050975670316 106.957906826208 0 1450 0
"1451" 183.864265813987 152.758071583284 0 1451 0
"1452" 90.6247595284942 78.701879735475 2 1452 24
"1453" 58.2452459795989 41.3359698419354 0 1453 0
"1454" 112.116076565128 127.882919482958 0 1454 0
"1455" 142.647455202331 59.0916480846718 1 1455 30
"1456" 85.8036393821837 127.357927298964 0 1456 0
"1457" 89.1950228780745 7.37730283576932 0 1457 0
"1458" 172.732596116126 85.7961585517907 1 1458 22
"1459" 168.325542642869 23.3250249224459 1 1459 27
"1460" 159.87644990347 55.9982760921555 1 1460 48
"1461" 190.459027993449 78.2053451146743 0 1461 0
"1462" 97.7968736160215 162.250279935079 1 1462 4
"1463" 110.195168361658 6.62638400401243 1 1463 12
"1464" 78.0003268927212 64.243139958918 0 1464 0
"1465" 75.9019268470078 140.626979342622 1 1465 44
"1466" 78.8626198843294 137.234074869965 2 1466 49
"1467" 173.236015257917 29.5471971213242 2 1467 38
"1468" 110.568168544182 56.9488127415738 0 1468 0
"1469" 86.3710851287592 154.162518180909 0 1469 0
"1470" 114.535177123794 109.119009576426 0 1470 0
"1471" 157.745982812841 6.78792632453975 1 1471 29
"1472" 106.672576070608 141.403270416244 1 1472 8
"1473" 193.448399565231 56.6896738952733 2 1473 43
"1474" 175.552662559577 13.3971465689873 1 1474 12
"1475" 121.244127463772 129.656072856927 0 1475 0
"1476" 121.472677382376 102.306668807435 0 1476 0
"1477" 159.281168209161 95.6043181463309 1 1477 16
"1478" 120.173050249813 2.01470922188307 1 1478 25
"1479" 192.945130707646 87.7632274139007 0 1479 0
"1480" 166.041430601982 132.319469836729 1 1480 43
"1481" 156.909631645139 67.5150426323496 1 1481 10
"1482" 131.540851267834 74.7480387050216 0 1482 0
"1483" 170.293371183363 20.9346471216825 1 1483 14
"1484" 126.838982561925 101.464576106109 0 1484 0
"1485" 137.073684919276 124.501874328256 2 1485 14
"1486" 137.350856041383 100.785494105493 1 1486 32
"1487" 127.865333574365 6.11624278145903 0 1487 0
"1488" 53.6587387227402 66.7264215695276 0 1488 0
"1489" 153.320674592885 60.8792853915942 0 1489 0
"1490" 132.455717321701 68.5928484442111 0 1490 0
"1491" 71.1970293175738 105.106081371629 1 1491 45
"1492" 68.2861523110541 129.295433594916 0 1492 0
"1493" 155.506320797101 141.524883802833 0 1493 0
"1494" 104.028852050966 117.458840333468 0 1494 0
"1495" 58.4972181737993 85.4765344378683 0 1495 0
"1496" 53.0402688955595 85.2662774342573 0 1496 0
"1497" 106.302760284818 7.4777379940861 0 1497 0
"1498" 130.338190261517 135.590362972636 2 1498 35
"1499" 50.4637076848846 50.7713794134727 0 1499 0
"1500" 144.237782863205 135.166596598583 0 1500 0
"1501" 58.8312584196012 106.231888309949 1 1501 4
"1502" 73.4698538975565 148.706946400628 0 1502 0
"1503" 184.783153840682 86.608884638333 0 1503 0
"1504" 150.228326640048 94.3447405828329 1 1504 22
"1505" 181.549698377553 48.5198228160969 1 1505 43
"1506" 156.113980948154 82.4755887378256 0 1506 0
"1507" 179.547512236741 157.218834749245 0 1507 0
"1508" 161.912742417006 5.52498978479647 1 1508 26
"1509" 62.9553190410251 86.1258314112254 1 1509 49
"1510" 136.155061133903 150.214445354932 0 1510 0
"1511" 133.817483059328 90.5035922450492 2 1511 46
"1512" 84.710208445005 51.9392474740155 0 1512 0
"1513" 188.775728864245 88.1273634875174 0 1513 0
"1514" 162.067858823284 43.6917872135104 1 1514 22
"1515" 163.697606146497 123.266736221792 1 1515 28
"1516" 135.957661035927 98.2533217522288 1 1516 39
"1517" 185.793842274121 52.7981986494831 0 1517 0
"1518" 78.4650974529851 62.097895996133 0 1518 0
"1519" 101.88114424058 163.227269297373 1 1519 38
"1520" 78.6926011582865 136.281408086101 1 1520 40
"1521" 167.676337659774 52.3247622533291 0 1521 0
"1522" 186.878576073902 17.7814146467199 1 1522 5
"1523" 105.267776403313 77.4662943487004 0 1523 0
"1524" 112.042911226079 29.8209869080486 0 1524 0
"1525" 62.807963514409 30.6292024617156 0 1525 0
"1526" 145.599210209094 99.121463206891 1 1526 17
"1527" 129.259734089512 151.636064854108 0 1527 0
"1528" 197.344562833464 33.5431738587528 1 1528 8
"1529" 108.484579722134 162.21325813299 1 1529 29
"1530" 98.3961069255137 111.828977716885 0 1530 0
"1531" 86.822256133952 140.4826990374 0 1531 0
"1532" 135.516334394412 97.0026341131113 1 1532 32
"1533" 93.5028075258556 111.714988938233 0 1533 0
"1534" 107.407876123561 107.830428737329 1 1534 37
"1535" 115.146001559454 145.927372201544 1 1535 3
"1536" 155.741814061807 149.266940436879 0 1536 0
"1537" 55.0504003351805 40.5081413889481 0 1537 0
"1538" 161.675960827974 90.6652936239319 1 1538 28
"1539" 104.682833594366 11.9840447170089 1 1539 14
"1540" 184.723065663372 71.9229425142764 0 1540 0
"1541" 111.074831966736 101.640976842748 0 1541 0
"1542" 166.390961151464 84.9126921935152 2 1542 25
"1543" 168.511694529903 147.264774219038 2 1543 34
"1544" 171.243879090735 44.6442867617005 1 1544 18
"1545" 93.9543022736422 51.1617693580033 0 1545 0
"1546" 157.556805999442 153.771528059226 1 1546 35
"1547" 148.564242837729 68.2446354355551 0 1547 0
"1548" 49.7431417475151 139.031703186727 0 1548 0
"1549" 155.973009177314 116.747174038282 0 1549 0
"1550" 67.9861598414021 14.7271959979981 0 1550 0
"1551" 181.181887367079 129.81887147983 1 1551 11
"1552" 172.259596286362 112.292801123523 0 1552 0
"1553" 70.9150234909362 151.678506887241 0 1553 0
"1554" 187.848941852305 140.170654232873 1 1554 31
"1555" 159.872233942577 75.1081534015519 1 1555 6
"1556" 74.7636893989907 92.9719434411086 0 1556 0
"1557" 57.1039859017566 5.46963960702109 0 1557 0
"1558" 58.8414127814272 69.3484903430589 1 1558 16
"1559" 134.920797749331 154.024543653286 1 1559 26
"1560" 126.292369428564 31.3064524767249 0 1560 0
"1561" 142.307273798923 79.4056003013243 0 1561 0
"1562" 72.4634792715466 81.9369758794841 0 1562 0
"1563" 135.332601843019 97.8964871873787 1 1563 36
"1564" 162.667286329618 159.196024469407 1 1564 50
"1565" 59.3838798243946 44.1156913088223 0 1565 0
"1566" 189.609893377597 26.6097637420814 1 1566 29
"1567" 127.112967477903 6.83691428220097 0 1567 0
"1568" 65.295323514843 85.0976013731138 0 1568 0
"1569" 93.8972298365367 116.511597888325 1 1569 46
"1570" 192.76007858506 78.5688267745983 0 1570 0
"1571" 186.589122497397 66.0227103220181 0 1571 0
"1572" 71.7405013405061 104.936748462614 1 1572 31
"1573" 159.848869741614 7.16007963148856 1 1573 39
"1574" 172.718703682571 52.1131770630063 0 1574 0
"1575" 91.7976678806029 104.152873211239 0 1575 0
"1576" 136.155737151865 5.83059462763184 1 1576 38
"1577" 83.7876060774984 106.845677312078 2 1577 41
"1578" 175.813875684087 17.5419555255481 1 1578 5
"1579" 58.5992343574256 143.927631072129 0 1579 0
"1580" 114.160875429234 14.8356273187887 0 1580 0
"1581" 144.195400594253 63.0944517801497 0 1581 0
"1582" 105.523426402457 63.0132219864144 0 1582 0
"1583" 111.883401781731 96.187486094968 1 1583 42
"1584" 141.472138823303 33.359779955309 0 1584 0
"1585" 95.6020841888481 98.6317914102395 0 1585 0
"1586" 130.283997790368 34.7944900864499 0 1586 0
"1587" 181.875784207976 157.857052026401 0 1587 0
"1588" 75.1141397128734 36.2424602912048 0 1588 0
"1589" 123.037368972371 23.225783956918 0 1589 0
"1590" 135.083612889497 9.71404393029477 0 1590 0
"1591" 138.114778224376 138.865665661042 1 1591 28
"1592" 155.611590865204 109.527928336034 0 1592 0
"1593" 109.783121878577 46.0301358547718 0 1593 0
"1594" 112.545951090757 39.4736212052282 0 1594 0
"1595" 61.4494759489129 71.5254589170077 1 1595 23
"1596" 66.0938213650953 3.45718065530063 0 1596 0
"1597" 148.369869231941 129.481150617525 1 1597 12
"1598" 72.0546765820837 8.15352548615418 0 1598 0
"1599" 140.801974778091 139.528977341402 0 1599 0
"1600" 193.740958516606 68.4983054052737 0 1600 0
"1601" 146.18230889616 83.5519607424459 0 1601 0
"1602" 64.0964220842237 2.59369517568272 0 1602 0
"1603" 186.412381693433 19.0713757791642 1 1603 4
"1604" 54.1633523090735 88.6200643911851 1 1604 24
"1605" 67.1981252028535 120.446934901895 1 1605 5
"1606" 62.9153554813847 164.082841224452 0 1606 0
"1607" 190.103438196298 108.73742759292 0 1607 0
"1608" 71.614161176041 21.8784814886347 1 1608 33
"1609" 176.854729487868 55.1405831588002 0 1609 0
"1610" 76.8433740328931 30.8262689559716 0 1610 0
"1611" 55.1777541090348 131.796649320353 0 1611 0
"1612" 72.0135899446319 150.88114305374 0 1612 0
"1613" 93.61165247214 141.656587125799 1 1613 22
"1614" 53.5591800112426 57.945835431466 1 1614 19
"1615" 71.3465729947714 19.3429732077532 1 1615 36
"1616" 90.8185773019312 77.7209044818545 1 1616 27
"1617" 168.625676662916 10.3239865499559 1 1617 22
"1618" 70.8542647934435 100.580360439211 1 1618 31
"1619" 143.659643102623 47.0267394475769 0 1619 0
"1620" 181.204334935287 82.4715966469499 1 1620 42
"1621" 58.1670169083163 155.065259620161 0 1621 0
"1622" 132.94351971091 33.3210182480248 0 1622 0
"1623" 156.470226511956 130.678528681183 0 1623 0
"1624" 105.733853312266 14.7521787332601 0 1624 0
"1625" 76.1645704377722 26.3839027791055 0 1625 0
"1626" 65.9555038033385 67.3055407946035 1 1626 16
"1627" 181.303716500015 72.5247735001181 0 1627 0
"1628" 169.523100145049 133.893760901207 0 1628 0
"1629" 151.370680880171 88.0127739612034 1 1629 23
"1630" 112.425737330367 1.529633686833 1 1630 23
"1631" 137.504896553315 156.432148972481 1 1631 34
"1632" 135.309601991658 108.606635907859 2 1632 36
"1633" 113.56509180168 71.7394003161104 2 1633 30
"1634" 90.005670888084 49.6664142923404 0 1634 0
"1635" 70.0616622665952 162.877785495371 0 1635 0
"1636" 109.691527429744 77.7688959096329 0 1636 0
"1637" 99.2531721214392 146.1635062348 1 1637 4
"1638" 93.5323961862067 53.6371816116285 1 1638 50
"1639" 50.0582554737764 95.5477265374889 0 1639 0
"1640" 107.484665298856 111.352138148931 2 1640 39
"1641" 148.188216858938 58.395441675907 0 1641 0
"1642" 94.4315836200866 49.575128298421 1 1642 41
"1643" 111.33307844829 154.953087309227 0 1643 0
"1644" 52.1825670360228 135.957630502871 0 1644 0
"1645" 63.9594050254163 52.2112914602685 0 1645 0
"1646" 85.4232052986258 111.609731253811 1 1646 37
"1647" 69.0235614927243 26.8848110482713 0 1647 0
"1648" 95.6843204098343 131.998247418343 1 1648 42
"1649" 108.843564536603 46.3530294888774 0 1649 0
"1650" 124.341821623302 130.601178017224 0 1650 0
"1651" 147.80694579082 43.88585848908 0 1651 0
"1652" 175.961658610776 21.8950464921231 1 1652 29
"1653" 142.243285748179 62.7369643610026 1 1653 45
"1654" 134.988097063263 65.4111161882707 1 1654 27
"1655" 168.999476667802 127.61994612081 1 1655 27
"1656" 143.473128188237 112.585817726028 0 1656 0
"1657" 152.2403495242 89.9506096699758 1 1657 43
"1658" 56.3499007752688 95.2456714116095 1 1658 30
"1659" 158.77679408935 40.8450073221013 1 1659 42
"1660" 59.7187162737681 156.200153803461 0 1660 0
"1661" 194.126401041449 10.499671333826 1 1661 34
"1662" 177.890807044508 82.14919863442 0 1662 0
"1663" 131.967803376306 127.671912524146 0 1663 0
"1664" 196.412373697553 86.7888959844267 0 1664 0
"1665" 70.6936821340458 60.1151239438476 0 1665 0
"1666" 171.259761476482 75.0368143979605 0 1666 0
"1667" 132.158610246192 137.341984706033 1 1667 36
"1668" 165.159973085745 70.5440363450425 1 1668 41
"1669" 128.728905251789 39.6325351453852 0 1669 0
"1670" 138.873867233864 147.484318032237 1 1670 32
"1671" 60.0145460205075 60.5047076427977 1 1671 25
"1672" 170.72799871236 104.292101721161 1 1672 42
"1673" 189.41696662701 49.8419159803418 0 1673 0
"1674" 193.251211932031 87.1652533079222 0 1674 0
"1675" 121.773466507948 140.115614146626 0 1675 0
"1676" 113.019621545092 121.887720818795 0 1676 0
"1677" 90.5010887441969 142.351276546877 0 1677 0
"1678" 148.719279874182 72.3672016671317 0 1678 0
"1679" 99.1901996982569 143.58855893645 1 1679 4
"1680" 154.595056136018 145.639005260434 1 1680 25
"1681" 146.9549976347 13.9576637634588 0 1681 0
"1682" 138.722766015181 33.6428007176509 0 1682 0
"1683" 87.6675373639141 88.8378805081159 0 1683 0
"1684" 95.6383950663046 140.975520014532 1 1684 12
"1685" 100.255355387375 23.5250619132624 1 1685 41
"1686" 51.1700519483272 82.0207630440371 0 1686 0
"1687" 100.00271197707 139.817232842775 1 1687 13
"1688" 98.8248939697057 136.525507664429 1 1688 36
"1689" 146.200778891321 51.4797183767348 0 1689 0
"1690" 134.960956271326 78.097789185349 0 1690 0
"1691" 162.293424178958 5.77525924509802 1 1691 22
"1692" 120.585199764043 74.2137969467647 0 1692 0
"1693" 90.3942990971157 147.168106066148 1 1693 7
"1694" 117.765616150797 86.4120137531448 0 1694 0
"1695" 178.012927907658 141.738181285638 1 1695 28
"1696" 80.7432285025547 101.254227478495 0 1696 0
"1697" 177.817960680992 75.745900616007 0 1697 0
"1698" 89.30966182162 16.3635273137908 1 1698 48
"1699" 186.841634030613 6.50007432629704 1 1699 8
"1700" 98.0547542517427 151.15384959297 1 1700 8
"1701" 173.937969058198 80.6785219556307 1 1701 25
"1702" 97.2003267367693 99.0874792976814 0 1702 0
"1703" 120.148858146062 161.042910100901 1 1703 13
"1704" 164.31389478231 37.6816769996808 1 1704 32
"1705" 49.3283558397866 90.6983890960005 2 1705 25
"1706" 96.0767067331285 149.787453504115 1 1706 2
"1707" 176.458808823808 93.931887506056 1 1707 20
"1708" 154.620393795838 46.6409855482536 0 1708 0
"1709" 178.84311839716 15.5393666734538 1 1709 12
"1710" 164.026820143213 43.0081075820679 0 1710 0
"1711" 134.801086304943 163.681605987508 1 1711 13
"1712" 131.693274389047 3.7771935531803 0 1712 0
"1713" 76.641059895357 121.403162508655 1 1713 41
"1714" 109.01596825457 111.229862475603 0 1714 0
"1715" 93.8777284511973 44.1469247483931 0 1715 0
"1716" 139.064164271798 22.5587712221573 0 1716 0
"1717" 176.350763177945 76.125513501193 0 1717 0
"1718" 78.755121893742 85.709735019719 1 1718 20
"1719" 194.960283637078 137.145614272743 1 1719 14
"1720" 106.341234085708 80.08615714791 0 1720 0
"1721" 144.957022826905 19.6630134140736 0 1721 0
"1722" 168.199309406713 27.8397251494588 1 1722 29
"1723" 53.3593608907899 162.725898001803 0 1723 0
"1724" 181.113197219611 117.350225194162 0 1724 0
"1725" 193.550773000062 15.8586195751456 1 1725 11
"1726" 107.876388513529 163.12490942646 1 1726 36
"1727" 102.177716639746 8.46747982769529 1 1727 17
"1728" 166.925555932564 27.9141627482574 1 1728 22
"1729" 107.817562285128 137.900993394409 1 1729 18
"1730" 197.375878109383 94.0872803688891 0 1730 0
"1731" 188.278769890389 65.2952888441239 0 1731 0
"1732" 72.4370373933826 20.5780444123405 0 1732 0
"1733" 194.808746528081 71.6392900825977 0 1733 0
"1734" 89.0403116719797 15.6200359975753 0 1734 0
"1735" 125.96086679023 81.2587434452208 1 1735 39
"1736" 177.381467734921 10.6101469082002 2 1736 10
"1737" 67.8400643847074 68.3499982080301 0 1737 0
"1738" 123.173512649933 133.47696822053 0 1738 0
"1739" 122.999190102932 123.665028080445 1 1739 33
"1740" 168.712843416797 23.2959174335767 1 1740 13
"1741" 126.851188221406 47.3241904007744 0 1741 0
"1742" 164.995053409942 40.8943276212043 1 1742 17
"1743" 190.836394281888 36.8046420454383 1 1743 49
"1744" 87.0697408883563 112.02491825142 2 1744 44
"1745" 51.1626318961273 47.1720013733373 0 1745 0
"1746" 97.1498163852756 159.42647789058 1 1746 13
"1747" 172.478745212755 22.6187833463213 1 1747 18
"1748" 183.811359822973 125.661626837473 1 1748 17
"1749" 107.77015769126 99.0629207180338 1 1749 40
"1750" 195.864624298672 139.345120982065 0 1750 0
"1751" 93.89579700415 115.088372287708 0 1751 0
"1752" 180.035733500987 95.9677359090676 1 1752 13
"1753" 60.1386616725027 151.118928372878 0 1753 0
"1754" 110.531492134057 9.37240343196032 1 1754 39
"1755" 92.0500055726758 48.4212433385932 1 1755 47
"1756" 97.8279066610531 67.0886926439915 0 1756 0
"1757" 169.438030062893 151.527103833241 2 1757 15
"1758" 93.1420008589865 103.066260046898 0 1758 0
"1759" 67.1327686228527 102.437940976523 1 1759 16
"1760" 107.245577287415 109.540836252472 1 1760 50
"1761" 106.075015338394 114.754469396443 0 1761 0
"1762" 153.599484261719 84.5805157814296 0 1762 0
"1763" 198.178949415306 41.0156443803148 0 1763 0
"1764" 83.7152937639962 145.219424304282 1 1764 21
"1765" 114.174136731752 9.4848672357771 0 1765 0
"1766" 104.529123645057 128.672600668578 0 1766 0
"1767" 184.235309761707 94.7386375320926 0 1767 0
"1768" 53.4687970570239 138.439748538094 0 1768 0
"1769" 143.118415982655 105.288880841061 1 1769 47
"1770" 76.7815185286186 4.71138031964045 0 1770 0
"1771" 76.6843304034741 52.2345812623747 0 1771 0
"1772" 112.403669874378 6.11436652423029 1 1772 7
"1773" 89.0629054880518 80.7719099388065 1 1773 23
"1774" 178.162710877398 164.277708210173 0 1774 0
"1775" 87.4784524121275 104.433675980502 0 1775 0
"1776" 151.426933800341 126.760426830887 1 1776 43
"1777" 54.8822254178545 60.5508859878878 1 1777 45
"1778" 56.7378950347825 133.562623769266 0 1778 0
"1779" 194.454766048962 108.806111858551 0 1779 0
"1780" 161.278768332923 89.9478475999547 2 1780 39
"1781" 128.961321152459 157.448451573674 0 1781 0
"1782" 185.47344500888 123.489283164758 1 1782 41
"1783" 185.780774298543 129.609453050734 0 1783 0
"1784" 181.228406575059 75.9730628375945 2 1784 37
"1785" 133.804600964332 94.1842968375178 1 1785 45
"1786" 100.418938998649 67.4417644251932 1 1786 41
"1787" 50.7553399126458 29.3152531080879 1 1787 26
"1788" 109.603778224522 56.0168978624267 0 1788 0
"1789" 102.197847103154 119.514634623821 0 1789 0
"1790" 98.4647832241473 45.5441898346475 0 1790 0
"1791" 171.452444445833 35.3868658099401 2 1791 15
"1792" 120.254301846532 112.633722930637 2 1792 0
"1793" 182.288001052594 154.606437005174 0 1793 0
"1794" 144.58883869822 43.0247189490512 0 1794 0
"1795" 81.244377827399 39.5978111698246 0 1795 0
"1796" 194.960602055873 94.6079308150774 0 1796 0
"1797" 176.48632269916 17.7278472765369 1 1797 11
"1798" 92.335394203213 131.783940626217 0 1798 0
"1799" 147.444224957589 122.926934212884 1 1799 23
"1800" 96.4699463951341 25.6304404209216 0 1800 0
"1801" 111.103118836683 58.1969336915338 0 1801 0
"1802" 69.6277373397538 12.2497496458781 0 1802 0
"1803" 77.821664093281 1.87958831221597 0 1803 0
"1804" 59.9420649460874 65.8533243174834 0 1804 0
"1805" 96.3825250732377 71.2961861104709 0 1805 0
"1806" 74.5694774557233 7.8701532892824 0 1806 0
"1807" 108.930361791064 70.1450814770033 0 1807 0
"1808" 118.007225450351 152.860241930575 1 1808 48
"1809" 88.6128663292788 53.4668556338285 0 1809 0
"1810" 96.0200089104647 68.0082776480414 0 1810 0
"1811" 125.58331044568 66.1768354722629 0 1811 0
"1812" 69.4016330278203 124.68521730412 0 1812 0
"1813" 146.440547200639 14.1077323551302 0 1813 0
"1814" 85.0771490666956 78.719470517023 1 1814 38
"1815" 144.586652948567 67.7078856366305 1 1815 5
"1816" 55.7468243795221 140.074045184881 0 1816 0
"1817" 128.109595447587 79.4401345250591 0 1817 0
"1818" 71.2824318761359 13.4062552651661 1 1818 35
"1819" 181.146021740077 6.59476189458655 1 1819 9
"1820" 135.972160278069 119.454228809308 1 1820 36
"1821" 124.912372605563 67.5300051856635 0 1821 0
"1822" 64.3031989563495 31.4055392522545 1 1822 33
"1823" 163.649423512604 27.1339272784451 0 1823 0
"1824" 80.2402316110184 164.103858606768 2 1824 34
"1825" 186.035883079683 73.757905044732 0 1825 0
"1826" 156.688929387585 144.212390484543 0 1826 0
"1827" 155.552850026348 18.4194958000465 1 1827 5
"1828" 49.9555787216419 130.566219637875 0 1828 0
"1829" 104.183606230201 128.193604874827 0 1829 0
"1830" 153.086552049589 74.2456058033271 0 1830 0
"1831" 149.440330625132 3.34021826129714 1 1831 42
"1832" 165.611497618964 21.1148804344339 2 1832 20
"1833" 128.643832838297 99.7044426207918 0 1833 0
"1834" 164.631372518468 37.0206108110107 1 1834 44
"1835" 94.2551075793852 77.9637707684003 1 1835 30
"1836" 169.603026429224 145.412403774698 1 1836 45
"1837" 81.0608661962259 57.8947549169903 2 1837 27
"1838" 158.951535546185 70.3219008923556 1 1838 7
"1839" 57.0374741271759 83.578987198815 2 1839 15
"1840" 191.64715520513 15.2710741367052 1 1840 38
"1841" 116.621969202043 99.4354798862238 0 1841 0
"1842" 99.4256479368541 58.8775155645179 0 1842 0
"1843" 88.6714440789756 56.3028508590848 1 1843 46
"1844" 160.592130751606 59.748882495945 0 1844 0
"1845" 79.1536381007181 135.531867037444 1 1845 31
"1846" 159.157633581868 128.480942614814 0 1846 0
"1847" 116.95519647257 61.3216084977099 0 1847 0
"1848" 67.3856485768109 158.628323215284 0 1848 0
"1849" 154.332361534221 3.59163037826332 1 1849 41
"1850" 92.3742118588231 66.0283066887022 1 1850 39
"1851" 50.5021073701555 58.3589328389159 2 1851 13
"1852" 76.8919761681526 84.7254369221913 1 1852 27
"1853" 145.924753429671 162.863669351584 1 1853 24
"1854" 149.742445550394 141.585552432562 0 1854 0
"1855" 59.7272139253217 18.968455590774 1 1855 30
"1856" 170.429493913694 140.277818031246 0 1856 0
"1857" 111.926494342769 55.0169998371423 1 1857 50
"1858" 133.710339605852 80.884149265719 0 1858 0
"1859" 162.726737669336 131.57146536329 1 1859 5
"1860" 94.9217953932617 82.6246484385511 0 1860 0
"1861" 61.1694469911467 61.3129529010499 1 1861 9
"1862" 141.514649420145 30.0671389553126 0 1862 0
"1863" 147.861208376041 26.9326838478789 0 1863 0
"1864" 161.976970525805 92.8506978436871 1 1864 44
"1865" 156.229333837372 153.540796761357 1 1865 40
"1866" 123.790949590704 32.3025550471207 0 1866 0
"1867" 190.499485935588 123.372218649357 1 1867 44
"1868" 75.7309561354079 6.14997083568139 0 1868 0
"1869" 160.933862041366 164.62108077869 1 1869 44
"1870" 184.394573754609 15.6267355796245 1 1870 16
"1871" 80.4760791344676 137.006028737287 0 1871 0
"1872" 162.137557395527 50.6180730980756 0 1872 0
"1873" 147.685934191443 7.13353487623653 0 1873 0
"1874" 97.1576595924285 6.05252751102148 1 1874 22
"1875" 181.982561954803 15.1070792291405 1 1875 6
"1876" 129.651888218661 86.0883917671726 0 1876 0
"1877" 80.1183626017909 162.838600164949 1 1877 26
"1878" 59.6929060137858 107.118409866592 1 1878 18
"1879" 60.7658006610439 58.0211741707751 1 1879 45
"1880" 162.435841482749 131.47658781497 1 1880 13
"1881" 180.080180916429 103.427952775749 0 1881 0
"1882" 126.487871192389 82.7511338335314 1 1882 47
"1883" 142.596820698476 158.023655574669 1 1883 22
"1884" 97.4372857857361 160.3842766455 1 1884 4
"1885" 105.99969636646 145.390278574898 1 1885 5
"1886" 111.250104550715 119.417992562282 0 1886 0
"1887" 54.2149157982868 53.9445445779642 0 1887 0
"1888" 69.7394312487004 34.5383838462972 0 1888 0
"1889" 89.8014443587858 32.9117940370413 0 1889 0
"1890" 142.270277091014 36.0997170556433 0 1890 0
"1891" 162.948893706509 9.59776154689298 0 1891 0
"1892" 60.0579288155281 52.6128822394179 0 1892 0
"1893" 97.2839770002668 87.7955135596314 0 1893 0
"1894" 140.172998418105 101.089093109125 1 1894 26
"1895" 71.4291176480825 49.9413987282621 0 1895 0
"1896" 91.1316781105971 145.41856205629 1 1896 13
"1897" 91.211269691418 133.937767692782 0 1897 0
"1898" 91.3052978118705 135.344383029404 0 1898 0
"1899" 163.366274356845 79.2557881731848 1 1899 45
"1900" 184.867970363908 51.7691900545722 1 1900 44
"1901" 147.243266613951 95.4123495826643 0 1901 0
"1902" 70.4320029510339 162.134950608653 1 1902 48
"1903" 74.1441519589272 26.4311435290358 0 1903 0
"1904" 112.584805073459 22.8065797659668 0 1904 0
"1905" 78.9861105641914 9.25116468066602 0 1905 0
"1906" 71.6154722569945 106.534398627219 0 1906 0
"1907" 81.9107020223907 164.008872471264 1 1907 28
"1908" 62.1437062057104 32.8673506527212 0 1908 0
"1909" 87.0261782324728 116.59128947138 1 1909 41
"1910" 132.621761745526 115.813682458006 1 1910 26
"1911" 168.728861994344 140.589844465332 1 1911 18
"1912" 152.037300215391 87.9949647121293 1 1912 28
"1913" 137.29063108074 156.880096248165 1 1913 23
"1914" 186.747477025534 51.8681391468769 0 1914 0
"1915" 77.09300403433 58.473641107503 0 1915 0
"1916" 195.252341142352 95.6836118172585 0 1916 0
"1917" 185.453702312826 106.754149878072 0 1917 0
"1918" 187.168881945237 4.44090953538526 1 1918 46
"1919" 72.0702468471227 154.648258589013 1 1919 9
"1920" 51.6361174093741 82.3194718590065 0 1920 0
"1921" 67.2208610564651 124.141004503895 0 1921 0
"1922" 88.0095210295376 59.3441340547242 0 1922 0
"1923" 61.6024093544271 110.041375135041 0 1923 0
"1924" 109.766551331042 37.3098971870051 0 1924 0
"1925" 122.537329120076 137.182032246413 0 1925 0
"1926" 186.905023693417 57.3496775650011 1 1926 47
"1927" 68.785364643318 93.3534941606341 0 1927 0
"1928" 69.0263574261825 13.8828536973061 1 1928 34
"1929" 172.312913462482 152.36931630376 0 1929 0
"1930" 82.2461646269636 25.0417614159521 1 1930 12
"1931" 73.7934952695798 131.847755051397 0 1931 0
"1932" 122.592602252632 94.5347465519998 0 1932 0
"1933" 162.096249385506 6.34891773287657 1 1933 21
"1934" 115.188467060595 53.8337577710405 0 1934 0
"1935" 178.526296079693 8.6721307659419 1 1935 16
"1936" 147.410192108951 126.915543870861 1 1936 8
"1937" 68.6155831916461 13.2657825476923 1 1937 41
"1938" 84.4825941926033 47.0833396521119 0 1938 0
"1939" 118.145193694406 112.480173197384 0 1939 0
"1940" 69.718472499748 138.752462551556 0 1940 0
"1941" 189.970173962751 20.8162707361728 1 1941 12
"1942" 191.819673715318 126.087029626098 0 1942 0
"1943" 197.924755770689 69.9629509883012 0 1943 0
"1944" 127.666982813082 81.3274793230444 1 1944 45
"1945" 146.924845243292 93.4686401629879 0 1945 0
"1946" 147.569051423611 51.5084686879341 0 1946 0
"1947" 51.8371331665207 134.607789224382 0 1947 0
"1948" 53.714719259309 127.340702975392 0 1948 0
"1949" 143.890318260522 156.57252344803 1 1949 10
"1950" 122.920557571269 108.519968919897 0 1950 0
"1951" 52.6097584370374 68.2658028621596 0 1951 0
"1952" 98.5765700037928 135.197852250034 1 1952 22
"1953" 78.7412998874239 117.593397008152 1 1953 36
"1954" 77.808032212665 106.639975303135 0 1954 0
"1955" 134.644093103278 15.3563156468808 1 1955 36
"1956" 71.5059691431304 138.459627903899 1 1956 47
"1957" 110.222112242659 93.8825993837509 0 1957 0
"1958" 79.6136713158431 112.137153965099 1 1958 37
"1959" 126.254217560872 41.8417751458913 0 1959 0
"1960" 149.361203676175 127.414707556645 1 1960 21
"1961" 154.873210768917 78.224776857862 1 1961 14
"1962" 85.10823461899 12.6423019396865 1 1962 32
"1963" 190.666014163909 134.673138323077 1 1963 7
"1964" 198.181545723736 150.052042666386 0 1964 0
"1965" 50.6913977927091 163.384224712672 0 1965 0
"1966" 49.1679443074392 106.21643466111 1 1966 3
"1967" 152.757709152913 159.894733327835 0 1967 0
"1968" 124.644043337689 59.1087260912922 0 1968 0
"1969" 108.710520248987 99.7956509111674 0 1969 0
"1970" 136.101172641183 129.35615235351 1 1970 22
"1971" 87.0081158384238 80.4269811314731 1 1971 42
"1972" 179.159390101686 145.474854717577 0 1972 0
"1973" 190.35411288001 53.653974705255 0 1973 0
"1974" 140.880537439254 33.6610588444653 0 1974 0
"1975" 70.9110801572168 102.209084110248 1 1975 35
"1976" 161.815158973761 90.6312832049964 2 1976 27
"1977" 57.6981780964577 66.0028980102259 1 1977 34
"1978" 140.965407965974 137.907011330392 1 1978 26
"1979" 195.118227084496 118.847197239003 0 1979 0
"1980" 150.749652219923 72.4452311626368 0 1980 0
"1981" 193.370632098554 4.1793799834306 1 1981 22
"1982" 180.108354490387 48.9585582092505 0 1982 0
"1983" 163.032946386505 30.8894910770461 1 1983 41
"1984" 161.417612741908 102.371515096121 0 1984 0
"1985" 120.042319865758 141.768160971113 0 1985 0
"1986" 164.545962826712 71.0668594857675 1 1986 32
"1987" 68.8368641773628 35.2317230969883 0 1987 0
"1988" 124.427496391485 116.024976155446 1 1988 47
"1989" 154.28095438373 75.0145296833961 0 1989 0
"1990" 159.132583163569 14.9776124218303 1 1990 29
"1991" 113.340328251744 139.543073213046 0 1991 0
"1992" 184.199269562844 11.4671797607908 1 1992 7
"1993" 111.556726366773 149.980243108603 1 1993 31
"1994" 167.026642330523 87.2548229016831 0 1994 0
"1995" 172.718291523175 43.7572511369724 1 1995 18
"1996" 88.4405203727806 136.080672181765 0 1996 0
"1997" 146.418397834712 158.074042043982 1 1997 21
"1998" 182.245291596238 132.22652278218 1 1998 16
"1999" 109.907205761764 12.6270116470497 0 1999 0
"2000" 80.6996233954713 107.906538274493 0 2000 0
