0.9229166666666667
0.9416666666666667
0.9354166666666667
0.9354166666666667
0.95
0.9375
0.9395833333333333
0.9375
0.94375
0.9416666666666667
0.9354166666666667
0.9333333333333333
0.93125
0.9395833333333333
0.9229166666666667
0.9333333333333333
0.93125
0.9416666666666667
0.9291666666666667
0.9416666666666667
0.9333333333333333
0.9333333333333333
0.9458333333333333
0.9375
0.95
0.9479166666666666
0.9354166666666667
0.9291666666666667
0.93125
0.95625
0.9333333333333333
0.9354166666666667
0.9333333333333333
0.9520833333333333
0.93125
0.9270833333333334
0.9375
0.9270833333333334
0.9458333333333333
0.9395833333333333
