0.2708333333333333
0.2708333333333333
0.27708333333333335
0.275
0.26666666666666666
0.25833333333333336
0.2604166666666667
0.2708333333333333
0.2604166666666667
0.2604166666666667
0.25625
0.2604166666666667
0.2604166666666667
0.26875
0.26666666666666666
0.26666666666666666
0.26458333333333334
0.26666666666666666
0.25833333333333336
0.2625
0.25833333333333336
0.2604166666666667
0.2625
0.2604166666666667
0.28125
0.2708333333333333
0.27291666666666664
0.2791666666666667
0.27708333333333335
0.2625
0.26666666666666666
0.26458333333333334
0.27708333333333335
0.2520833333333333
0.26458333333333334
0.26875
0.26458333333333334
0.275
0.2625
0.26875
