"V1" "V2" "V3"
"1" 111.477338808617 121.473822079333 1
"2" 108.934137033044 110.297115684124 2
"3" 106.619084789632 121.619373380473 2
"4" 110.137287753241 118.490864367299 2
"5" 105.673019164663 122.208059193855 2
"6" 109.416108119706 115.8967869297 2
"7" 114.12144339857 116.355738254976 2
"8" 110.061130431741 111.33255274985 3
"9" 108.576765163855 120.446937617152 3
"10" 108.80260555559 118.421003664799 3
"11" 109.464905830684 115.903544823747 3
"12" 110.211761642863 115.248031075316 3
"13" 112.717788339474 116.614860050951 3
"14" 111.006801070155 120.346182600492 3
"15" 112.071362152467 119.698351935704 3
"16" 111.912512048263 120.23951930655 3
"17" 107.035099133163 120.992762611291 3
"18" 109.806590814935 118.221938125195 3
"19" 110.944295093368 120.523687655031 3
"20" 110.352127882478 118.162694457496 3
"21" 110.877080326369 109.976906609321 3
"22" 103.609032937103 115.128949722734 4
"23" 110.028751236967 114.861733835515 4
"24" 108.566578001508 117.257524959834 4
"25" 111.205578303108 119.254546799734 4
"26" 107.733874822144 116.93345029247 4
"27" 110.846777762714 120.901385566792 4
"28" 110.968764404727 116.71604958385 4
"29" 109.707712086899 118.67323711776 4
"30" 110.803107363515 115.684265799221 4
"31" 107.088080004834 114.95162345198 4
"32" 110.750072899702 116.516116981679 4
"33" 110.15216730712 117.609571220736 4
"34" 106.935072474137 122.455828470042 4
"35" 103.993517583796 117.534611189983 4
"36" 110.339216164026 118.323392662226 4
"37" 109.934803739 111.688217741354 4
"38" 110.248583006152 115.461370010642 4
"39" 107.923530850019 114.462056633186 4
"40" 110.826906281914 120.448477114159 4
"41" 109.524542853297 111.962194726515 4
"42" 110.926795101682 110.154432243657 4
"43" 107.644089571054 115.551201791987 4
"44" 109.510425521332 118.563227710836 4
"45" 105.896621390781 114.551066727926 4
"46" 110.789308030613 115.459104344079 4
"47" 110.603386805089 112.984224647369 4
"48" 107.897046320558 119.749198742288 4
"49" 106.52977493229 121.067903840479 4
"50" 111.214020699397 114.961010229504 4
"51" 109.036309536799 113.322603079416 4
"52" 109.7495790489 117.240858266784 4
"53" 105.450471943898 115.390123038925 4
"54" 107.407807482162 117.368540427134 4
"55" 105.274838813779 120.111664642082 5
"56" 112.214236396166 115.594933028186 5
"57" 107.509145462225 117.210866304045 5
"58" 109.96725206852 112.107217102157 5
"59" 107.757492168628 115.754564520559 5
"60" 110.586022195613 115.501295545959 5
"61" 109.507506128153 115.153027778484 5
"62" 109.070636647491 118.540174711546 5
"63" 109.609244629086 118.309618849991 5
"64" 110.60096760403 109.387991778165 5
"65" 109.018967012664 114.34304743564 5
"66" 110.333162220499 112.737948502039 5
"67" 104.735305084913 117.092673102566 5
"68" 105.844830458625 121.240566187057 5
"69" 113.078295733715 115.994076161901 5
"70" 107.845734460816 116.979809252639 5
"71" 113.315504777271 114.682260512082 5
"72" 108.892649684374 111.743100992707 5
"73" 110.625349195642 111.800479799864 5
"74" 110.710177750829 116.173789359639 5
"75" 111.069213952762 119.440179143728 5
"76" 110.992804401341 114.466655014369 5
"77" 110.033904602945 114.737107553207 5
"78" 108.507899045307 114.803816828159 5
"79" 110.077832261899 121.879269530894 5
"80" 106.086550801074 121.286529774044 5
"81" 105.733615500764 114.360105635089 5
"82" 105.625983445492 115.154834140349 5
"83" 111.016896292336 116.512528240778 5
"84" 110.188112163252 113.13767200841 5
"85" 109.140485780657 112.01753129095 5
"86" 107.99870489736 113.530310958026 5
"87" 109.865832327883 111.681959115865 5
"88" 109.997718989482 116.775988893837 5
"89" 103.858737323461 114.249556741461 5
"90" 105.416675687417 115.535678253921 5
"91" 105.478943292734 115.167668737164 5
"92" 108.897978153397 113.559388759492 5
"93" 109.023765388546 119.120719093961 5
"94" 109.392683869466 117.070382350029 5
"95" 103.166279003447 113.131337396628 5
"96" 103.496821815696 114.816135530869 5
"97" 107.165145630437 117.03576810398 5
"98" 110.1557434233 116.239044471871 5
"99" 108.878598249624 118.011791601773 5
"100" 107.007016130177 120.539522015209 5
"101" 107.904276364952 117.229789083797 5
"102" 107.686075632408 115.424853984065 5
"103" 107.081547079676 117.260846572192 5
"104" 108.756087732254 112.731393728956 5
"105" 107.978328659258 115.28536663455 5
"106" 109.518349248974 115.675162320156 5
"107" 109.698455574867 111.917967747198 5
"108" 106.890188506815 117.035469641382 5
"109" 109.237032542085 117.625833764117 5
"110" 107.829027112117 115.42865627607 5
"111" 109.123936887119 121.209552027362 5
"112" 109.272994735626 117.712997114149 5
"113" 109.077588815792 113.138833573407 5
"114" 111.19861157332 116.355331029267 5
"115" 103.610945517299 115.7978205437 5
"116" 105.801510425512 114.126344639107 5
"117" 113.595766694274 115.847094997446 5
"118" 107.661844592782 115.615778012178 5
"119" 103.79248141125 114.002636263788 5
"120" 55.4856932233841 128.493439633956 5
"121" 107.864635800775 114.756736053148 5
"122" 108.369543299486 121.180332922233 5
"123" 110.081443668314 111.855377131345 5
"124" 103.354701286079 119.546813852971 5
"125" 103.652991991431 118.46130377295 6
"126" 109.389549230815 118.270504037184 6
"127" 113.053681539795 114.460792716274 6
"128" 104.125465336741 113.115096582615 6
"129" 105.395990905957 114.469678657727 6
"130" 103.217828359117 114.619769655759 6
"131" 108.423971461554 119.157544187175 6
"132" 109.140684231741 113.602415907003 6
"133" 105.247341206291 115.607952796096 6
"134" 103.644393240692 114.653314094797 6
"135" 107.668248101857 120.988478041491 6
"136" 109.140699164788 114.323300417258 6
"137" 110.589144350738 121.086357456244 6
"138" 109.44696606488 117.160516761511 6
"139" 108.512193943155 114.048161689295 6
"140" 109.832720644041 116.621688930867 6
"141" 109.558084861502 115.664958178288 6
"142" 109.344648434488 112.738711217374 6
"143" 108.608629948544 112.780919173554 6
"144" 108.663742651784 115.749998851442 6
"145" 107.438245833997 112.776389527544 6
"146" 110.837275760982 116.662316618727 6
"147" 111.494939257235 116.367946695604 6
"148" 110.956356825011 116.250401215851 6
"149" 107.942153327867 112.332408889319 6
"150" 110.921269737304 114.411716800906 6
"151" 113.084230704279 114.48922839797 6
"152" 105.777473004332 117.315624279119 6
"153" 108.632096156426 117.545412902414 6
"154" 109.390994214353 117.723627668718 6
"155" 110.914349779006 117.300897369592 6
"156" 109.910095859882 112.333247589325 6
"157" 113.978148310489 120.438112129971 6
"158" 103.542595768739 116.093876277694 6
"159" 110.922682496208 114.316675326474 6
"160" 104.815229907794 117.374002438132 6
"161" 105.339955312668 113.377145041266 6
"162" 109.142707336628 118.166678893428 6
"163" 109.989811254557 116.802064725454 6
"164" 108.364850923283 120.806841477808 6
"165" 110.448740242577 117.406734158843 6
"166" 109.432384788863 118.056028606326 6
"167" 118.032252994357 118.156574149569 6
"168" 108.163234471811 117.162582976845 6
"169" 109.760750233798 114.410496433005 6
"170" 113.151020312115 115.654696782775 6
"171" 106.418692297201 121.657308766372 6
"172" 105.217490115843 115.690621361512 6
"173" 110.634430975762 114.388123777745 6
"174" 108.126794709455 114.921305470359 6
"175" 109.733613712752 114.415127934337 6
"176" 114.688086168768 116.033424148132 6
"177" 108.588848364343 113.973250742554 6
"178" 113.823535484732 114.576487868012 6
"179" 56.0689534275132 128.172990520825 6
"180" 55.9029774022051 129.310266975129 6
"181" 55.6713230881099 127.247204542306 6
"182" 56.2723901509709 129.005635076977 6
"183" 113.69623540468 125.833214208923 6
"184" 119.05096838074 126.111157540634 6
"185" 112.681462873937 123.649431315757 6
"186" 111.224131925677 115.762114272001 6
"187" 108.782316749816 110.839850369365 6
"188" 108.458510816696 111.610506358106 7
"189" 110.627364084554 113.813652564768 7
"190" 107.81512202375 111.744834089386 7
"191" 109.04390207345 116.27877642114 7
"192" 111.033446825559 105.265676595251 7
"193" 105.818199617279 111.13811147521 7
"194" 105.791362662347 115.499063650056 7
"195" 108.299302961546 109.812785523848 7
"196" 110.265984821611 119.70932684963 7
"197" 110.759711441796 116.1615949282 7
"198" 105.047518084042 112.314873674082 7
"199" 103.716166809275 115.426631375366 7
"200" 109.763332477198 117.739324209069 7
"201" 111.230616909636 117.342168334494 7
"202" 109.26809498379 112.887722360837 7
"203" 109.403795899003 117.245164623646 7
"204" 105.279624582577 116.152862194404 7
"205" 110.611637086846 121.242305807282 7
"206" 105.005849993432 125.900585459275 7
"207" 105.109409614137 113.821108596572 7
"208" 108.85390427915 116.546601268344 7
"209" 116.22225150854 115.476989911713 7
"210" 109.70822608095 116.530006321845 7
"211" 114.953347238939 115.781443990877 7
"212" 105.141892765963 121.057971516149 7
"213" 108.450246332555 111.741587326233 7
"214" 109.823636704815 112.182143100936 7
"215" 111.018484398732 117.949628671431 7
"216" 108.363837024009 113.730151137275 7
"217" 114.780702315684 115.793558717296 7
"218" 110.432062622205 113.252324635566 7
"219" 112.193828554521 117.643357085316 7
"220" 102.873330110622 120.953763330878 7
"221" 110.733076654794 119.58453572566 7
"222" 107.583774228961 119.569577532033 7
"223" 110.315401027402 115.101371849357 7
"224" 110.278860312722 116.32262825862 7
"225" 112.762722267247 121.191058185985 7
"226" 108.801443264753 115.485577975941 7
"227" 107.357762501833 117.013823392272 7
"228" 113.687672884661 114.653474995679 7
"229" 108.41305597023 120.981451123312 7
"230" 110.247916540457 113.692455095676 7
"231" 108.541120884909 113.511059185318 7
"232" 109.95958258366 116.225076545791 7
"233" 110.065922907412 121.22216655756 7
"234" 56.039247483217 127.05677921542 7
"235" 56.8758398587513 125.987073172037 7
"236" 56.2393750691839 125.786845182578 7
"237" 55.7417749021602 126.067077489463 7
"238" 56.4296368076675 126.84298164969 7
"239" 55.5947314314872 129.732377149613 7
"240" 55.8733454891334 124.859535163346 7
"241" 55.3261866780309 128.799679888243 7
"242" 56.9916095213386 127.482764126269 7
"243" 56.1413783746773 129.781911547748 7
"244" 55.4084710711009 126.609147882584 7
"245" 55.5028281544758 128.329236751725 7
"246" 55.8181297890128 128.97206231446 7
"247" 56.1122660305674 126.972008418707 7
"248" 55.888369880976 127.06575347293 7
"249" 56.6160372992151 128.024130507378 7
"250" 56.1381315696297 128.068957240509 7
"251" 56.9013539688681 131.31903535178 7
"252" 55.8035012108416 127.58187025655 7
"253" 56.7440869433335 128.5458302179 7
"254" 57.0760126374356 126.898049576124 7
"255" 55.8499319543435 127.575552494629 7
"256" 56.2281904526751 127.107923939727 7
"257" 55.9231299546539 128.328203429098 7
"258" 56.1215914578441 128.193279029048 7
"259" 56.0773524185737 128.664126151618 7
"260" 55.7102145763413 128.77566726661 7
"261" 55.8468602774186 127.490835428437 7
"262" 56.3735915756725 129.659423998253 7
"263" 55.6410186109741 128.848455477759 7
"264" 55.9088419461421 128.366669721653 7
"265" 89.5132885619256 16.8028582893798 7
"266" 89.7055039905916 16.8356775126431 7
"267" 82.1813618695414 16.9371719025302 7
"268" 89.8669338419758 16.976706440592 7
"269" 85.959205382017 16.9608735957356 7
"270" 90.0932149164612 16.9441714415701 7
"271" 88.3749413646334 16.7860164577252 7
"272" 86.6416569693084 17.0192585359477 7
"273" 84.8544007898894 129.588419073015 7
"274" 101.309484912394 116.0843023549 7
"275" 99.7788530900811 136.528750094516 7
"276" 103.087781608629 111.299989992628 7
"277" 104.998419011229 111.905068104715 8
"278" 109.591375335457 116.483328213991 8
"279" 104.663704073704 113.917487858587 8
"280" 101.674515590265 118.80538191605 8
"281" 109.835765112091 111.113696984161 8
"282" 108.673094794001 112.311691488121 8
"283" 104.830041447998 117.221047962674 8
"284" 111.811325268692 115.676600082903 8
"285" 105.178113396508 120.523505295358 8
"286" 103.770798222052 114.773786907467 8
"287" 108.990563458338 114.850201752051 8
"288" 109.374134256822 119.827390781717 8
"289" 108.499327228595 114.235482940848 8
"290" 105.583830389434 115.80244696846 8
"291" 115.002067272742 115.539790466619 8
"292" 103.660943691099 113.724864443366 8
"293" 110.836576102368 113.492505432019 8
"294" 104.773066147979 117.574479426411 8
"295" 101.468674837757 116.183955920775 8
"296" 111.140186751963 120.812743956803 8
"297" 110.266161443074 121.445267716736 8
"298" 104.926617839819 114.450717268087 8
"299" 108.372050753523 112.63802550251 8
"300" 111.08836435593 117.563369358188 8
"301" 103.264943409788 113.586527722228 8
"302" 106.345232481507 110.876579315325 8
"303" 112.6003539478 115.327309165567 8
"304" 100.50839557881 117.833870073947 8
"305" 108.930383821824 120.771504692033 8
"306" 104.577213613416 113.444705561224 8
"307" 112.783147518791 112.697373329429 8
"308" 108.425435194551 120.071991076274 8
"309" 109.058310947704 115.072532857075 8
"310" 111.140790854807 117.946847003804 8
"311" 100.890467448442 117.205615957547 8
"312" 110.866763457211 113.424678162432 8
"313" 106.998975982211 118.35754430201 8
"314" 109.945418919936 116.433179438172 8
"315" 104.293099528425 113.269969157173 8
"316" 116.791872913173 115.130643287395 8
"317" 111.017035458803 118.073202372252 8
"318" 114.653111455113 116.000499588113 8
"319" 109.85909549792 116.239175178629 8
"320" 112.529952479498 116.503817965798 8
"321" 110.094780982115 123.262239895938 8
"322" 101.204309258594 115.867608796223 8
"323" 109.668804585305 112.96813973784 8
"324" 107.097147990478 118.48388529841 8
"325" 114.380043026533 115.602588934367 8
"326" 106.036712239523 115.855438575346 8
"327" 56.18429519033 130.293491318406 8
"328" 55.3993209863818 126.507613631543 8
"329" 56.6977877278421 127.300404944672 8
"330" 55.5343577365417 127.202301082581 8
"331" 56.3200946030785 130.371217689766 8
"332" 57.0800546411977 126.317107317497 8
"333" 56.3422147413932 127.626665541218 8
"334" 56.0843752652522 126.58987958578 8
"335" 55.7736740308988 126.878166714514 8
"336" 55.9576649159101 128.284910042201 8
"337" 56.7634072819681 127.994842656498 8
"338" 56.0640657425425 124.692269628827 8
"339" 56.4661727576564 129.401086946792 8
"340" 55.6634728557047 128.191687600187 8
"341" 55.7804133543999 127.874100774326 8
"342" 56.2483111223977 129.57452805297 8
"343" 56.3953979888784 126.87251719586 8
"344" 56.8933563605769 131.169898593674 8
"345" 56.0477468760802 127.797780139432 8
"346" 56.3086229905073 126.081753940708 8
"347" 56.2949900467162 126.71067984669 8
"348" 56.9825317734244 126.455752124446 8
"349" 56.4295004445338 128.013960010731 8
"350" 56.8181669013844 123.961649596674 8
"351" 55.2562695527394 126.781561360641 8
"352" 56.0591042047418 130.662683654684 8
"353" 57.5385973308079 127.544746874505 8
"354" 56.1908337198187 130.986601616169 8
"355" 55.7946622115983 127.589348597776 8
"356" 56.0775504408067 126.712077929973 8
"357" 55.7787806926798 126.12492421836 8
"358" 55.6874767719877 127.502307049097 8
"359" 56.4816317594504 129.523812171808 8
"360" 56.7993932907154 129.431183834416 8
"361" 55.2872356021013 127.126597114369 8
"362" 56.3710300770654 126.956744411049 8
"363" 55.7267958871699 127.492002772556 8
"364" 56.1381876689945 124.855428103614 8
"365" 56.3004044148465 128.352794390793 8
"366" 55.3155677700005 127.264095773985 8
"367" 57.1762204085222 125.984771961462 8
"368" 57.0271754885436 129.246384332187 8
"369" 56.8785812156705 128.345234938311 8
"370" 55.8344187096555 129.741448827774 8
"371" 55.9763019166972 129.492241640085 8
"372" 56.2413539626464 124.404649706795 8
"373" 55.4766379682217 126.546193692541 8
"374" 55.2282641283574 127.154543848793 8
"375" 56.8775789361529 126.802919073992 8
"376" 56.9888267679074 128.459861733608 8
"377" 55.9233499579356 127.968556520191 8
"378" 56.1980165508936 126.732343201349 8
"379" 56.6019104472754 127.333547775276 8
"380" 55.4095278139709 125.992979887711 8
"381" 56.3690924360278 127.436748337222 8
"382" 55.7236035219879 128.369476863255 8
"383" 55.4663783039949 127.366916950508 8
"384" 56.60757125586 127.394381192583 8
"385" 56.272622822828 128.591708754708 8
"386" 56.2081339911518 129.489390501725 8
"387" 56.7955877693373 127.840004455285 8
"388" 56.9905097685472 131.351106724399 8
"389" 56.6421636555982 126.714172299676 8
"390" 56.5200479163318 131.567551963094 8
"391" 55.9533857771763 126.129645000125 8
"392" 56.9318148810735 129.574589635044 8
"393" 56.8521319998797 127.493693327136 8
"394" 56.0547488790018 126.015479042259 8
"395" 90.1040107052678 16.8424271114472 8
"396" 86.6316277834096 16.9431384682954 8
"397" 86.4888645128243 17.0391026139548 8
"398" 88.6627834277317 17.2438092425315 8
"399" 82.6266588045906 16.7319062113892 8
"400" 90.0479520406917 16.9102135861337 8
"401" 83.4932336300634 16.9748713348464 8
"402" 88.2310543897532 17.0730748679993 8
"403" 81.580718624508 16.8707208355108 8
"404" 85.9651754005658 17.0053492264927 8
"405" 88.441200131285 17.0575051113911 8
"406" 85.9902451059377 16.96861103097 8
"407" 86.8510471538192 17.024303473796 8
"408" 88.1766842229683 16.9141617375044 8
"409" 86.0255975968913 17.0013264150428 8
"410" 89.8363206559736 16.7902857732033 8
"411" 82.8431850763223 16.9914314050704 8
"412" 86.9743581251521 17.0008849049937 8
"413" 86.757430781035 16.8600863702291 8
"414" 81.3711556452057 17.0159946909373 8
"415" 90.1072399386185 16.8994432406639 8
"416" 85.369304731391 16.9055011985888 8
"417" 89.9059725559487 16.9019274242584 8
"418" 81.8773900010326 16.8654800302282 8
"419" 87.3479850685647 16.9598993913422 8
"420" 90.1691764597055 17.0941081250175 8
"421" 88.2047061968819 17.0357146492035 8
"422" 85.4495536361506 17.1361531916332 8
"423" 88.3765852451222 16.9120039910677 8
"424" 86.3273197974092 17.2625877124152 8
"425" 77.1489573200282 16.73691240371 8
"426" 88.1506768102548 16.9102116310743 8
"427" 82.4527309227312 16.9140725467755 8
"428" 89.9577199632859 16.8825729477943 8
"429" 85.6948267948999 17.0101620187103 8
"430" 85.4232061288552 16.9822796827981 8
"431" 89.5657939857673 16.7958778738645 8
"432" 89.8135954618945 16.9449268842643 8
"433" 86.432952521526 17.091122457759 8
"434" 89.5821947592004 17.0109580204483 8
"435" 82.613663077097 16.6778044941869 8
"436" 86.494804504657 17.0334461444 8
"437" 89.9811636231129 17.0140219701978 8
"438" 84.9030091095673 16.9446716171086 8
"439" 88.6029334110219 16.8786247562382 8
"440" 81.8611379129547 16.9800303431638 8
"441" 86.9983059303873 16.8957073667254 8
"442" 91.5222883085744 16.8180528566288 8
"443" 88.3247886719046 16.7198149014372 8
"444" 83.6560246113449 16.9134638628167 8
"445" 89.8261146877611 17.0139004644691 8
"446" 81.6446629090262 16.9757415305064 8
"447" 84.4501113669407 17.3566954805176 8
"448" 89.9435546937135 16.897966152618 8
"449" 74.6003826743486 20.8585561767254 8
"450" 55.8840978495259 127.071316876141 8
"451" 56.4698109086222 132.856919157871 8
"452" 114.431595811317 117.384452795361 9
"453" 106.581209926786 110.953502990241 9
"454" 105.998559831437 110.402396689445 9
"455" 109.095624549332 120.757819069421 9
"456" 109.133484218754 117.149690622073 9
"457" 115.712604998745 115.327993893304 9
"458" 108.891897514201 117.075340855764 9
"459" 110.554499016047 115.059997074499 9
"460" 109.261761399097 119.746848839648 9
"461" 106.051306498762 116.111789879635 9
"462" 110.144905862653 112.329707965626 9
"463" 111.188036067203 115.239292391689 9
"464" 110.186897296159 113.781305666245 9
"465" 111.831686993529 115.679816261829 9
"466" 106.06578242112 116.074522005219 9
"467" 107.037903666844 117.995827553697 9
"468" 107.10034278458 119.729448312568 9
"469" 106.630278056431 114.829506791445 9
"470" 109.476352204885 116.545096337014 9
"471" 109.747255798239 112.063913609186 9
"472" 113.374461106391 125.346679713879 9
"473" 108.74473002197 116.955155332428 9
"474" 109.874462447555 114.19947782695 9
"475" 104.226156877412 113.244145371065 9
"476" 113.56021384195 115.540096714337 9
"477" 109.239492811548 111.608959793133 9
"478" 108.692706028394 119.940399963651 9
"479" 110.586018304646 114.999855809679 9
"480" 104.877398081953 111.830598475279 9
"481" 107.176828340418 109.762141164788 9
"482" 104.965278280659 114.125716830591 9
"483" 104.523491689557 113.75865926742 9
"484" 56.3711799989546 129.449281937373 9
"485" 56.6482491990137 127.478667952227 9
"486" 56.4606037340529 126.708550102438 9
"487" 56.0462232182273 126.0049083763 9
"488" 56.05128612632 124.201361113212 9
"489" 56.0427223655039 128.560066011636 9
"490" 56.253145155932 125.721209875674 9
"491" 56.4906899582609 127.858469135455 9
"492" 56.8163507569932 129.311937001033 9
"493" 56.1696566047364 127.383255217982 9
"494" 56.0243995170476 128.867977013339 9
"495" 56.6477755893607 127.196038174811 9
"496" 56.2799698799776 126.070620583266 9
"497" 56.4008112418653 126.413236291158 9
"498" 56.5080137685483 125.091641760163 9
"499" 55.9547013318783 130.461306918372 9
"500" 56.2139542354881 130.410419171028 9
"501" 56.4546120901843 131.7155864405 9
"502" 56.0454122130875 128.942264866531 9
"503" 56.2508740195385 127.24472991967 9
"504" 56.0299660599372 128.497456246591 9
"505" 56.0641497926291 125.080584509422 9
"506" 55.8636670489219 128.011142089789 9
"507" 56.943513574275 125.42251512439 9
"508" 56.7415700944781 124.034108810693 9
"509" 56.2673509363589 126.296666817621 9
"510" 56.4014429106051 131.274568086667 9
"511" 56.1168655751315 125.227863817793 9
"512" 55.7697162068353 128.114351944884 9
"513" 56.7076951574123 128.175886457722 9
"514" 55.4277063210658 127.408305277585 9
"515" 55.6250784650054 125.851331972152 9
"516" 57.0929902758066 127.726876695056 9
"517" 55.9669490614088 125.924496828251 9
"518" 56.3724661616042 128.356111756272 9
"519" 56.2612476638844 124.505536964665 9
"520" 56.2222821303579 124.339583680781 9
"521" 56.4337408317745 127.05352892304 9
"522" 55.5928184079803 129.67877803515 9
"523" 56.5382293398858 128.970167816719 9
"524" 56.4644029592397 126.16676240325 9
"525" 56.1672290952924 125.834669927809 9
"526" 56.3448048811432 125.732410652117 9
"527" 57.2778275444151 126.15779455389 9
"528" 55.6834443675743 130.87856447993 9
"529" 56.1972944508817 126.810812713912 9
"530" 56.2301014868617 124.945733994339 9
"531" 56.2667543250048 125.904250005199 9
"532" 56.4230828981582 132.912027824845 9
"533" 56.8172884128709 124.071646073384 9
"534" 56.8127390497537 129.186240561431 9
"535" 56.5600367550068 127.500467501119 9
"536" 56.968741783801 129.360033261929 9
"537" 83.4574399222552 16.9585853497269 9
"538" 82.7664986344868 17.0418015590881 9
"539" 85.8038455201451 17.1197267901763 9
"540" 82.7807535072782 17.0321849549414 9
"541" 81.4975581850396 16.9458982645675 9
"542" 84.1820146334111 16.978867967557 9
"543" 89.1897689536172 16.7050833718222 9
"544" 91.1029264347459 17.206246278835 9
"545" 81.6255350897191 17.0254228510133 9
"546" 83.2391550593207 17.1075497730523 9
"547" 83.6449134252122 16.8347817477464 9
"548" 89.8295204255744 16.8727510601825 9
"549" 82.317931121044 16.7792388576852 9
"550" 81.2796191318213 17.1290005185864 9
"551" 88.2451962109678 16.8734611902814 9
"552" 82.4176938036453 16.937401321248 9
"553" 85.0572209562995 16.7876280869502 9
"554" 85.7916310264048 16.8764500876602 9
"555" 85.1508042783294 16.8959910337137 9
"556" 85.2042901284 17.0099174485039 9
"557" 83.3552598955384 17.0296319021779 9
"558" 86.4374303038251 17.3401437005232 9
"559" 88.944575791364 17.0426222810399 9
"560" 87.062982414969 17.0362284249052 9
"561" 87.3092620323081 16.9859220559473 9
"562" 81.7311759712053 16.8816153939959 9
"563" 88.8947131346058 16.7613001011684 9
"564" 87.2416112945714 16.703675118636 9
"565" 85.5419361831498 16.8557236610861 9
"566" 87.4228985162842 17.0233532356614 9
"567" 91.4278506985146 16.802277488302 9
"568" 88.9183177954744 16.8912154005084 9
"569" 82.1717930914174 16.9407923810013 9
"570" 82.6537858531873 17.1814362425489 9
"571" 86.143336110254 17.0084780304971 9
"572" 89.017243438487 16.9763305832899 9
"573" 85.7288577847119 16.9005594831931 9
"574" 84.7953630662294 16.9862807474767 9
"575" 88.2305599568972 16.9387555855287 9
"576" 81.3023340926907 16.918678195523 9
"577" 88.4535869273278 16.6782451623551 9
"578" 87.1211286240265 16.946363828367 9
"579" 87.0918072775603 16.9961213775386 9
"580" 84.4463975709686 16.490979514272 9
"581" 82.9205783382819 16.8988236670405 9
"582" 87.5376900576009 16.8772813836308 9
"583" 85.1558404520479 16.9793467801345 9
"584" 85.5923140939706 17.0210805895218 9
"585" 89.9879892327285 16.9332484962179 9
"586" 85.6800053931727 16.9756291123169 9
"587" 83.670082232403 17.0357425884883 9
"588" 88.8016656866924 16.8196214003361 9
"589" 82.5015059672007 16.9635194949623 9
"590" 87.0943105717769 16.8340024987426 9
"591" 88.5321148321744 17.2673519358437 9
"592" 84.9433741608399 16.9404977997258 9
"593" 82.8663521305996 16.9713850983318 9
"594" 87.266557895986 17.0241864453065 9
"595" 90.0793451843981 16.8040743058259 9
"596" 86.815591343514 16.8903911133656 9
"597" 89.9247828150239 16.8482507515126 9
"598" 87.0067641064397 16.8931401675531 9
"599" 88.8869931807844 16.8411280063396 9
"600" 86.2575280907396 17.0608213508117 9
"601" 88.9367002212192 16.7636440985789 9
"602" 86.5890513863618 17.0580293475561 9
"603" 88.2855703253177 17.1925971319364 9
"604" 89.4196728532705 17.1083733010403 9
"605" 88.4906886145804 16.8839454523716 9
"606" 85.5364506810096 17.0400626213025 9
"607" 88.2488292787298 16.7937065233208 9
"608" 85.5518932489074 17.0774362317663 9
"609" 82.0928779022397 16.8832940963088 9
"610" 87.6598170282991 16.8271323100879 9
"611" 85.9469167297567 16.8670686642407 9
"612" 84.0474322158372 16.742795577744 9
"613" 86.9659754864496 17.2068542908047 9
"614" 91.5919041275524 16.9689932777859 9
"615" 87.5309385715086 17.0059407321256 9
"616" 87.3483177306026 16.9047147886123 9
"617" 84.9794573445343 16.9364836801161 9
"618" 84.134999321221 17.1308529124878 9
"619" 88.2024461193065 16.6967528820294 9
"620" 85.2352943567923 16.9571046910247 9
"621" 83.9562644125642 17.0070423130543 9
"622" 86.9050172908122 17.3025258341107 9
"623" 76.5551189640807 92.8525778309464 9
"624" 71.4618158745493 63.9646419937267 9
"625" 83.8588865692689 16.5118067970434 9
"626" 61.8971784747469 123.324541523813 9
"627" 71.3934105943241 92.0254041657918 9
"628" 105.963238582943 116.476367344784 10
"629" 109.693495594554 117.442425692559 10
"630" 113.214057077019 113.091902939184 10
"631" 110.054994849194 114.398235139638 10
"632" 107.711748898574 110.629565740821 10
"633" 104.510069616028 120.922110924784 10
"634" 109.324396645564 120.714825803007 10
"635" 107.224121158756 113.165289694333 10
"636" 116.547840233648 116.165431310675 10
"637" 114.699972585 112.864120275606 10
"638" 111.370877768691 123.045876236181 10
"639" 108.511359581784 118.18846112383 10
"640" 108.104093784601 120.484086933656 10
"641" 108.015465340871 112.899672513847 10
"642" 108.308892102403 118.301001498595 10
"643" 108.574450630314 116.46482036272 10
"644" 104.719294079038 118.236201461403 10
"645" 106.178616138013 114.729252891631 10
"646" 103.493645196497 117.607770603808 10
"647" 109.127908119889 120.295341093727 10
"648" 109.067991882959 115.256996957573 10
"649" 106.74360299119 115.284254115077 10
"650" 111.781181672309 116.103834884167 10
"651" 108.489993212061 118.533142016278 10
"652" 104.2131100993 120.885699394156 10
"653" 106.625981505289 118.343476733148 10
"654" 56.1517750486536 132.121668724549 10
"655" 55.9210669435278 126.039446685288 10
"656" 56.1712816612099 124.217745686983 10
"657" 57.2975895123852 132.494796006983 10
"658" 56.9848698036037 130.473963359059 10
"659" 55.4803901441749 126.680925997176 10
"660" 56.4592022839551 130.25101082114 10
"661" 56.531630367247 125.290462838799 10
"662" 56.3280730022262 125.661326919367 10
"663" 56.743607294292 122.113371083512 10
"664" 56.2811780531069 124.075640710103 10
"665" 56.4080320242258 131.77962762369 10
"666" 56.4206346313882 123.363480972329 10
"667" 56.2940912276463 125.110500637787 10
"668" 56.3264107477197 124.757305680767 10
"669" 56.4813967941109 134.392901550252 10
"670" 56.1418063262039 130.79547315959 10
"671" 56.1243310812496 124.892513465387 10
"672" 55.5606515780652 130.972169227797 10
"673" 57.3258262718207 128.770891795938 10
"674" 55.3787633332816 130.85026495291 10
"675" 55.0434893049181 128.784079900007 10
"676" 56.7729915174211 123.626295365569 10
"677" 56.2251853857857 124.87770553909 10
"678" 56.9778371392103 129.670473820519 10
"679" 56.8279604258065 122.373236606551 10
"680" 56.3204784456668 127.582423715494 10
"681" 55.6525859841083 129.116534958061 10
"682" 56.9370711328982 125.346148647844 10
"683" 56.1670118696379 126.543382228678 10
"684" 56.1722226337883 128.459179540051 10
"685" 55.6932637192558 126.55430229861 10
"686" 55.9569773673818 126.1391743007 10
"687" 56.776659227506 126.680690537219 10
"688" 55.2772390290743 132.618999492399 10
"689" 84.7430889945558 16.9611645527832 10
"690" 80.679129047988 17.0567447336619 10
"691" 91.6262033772331 17.159769440261 10
"692" 81.0423314781289 16.9704659700862 10
"693" 84.4043808918932 16.985021173636 10
"694" 82.4172131548623 17.0466318493076 10
"695" 87.3655216949734 16.8020082715536 10
"696" 80.6544968680413 16.8093025181958 10
"697" 85.0474967062597 17.0794477525114 10
"698" 85.3878274088822 17.1635396326057 10
"699" 85.4508465256725 16.7588955821663 10
"700" 89.0270333256177 17.0648892896723 10
"701" 87.4316113896835 16.7648334256351 10
"702" 82.9716336862244 16.7484246690707 10
"703" 87.4031904820626 16.79221021229 10
"704" 83.845432279491 16.9996295774937 10
"705" 83.1834456451811 16.8065027083626 10
"706" 90.8256338201467 17.0830293170313 10
"707" 83.6887479321383 17.1981643902509 10
"708" 83.6609514465792 17.0702237077093 10
"709" 85.106520942025 16.7688764529967 10
"710" 85.3587375709072 16.8596535369034 10
"711" 89.0305392187208 17.0218052753434 10
"712" 86.4190584151636 17.0013972367726 10
"713" 84.3454235756816 17.1421296324056 10
"714" 82.950136699211 16.7649880451673 10
"715" 87.1146702721324 17.0527243750846 10
"716" 83.1863276456481 16.8632965927097 10
"717" 88.0404310941759 17.0136630982799 10
"718" 84.1653465192071 16.750958196346 10
"719" 90.6236868959597 16.7733615447414 10
"720" 83.249778372048 17.044341128517 10
"721" 90.4020417290038 17.0261710219877 10
"722" 88.7886839392939 17.1850442065746 10
"723" 91.2944904165521 16.8665106027496 10
"724" 88.7240783893213 17.0039303980107 10
"725" 88.7444603724114 16.9971438592462 10
"726" 87.4570424890243 16.8976715924207 10
"727" 82.7811705897921 16.8363086862426 10
"728" 91.8952985611839 16.7132767839134 10
"729" 88.2517655218762 16.8459127687223 10
"730" 92.4243263341204 16.9894346871692 10
"731" 84.1071351607835 16.9726498412313 10
"732" 91.1369720729897 17.0762181643393 10
"733" 88.9790369074525 16.8614542898326 10
"734" 85.0327293100898 16.7830102320665 10
"735" 87.3418012959019 16.8709050000574 10
"736" 81.0781413864368 17.2311390237827 10
"737" 81.7814213488351 17.1292837041832 10
"738" 81.6284265518541 16.9699528960775 10
"739" 83.1836878242607 16.7687773527302 10
"740" 88.6449450249292 16.9009158070379 10
"741" 87.6478630388409 17.0639152731736 10
"742" 87.5107202062065 16.7967630298732 10
"743" 83.0253083366535 17.17832280353 10
"744" 80.4246638585827 17.056836247184 10
"745" 84.9138832042778 16.8330601461771 10
"746" 81.4174679147898 17.1252747427712 10
"747" 118.634087172169 35.3112710287078 10
"748" 96.6690124210871 110.014554388831 10
"749" 76.6595181180591 16.9833938254937 10
"750" 120.977861208464 134.693175828527 10
"751" 113.46990900956 115.397138662691 11
"752" 99.7175568753586 115.741123719987 11
"753" 103.628785301189 112.745466177849 11
"754" 109.382078407879 112.581758303715 11
"755" 111.807418534398 115.491481858598 11
"756" 104.391836059711 112.288068746233 11
"757" 111.397697102181 116.086169821799 11
"758" 105.532001518282 121.58607627793 11
"759" 104.451334084833 113.807091263996 11
"760" 108.311552325272 116.800030371205 11
"761" 106.381319485839 115.356678386234 11
"762" 109.343858092908 111.769567971963 11
"763" 113.206663844022 112.784302207302 11
"764" 104.388990010139 113.967222664173 11
"765" 113.172561802511 115.347504421957 11
"766" 108.425967341175 118.87501723319 11
"767" 110.230964443431 113.449440800249 11
"768" 106.489009731913 115.031518387376 11
"769" 107.814614350672 118.838633895756 11
"770" 56.4250743257167 130.469796603847 11
"771" 55.7663814231917 132.137980852397 11
"772" 55.5864025755817 132.772668506088 11
"773" 56.2641479360801 130.623656392553 11
"774" 56.5904932792125 124.182600799464 11
"775" 55.8088843202938 126.331179909932 11
"776" 54.9978108122734 128.157814220359 11
"777" 55.4951101707641 125.497827963061 11
"778" 55.8633127010902 133.27844080942 11
"779" 56.2851742082874 122.229883126435 11
"780" 56.0106488156808 133.336924091673 11
"781" 55.9508949122972 132.38403091256 11
"782" 55.6970348016581 124.916988829727 11
"783" 55.6671602881229 132.935416961402 11
"784" 55.783712484404 124.995664523349 11
"785" 57.1447033844918 127.823927636579 11
"786" 56.337875893015 121.589085859094 11
"787" 56.0818317884427 122.180581954368 11
"788" 55.9148039634228 131.236212935077 11
"789" 56.30216186035 125.056743975157 11
"790" 56.916185294052 125.565712416202 11
"791" 56.3089085933824 130.554778344372 11
"792" 56.2741087132606 133.40339226454 11
"793" 56.0357655355705 132.837407847512 11
"794" 55.8164727763972 128.574603924025 11
"795" 56.4975248826004 124.276453403056 11
"796" 56.3839934148187 123.242423355004 11
"797" 88.6796149497514 17.3128122130189 11
"798" 79.7707906542323 17.0593165845204 11
"799" 86.1072151064734 17.0198503511168 11
"800" 91.0579257250584 16.787231038625 11
"801" 92.5126402855789 17.1463589979576 11
"802" 81.2839573732636 17.1404705331081 11
"803" 87.6652151476708 16.8760579217964 11
"804" 87.9205954159792 16.7414363001315 11
"805" 92.1590319440899 16.9539363151876 11
"806" 93.8669828520368 17.2964004099842 11
"807" 86.6982515862881 17.1170773344668 11
"808" 80.1554112840295 16.9440418808054 11
"809" 92.0711053550377 16.7177454721771 11
"810" 90.6907949995245 17.0511689282979 11
"811" 79.3346841155919 17.0946840542783 11
"812" 90.806200834632 16.966906295401 11
"813" 81.0351032088923 17.0421335083165 11
"814" 84.1437197181615 16.8320887255431 11
"815" 84.4111685069169 16.9792024401596 11
"816" 80.7846815882947 16.9546018862301 11
"817" 84.1734948525412 16.8419583102866 11
"818" 81.3078064303681 16.830342404774 11
"819" 84.3844401107655 16.9696184237071 11
"820" 80.1821560069258 16.8287502148302 11
"821" 83.8304286494324 16.8662790025212 11
"822" 93.4690535752763 17.1619774989466 11
"823" 87.6252427876766 16.8500733347887 11
"824" 88.2618421445716 16.9010594880821 11
"825" 90.8492649000829 16.9950690238181 11
"826" 88.2359958856287 17.0059571290755 11
"827" 87.5672438937643 17.0037054735407 11
"828" 83.5525787958925 16.8928477775347 11
"829" 84.444783259353 17.0797361371421 11
"830" 87.988943059218 16.6795119667938 11
"831" 91.4149155671047 16.9947842132311 11
"832" 83.6392095868675 16.8400945183085 11
"833" 92.0423937389292 16.8813080516142 11
"834" 90.6186639990333 17.1101432407613 11
"835" 80.3576852969247 17.0798132149536 11
"836" 87.7144253075984 16.9182510975712 11
"837" 80.7957389685674 16.7681641024196 11
"838" 91.5936466527047 17.0285926999804 11
"839" 89.0531987735454 17.0343188777656 11
"840" 90.4793206156457 16.9743128517423 11
"841" 87.7165310942461 17.0604979902239 11
"842" 89.128084493901 16.9662491723019 11
"843" 84.0173566315836 16.7941052166858 11
"844" 88.3266331175956 17.2233282761478 11
"845" 80.5608477966377 16.6938589675813 11
"846" 90.9487781004329 17.3839111571081 11
"847" 113.367216698722 119.46459248456 12
"848" 108.13346059681 118.724322045764 12
"849" 106.492216178857 118.156018950202 12
"850" 108.422102670081 116.822602611108 12
"851" 114.409065390059 110.940558994086 12
"852" 120.582312184846 118.187810252363 12
"853" 113.729868050878 118.070957312711 12
"854" 117.898003558516 117.40873581403 12
"855" 117.639888828988 117.816455748773 12
"856" 107.553382588779 110.652126338843 12
"857" 99.6768570278017 115.79154567128 12
"858" 112.130969728705 112.534104998992 12
"859" 111.120528596917 117.853830298354 12
"860" 108.744840318178 116.317012859557 12
"861" 104.499511910209 116.792405774993 12
"862" 113.630718592619 115.524962623011 12
"863" 107.914949311797 118.039628481177 12
"864" 109.577747031662 111.32302452078 12
"865" 106.19408227307 118.654557311393 12
"866" 108.071770124201 111.980822076996 12
"867" 56.3645710544585 123.601952693801 12
"868" 56.5769976421893 125.135909305864 12
"869" 56.1297699967499 123.21238544253 12
"870" 55.9859309394864 122.163844547294 12
"871" 56.2490876478036 123.063629744579 12
"872" 56.2376863887542 122.752292469603 12
"873" 56.2102218066794 121.588921489076 12
"874" 56.5261098082481 123.648940517906 12
"875" 56.6040968733815 123.801604135472 12
"876" 56.8570724823081 124.373089303982 12
"877" 56.2593486329119 123.171376131622 12
"878" 56.3404079861277 122.990554572445 12
"879" 91.4173298187824 17.0559131693426 12
"880" 76.5640824361872 16.8970424253299 12
"881" 78.8587089488258 16.8795490815929 12
"882" 92.8885560174932 16.8871801357062 12
"883" 79.6081433194212 17.0317832862179 12
"884" 78.8530024858827 16.7652789161639 12
"885" 79.5949101880517 17.0118535628049 12
"886" 92.1533157239408 16.902596410269 12
"887" 83.8299762395906 17.2099647268868 12
"888" 79.2605005742671 16.7489705264872 12
"889" 80.1360597483731 16.9919144449769 12
"890" 90.7777649287019 16.9988755157003 12
"891" 96.8830771529989 77.735878231415 12
"892" 114.564375015864 122.559072323269 12
"893" 114.299498721025 126.222414389848 12
"894" 107.712456421585 116.106909104856 13
"895" 105.553518049873 111.746369227149 13
"896" 108.021653791564 118.255173712573 13
"897" 106.414694148845 115.348189035527 13
"898" 107.962421430353 116.367717953254 13
"899" 105.81903381387 118.203081044142 13
"900" 99.3857082793947 115.439665689309 13
"901" 112.178168036939 112.839880913916 13
"902" 108.18419097581 112.827513029092 13
"903" 117.966039228597 115.497880304393 13
"904" 55.6650707821822 130.361632178931 13
"905" 56.1552515581072 131.134769986814 13
"906" 79.40384077314 17.1539439226753 13
"907" 79.8517404717424 16.8984851621825 13
"908" 80.1581029255042 16.6585613530409 13
"909" 84.456407601542 17.0407809643404 13
"910" 93.3350610946047 17.0774221469404 13
"911" 93.529821202467 17.0322614230977 13
"912" 92.0518601495773 17.0818972961428 13
"913" 93.5268681550751 16.8732027482509 13
"914" 83.7193745035855 114.167988916187 13
"915" 80.1523468512659 109.342873289417 13
"916" 112.183955875493 112.486100135447 14
"917" 112.131989969993 113.982105417334 14
"918" 112.657225161217 111.44250448925 14
"919" 106.085696720333 118.76406230226 14
"920" 103.347946076001 112.894460943149 14
"921" 108.633676010589 111.923024128002 14
"922" 107.988395420157 115.747755937476 14
"923" 107.556713787392 118.238207023868 14
"924" 119.537043190532 113.300189255783 14
"925" 105.230125292751 118.78684155938 14
"926" 114.121080529843 113.241984437998 14
"927" 102.150517132022 114.870634597641 14
"928" 55.9877973790047 131.58541430493 14
"929" 77.6805559151778 17.1612394102022 14
"930" 93.6323283362294 16.8384507574418 14
"931" 79.8668484672817 16.9687763351316 14
"932" 93.6625411090505 16.9410343062235 14
"933" 112.777866557996 112.253730575225 14
"934" 85.3587137346412 102.725528134439 14
"935" 112.656761828173 113.908124731943 15
"936" 111.46083400888 112.200969630756 15
"937" 103.526570320674 113.335224004911 15
"938" 107.296798898868 111.178322256007 15
"939" 111.854438036153 111.143841935322 15
"940" 112.232585522137 114.083820149405 15
"941" 55.3733221744347 128.05327760444 15
"942" 55.9604404185433 131.055610317163 15
"943" 55.4886617627893 131.939267307051 15
"944" 55.8710224808537 123.457824733746 15
"945" 76.1502353319492 16.8797665189126 15
"946" 79.8594955794423 16.7564268868492 15
"947" 64.2261056364509 34.8280870340187 15
"948" 96.7913806065871 119.533377786445 15
"949" 78.7340669530802 108.674954551038 15
"950" 110.063883204478 117.31799208745 16
"951" 103.77478402427 113.135166114779 16
"952" 107.124700407027 110.067504371485 16
"953" 103.457146489782 114.345838527974 16
"954" 113.057559273049 112.48957927425 16
"955" 107.495581165875 113.623215096577 16
"956" 109.860897909238 115.191855553106 16
"957" 54.6550561013448 123.813645387202 16
"958" 93.2415659267754 121.815758097909 16
"959" 79.2213582209155 109.298120381683 16
"960" 106.938888844692 113.840526104914 17
"961" 106.70818776729 113.626290397566 17
"962" 107.097211888638 113.783245196436 17
"963" 81.4642434836191 108.406124631944 17
"964" 61.3397613214449 107.107420333042 17
"965" 64.4741801457775 32.6682933537196 17
"966" 107.017789863055 113.480031893374 18
"967" 110.498236176766 113.610156970546 18
"968" 101.195413138947 119.602691252096 18
"969" 101.014175473774 116.808207575075 18
"970" 106.804381698399 113.96573941204 18
"971" 56.1692027066134 135.689804590304 18
"972" 78.9735967294543 48.9050001943158 18
"973" 116.561640245752 139.906209778891 18
"974" 117.694875391511 128.253624063833 18
"975" 56.4569559969332 119.066872870148 18
"976" 110.603990315069 110.398080292542 19
"977" 101.50121107837 116.838199350333 19
"978" 111.010498357652 114.728213215799 19
"979" 115.294207079032 108.236451587646 19
"980" 56.097190471084 134.915221293583 19
"981" 55.7538003384092 66.3452491009614 19
"982" 111.012508006158 110.639637805679 20
"983" 107.956246286916 114.909191544197 20
"984" 102.320698273642 113.696375280706 20
"985" 104.56605923703 115.791968815909 21
"986" 104.646176591555 115.485060773643 21
"987" 113.786288549795 113.961191171561 21
"988" 56.9840072133711 121.142044875113 21
"989" 111.136563399331 110.448837229904 22
"990" 104.221941113423 119.512452228572 22
"991" 55.9245578179545 134.626832015687 22
"992" 103.969609739008 117.18188760913 23
"993" 107.714101206785 121.338634741566 24
"994" 111.168768299603 110.951615745423 24
"995" 105.202516297923 116.741390321349 24
"996" 107.15871096253 111.679927398296 24
"997" 57.8803764540536 84.7039695737514 24
"998" 81.3845118255597 89.3092480924776 24
"999" 83.0808472126856 53.7064849735314 24
"1000" 105.060071354791 120.174859817498 25
"1001" 111.235734301972 110.917766607279 25
"1002" 107.774782896802 122.42397778114 25
"1003" 55.5107757751327 105.821378572517 25
"1004" 55.5907762152126 102.527518768444 25
"1005" 89.0149011294702 74.7191922590983 25
"1006" 91.685505118963 86.4674524205224 26
"1007" 61.5845894845382 71.4295933912626 26
"1008" 56.8882866712228 101.9419083566 26
"1009" 105.95120972272 120.678457581819 27
"1010" 106.528177696097 120.848609317862 27
"1011" 83.3351460824195 39.665288563339 27
"1012" 89.0840328178148 72.0349219804814 27
"1013" 92.3138118350547 18.8282472066959 27
"1014" 78.9138970665994 67.0241008730543 27
"1015" 105.998153636731 126.163674416331 28
"1016" 107.1828805798 122.662621436105 29
"1017" 108.153811818039 139.639265025348 29
"1018" 88.0520461663866 78.1107689472532 30
"1019" 84.6023169092907 17.0931661073364 31
"1020" 84.6858180068292 16.7407030906069 32
"1021" 67.4449757157618 78.0904315215235 33
"1022" 73.2874378029766 112.334369503489 33
"1023" 121.190608702114 95.8164145440983 33
"1024" 80.0446251524453 117.620355985642 34
"1025" 68.539302495708 83.4841283454552 35
