1	0.000000	0.000000

17	0.000001	0.000002

33	0.000005	0.000005

49	0.000010	0.000010

65	0.000018	0.000018

81	0.000027	0.000027

97	0.000039	0.000042

113	0.000052	0.000052

129	0.000068	0.000068

145	0.000086	0.000086

161	0.000106	0.000106

177	0.000128	0.000127

193	0.000154	0.000152

209	0.000178	0.000181

225	0.000206	0.000206

241	0.000238	0.000236

257	0.000269	0.000269

273	0.000307	0.000303

289	0.000340	0.000339

305	0.000380	0.000378

321	0.000425	0.000361

337	0.000502	0.000462

353	0.000510	0.000507

369	0.000558	0.000554

385	0.000525	0.000520

401	0.000668	0.000650

417	0.000634	0.000708

433	0.000818	0.000838

449	0.000716	0.000823

465	0.000900	0.000885

481	0.000827	0.000942

497	0.000934	0.001005

513	0.001181	0.001071

529	0.001017	0.001072

545	0.001285	0.001225

561	0.001348	0.001281

577	0.001416	0.001360

593	0.001292	0.001452

609	0.001582	0.001585

625	0.001479	0.001597

641	0.001607	0.001533

657	0.001725	0.001527

673	0.001941	0.001606

689	0.001930	0.001681

705	0.002306	0.001759

721	0.002225	0.001841

737	0.002490	0.002230

753	0.002945	0.002023

769	0.003264	0.002198

785	0.003813	0.002185

801	0.004342	0.002301

817	0.004749	0.002370

833	0.005088	0.002478

849	0.005521	0.002667

865	0.005585	0.002673

881	0.005981	0.002782

897	0.006285	0.002878

913	0.006613	0.002976

929	0.007243	0.003088

945	0.007425	0.003197

961	0.007951	0.003341

977	0.008167	0.003442

993	0.008715	0.003540

1009	0.008874	0.004246

1025	0.009362	0.003922

1041	0.009647	0.003901

1057	0.009849	0.004014

1073	0.010295	0.004249

1089	0.010627	0.004264

1105	0.010953	0.004385

1121	0.011313	0.004511

1137	0.011612	0.004662

1153	0.011982	0.004791

1169	0.012357	0.004922

1185	0.012668	0.005053

1201	0.013089	0.005177

1217	0.013582	0.005320

1233	0.013800	0.005470

1249	0.014147	0.005622

1265	0.014533	0.005771

1281	0.015124	0.005893

1297	0.015320	0.006056

1313	0.015718	0.006195

1329	0.016188	0.006363

1345	0.016603	0.006518

1361	0.017030	0.006671

1377	0.017431	0.006819

1393	0.018094	0.006980

1409	0.017950	0.007153

1425	0.018399	0.007299

1441	0.019128	0.007477

1457	0.019553	0.007644

1473	0.019659	0.007819

1489	0.020449	0.007967

1505	0.020900	0.008170

1521	0.021347	0.008351

1537	0.021894	0.008511

1553	0.022316	0.008679

1569	0.022743	0.008865

1585	0.023242	0.009034

1601	0.023759	0.009210

1617	0.024238	0.009436

1633	0.024781	0.009590

1649	0.025310	0.009828

1665	0.025794	0.009979

1681	0.026231	0.010186

1697	0.026785	0.010370

1713	0.027356	0.010575

1729	0.027828	0.010738

1745	0.028416	0.010979

1761	0.029133	0.011147

1777	0.029411	0.011341

1793	0.030113	0.011544

1809	0.030567	0.011749

1825	0.031186	0.012009

1841	0.031742	0.012221

1857	0.032265	0.012406

1873	0.032625	0.012642

1889	0.033370	0.012825

1905	0.034050	0.013045

1921	0.034623	0.013271

1937	0.035213	0.013504

1953	0.035856	0.013705

1969	0.036446	0.014108

1985	0.037222	0.014156

2001	0.037711	0.014402

2017	0.038034	0.014621

2033	0.039019	0.014848

2049	0.040224	0.015075

1	0.000001	0.000000

17	0.000002	0.000002

33	0.000005	0.000004

49	0.000010	0.000009

65	0.000017	0.000015

81	0.000027	0.000027

97	0.000039	0.000039

113	0.000052	0.000052

129	0.000068	0.000068

145	0.000087	0.000086

161	0.000106	0.000106

177	0.000127	0.000127

193	0.000151	0.000153

209	0.000178	0.000178

225	0.000206	0.000207

241	0.000241	0.000240

257	0.000271	0.000269

273	0.000359	0.000304

289	0.000341	0.000341

305	0.000327	0.000326

321	0.000422	0.000419

337	0.000467	0.000462

353	0.000514	0.000507

369	0.000565	0.000575

385	0.000534	0.000612

401	0.000666	0.000712

417	0.000723	0.000867

433	0.000786	0.000658

449	0.000941	0.000820

465	0.000784	0.000881

481	0.000968	0.000823

497	0.000908	0.001005

513	0.001137	0.001070

529	0.001019	0.001140

545	0.001252	0.001042

561	0.001307	0.001281

577	0.001440	0.001173

593	0.001411	0.001342

609	0.001599	0.001585

625	0.001754	0.001594

641	0.001920	0.001681

657	0.001913	0.001766

673	0.002312	0.001782

689	0.001990	0.001679

705	0.002120	0.001760

721	0.002236	0.001847

737	0.003217	0.001926

753	0.002887	0.002021

769	0.003507	0.002098

785	0.004062	0.002207

801	0.004280	0.002283

817	0.004625	0.002385

833	0.004925	0.002469

849	0.005828	0.002608

865	0.005673	0.002671

881	0.005933	0.002770

897	0.006190	0.002881

913	0.006570	0.002984

929	0.007033	0.003094

945	0.008110	0.003200

961	0.007701	0.003322

977	0.008242	0.003442

993	0.008463	0.003562

1009	0.008925	0.003656

1025	0.009310	0.003765

1041	0.009534	0.003906

1057	0.009941	0.004016

1073	0.010316	0.004132

1089	0.010576	0.004257

1105	0.010897	0.004387

1121	0.011233	0.004525

1137	0.011593	0.004644

1153	0.012024	0.004807

1169	0.012298	0.004903

1185	0.012669	0.005053

1201	0.013079	0.005179

1217	0.013396	0.005330

1233	0.013724	0.005465

1249	0.014152	0.005618

1265	0.014510	0.005766

1281	0.014898	0.005905

1297	0.015297	0.006046

1313	0.015850	0.006199

1329	0.016107	0.006360

1345	0.016539	0.006518

1361	0.016964	0.006666

1377	0.017356	0.006817

1393	0.017774	0.006980

1409	0.017860	0.007144

1425	0.018329	0.007285

1441	0.019099	0.007468

1457	0.019498	0.007638

1473	0.019658	0.007815

1489	0.020440	0.007988

1505	0.020864	0.008131

1521	0.021350	0.008326

1537	0.021825	0.008500

1553	0.022298	0.008688

1569	0.022739	0.008852

1585	0.023258	0.009028

1601	0.023713	0.009213

1617	0.024226	0.009403

1633	0.024699	0.009586

1649	0.025222	0.009778

1665	0.025976	0.009966

1681	0.026205	0.010153

1697	0.027412	0.010342

1713	0.027217	0.010553

1729	0.027730	0.010751

1745	0.028287	0.010949

1761	0.028928	0.011141

1777	0.029496	0.011326

1793	0.030038	0.011558

1809	0.030508	0.011773

1825	0.031282	0.011971

1841	0.031771	0.012176

1857	0.032183	0.012380

1873	0.032591	0.012607

1889	0.033274	0.012821

1905	0.034267	0.013046

1921	0.034772	0.013335

1937	0.035222	0.013592

1953	0.035698	0.013706

1969	0.036381	0.014331

1985	0.037016	0.014205

2001	0.037715	0.014389

2017	0.038198	0.014619

2033	0.038846	0.014847

2049	0.041390	0.015184

1	0.000000	0.000001

17	0.000002	0.000001

33	0.000008	0.000004

49	0.000015	0.000010

65	0.000029	0.000018

81	0.000042	0.000027

97	0.000060	0.000062

113	0.000087	0.000050

129	0.000108	0.000067

145	0.000135	0.000092

161	0.000100	0.000164

177	0.000201	0.000197

193	0.000236	0.000234

209	0.000280	0.000280

225	0.000325	0.000319

241	0.000369	0.000370

257	0.000422	0.000415

273	0.000481	0.000469

289	0.000562	0.000525

305	0.000617	0.000592

321	0.000796	0.000656

337	0.000799	0.000714

353	0.000855	0.000787

369	0.000923	0.000863

385	0.000980	0.000720

401	0.001226	0.000628

417	0.001207	0.001100

433	0.000835	0.001187

449	0.001463	0.001305

465	0.001515	0.000840

481	0.001026	0.001462

497	0.001835	0.000962

513	0.001187	0.001023

529	0.002041	0.001768

545	0.001403	0.001156

561	0.002381	0.001332

577	0.001843	0.002114

593	0.002835	0.001589

609	0.002108	0.001451

625	0.002328	0.002474

641	0.002463	0.001616

657	0.002590	0.001694

673	0.002808	0.001771

689	0.003374	0.003272

705	0.003572	0.001940

721	0.003324	0.002043

737	0.003631	0.002137

753	0.004100	0.002219

769	0.004557	0.002318

785	0.005173	0.002411

801	0.005686	0.002509

817	0.006273	0.002623

833	0.006498	0.002748

849	0.006915	0.002821

865	0.007207	0.002929

881	0.007810	0.003048

897	0.007816	0.003162

913	0.008242	0.003258

929	0.008746	0.003373

945	0.009222	0.003514

961	0.009577	0.003626

977	0.010038	0.003747

993	0.010548	0.003865

1009	0.010925	0.003988

1025	0.011205	0.004114

1041	0.011631	0.004240

1057	0.012340	0.004385

1073	0.012483	0.004512

1089	0.012871	0.004646

1105	0.013431	0.004783

1121	0.013733	0.004934

1137	0.014140	0.005061

1153	0.014580	0.005213

1169	0.015029	0.005374

1185	0.015388	0.005507

1201	0.015821	0.005639

1217	0.016306	0.005813

1233	0.016822	0.005967

1249	0.017234	0.006118

1265	0.017676	0.006257

1281	0.018267	0.006412

1297	0.018809	0.006592

1313	0.019266	0.006727

1329	0.019887	0.006920

1345	0.020179	0.007085

1361	0.020671	0.007244

1377	0.021097	0.007429

1393	0.021899	0.007612

1409	0.021719	0.007779

1425	0.022259	0.007941

1441	0.023335	0.008121

1457	0.023739	0.008307

1473	0.023835	0.008526

1489	0.025164	0.008681

1505	0.025404	0.008881

1521	0.026001	0.009039

1537	0.026633	0.009296

1553	0.027244	0.009435

1569	0.027842	0.009637

1585	0.028688	0.009824

1601	0.029125	0.010021

1617	0.029553	0.010212

1633	0.030169	0.010434

1649	0.030692	0.010636

1665	0.031416	0.010817

1681	0.031936	0.011052

1697	0.032617	0.011277

1713	0.033231	0.011459

1729	0.033856	0.011720

1745	0.034622	0.011904

1761	0.035378	0.012137

1777	0.035849	0.012340

1793	0.036510	0.012609

1809	0.037341	0.012785

1825	0.037827	0.013041

1841	0.038512	0.013325

1857	0.039273	0.013460

1873	0.039563	0.013737

1889	0.040683	0.013999

1905	0.041386	0.014276

1921	0.042031	0.014504

1937	0.042825	0.014673

1953	0.043555	0.014961

1969	0.044407	0.015151

1985	0.044942	0.015376

2001	0.045751	0.015634

2017	0.045975	0.015907

2033	0.047304	0.016165

2049	0.049520	0.016409

