"V1" "V2" "V3" "V4" "V5"
"1" 109.876013090584 37.2180604428135 2 1 13
"2" 106.251089245091 44.3066644167914 2 2 10
"3" 106.775769015752 41.4670363729098 2 3 12
"4" 106.437821643793 40.2840399245687 2 4 19
"5" 105.90986812979 34.2567523017135 2 5 18
"6" 103.80856726754 35.2437781398466 2 6 15
"7" 107.413790551354 37.1139480691895 2 7 22
"8" 108.994616879778 43.9205172443951 2 8 17
"9" 107.666297691848 41.202082798383 2 9 10
"10" 109.791289464213 38.5896995975036 2 10 9
"11" 107.757786659631 40.673053157755 2 11 11
"12" 111.071224814934 37.0299376169222 2 12 10
"13" 109.419634373789 36.3027043527675 2 13 12
"14" 107.71553190233 35.8213572100771 2 14 12
"15" 110.942457405619 37.2695895449047 2 15 12
"16" 107.039876698177 38.099782127547 2 16 8
"17" 106.423157780673 39.2243797294875 2 17 12
"18" 102.856270205965 37.021328559927 2 18 11
"19" 104.938804810199 37.4424669959808 2 19 12
"20" 105.725433961635 37.3749460190099 2 20 12
"21" 107.212154924998 36.8260799630289 2 21 8
"22" 106.795844326733 36.1311057752718 2 22 14
"23" 109.138956017143 41.9107177437313 2 23 10
"24" 104.472796848674 41.9749229218254 2 24 41
"25" 106.057091153422 37.2488602027096 2 25 12
"26" 109.02453712688 40.5480721536909 2 26 12
"27" 109.536647835264 37.5670634356561 2 27 12
"28" 108.455955559893 39.3869096746544 2 28 12
"29" 108.321552949391 38.3216874092427 2 29 10
"30" 105.934125066006 34.4673156473083 2 30 29
"31" 113.259602316782 33.2887736906926 0 31 0
"32" 107.307667034991 35.3769946973676 2 32 24
"33" 109.036048677483 36.3771220813353 2 33 13
"34" 108.099706053263 35.7862274036693 2 34 9
"35" 108.351792644623 38.5182705006125 2 35 10
"36" 110.417560843246 32.8290555649231 2 36 31
"37" 105.637263117923 37.2065517319134 2 37 11
"38" 107.757257888581 38.9755693014987 2 38 10
"39" 109.430364322599 39.137391595537 2 39 12
"40" 106.230392646986 42.0604632670434 2 40 15
"41" 110.340134082557 37.3338481771431 2 41 13
"42" 112.360497533845 37.8580640576123 2 42 10
"43" 109.204122484778 40.4514787739441 2 43 12
"44" 109.143565215879 37.7238463554072 2 44 12
"45" 113.381551024978 38.1780125920541 0 45 0
"46" 107.600894902935 40.1058971769018 0 46 0
"47" 110.539232622696 39.5411543562286 2 47 12
"48" 106.373277662326 36.5727574657649 2 48 12
"49" 106.440332966445 43.5143268556035 2 49 11
"50" 108.05061861272 42.2950844687269 2 50 11
"51" 102.800534326516 37.2506680649806 2 51 10
"52" 103.539209578236 39.1145569412355 2 52 9
"53" 107.211715092115 37.5766611929281 2 53 9
"54" 106.968437191114 38.6503443054413 2 54 12
"55" 108.956049191829 40.3575130250498 2 55 11
"56" 111.161532665791 39.9939070822855 2 56 11
"57" 104.2212816763 37.0492518155724 2 57 19
"58" 106.260241134932 36.1007153282625 2 58 15
"59" 107.929264962126 42.7791159279236 2 59 10
"60" 107.733123653181 36.7202805531644 2 60 11
"61" 109.699907069632 32.8244370907133 2 61 11
"62" 109.78326427691 37.624453659128 2 62 13
"63" 107.03782873361 37.312642106496 2 63 16
"64" 105.640475019042 39.6362966209743 0 64 0
"65" 107.934594722887 37.6329873253028 2 65 13
"66" 106.664943105836 38.9951892423629 2 66 10
"67" 106.553776332042 38.9356065930427 2 67 11
"68" 108.749373728947 38.6437222926844 2 68 10
"69" 108.133449074593 37.8567659865042 2 69 10
"70" 110.780985792028 39.7418525427477 2 70 13
"71" 106.666249937422 37.5553265025438 2 71 7
"72" 113.409621014536 37.6772197975254 2 72 45
"73" 107.19163147655 39.4529231936844 2 73 9
"74" 109.282021956893 40.0666238488343 2 74 17
"75" 109.492874628289 36.4844056350681 2 75 9
"76" 106.880059388515 38.6151418098295 2 76 11
"77" 108.949158905619 38.9739177853867 2 77 11
"78" 108.801314111558 40.216579804134 2 78 11
"79" 108.250413383662 39.0609014684039 2 79 12
"80" 111.942926856893 31.4467070761437 2 80 22
"81" 111.224602060041 37.7007440538153 2 81 11
"82" 108.932933914081 36.7925752826526 2 82 11
"83" 107.669852562432 39.4029407542691 2 83 8
"84" 104.172891560783 36.8533681515566 2 84 42
"85" 108.176093582071 40.9225929849317 2 85 12
"86" 110.960266260184 39.3136945549111 2 86 10
"87" 107.846985543316 41.8805713336367 2 87 10
"88" 107.007448198389 38.9052850486318 2 88 11
"89" 106.071646533648 33.7039828515668 2 89 18
"90" 109.989634338324 37.6872623348491 2 90 14
"91" 109.425527402063 42.5873239212177 2 91 42
"92" 105.416460436295 40.536976211589 2 92 16
"93" 105.317569453271 41.26025009238 2 93 17
"94" 106.131092432816 38.4955689178419 2 94 10
"95" 108.445384453454 38.9035153125809 2 95 12
"96" 104.392458924897 35.3700806190883 2 96 16
"97" 107.979191771397 35.5595902040047 2 97 12
"98" 108.449168034229 35.8342382601698 2 98 10
"99" 106.265891498626 34.1016953170644 2 99 18
"100" 110.19749764658 40.0145097779918 2 100 11
"101" 108.857928896336 36.5573933102965 2 101 10
"102" 106.201614346005 38.8424900169601 2 102 11
"103" 109.14042051146 40.6999323015663 0 103 0
"104" 110.2622887849 39.0713554067497 2 104 15
"105" 107.745336600218 35.8584707334292 2 105 12
"106" 106.960086682294 36.612492515319 2 106 11
"107" 107.560261896485 40.8249947900248 0 107 0
"108" 108.162626531382 32.4434375530417 0 108 0
"109" 110.168788973602 36.4389706234311 2 109 17
"110" 108.783972520553 35.4971451837618 2 110 11
"111" 106.395372886876 40.9529061098112 2 111 11
"112" 108.447278504583 38.5038275705978 2 112 10
"113" 110.817371872715 39.1126105614383 2 113 18
"114" 104.976944529108 38.9679141586859 0 114 0
"115" 109.580759728577 39.1108065970515 2 115 11
"116" 104.872465300853 33.8302663122236 2 116 10
"117" 108.414958554523 38.4294681471465 2 117 9
"118" 109.96437701458 38.9389681471415 2 118 16
"119" 105.423448694629 38.415131718043 2 119 9
"120" 105.757926304427 33.7033557400856 2 120 9
"121" 104.973308699761 38.1298724879495 2 121 9
"122" 109.719301399541 42.0697547260001 2 122 14
"123" 107.235036706689 34.5808856307935 2 123 23
"124" 107.774152004945 40.3780841249592 2 124 9
"125" 105.612444503657 34.862626991207 2 125 10
"126" 108.595556661594 38.8636568021293 2 126 11
"127" 103.859325657694 38.4556156943187 2 127 11
"128" 106.843041276694 37.1298708541726 2 128 14
"129" 107.554335004727 33.7573603545318 2 129 25
"130" 106.998973905223 36.6491406104537 2 130 10
"131" 104.634638627879 39.2126176879144 2 131 8
"132" 106.281551860728 38.1045470623671 2 132 8
"133" 111.959072408747 38.8587677052955 2 133 40
"134" 111.102935687819 36.7748173796516 2 134 11
"135" 108.966658337272 37.682975763961 2 135 11
"136" 115.088167419418 36.71289701176 2 136 25
"137" 109.764594667965 36.8015235500145 2 137 10
"138" 107.54366359335 41.2456976271967 2 138 11
"139" 108.316218173726 29.7870005413945 2 139 22
"140" 111.326697583172 38.7859612479746 2 140 19
"141" 110.427132425126 42.053410556946 2 141 41
"142" 107.306930828316 37.9626422615247 2 142 39
"143" 106.995670498175 39.1049853436778 2 143 12
"144" 107.890489743423 39.877476275675 2 144 11
"145" 110.670402462849 37.2672652549154 2 145 10
"146" 111.394272971044 42.8439050240239 2 146 41
"147" 110.084066063369 38.2040133326703 2 147 11
"148" 106.718229015276 38.0449279775577 2 148 9
"149" 104.488892209144 38.0502018507507 2 149 10
"150" 106.50521058702 31.978100649317 0 150 0
"151" 103.050383748675 40.4089651860411 2 151 40
"152" 112.117650299891 40.2169722564472 2 152 10
"153" 107.603793821844 35.6739369299687 2 153 11
"154" 113.229187002918 36.8922335978636 0 154 0
"155" 106.41546737234 37.9460137758304 2 155 9
"156" 110.185114695495 37.0675687945302 2 156 10
"157" 102.152600533602 39.6868575528809 0 157 0
"158" 107.029060280857 40.1168697112761 2 158 12
"159" 108.078561991044 32.2443329305172 0 159 0
"160" 108.443301679925 38.4038258223624 2 160 10
"161" 108.230532816719 37.7423139613148 2 161 12
"162" 108.728066242128 37.9003348624745 2 162 12
"163" 107.423590004968 41.8998326507462 2 163 8
"164" 107.563891612786 38.400290387731 2 164 40
"165" 108.638139725958 38.0399933458027 2 165 11
"166" 103.207462052574 39.9912960560842 2 166 10
"167" 109.14099878357 36.6986443906324 2 167 15
"168" 105.01175934855 38.6483493491701 0 168 0
"169" 109.794934019508 41.1042137931715 2 169 15
"170" 105.267343267819 41.1808957960442 2 170 17
"171" 103.845503619017 37.6728157139909 0 171 0
"172" 107.908399257426 36.0978687391018 2 172 10
"173" 106.210833364468 38.611337026612 2 173 9
"174" 108.427797203949 38.5667148530869 2 174 10
"175" 110.041998925012 36.9341952299048 2 175 9
"176" 108.98427468894 40.0375647861315 2 176 12
"177" 114.077211307366 37.5182385182344 0 177 0
"178" 108.294338063667 39.5687272998426 2 178 13
"179" 106.268499130747 36.4542733934379 2 179 11
"180" 107.128838729555 39.5860132346461 2 180 8
"181" 109.287467762736 36.4017273556859 2 181 10
"182" 102.425843244159 38.3329570238827 2 182 15
"183" 109.7248882587 39.3488325813185 2 183 12
"184" 110.048477597284 38.3442655321294 2 184 10
"185" 108.585085846127 41.6781480238363 2 185 16
"186" 107.929099609175 39.7966461812297 2 186 12
"187" 105.286901570077 38.9179249909791 2 187 10
"188" 105.221337187265 39.4017924080954 2 188 10
"189" 104.546824922521 38.2904129737842 2 189 10
"190" 104.063922473041 37.8630610528658 2 190 17
"191" 105.358462491918 35.5595788631762 2 191 11
"192" 109.934027300324 36.4754447263617 2 192 18
"193" 106.680672348243 40.8705558073632 2 193 10
"194" 107.545802001453 38.2064955889476 2 194 9
"195" 109.271062528554 37.9461399331992 2 195 14
"196" 107.976263560784 36.184026932979 2 196 9
"197" 111.188008475818 39.944167161475 2 197 10
"198" 106.020351386514 34.1494934668922 2 198 17
"199" 108.528706402417 35.4246422340609 2 199 11
"200" 108.365813334532 39.99841166278 2 200 13
"201" 113.008808176115 37.3465664634433 2 201 20
"202" 111.217348240428 37.5968618308938 2 202 12
"203" 104.594764451722 33.9340837918499 2 203 12
"204" 108.728223714869 36.8144822753019 2 204 12
"205" 107.501658612464 43.3184881376556 2 205 11
"206" 105.888790995219 34.7496687578309 2 206 9
"207" 110.879406478143 37.2761482900705 2 207 11
"208" 103.490197718792 39.1592726434306 2 208 10
"209" 108.431863208166 39.4641665513335 2 209 13
"210" 107.852690069093 38.947566040179 2 210 11
"211" 107.778341299974 35.7365286626321 2 211 11
"212" 106.773267715426 39.3433898332014 2 212 9
"213" 103.752839782188 42.8552583943022 0 213 0
"214" 111.047004512728 37.1292490999748 2 214 9
"215" 104.120061781438 32.2666656305029 2 215 11
"216" 110.357894385144 40.7542164302453 2 216 12
"217" 105.978010918806 37.7872038432457 2 217 10
"218" 109.716478578555 39.2637407637512 2 218 11
"219" 105.806823724052 35.9199492620018 2 219 9
"220" 107.048737370866 34.0766731585005 2 220 27
"221" 105.244800017359 38.4127148363332 2 221 8
"222" 107.065900394483 40.0006230576742 2 222 11
"223" 107.574505690273 38.1306433458362 2 223 10
"224" 106.933942073231 36.5283348463652 2 224 11
"225" 108.64758153255 41.0389903536534 2 225 9
"226" 106.474092676832 38.9995881344135 2 226 10
"227" 105.336872673638 39.304589312161 2 227 13
"228" 110.638066154615 36.104541298766 2 228 25
"229" 107.943344186156 41.8807019369499 2 229 9
"230" 105.36941035508 38.5562673882045 2 230 10
"231" 109.57849340472 37.244048286702 2 231 11
"232" 105.155647856131 42.2500974815919 2 232 11
"233" 105.852368555642 34.9772572593894 2 233 11
"234" 111.013186010513 37.892485233175 2 234 10
"235" 103.440118342913 43.8302113579423 0 235 0
"236" 105.487170408345 37.3205096513265 2 236 10
"237" 106.216146862243 44.1163606049255 2 237 13
"238" 108.192304430404 37.526574069829 2 238 11
"239" 109.984190603301 33.6487423246787 2 239 30
"240" 108.108610096873 37.4527163398735 2 240 12
"241" 108.292570516877 37.4477080056657 2 241 10
"242" 104.272384835656 38.4034164407594 2 242 9
"243" 108.295042306626 40.0454598962071 2 243 12
"244" 107.901114648093 37.3984707613092 2 244 12
"245" 103.364712088004 33.8737850324943 0 245 0
"246" 106.047137975934 35.8024365242415 2 246 9
"247" 109.041553034903 37.5371764408373 2 247 13
"248" 104.898306686781 36.8159740807115 2 248 15
"249" 105.380142406398 38.4925732446606 2 249 9
"250" 108.222940546149 38.3960975011888 2 250 10
"251" 108.455591735568 34.7395673369413 2 251 12
"252" 111.488826152903 37.64722142 2 252 12
"253" 104.305619922403 39.4957957983139 2 253 25
"254" 108.705176636111 41.0796150337775 2 254 10
"255" 107.138349934224 38.8591061593242 2 255 12
"256" 107.34693407464 38.3304905800798 2 256 9
"257" 106.556345850206 39.8105566794427 2 257 11
"258" 108.14186342333 38.2324645956882 2 258 40
"259" 106.024997901288 39.7086887121382 0 259 0
"260" 107.707848691309 40.3983619899808 2 260 10
"261" 108.579959754947 37.5874472751596 2 261 9
"262" 110.386338040504 38.8361883270112 2 262 11
"263" 108.62882686961 41.0864220690426 2 263 10
"264" 104.288178972308 39.2225417367202 2 264 25
"265" 109.884341818172 41.6025505301266 0 265 0
"266" 109.440739292664 36.0857802921999 2 266 10
"267" 109.695265014631 36.1198759775567 2 267 11
"268" 111.263546965906 34.1986182371308 2 268 29
"269" 105.732408793308 39.9938249776508 2 269 9
"270" 107.638946290378 32.9753273439064 2 270 11
"271" 107.50040200608 45.0208545035622 2 271 28
"272" 110.617221675305 34.7803575979656 2 272 27
"273" 110.235366967016 36.0455326489832 2 273 12
"274" 107.546797719723 33.992101876051 2 274 22
"275" 110.386803686307 39.2794203248636 2 275 11
"276" 107.306137566434 39.9585218990608 2 276 11
"277" 104.539150648627 38.9065942479683 2 277 9
"278" 105.371938788346 43.3396021316436 0 278 0
"279" 103.46648635929 37.8277640676157 2 279 11
"280" 108.408363059437 37.6688647111057 2 280 12
"281" 107.836977229379 35.423679375461 2 281 12
"282" 107.890245295061 33.0511126893338 2 282 11
"283" 108.440548981839 38.3078907701654 2 283 10
"284" 107.050833966098 34.1353985868942 2 284 26
"285" 109.9427487854 40.9717869683492 2 285 13
"286" 103.816388642166 33.6080733564473 2 286 20
"287" 109.436546088322 40.151412379737 2 287 15
"288" 108.108887883473 36.3770261234434 2 288 8
"289" 107.881332535048 38.7777130172758 2 289 11
"290" 108.82699149241 39.1020304071593 2 290 15
"291" 104.042883133634 40.9582494496086 0 291 0
"292" 109.019696728652 34.4848784695792 2 292 13
"293" 103.163358959123 37.2850807267378 2 293 11
"294" 105.849719095 35.5458548600736 2 294 8
"295" 107.82088908782 37.4677757345022 2 295 11
"296" 109.472437277126 36.2625598941116 2 296 11
"297" 108.008482646778 41.5589188903424 2 297 8
"298" 108.847958231546 40.2940541873898 2 298 10
"299" 105.491669936319 34.9705246965293 2 299 11
"300" 109.653984359483 35.9636282266185 2 300 11
"301" 111.258424329682 37.7247482052006 2 301 12
"302" 106.0997085398 40.0442312423537 2 302 12
"303" 102.326390695746 38.9251567507166 0 303 0
"304" 109.412759289336 38.5684014173139 0 304 0
"305" 105.540989241503 37.726396642526 2 305 24
"306" 111.074736503756 33.8211961604941 2 306 16
"307" 105.726582219722 33.6904968383253 2 307 10
"308" 110.898809238147 40.44025248446 2 308 9
"309" 109.610560337395 39.1250534784696 2 309 12
"310" 106.294703241516 35.5372840832954 2 310 14
"311" 107.081251287223 36.6932031749436 2 311 9
"312" 105.416804083534 44.0506694192432 2 312 14
"313" 107.015097062543 36.0360495469028 2 313 13
"314" 106.811357083262 37.9829608554447 2 314 9
"315" 104.923516611238 33.9900466073494 2 315 21
"316" 108.103780674495 36.4558825805024 2 316 9
"317" 104.801034178057 35.5900492096844 2 317 8
"318" 105.705006636831 34.3857367603789 2 318 27
"319" 106.769533540211 36.9986798056744 2 319 11
"320" 106.762444069568 37.6503408307703 2 320 8
"321" 108.603746348817 36.3074178132045 2 321 11
"322" 111.671812532192 39.2630656452662 2 322 12
"323" 108.759779351721 41.8993323013603 2 323 9
"324" 103.367755106458 37.692655376134 2 324 10
"325" 107.938427571638 40.3271894391023 2 325 10
"326" 110.550896255166 40.8661486147274 2 326 12
"327" 105.760176697401 36.6148945287675 2 327 17
"328" 105.938605495957 44.0048011198481 2 328 14
"329" 110.50329520843 37.7238610870112 2 329 15
"330" 107.726129330654 34.4874357296232 2 330 30
"331" 102.775692655805 37.4351261039601 2 331 11
"332" 109.863039184845 37.017408639001 2 332 10
"333" 108.512494661325 40.8868049713591 2 333 27
"334" 107.845642472923 36.2377106097816 2 334 9
"335" 107.981864847716 35.8278921636949 2 335 10
"336" 112.206330905418 34.4082775343765 2 336 28
"337" 109.341772739603 40.4604384947309 2 337 13
"338" 107.271931343859 37.2665154994669 2 338 10
"339" 110.029546534486 40.0840098837155 2 339 10
"340" 107.583395805194 35.6571157914291 2 340 12
"341" 108.36926949822 36.3630054431809 2 341 10
"342" 109.332285635795 37.5213539597855 2 342 11
"343" 109.502031580471 40.75579527664 2 343 12
"344" 107.326135211741 38.1583726833234 2 344 10
"345" 110.367234290693 32.7866668085039 2 345 30
"346" 108.93160389109 37.5431401129829 2 346 12
"347" 109.969743295945 32.6842895971854 2 347 9
"348" 110.763759519412 34.8714979607874 2 348 26
"349" 106.375034136459 39.0297439959493 2 349 11
"350" 107.978796938315 40.6071152443819 2 350 10
"351" 106.91064286419 35.9188277712206 2 351 12
"352" 106.48615848654 36.7723497818452 2 352 8
"353" 107.95074436203 36.5750304749624 2 353 9
"354" 111.493352632973 41.2204679151142 2 354 16
"355" 109.795598413328 37.8949586018647 2 355 9
"356" 108.865570289563 37.9573004177274 2 356 19
"357" 107.116970291632 41.9915277214056 2 357 9
"358" 108.030307463343 36.4680545748279 2 358 9
"359" 107.079703825362 37.6536881204457 2 359 8
"360" 88.0509590851014 133.110542317002 2 360 13
"361" 84.4939218262461 128.599865079384 2 361 2
"362" 84.5596575400156 127.830742720094 2 362 5
"363" 89.8637292498506 131.354737606586 2 363 3
"364" 90.8933429260107 129.160506391978 2 364 6
"365" 84.7644351351399 128.646795714187 2 365 7
"366" 85.9103088556051 129.702620708963 2 366 2
"367" 82.2092325200644 131.738979334246 2 367 4
"368" 78.8273815923907 129.511191507756 2 368 6
"369" 85.090315246796 138.443764047331 0 369 0
"370" 79.7415064314205 130.239338170163 2 370 9
"371" 86.0235747992637 131.015604314252 2 371 6
"372" 79.0687887514821 130.820828867738 2 372 1
"373" 89.1181705197912 128.668333565736 2 373 5
"374" 87.4906042844276 128.455978222297 2 374 6
"375" 86.1708159959337 135.286206882612 2 375 12
"376" 80.9757216053329 129.45061792709 2 376 13
"377" 83.8833457641933 131.599762160862 2 377 6
"378" 79.4776067588552 132.593960304324 2 378 4
"379" 87.1720555869395 128.525258947742 2 379 8
"380" 85.8990428529552 129.68893151062 2 380 3
"381" 83.8320789780388 133.477871813611 2 381 12
"382" 75.4040460867293 129.658140250825 0 382 0
"383" 88.9233253047286 131.232530959621 2 383 3
"384" 85.8604691297862 131.564029979855 2 384 2
"385" 80.9147134314356 134.493373989709 2 385 6
"386" 79.5750845274292 130.648849425531 2 386 39
"387" 86.9695730286576 131.768460614131 2 387 2
"388" 84.9519027100414 129.76641448975 2 388 3
"389" 85.3680871165041 131.460395653544 2 389 2
"390" 82.4533187527064 132.737641417064 2 390 5
"391" 84.2892645564827 134.021006271023 2 391 6
"392" 85.4662054561097 133.233240840491 2 392 5
"393" 85.8387219792218 132.200400264797 2 393 2
"394" 87.2377997329405 132.694847383138 2 394 7
"395" 86.4276049411964 129.777921178532 2 395 4
"396" 85.9424707003602 133.186602856638 2 396 5
"397" 84.2640908383231 134.016810379302 2 397 6
"398" 85.615652329652 129.408195274528 2 398 5
"399" 83.5251776373707 131.029661544411 0 399 0
"400" 76.6108852126638 134.018452771882 0 400 0
"401" 79.7818718004065 131.870102168325 2 401 3
"402" 83.8587318475505 132.587810338715 2 402 5
"403" 84.1162402254424 133.439167706277 2 403 3
"404" 82.0475321382776 135.67384233224 2 404 2
"405" 82.7374952502189 130.938375924164 2 405 7
"406" 82.4875084619683 128.778953950453 2 406 5
"407" 86.4819512738159 130.864520382756 2 407 2
"408" 82.4511496153591 130.702864000932 2 408 7
"409" 86.2209324377382 131.967051036435 2 409 7
"410" 90.2897817219322 133.286225367038 2 410 9
"411" 91.1446621200834 132.234640938573 0 411 0
"412" 86.421212675687 129.924877669556 2 412 4
"413" 82.5020757598081 133.833822827875 2 413 5
"414" 85.4229915926358 129.994039755222 2 414 5
"415" 86.8773275836978 130.189142902341 2 415 5
"416" 86.9835062167586 130.250037938036 2 416 6
"417" 77.22106884138 130.984562043683 2 417 34
"418" 86.4668009607842 128.605118595179 2 418 7
"419" 81.4361255129692 128.650126080362 2 419 7
"420" 91.2466797072628 132.481463883403 2 420 7
"421" 83.0166038992375 129.479190766081 2 421 4
"422" 87.4313608080972 131.2037176705 2 422 2
"423" 82.9795488516908 129.651664497555 2 423 6
"424" 81.364088969658 132.38945021273 0 424 0
"425" 84.6405536511976 131.249114298413 2 425 0
"426" 87.6340097718389 129.325198975562 2 426 7
"427" 84.4956411883509 132.546708654088 2 427 3
"428" 83.7169414381664 134.263813081808 2 428 5
"429" 87.2400203264868 130.15971856471 2 429 4
"430" 78.4633822967677 131.162061825484 0 430 0
"431" 84.792305448556 133.505126981666 2 431 10
"432" 87.5452341244748 134.201450815807 2 432 2
"433" 85.3992086485501 128.327455675509 2 433 4
"434" 87.4879217569259 132.375804044665 2 434 3
"435" 84.5050732801358 132.325077811844 2 435 3
"436" 92.0074474876031 131.542732173601 2 436 5
"437" 83.0777874035576 130.572141010236 2 437 8
"438" 80.555326767248 128.880236042151 0 438 0
"439" 81.5309287283753 130.471067829118 2 439 4
"440" 80.6617847215056 132.263924286271 2 440 1
"441" 86.3568561089069 128.55620991091 2 441 7
"442" 85.3195752198512 131.373368522183 2 442 1
"443" 81.308024495171 131.79182811259 2 443 3
"444" 88.2218491824319 132.573276039894 2 444 4
"445" 84.2565625003463 130.809415887361 2 445 1
"446" 81.8102629304225 129.722968489576 2 446 6
"447" 80.9709232039465 128.938273317253 2 447 38
"448" 85.0432016021498 127.878458067311 2 448 3
"449" 82.1144232208974 129.163611488968 2 449 4
"450" 90.9286370330124 130.306854195953 2 450 40
"451" 81.7658388823337 132.997328117366 2 451 3
"452" 86.8092543507706 129.277406868842 2 452 10
"453" 83.4042611955973 129.901867200432 2 453 2
"454" 84.8526901111104 129.879957868701 2 454 1
"455" 87.1102748824606 133.109492989358 2 455 4
"456" 84.2223432484993 132.841275436656 2 456 2
"457" 84.0578946413749 129.360796502201 2 457 1
"458" 83.7254599179886 131.959586400639 2 458 3
"459" 80.1583140854154 131.453891234599 0 459 0
"460" 84.2043996543568 132.638558773534 2 460 5
"461" 83.7071034350995 131.498549049693 2 461 4
"462" 79.1591182046137 127.718097557438 2 462 37
"463" 84.2292813221838 127.908522582088 2 463 3
"464" 79.252958613998 129.886181891573 2 464 7
"465" 85.9189116784766 128.501112794032 2 465 11
"466" 81.0234961813626 130.986665596524 2 466 5
"467" 85.1603404966038 129.928428284158 2 467 1
"468" 81.6382696442122 129.030501046748 0 468 0
"469" 84.538190868754 132.515329057756 2 469 2
"470" 91.1625963863654 132.867141544104 2 470 9
"471" 84.1275069889781 135.537328307689 0 471 0
"472" 82.7699956256154 134.122798417338 2 472 2
"473" 82.8891280026784 128.348133934071 2 473 4
"474" 81.93082099389 129.302676329234 2 474 3
"475" 84.6629497199603 129.770382966095 2 475 3
"476" 81.5385980389971 131.465016507722 2 476 4
"477" 84.9158337196705 128.211519122988 2 477 3
"478" 84.9283466820011 132.940336265238 2 478 4
"479" 85.1260692709885 131.39719051704 2 479 2
"480" 88.6313028241374 135.95991606964 2 480 11
"481" 83.1976708263874 132.085464604551 2 481 4
"482" 87.1451508819751 133.493846131216 2 482 1
"483" 88.4986093098096 131.54802111957 2 483 2
"484" 82.9228150057128 130.528255358457 2 484 8
"485" 86.0678152417009 129.928221995566 2 485 5
"486" 86.6184358667409 133.33948693441 2 486 3
"487" 87.087998323106 129.740591101166 0 487 0
"488" 83.586699480212 125.520833078627 0 488 0
"489" 81.8111596768529 130.269960584212 2 489 3
"490" 84.4963055195061 129.597180874223 2 490 3
"491" 83.3651337098979 132.313078412443 2 491 3
"492" 82.2669589742648 130.091041639996 2 492 8
"493" 85.520185548099 131.528822494811 2 493 2
"494" 85.8192143655021 132.642934338389 2 494 9
"495" 87.2944874160095 130.039386780756 2 495 5
"496" 84.8782897185485 133.154562838046 2 496 3
"497" 86.9958047349589 133.102441054751 2 497 3
"498" 81.8997509046758 131.627944546574 2 498 5
"499" 81.4537364382828 128.562765934909 2 499 8
"500" 84.8532899101391 133.834883184385 2 500 6
"501" 83.9522635069477 129.649068766875 2 501 2
"502" 85.0396364234676 130.090842024037 2 502 2
"503" 85.1252006484494 130.929169578124 2 503 6
"504" 80.2324790524296 135.075535379823 0 504 0
"505" 83.3073545001363 131.68503735423 2 505 5
"506" 87.51348477144 131.95570635908 2 506 3
"507" 82.1417259615794 131.770377907241 2 507 3
"508" 83.9307621749275 133.940275031691 2 508 6
"509" 79.2596164092113 133.809698814702 2 509 4
"510" 81.593514400963 131.317939423731 2 510 3
"511" 83.5996781971774 132.817845945643 2 511 4
"512" 77.84455321008 132.010982997097 0 512 0
"513" 82.8307766615787 130.692537002292 2 513 2
"514" 90.7412946325686 132.035821181976 2 514 41
"515" 88.564564764347 131.908712158875 2 515 4
"516" 87.6263668206026 131.941581525211 2 516 3
"517" 89.1751290877146 131.413264764062 2 517 2
"518" 87.027963834433 132.365185182643 2 518 2
"519" 85.8551954757426 130.368697948404 2 519 2
"520" 88.5735656640616 131.317107359113 2 520 3
"521" 85.4335302592155 130.382037554951 2 521 4
"522" 81.2598628998167 133.136563105065 2 522 36
"523" 84.7780156734454 131.98584995348 2 523 2
"524" 82.778699258143 134.638271540229 2 524 39
"525" 85.4540513259332 128.848271578009 2 525 36
"526" 84.8668094657498 131.971511081291 2 526 1
"527" 85.8989908935344 132.850697227242 0 527 0
"528" 84.9736108705068 129.226671904223 2 528 3
"529" 82.8178607910144 128.588649269256 2 529 6
"530" 90.1500038912861 132.236885928142 2 530 11
"531" 82.5318954976371 129.097672567689 2 531 4
"532" 78.8696786558374 130.443881421336 2 532 2
"533" 83.4299795504595 132.798248942502 2 533 4
"534" 84.4040897907477 128.606838428824 2 534 3
"535" 85.8034789895298 133.297201257835 2 535 4
"536" 84.3698989881407 132.333535965359 2 536 4
"537" 88.3134016339565 129.532562941958 2 537 8
"538" 85.7561968533811 128.87758730188 2 538 37
"539" 81.5133440403774 129.788702109949 2 539 4
"540" 88.9090925177718 128.944168838347 2 540 6
"541" 82.3319410377757 129.106624014294 2 541 5
"542" 81.4981232527829 131.351653647588 2 542 4
"543" 79.9689525359366 136.832864518664 0 543 0
"544" 88.3329262169201 133.579376367999 0 544 0
"545" 88.6596017983053 134.155498340714 0 545 0
"546" 90.7927625420374 128.881867691965 2 546 5
"547" 81.5160338738913 134.504111701305 2 547 5
"548" 85.444349107316 135.081083443726 2 548 4
"549" 81.4514931010546 133.096363110066 0 549 0
"550" 85.3611547384644 127.078171124033 2 550 1
"551" 77.7627263082124 129.322139166561 2 551 14
"552" 82.109915285099 130.91115615596 2 552 6
"553" 87.2643371401806 131.802172817554 2 553 4
"554" 88.1102361755293 132.033062274754 2 554 5
"555" 78.9072815059246 132.888292344166 2 555 39
"556" 89.0035493693252 133.08017096761 2 556 11
"557" 85.3055933411275 131.544307563269 2 557 2
"558" 80.1396175444291 129.523480932073 2 558 5
"559" 87.1980402584638 128.983618519905 2 559 9
"560" 83.5769902795401 132.572980590676 2 560 5
"561" 91.3232512120403 134.130307921936 2 561 10
"562" 89.2662226552568 130.553742409955 2 562 3
"563" 82.8458913497274 134.279269205752 2 563 3
"564" 81.4977253652232 132.350032156045 0 564 0
"565" 86.2452889335237 131.765253942932 2 565 7
"566" 79.5258979584401 129.412704729931 2 566 12
"567" 84.1846486717481 128.893706195343 2 567 4
"568" 88.5328402751732 133.956839470626 2 568 6
"569" 79.4174113882482 133.59638211467 2 569 3
"570" 86.0028948903271 130.797502515223 2 570 4
"571" 82.8371968779503 129.072343414843 2 571 7
"572" 92.4579668304131 130.416372924583 2 572 41
"573" 90.2913663483544 131.534808966346 2 573 10
"574" 85.2845563496451 133.263776940841 2 574 4
"575" 87.0052382194485 130.857588579802 2 575 3
"576" 86.0711259567798 133.854982725295 2 576 6
"577" 81.9196618224137 127.23545590213 0 577 0
"578" 87.435872354803 131.927063396547 2 578 2
"579" 85.8195414402324 131.270234586957 2 579 2
"580" 84.9449966743146 135.142907972127 0 580 0
"581" 86.7122282769897 132.024058196269 2 581 2
"582" 85.3784906549306 132.108858750615 2 582 3
"583" 80.8231480805261 131.798036141153 2 583 2
"584" 84.4477000368257 131.914526942629 2 584 3
"585" 82.2062316736133 134.065744451236 2 585 4
"586" 81.6939654815489 129.977606540619 2 586 6
"587" 82.027597322656 131.817440618538 2 587 4
"588" 80.2100608075398 132.05130430281 2 588 2
"589" 81.2627301443267 130.968863612563 0 589 0
"590" 85.1950511344958 132.079989700446 2 590 2
"591" 84.6095321640526 131.261524605495 2 591 1
"592" 88.5827942244799 131.309902712301 2 592 2
"593" 85.654124692145 130.540148336328 2 593 3
"594" 84.1788371788772 132.264707001697 2 594 5
"595" 84.6612021797082 133.515569926878 2 595 7
"596" 85.2715226847605 129.133656168862 2 596 1
"597" 81.6297178144411 129.45760172352 2 597 5
"598" 88.1814286660619 128.950008911975 2 598 12
"599" 86.1876761789901 128.622890911355 2 599 6
"600" 84.2703591033639 131.089407472454 2 600 2
"601" 87.8161856331301 133.396025127365 2 601 8
"602" 80.1275251902856 132.193877182968 2 602 3
"603" 81.7222555637658 130.726242287222 2 603 8
"604" 90.8751786265771 132.722191710692 2 604 8
"605" 82.2659232500268 131.288221820842 2 605 5
"606" 85.3451075657721 128.496278689874 2 606 3
"607" 85.412566835302 130.096757170978 2 607 6
"608" 86.7206917693415 134.17238038292 2 608 7
"609" 83.2965806813043 133.210940686482 2 609 5
"610" 84.6747371689008 131.590295721994 2 610 2
"611" 82.343928502513 129.272260612717 2 611 5
"612" 84.2307424689519 129.468661010066 2 612 1
"613" 85.2461642875444 131.720672951065 2 613 3
"614" 83.254665347959 132.39308900156 2 614 4
"615" 83.8500588848447 131.784681937266 2 615 5
"616" 84.4916505488129 130.436735280359 2 616 5
"617" 84.6015012525388 130.384480370587 2 617 4
"618" 86.8320955578494 131.831917266161 2 618 3
"619" 82.1946058173478 133.338099554499 2 619 2
"620" 87.3774301440096 130.669864222036 0 620 0
"621" 84.2018976358811 134.304467106247 2 621 4
"622" 85.0465245727368 129.079588548919 2 622 35
"623" 84.3299382805483 131.877639662948 2 623 3
"624" 83.373825783761 133.173737657609 2 624 5
"625" 85.0705564471246 129.469477877292 2 625 2
"626" 86.6079972752727 133.415738243447 2 626 2
"627" 82.105353535277 134.878376263657 2 627 9
"628" 84.7986774459444 132.828463221146 2 628 4
"629" 86.841244453582 134.506190975079 2 629 7
"630" 82.779553248727 131.32384586142 2 630 1
"631" 87.1112818455214 131.364134361599 2 631 4
"632" 82.4677116012493 130.36116923834 2 632 7
"633" 82.8297451455398 127.800302085388 2 633 6
"634" 80.8461835746389 131.048139033889 2 634 6
"635" 88.8013614114231 129.185916863547 2 635 7
"636" 81.8054782972656 129.20722937253 2 636 3
"637" 81.2456750887777 131.633171375773 2 637 3
"638" 85.657321496541 131.1748993397 2 638 3
"639" 83.0195083434033 133.262248325525 2 639 7
"640" 85.5642881851015 130.286646017959 2 640 5
"641" 82.4117926802364 128.869418082938 2 641 6
"642" 78.6468485371351 129.90016320944 2 642 3
"643" 81.4560049502242 131.755920724308 2 643 2
"644" 84.82007794642 129.843650955806 2 644 2
"645" 88.8651704569084 130.067655684134 2 645 2
"646" 83.5082805304822 134.848733112113 2 646 4
"647" 81.799282682421 130.715181368178 2 647 8
"648" 87.7648707078792 132.815916789882 2 648 1
"649" 85.1912346025793 129.709344396442 2 649 1
"650" 88.0865006619996 132.838277776149 2 650 6
"651" 84.4857937456669 132.235320080951 2 651 3
"652" 84.5001475634402 134.571401770676 0 652 0
"653" 87.0951950011295 130.24484060275 2 653 7
"654" 86.7822032890781 131.678421572775 2 654 1
"655" 86.635595399295 131.774887568548 0 655 0
"656" 81.0957088758856 129.422559483384 2 656 14
"657" 83.0176879987755 132.839508999328 2 657 42
"658" 81.8053219446737 131.994322724128 2 658 5
"659" 77.7738340030418 132.090863009022 0 659 0
"660" 86.708113234193 130.811990085564 2 660 4
"661" 81.9850028842563 130.493767173956 2 661 6
"662" 86.8100441273196 127.285294887192 2 662 4
"663" 85.6494803654113 130.669569073637 2 663 3
"664" 81.841165455494 133.597277141583 2 664 12
"665" 84.8955724162174 127.500914323811 2 665 2
"666" 83.5763016688125 132.689542725425 2 666 4
"667" 87.7191244107151 131.526315529019 2 667 10
"668" 80.9210568997509 131.198631748964 2 668 5
"669" 89.271056276754 131.330575645219 2 669 3
"670" 86.964407136691 131.090285798976 2 670 2
"671" 84.5724135323366 129.671428852289 2 671 4
"672" 83.8381750847491 132.830795067948 2 672 8
"673" 81.4761400913524 133.779370776096 2 673 11
"674" 87.0148116704749 133.832869527887 2 674 2
"675" 78.3862441537689 133.830613034903 2 675 33
"676" 86.4177982757257 133.468695354654 2 676 7
"677" 81.6274329411541 136.482999792535 2 677 10
"678" 89.395714323136 129.735237641329 2 678 3
"679" 87.9191501296719 131.13045240793 2 679 1
"680" 76.8565800090221 132.98550621082 0 680 0
"681" 88.5442799877638 130.953509222094 0 681 0
"682" 83.6170816662133 129.766475332147 2 682 3
"683" 81.3301075043929 134.40998374162 2 683 7
"684" 83.0154656484997 129.11681972219 2 684 6
"685" 85.405454112886 128.079253890584 2 685 2
"686" 84.8635799442207 131.468816593668 2 686 1
"687" 88.9580791969298 129.191550502285 2 687 4
"688" 86.0353271086171 130.07590401361 2 688 4
"689" 89.5465551332631 129.944464446209 2 689 9
"690" 88.2540851099314 127.317236799309 0 690 0
"691" 81.3174318133662 126.570660324208 0 691 0
"692" 84.6652331737669 130.761409884484 2 692 3
"693" 81.0828910499439 127.931100881546 0 693 0
"694" 88.2061735681117 129.650890070914 2 694 9
"695" 81.7500961240699 130.361421453622 2 695 4
"696" 82.611645395404 131.206921759367 2 696 4
"697" 82.4621849382045 129.74558552546 2 697 9
"698" 86.4126659123142 129.992688606746 2 698 3
"699" 82.3949404535257 132.01348543934 2 699 4
"700" 82.0465134182918 129.72503623397 2 700 8
"701" 82.5624523224021 128.983697636206 2 701 5
"702" 88.3682537044533 130.713549813384 2 702 2
"703" 87.5173742921328 132.637484805648 2 703 4
"704" 83.5627165704779 131.661618683167 2 704 3
"705" 83.179980449158 133.237371436506 2 705 4
"706" 80.07301643936 130.10900273628 2 706 7
"707" 86.2077716499679 130.43698632442 2 707 5
"708" 84.7451451838927 130.420929437153 2 708 4
"709" 88.7856551632627 132.159164863225 2 709 3
"710" 85.3547930991639 132.084346368306 2 710 2
"711" 85.7504185421585 130.687388214004 2 711 4
"712" 85.5104743520487 132.383163367769 2 712 1
"713" 82.5887411630441 130.506114062596 0 713 0
"714" 82.9410379353203 130.026715159382 2 714 4
"715" 84.681781443119 130.167121296537 2 715 3
"716" 88.9291617510696 128.588358911792 0 716 0
"717" 82.4163443269764 132.52873578937 2 717 3
"718" 86.9598722440708 129.288186011118 2 718 10
"719" 82.4944290221183 128.896616986825 2 719 5
"720" 85.9390203688273 131.084626892579 2 720 7
"721" 79.9542331753446 130.264010285733 2 721 8
"722" 9.56331954476661 58.1023906915519 2 722 12
"723" 9.88096785072464 53.9343775086865 2 723 3
"724" 9.81293302497483 54.3989153879629 2 724 6
"725" 14.6619077437516 53.0197135115059 2 725 13
"726" 12.5666683675071 55.1713712213334 2 726 10
"727" 6.84415034324521 57.350629998523 2 727 17
"728" 9.19168490437577 61.7652106603241 2 728 10
"729" 11.338619107089 53.717353750223 2 729 3
"730" 12.1441814876938 57.5865718617255 2 730 7
"731" 10.2695999142607 58.9534172129932 2 731 11
"732" 14.9723192562306 57.4848617170361 2 732 8
"733" 11.8991677446621 59.1231052998849 2 733 7
"734" 13.5401909366983 57.3660258837369 0 734 0
"735" 6.37608903498156 53.4650387641858 2 735 8
"736" 8.47731256386072 56.1443251070529 2 736 7
"737" 14.6936406526282 52.4310065312347 2 737 17
"738" 10.3661315865886 56.6154386035181 2 738 4
"739" 11.4855647007265 56.7162314903322 2 739 6
"740" 10.8497916013781 55.193618729287 2 740 6
"741" 11.3840864149195 56.8286173895909 2 741 5
"742" 10.41978247217 55.6281443086192 2 742 6
"743" 8.03036357952593 58.4175396867845 2 743 6
"744" 13.5360884974904 56.6890043153635 2 744 14
"745" 10.2718308357159 56.8689689589131 2 745 7
"746" 9.64823825825431 57.9753495760957 2 746 14
"747" 9.45963572050627 55.933172878382 2 747 4
"748" 11.2502781005523 57.9954777037643 2 748 6
"749" 7.65793367459903 51.6034641709353 2 749 5
"750" 11.281160868165 56.3584323150729 2 750 9
"751" 8.24150717310709 55.1196818320859 2 751 6
"752" 14.0426772838535 53.6434923076004 2 752 16
"753" 9.24587250359175 55.1766213479118 2 753 9
"754" 10.2948371028847 59.1580301755289 2 754 6
"755" 11.2979240695435 54.3019115795347 2 755 5
"756" 8.18699231647725 57.7158387628654 2 756 4
"757" 12.0245825693603 56.2988209005566 2 757 6
"758" 8.70468236971029 54.7826154034058 2 758 4
"759" 10.4169910130066 52.1487845486575 2 759 19
"760" 10.0714904559823 56.9611170834232 2 760 8
"761" 8.56466646027519 53.9353743966016 2 761 21
"762" 8.86668452117128 55.3794410416461 2 762 6
"763" 9.19764642838325 54.1723151237304 0 763 0
"764" 12.4721458532749 55.5912439479364 2 764 4
"765" 10.7547085288712 58.2177652804244 2 765 7
"766" 10.469731099636 53.7119856229866 2 766 14
"767" 8.60904342539104 55.4474817804757 2 767 5
"768" 9.38629427800961 59.7497734767962 2 768 7
"769" 10.0027529494725 52.5681841398359 2 769 4
"770" 11.9911143620376 55.1430154972654 2 770 11
"771" 7.91220666008923 58.0769381697474 2 771 4
"772" 11.6835829547941 54.0259893334934 2 772 4
"773" 6.41903618135631 54.2280012472976 2 773 42
"774" 8.08860215226884 58.3983670912871 2 774 7
"775" 10.5768993912359 63.96171566724 0 775 0
"776" 9.4841210119595 56.4940928365862 2 776 5
"777" 8.87195073968664 59.0971846912197 2 777 9
"778" 13.0676275807807 55.3135594483781 2 778 5
"779" 13.1788006133422 53.9365938643191 2 779 4
"780" 13.381951409985 58.8128987998204 2 780 7
"781" 8.98422578947627 51.8648860299774 2 781 5
"782" 12.5003245796378 58.1547817358847 2 782 10
"783" 8.77337227674452 56.9510910284078 2 783 9
"784" 9.63160548914454 56.0963762536325 2 784 5
"785" 9.55593086301254 57.2533287970365 2 785 11
"786" 11.4251723540402 54.9035730444743 2 786 4
"787" 7.50241759438829 58.6309569061495 0 787 0
"788" 7.67153794868253 57.9145831285821 2 788 5
"789" 12.6675338758967 54.5063540100095 2 789 6
"790" 10.6659672385041 57.6495559717695 2 790 6
"791" 9.87569377996621 58.6011574577839 0 791 0
"792" 11.5383752218435 57.8011650137616 2 792 8
"793" 8.45210518767461 52.723782414385 2 793 8
"794" 6.24553402571481 55.9798125302831 2 794 5
"795" 7.28708742329721 56.896440575563 2 795 6
"796" 11.8171555188764 57.3520628826097 2 796 7
"797" 6.52405825476453 55.5376834593583 2 797 4
"798" 5.38965846057047 57.1732248353527 2 798 6
"799" 12.3070600545405 56.4558431781028 2 799 5
"800" 10.1282148638468 57.1734716154477 2 800 8
"801" 10.3903948776186 54.8830475519084 2 801 4
"802" 14.567117290718 56.0298867807508 2 802 12
"803" 8.797844320307 55.1931281878127 2 803 5
"804" 10.3566886891309 54.3232090668326 2 804 3
"805" 12.934773641723 52.2551536033016 0 805 0
"806" 7.9669065936848 57.1923223056464 2 806 12
"807" 10.90785037609 54.9345924363436 2 807 9
"808" 11.0296051209025 54.4922274780991 2 808 6
"809" 8.0832800715 55.1092330042406 2 809 5
"810" 8.52022136853079 54.2324921515615 2 810 9
"811" 14.3000135911675 55.4935498096972 2 811 6
"812" 9.08861281190484 56.3986657123124 2 812 4
"813" 9.23829889324292 55.9351403027838 2 813 3
"814" 8.84802211429131 57.5371707437541 2 814 3
"815" 12.3089638504546 55.9142085675025 2 815 5
"816" 6.20000141440028 52.8134912811248 2 816 10
"817" 9.07503201448368 53.1780229620055 2 817 15
"818" 9.52744820554482 54.1088250649365 2 818 19
"819" 14.1019661969386 53.019768627386 0 819 0
"820" 8.15776789234425 54.3095632470516 2 820 10
"821" 11.4636469765603 53.0443436108918 2 821 5
"822" 7.52578518869245 57.084830662539 0 822 0
"823" 6.84855750778497 54.7356922758437 2 823 10
"824" 10.3480654239713 53.280435482774 2 824 5
"825" 8.71321329025035 54.9900761765086 2 825 5
"826" 8.91590366035875 56.7382842618236 2 826 8
"827" 7.6938172320228 54.755010374638 2 827 7
"828" 6.4544105248244 57.8812448731703 2 828 9
"829" 10.6831582161122 55.8881175219977 2 829 5
"830" 10.8569987867145 60.3860777021644 0 830 0
"831" 10.8633090923873 58.0989055294118 2 831 7
"832" 10.5697777898383 59.3384076894969 2 832 5
"833" 12.4565216967717 58.4428294610562 2 833 12
"834" 9.34654395701192 55.8016983504994 2 834 5
"835" 10.7365168371381 54.6483391888397 2 835 10
"836" 7.46605151333458 52.3659425783402 2 836 16
"837" 4.5423078933722 52.0486684445299 2 837 11
"838" 5.54820003625851 59.4538346140844 2 838 10
"839" 7.59851672395488 59.0976060943229 2 839 15
"840" 6.31832952977378 53.4116526923697 2 840 7
"841" 6.29721393358539 57.4388087038833 2 841 7
"842" 6.51105721532751 57.9818584803604 2 842 8
"843" 9.76312373880468 56.0818695819961 2 843 6
"844" 8.01159813115984 57.0444480122538 2 844 10
"845" 9.03234975994001 56.5003822986783 2 845 5
"846" 4.93485331111181 58.0386171699698 2 846 20
"847" 15.3117876981799 55.0912379661309 2 847 14
"848" 10.6005546425594 56.6495516676533 2 848 6
"849" 11.0731601769562 55.3329120172225 2 849 5
"850" 9.17557790556477 57.7807021892696 2 850 11
"851" 11.2444502959881 56.7780675006427 2 851 6
"852" 11.6408632991739 53.9206927404545 2 852 5
"853" 7.44406437680484 57.8570355802201 2 853 6
"854" 10.7854438272316 53.1259754211576 2 854 4
"855" 3.4682074277513 55.2774564561885 2 855 3
"856" 11.6597384238763 53.8482337096606 2 856 4
"857" 7.49676800645651 57.5330323436441 2 857 5
"858" 11.2199351140124 59.5013465255707 2 858 6
"859" 5.9166900138066 57.0463645623521 0 859 0
"860" 6.94736564096779 54.3761279396357 2 860 7
"861" 9.8146797604605 51.5837688703539 2 861 11
"862" 11.8421686135159 59.0581857525297 2 862 7
"863" 10.9152866213128 55.3847815227147 2 863 5
"864" 11.6170345410307 50.5947116915842 2 864 20
"865" 8.52906228563225 60.4159747914797 2 865 10
"866" 13.6181996417123 53.0177034515814 0 866 0
"867" 11.9435019906716 56.9328062796967 2 867 7
"868" 8.82586381336758 52.3161980718242 2 868 7
"869" 6.77070958531839 57.6099331680626 2 869 8
"870" 11.8185014755006 59.1115952952549 2 870 8
"871" 7.31108675206162 57.5639795207764 2 871 5
"872" 3.88219804764828 55.3749253165462 0 872 0
"873" 11.5704832229233 58.3143241144393 2 873 8
"874" 8.405199728809 54.7384215657803 2 874 20
"875" 12.7546421804552 56.5646855486261 2 875 17
"876" 10.4294098932454 54.2363288125708 2 876 2
"877" 7.06088233747756 57.0488620130406 2 877 5
"878" 14.1712072258662 56.3727379629218 2 878 15
"879" 10.1711983244375 55.0921833724697 2 879 4
"880" 10.8039929286513 58.4776781342942 2 880 7
"881" 11.458752590374 58.6016351783747 2 881 7
"882" 8.51192873651871 59.0149901274507 0 882 0
"883" 12.0992421248376 57.7879554516272 2 883 15
"884" 18.8961724815706 56.785871057095 0 884 0
"885" 12.514134955719 55.8543902536207 2 885 7
"886" 8.33362078806505 58.863689569693 2 886 8
"887" 15.4927621321666 51.3943982737682 2 887 14
"888" 13.8456011111636 56.4476402040632 2 888 10
"889" 8.55241337174405 57.4088676579401 2 889 8
"890" 13.926975348931 56.5889779852425 2 890 13
"891" 11.6475605244105 59.3010818159836 2 891 6
"892" 11.0102306820243 55.0352475735482 2 892 8
"893" 10.7037116415792 57.5014201709027 2 893 11
"894" 9.83444461537537 54.9307722806181 2 894 3
"895" 8.98719629112577 56.4745201822727 2 895 5
"896" 13.6707145310084 54.7410442983288 2 896 7
"897" 8.68986018475686 55.1093292525343 2 897 4
"898" 8.191271494173 54.043614599591 2 898 20
"899" 12.1074078583362 57.8972692846461 2 899 16
"900" 10.4658222294095 58.5699102751915 0 900 0
"901" 10.0745749441166 58.7405303433162 0 901 0
"902" 10.2044874853149 60.0970660921593 2 902 4
"903" 6.99225021004101 55.0924003356468 2 903 6
"904" 9.14568120673749 56.19935152155 2 904 6
"905" 10.1472305486918 54.405617685983 2 905 4
"906" 6.67597568540141 55.6910560958874 2 906 10
"907" 11.8456283148695 56.8452936630745 2 907 7
"908" 11.8112293870616 55.2096918768771 2 908 10
"909" 9.35027665340182 55.8829405745412 2 909 4
"910" 11.9295167034317 53.4770698952214 2 910 4
"911" 6.36846877111822 59.7436008620343 2 911 11
"912" 9.00725994952438 54.5193862599543 2 912 10
"913" 5.95849880697106 56.5989742701738 2 913 6
"914" 9.77969463946503 53.7417280802186 2 914 19
"915" 7.833969754075 55.5655177685535 2 915 13
"916" 15.7797838012954 60.6091326992752 0 916 0
"917" 11.7511388651856 56.3372681317354 2 917 8
"918" 16.7710233745109 59.7794941357005 0 918 0
"919" 12.6693453814802 56.6101381261802 2 919 18
"920" 7.24675845720119 55.3569476272386 2 920 8
"921" 9.59896562108521 56.5032900535543 2 921 6
"922" 9.33391386258457 55.3330950016157 2 922 6
"923" 7.92373983335642 51.502771831375 2 923 6
"924" 12.1674508009005 54.2555078867437 2 924 4
"925" 7.07413113741353 56.8177347884326 2 925 6
"926" 11.0916066910682 59.3463015001389 2 926 7
"927" 7.25198275556336 56.9112029910827 2 927 7
"928" 16.330477072974 58.930459707864 2 928 5
"929" 9.11503175310492 56.9465045340131 2 929 8
"930" 10.2995017580594 56.9425484005501 2 930 6
"931" 9.12536019532006 56.9928516585078 2 931 7
"932" 8.79068855851222 54.8451933870411 2 932 3
"933" 9.7135410020512 57.3110851358172 2 933 5
"934" 13.0690990790731 59.3329171854238 2 934 8
"935" 14.0549204027646 57.1778104067629 2 935 15
"936" 12.491804134821 54.8772742858523 2 936 6
"937" 9.86626151789704 54.9700819882378 2 937 4
"938" 8.33466993094823 57.1884832086127 2 938 9
"939" 8.967187813622 60.1556068513187 2 939 8
"940" 5.20616874665611 54.4850896493519 2 940 6
"941" 8.83442186912779 57.853123252656 2 941 6
"942" 7.42371043404817 56.5638359503211 2 942 11
"943" 5.32166772860902 54.378837413462 2 943 7
"944" 6.52460356352311 56.8807703732903 2 944 5
"945" 8.8761703050242 55.3935377127948 2 945 6
"946" 13.113730429358 58.0754482366295 2 946 8
"947" 10.7510306167559 56.4284537216152 2 947 9
"948" 10.341876661395 58.0918224113215 2 948 12
"949" 11.6152665276299 57.1377605642787 2 949 7
"950" 10.6753881487021 56.3335377732274 2 950 8
"951" 12.2068758344297 54.2746250321943 2 951 5
"952" 8.09628468689865 55.4797068662528 2 952 6
"953" 9.17146724457399 55.3901551135361 2 953 7
"954" 12.8090974962025 59.2640350165472 2 954 7
"955" 11.1962635836079 58.6797857008805 2 955 9
"956" 6.26410168762555 58.2934874638454 2 956 7
"957" 7.95932135954999 54.7619444947873 2 957 7
"958" 7.91915006086937 58.5808682361167 2 958 5
"959" 12.1413280266206 51.0019526631929 0 959 0
"960" 5.77535639189049 55.5797605674964 2 960 43
"961" 11.9261255653845 56.4411864478277 2 961 7
"962" 9.16118299836277 57.3588085142501 2 962 6
"963" 10.5072146316365 55.2077253703047 2 963 5
"964" 11.769553236502 54.4456118739326 2 964 5
"965" 11.206462685158 55.8986792655688 2 965 6
"966" 6.97947957739326 54.3008546186809 2 966 6
"967" 9.33378137222853 55.8818541809219 2 967 4
"968" 11.2332541172512 57.8885290854673 2 968 7
"969" 8.00763069537265 56.5426583325681 2 969 12
"970" 13.1336172955249 56.0979198490585 2 970 6
"971" 11.0773639383267 54.6736037794505 2 971 4
"972" 12.2347516021641 54.0763477811951 2 972 12
"973" 10.2141324576842 54.6027354471976 2 973 5
"974" 10.633613199668 59.864992950024 0 974 0
"975" 11.1636605702913 58.1437332537955 2 975 6
"976" 11.1128843431439 55.4726466185276 2 976 4
"977" 7.91112675025556 54.7689529229749 2 977 6
"978" 9.45623495565969 57.2937927089464 2 978 12
"979" 8.87083258016031 55.5806489874251 2 979 5
"980" 15.4564758817241 54.9548665965365 2 980 16
"981" 7.87973768153376 59.338010945672 2 981 11
"982" 9.76318980274893 56.6165485925524 2 982 4
"983" 10.0085974358916 59.5547782382998 2 983 13
"984" 9.13957893596516 56.3629752680792 2 984 5
"985" 7.68932790369425 51.4003207302769 2 985 6
"986" 12.2279012714586 56.0667957387634 2 986 6
"987" 10.9455201924097 56.6505889045776 2 987 7
"988" 11.4306644107366 56.3292685693446 2 988 10
"989" 10.7758491174929 52.61222333871 2 989 3
"990" 9.08131006319181 59.8437767669182 2 990 9
"991" 9.18431495443682 56.3744645206718 2 991 5
"992" 8.01015496825441 56.0527239362983 2 992 5
"993" 9.76468030494167 56.5152559078634 2 993 3
"994" 9.79143143390288 56.5205022038285 2 994 4
"995" 9.03159496629745 60.5986342810252 2 995 11
"996" 10.7922277693003 58.8345950378646 2 996 8
"997" 9.38460821564254 55.5160484779036 2 997 6
"998" 13.1769541138555 56.3090279752689 2 998 9
"999" 7.15184359088434 54.1920302713386 2 999 8
"1000" 11.2729784597497 58.7496877194285 2 1000 8
"1001" 7.87197118713166 53.9437141926635 2 1001 19
"1002" 11.4803661843295 56.4166713671972 2 1002 11
"1003" 5.80945857526676 54.9269430954972 2 1003 17
"1004" 6.87220284008304 56.4821899871364 0 1004 0
"1005" 9.35208678994928 54.5182846168342 2 1005 21
"1006" 9.04355074050963 52.2813088812804 2 1006 16
"1007" 8.49877873890303 57.8671919939872 2 1007 5
"1008" 11.9956248960926 56.6185047649122 2 1008 7
"1009" 11.4801808378849 54.6834300431493 2 1009 3
"1010" 9.58886883878279 55.7329326505074 2 1010 5
"1011" 10.0360266918409 60.0462417567149 2 1011 3
"1012" 9.75661153760643 55.7069515273095 2 1012 6
"1013" 10.6176591926233 55.6171834118646 2 1013 5
"1014" 7.93729763649249 55.6860066705513 2 1014 12
"1015" 5.56899326393506 56.7036596747262 2 1015 5
"1016" 11.6277794957652 59.473023051098 2 1016 7
"1017" 9.3727840080124 60.6885351265427 0 1017 0
"1018" 8.06593473991626 55.3003678541458 2 1018 4
"1019" 10.2931139027743 54.4525383491959 2 1019 4
"1020" 9.00861968571032 58.7851823216077 2 1020 4
"1021" 7.07846974587755 57.334507386268 2 1021 6
"1022" 6.23628161488847 55.9091812243248 2 1022 6
"1023" 9.26273917172682 55.8457551456325 2 1023 4
"1024" 9.09087719153496 55.2077810598724 2 1024 8
"1025" 13.2870609670265 58.6274110533284 0 1025 0
"1026" 7.56546698872455 53.9607515994687 2 1026 18
"1027" 16.9540372994442 57.361323459618 0 1027 0
"1028" 8.46104687902907 56.9260525164545 2 1028 9
"1029" 9.83583383761584 52.1571223184795 2 1029 6
"1030" 11.9590631189401 57.0411976465927 2 1030 6
"1031" 8.27188877260907 55.2820527844971 2 1031 11
"1032" 11.0083895922732 57.0738119698639 0 1032 0
"1033" 8.65197158420921 58.3581218716115 2 1033 5
"1034" 7.90307464601208 57.785663363834 2 1034 6
"1035" 10.5471989714414 52.5062651868119 2 1035 5
"1036" 9.11768913229711 58.5198488328907 2 1036 16
"1037" 10.7682085712052 53.5293494677932 2 1037 5
"1038" 3.67717826816623 53.6308781114471 0 1038 0
"1039" 8.76563482178903 57.4057162601956 2 1039 4
"1040" 12.5579099587534 53.517854666223 0 1040 0
"1041" 11.7580694522979 60.3520807569179 0 1041 0
"1042" 15.3772077681919 54.8971014250582 2 1042 15
"1043" 9.03391492249946 53.4120090422632 2 1043 11
"1044" 7.05087502609924 58.6077425434144 0 1044 0
"1045" 11.5817580409497 58.1615846196007 2 1045 8
"1046" 13.6320914640105 58.7681214322659 2 1046 8
"1047" 8.8382165520606 55.6190661508873 2 1047 4
"1048" 10.1678671295647 55.351111254708 2 1048 6
"1049" 5.42922855179396 56.8086883290815 2 1049 6
"1050" 7.28217914183125 50.3934532778783 0 1050 0
"1051" 39.3889739979726 95.0091432143527 0 1051 0
"1052" 51.8151491235254 120.071396230764 0 1052 0
"1053" 38.4586571425088 111.364089271306 0 1053 0
"1054" 21.3777307752842 118.381876618042 0 1054 0
"1055" 28.2391831457302 39.5421360873702 2 1055 44
"1056" 97.3818164520234 79.1496533824939 0 1056 0
"1057" 83.6800137356982 136.724948071233 2 1057 6
"1058" 43.3062357632485 97.4500557207609 2 1058 40
"1059" 35.9889486162388 47.5714320002158 0 1059 0
"1060" 55.7191985713262 124.598103747542 0 1060 0
"1061" 47.1605645464063 37.1141636248434 0 1061 0
"1062" 97.2402168134465 80.1892981676715 0 1062 0
"1063" 47.5454849461659 132.874075843492 2 1063 6
"1064" 91.8337579691527 66.6795923138653 0 1064 0
"1065" 103.576207711058 66.3476418305348 0 1065 0
"1066" 24.4408348365853 125.869297732375 0 1066 0
"1067" 53.8038894792456 79.3462314843832 0 1067 0
"1068" 47.70921908231 78.5341268764837 0 1068 0
"1069" 50.6059988849059 86.1068993253537 0 1069 0
"1070" 111.080363738981 86.3383920331813 2 1070 47
"1071" 29.5360372721986 50.100230156137 0 1071 0
"1072" 90.4166701683589 65.4763301187964 0 1072 0
"1073" 89.2163259150373 115.051899014478 2 1073 13
"1074" 103.10692430316 108.367991424153 0 1074 0
"1075" 96.921457953015 82.9327688110546 2 1075 13
"1076" 77.2646530354971 45.3076794090166 0 1076 0
"1077" 44.7642991085648 31.1730438035771 2 1077 8
"1078" 63.1663824542549 98.5738688009125 0 1078 0
"1079" 90.3168500040214 83.3697709458591 0 1079 0
"1080" 101.596187448487 33.7523706738942 0 1080 0
"1081" 6.94942401940045 46.150110211386 2 1081 7
"1082" 96.4618186090829 62.4340145440029 0 1082 0
"1083" 79.1012552408481 74.0888560610321 0 1083 0
"1084" 15.3770509217367 73.0124116947268 2 1084 4
"1085" 59.7946009317591 76.1561067244995 0 1085 0
"1086" 84.8522571447568 47.563917904055 0 1086 0
"1087" 100.790779970817 85.9417270367214 0 1087 0
"1088" 107.866109819781 131.898437083473 2 1088 37
"1089" 33.2184406929968 43.7447629156344 0 1089 0
"1090" 50.465755172787 132.66386173257 0 1090 0
"1091" 64.1548753221817 56.5553178888764 0 1091 0
"1092" 81.4234853892378 101.601672325915 0 1092 0
"1093" 24.5159666867948 30.4580375415764 0 1093 0
"1094" 63.804994007078 100.718311436047 0 1094 0
"1095" 67.5771582572533 51.2727708404343 0 1095 0
"1096" 101.090835159754 91.4496346847737 0 1096 0
"1097" 48.1453049280131 48.5661733971752 0 1097 0
"1098" 5.20097000210014 117.634419760202 0 1098 0
"1099" 90.2181458918519 62.5404082874899 0 1099 0
"1100" 24.605592999452 51.2823521630731 0 1100 0
"1101" 71.2580437389907 97.7046912052144 0 1101 0
"1102" 24.1772721158144 65.8768233536651 0 1102 0
"1103" 100.860477044074 78.4998882750822 0 1103 0
"1104" 36.6572559044738 57.1689000438263 0 1104 0
"1105" 60.9745118978085 88.4798396147962 0 1105 0
"1106" 20.6511717439599 51.0321987093732 2 1106 46
"1107" 112.946308677308 119.581261647162 0 1107 0
"1108" 17.8911429226914 93.3935747689426 0 1108 0
"1109" 32.8357679127358 94.4095775850419 0 1109 0
"1110" 23.4004968442419 124.566379601697 0 1110 0
"1111" 68.1395670238169 68.3589692780754 0 1111 0
"1112" 54.6990522247438 129.502255833444 2 1112 12
"1113" 75.5783143746336 40.6615361261163 0 1113 0
"1114" 12.6121032221645 69.266565971627 0 1114 0
"1115" 64.670465461206 120.38894266413 0 1115 0
"1116" 13.5983216504121 33.6854029388018 0 1116 0
"1117" 40.1202013780063 59.2619004565445 0 1117 0
"1118" 75.6985758567044 105.487164253533 0 1118 0
"1119" 33.8843286813909 93.4350690916561 0 1119 0
"1120" 67.1518003798511 120.529026180666 0 1120 0
"1121" 75.5979791026016 83.1127838024959 0 1121 0
"1122" 87.3624267202817 136.638680673515 2 1122 8
"1123" 39.3505618078077 104.358606163429 0 1123 0
"1124" 38.5733871442429 103.338805922645 0 1124 0
"1125" 15.7791216055523 30.0129990711121 0 1125 0
"1126" 38.5329190001146 118.235403655684 0 1126 0
"1127" 66.5108911795763 118.76198022436 0 1127 0
"1128" 26.5771340567162 134.018826748081 0 1128 0
"1129" 62.8023652666768 37.3463107068841 0 1129 0
"1130" 68.2906402155017 47.8997422392138 0 1130 0
"1131" 39.5768289883182 128.299828265286 0 1131 0
"1132" 86.223460528315 48.4763595118255 0 1132 0
"1133" 90.4918778011718 131.294285370168 2 1133 11
"1134" 92.8717767435502 107.927458866344 0 1134 0
"1135" 91.8747308628433 75.1964345080721 0 1135 0
"1136" 65.690120546282 106.298958396716 0 1136 0
"1137" 16.3853613302885 39.7898199399744 2 1137 23
"1138" 37.4521093811776 30.0156170739372 0 1138 0
"1139" 47.3112400353545 96.3524293223984 0 1139 0
"1140" 37.0147106200621 134.253724296543 0 1140 0
"1141" 44.7462341575925 88.8388229935962 0 1141 0
"1142" 85.845770480218 37.3241556897409 0 1142 0
"1143" 75.7487168860972 105.877917846972 0 1143 0
"1144" 70.6478374082947 135.033714451424 0 1144 0
"1145" 112.056689029027 95.818903398749 0 1145 0
"1146" 79.3853137773355 98.112134882897 0 1146 0
"1147" 47.2768012081717 74.7626673336407 0 1147 0
"1148" 8.45240500799903 85.0003822820914 0 1148 0
"1149" 61.032905434411 44.4612205344059 0 1149 0
"1150" 33.372664138399 118.908155168925 0 1150 0
"1151" 78.8025813951687 39.2833714879704 0 1151 0
"1152" 36.7905263696269 108.340532474554 0 1152 0
"1153" 103.070876499036 43.4036697625099 0 1153 0
"1154" 27.3442350136541 93.6244098643332 0 1154 0
"1155" 62.1330368624366 78.0678776347252 0 1155 0
"1156" 74.2119068655856 88.1204126499198 0 1156 0
"1157" 69.2597399877552 97.2292211715104 0 1157 0
"1158" 47.7046566109416 84.0570737470576 0 1158 0
"1159" 77.4112997019035 99.2945470397539 0 1159 0
"1160" 60.2302379812418 84.9226232670614 0 1160 0
"1161" 99.3523777670493 108.798978684565 0 1161 0
"1162" 37.9277969388362 42.6799347162069 2 1162 20
"1163" 84.7635668356129 99.0910253003806 0 1163 0
"1164" 37.9992398187348 39.7450706709748 0 1164 0
"1165" 88.7883711320632 50.9937240810396 0 1165 0
"1166" 77.931955086729 122.491152104934 0 1166 0
"1167" 64.9265247946382 119.308580350495 0 1167 0
"1168" 73.6089164629085 66.3284184432606 0 1168 0
"1169" 43.402230101586 95.0380875979697 2 1169 15
"1170" 32.4662684151521 65.8142520893794 0 1170 0
"1171" 81.5514513580249 79.7924567892038 0 1171 0
"1172" 68.6867750891644 43.9685626913269 0 1172 0
"1173" 13.356788667375 130.644577589438 0 1173 0
"1174" 48.7166635004943 103.956162531129 0 1174 0
"1175" 5.59494260265306 124.279518198486 0 1175 0
"1176" 78.5168805124454 65.3080813656716 0 1176 0
"1177" 81.261478503913 67.3134708466368 0 1177 0
"1178" 61.3720679811595 73.6899457104814 0 1178 0
"1179" 108.402741118195 94.6834116135206 0 1179 0
"1180" 64.4349875757531 112.657575897798 0 1180 0
"1181" 53.652573814416 39.1139613509051 0 1181 0
"1182" 19.5155799309409 69.3204735449704 0 1182 0
"1183" 62.4251488598512 119.276992564234 0 1183 0
"1184" 99.6013262701473 106.465583964815 0 1184 0
"1185" 75.7414497346519 98.0665367944587 0 1185 0
"1186" 48.8189120866527 85.8981126893013 0 1186 0
"1187" 16.5603333040396 85.7687629489308 0 1187 0
"1188" 38.041812957215 59.2954205517205 0 1188 0
"1189" 61.1142652840088 54.9182600331253 0 1189 0
"1190" 86.0538694572585 126.453224409979 2 1190 8
"1191" 40.2648849735168 77.4396930885975 0 1191 0
"1192" 22.0469728975479 70.8356520151904 0 1192 0
"1193" 23.8789060265102 61.4085465765472 2 1193 6
"1194" 98.1020283784479 33.874126753931 2 1194 22
"1195" 12.5608797697837 102.532142745224 0 1195 0
"1196" 100.622701563146 105.253156179398 0 1196 0
"1197" 7.21507419225386 95.4670165117204 0 1197 0
"1198" 64.0497678918849 96.3793956318891 0 1198 0
"1199" 41.502879172916 87.5180264517 0 1199 0
"1200" 55.6142154962275 79.8338926720954 0 1200 0
"1201" 66.2507897694434 66.859500443918 0 1201 0
"1202" 5.73322420545225 120.354081893664 0 1202 0
"1203" 97.4417536563482 135.456375808123 0 1203 0
"1204" 6.55846271180342 130.198115261808 0 1204 0
"1205" 21.2116817872701 71.440551960605 0 1205 0
"1206" 100.175208304566 40.1213349833854 2 1206 26
"1207" 21.0146102445591 45.3339160555885 2 1207 48
"1208" 96.7264887018469 128.950758273147 2 1208 39
"1209" 101.255686231676 34.907186130143 0 1209 0
"1210" 100.656262549184 70.8945146276638 0 1210 0
"1211" 12.5032086628143 58.5448414894761 2 1211 11
"1212" 64.6047556288156 68.6764672139791 0 1212 0
"1213" 27.5277714351461 110.25746159716 0 1213 0
"1214" 59.4992604031231 136.248960503574 0 1214 0
"1215" 98.4609882467317 103.67339925205 0 1215 0
"1216" 109.659764417676 108.460427334809 0 1216 0
"1217" 40.5255123918436 54.5798870133718 0 1217 0
"1218" 87.6321112772259 85.9083582779153 0 1218 0
"1219" 13.0635252473798 41.8988791603662 0 1219 0
"1220" 26.5239895569202 114.482083529964 0 1220 0
"1221" 19.5465039370672 130.775695830133 0 1221 0
"1222" 81.778460277659 60.8747626575283 0 1222 0
"1223" 28.0357513479145 43.4620689041882 0 1223 0
"1224" 110.8983955184 134.950591748587 0 1224 0
"1225" 26.9282049195991 94.3163247818109 0 1225 0
"1226" 87.1661926585019 119.718979742337 0 1226 0
"1227" 7.80033832670495 104.994683096045 2 1227 16
"1228" 16.8075988408025 51.7584555984308 2 1228 18
"1229" 81.0716012667496 65.7278499005913 2 1229 21
"1230" 109.081010986029 125.502462647274 0 1230 0
"1231" 95.2231631570905 116.926919321712 0 1231 0
"1232" 8.07352689347002 113.764998960688 2 1232 15
"1233" 11.3558455452815 82.2893391622016 2 1233 17
"1234" 63.4267061444314 36.1916907837017 0 1234 0
"1235" 37.4849165174289 105.698224755225 0 1235 0
"1236" 48.965765465963 109.66693205454 0 1236 0
"1237" 49.2730314111974 34.7548172222243 0 1237 0
"1238" 90.8360747713046 30.8082575528548 0 1238 0
"1239" 109.941768377593 90.2634959393799 0 1239 0
"1240" 30.1844511592395 113.277436311117 0 1240 0
"1241" 84.5489551806389 118.813871800939 0 1241 0
"1242" 23.1603047662826 61.8485603860677 0 1242 0
"1243" 92.9034717259157 47.6327084556172 2 1243 31
"1244" 70.2709904806437 98.9542225094294 0 1244 0
"1245" 12.5719666399205 134.228460989238 0 1245 0
"1246" 60.7769812154354 108.669354833601 2 1246 34
"1247" 53.9693411464924 96.1154128876678 0 1247 0
"1248" 36.9129131431048 47.9942327523344 0 1248 0
"1249" 59.6523768923489 137.21843563329 0 1249 0
"1250" 94.4769340701461 124.096465980718 0 1250 0
"1251" 7.12487054402215 91.232154201819 0 1251 0
"1252" 26.5655525205734 103.044284602004 0 1252 0
"1253" 77.4747448143314 125.327967284359 2 1253 4
"1254" 89.9062691365514 117.903069392224 0 1254 0
"1255" 27.6300522730914 68.9731968515255 0 1255 0
"1256" 28.3469398485213 69.9263969462264 0 1256 0
"1257" 62.4902599680928 70.1943962012177 0 1257 0
"1258" 78.9347699830934 107.362972638209 0 1258 0
"1259" 50.4270936225124 122.298894375589 0 1259 0
"1260" 56.640870414553 73.1982145307076 0 1260 0
"1261" 26.3834988756379 71.6325538449629 0 1261 0
"1262" 79.1522388189388 101.139189239742 0 1262 0
"1263" 59.2534137630678 85.5828007316176 0 1263 0
"1264" 51.3050248697448 123.967150089907 0 1264 0
"1265" 23.3324479906328 135.316560381108 0 1265 0
"1266" 44.3352289491249 117.288379005743 0 1266 0
"1267" 36.061115563049 133.447596311517 0 1267 0
"1268" 68.6472404796375 98.5983869119435 0 1268 0
"1269" 90.0307243644839 58.9029695976883 0 1269 0
"1270" 21.9229485857154 105.546409937773 0 1270 0
"1271" 82.2761154344352 97.0378911174164 0 1271 0
"1272" 100.283068389798 130.715604842962 0 1272 0
"1273" 34.2057486131172 91.2509203923569 0 1273 0
"1274" 110.020572409512 119.729152192628 0 1274 0
"1275" 60.7693330718892 137.36607951717 0 1275 0
"1276" 99.8128573466987 113.262950571895 0 1276 0
"1277" 64.3023446040704 131.280644326709 0 1277 0
"1278" 10.385724475103 116.701713144904 0 1278 0
"1279" 49.6820700663037 100.046383595412 0 1279 0
"1280" 14.108417420745 104.789045531537 0 1280 0
"1281" 69.437022863117 89.6263778165871 0 1281 0
"1282" 34.9097656724437 74.4858165454224 0 1282 0
"1283" 40.0769280301008 81.6016498233242 0 1283 0
"1284" 62.0286171410739 31.6836861856026 0 1284 0
"1285" 79.6768613035065 117.218015967598 0 1285 0
"1286" 92.4944785247783 56.3303633321844 0 1286 0
"1287" 92.2441139317359 121.012526781943 2 1287 5
"1288" 25.4408955966676 130.846591960887 0 1288 0
"1289" 76.036124462699 97.6021549706444 0 1289 0
"1290" 7.51319869202402 98.6297525509854 0 1290 0
"1291" 22.6409634923427 120.125604680645 0 1291 0
"1292" 6.74522215494477 137.020922570146 0 1292 0
"1293" 19.8456800374084 34.9964176664626 0 1293 0
"1294" 72.6305779960474 95.6357293934045 2 1294 28
"1295" 13.3987750884152 73.0267102747269 0 1295 0
"1296" 49.3234779359618 108.210698518516 0 1296 0
"1297" 77.0370637916055 29.861185012619 0 1297 0
"1298" 18.9926336037089 45.8373354780204 0 1298 0
"1299" 98.565663643421 113.625651532922 0 1299 0
"1300" 96.1752444851875 134.590801799051 0 1300 0
"1301" 70.2819878982012 57.3868394944209 0 1301 0
"1302" 114.297026848477 73.5916163588284 0 1302 0
"1303" 19.9643713174501 128.730930330854 0 1303 0
"1304" 22.8460983716288 93.7616882947177 0 1304 0
"1305" 81.3233572866054 89.9410311245902 0 1305 0
"1306" 15.1052581738494 56.7010993639396 0 1306 0
"1307" 85.3971266826679 131.21479782664 2 1307 2
"1308" 24.1576173674486 138.048288263298 0 1308 0
"1309" 52.4427841535829 83.3725871381061 0 1309 0
"1310" 82.6784982147133 82.8642018740317 0 1310 0
"1311" 17.0725893723527 39.3673912041245 0 1311 0
"1312" 99.1271256472126 123.349008819295 0 1312 0
"1313" 89.2120875728287 115.122909419118 2 1313 12
"1314" 85.0024828759083 126.844722010658 2 1314 5
"1315" 78.4637326341383 78.1771793791663 0 1315 0
"1316" 103.506177698524 56.7617189658627 0 1316 0
"1317" 15.2499893543897 124.044771632213 0 1317 0
"1318" 96.6376256208418 77.3516530162824 2 1318 46
"1319" 38.1454828570158 32.9771986419898 0 1319 0
"1320" 27.2838548345434 108.027919627084 2 1320 14
"1321" 98.7855796648184 101.787851757215 0 1321 0
"1322" 17.044577798749 65.4518196732484 0 1322 0
"1323" 110.32990039003 55.4120837127026 0 1323 0
"1324" 54.8052847772115 91.2171533826088 0 1324 0
"1325" 88.8154782002726 59.2500673033671 2 1325 21
"1326" 110.269745427668 108.933669875251 0 1326 0
"1327" 99.2263974272171 30.2314321990591 0 1327 0
"1328" 3.79692647683579 37.6762784358428 0 1328 0
"1329" 49.0005439894454 137.369246221855 2 1329 22
"1330" 107.379754639228 88.8502448923388 0 1330 0
"1331" 102.656451925445 129.866958801096 0 1331 0
"1332" 12.2810155768946 48.0036913766458 0 1332 0
"1333" 60.3709201721279 48.979874411265 0 1333 0
"1334" 65.3134346956461 99.4701018078556 0 1334 0
"1335" 62.5351135496065 80.7807919167555 0 1335 0
"1336" 14.9746762758739 30.6287768177591 0 1336 0
"1337" 99.6903380576191 52.4565581293074 0 1337 0
"1338" 29.9033141772547 91.0565098765877 0 1338 0
"1339" 103.589190393731 120.241573649802 0 1339 0
"1340" 86.4646555822737 64.7342097780412 2 1340 20
"1341" 8.69535233974799 126.996528580758 0 1341 0
"1342" 33.9434107845496 60.1610601348264 2 1342 42
"1343" 8.06457997228103 50.6824727043292 2 1343 6
"1344" 16.590718047813 125.536667449714 0 1344 0
"1345" 114.748765778036 31.0284582703749 2 1345 12
"1346" 25.3020828399422 43.5829042154992 2 1346 45
"1347" 65.7890509407314 91.6157920006372 0 1347 0
"1348" 34.012695549506 88.8912617541181 0 1348 0
"1349" 27.5825512902588 32.8596511651765 0 1349 0
"1350" 37.0101604932535 121.797595028462 0 1350 0
"1351" 33.7664983759271 70.2833798616176 0 1351 0
"1352" 94.4838677625432 65.1042868312337 2 1352 22
"1353" 42.6760344161391 127.417898569186 0 1353 0
"1354" 9.94230039927825 106.039482400004 0 1354 0
"1355" 4.66124588465805 65.6728799115252 0 1355 0
"1356" 94.6348733060399 71.0817952574777 0 1356 0
"1357" 78.9200993962617 110.86531310776 0 1357 0
"1358" 68.4758810178916 77.2452642566244 0 1358 0
"1359" 21.8291446400956 39.4217069960678 2 1359 15
"1360" 32.8727086833393 47.0428147180197 0 1360 0
"1361" 78.2698429212294 55.7814394009251 0 1361 0
"1362" 35.4200222079292 55.7056074326965 0 1362 0
"1363" 94.0459781297495 51.7036591579267 2 1363 42
"1364" 40.8368716112165 126.478907800939 2 1364 4
"1365" 20.2986092424259 38.6549016239591 2 1365 7
"1366" 91.0283565728025 44.6908539198491 2 1366 6
"1367" 20.2647439045126 32.9526737256288 0 1367 0
"1368" 38.5529631088935 64.1170424032664 0 1368 0
"1369" 22.1217973812104 84.0571764847704 0 1369 0
"1370" 34.8852229461567 116.310929319608 0 1370 0
"1371" 40.1680690072618 115.813476147614 0 1371 0
"1372" 31.6196364486665 80.7950541679312 0 1372 0
"1373" 32.6853003841418 44.4967202975216 0 1373 0
"1374" 15.3190053717803 120.849274051719 0 1374 0
"1375" 6.00836653921342 116.426860973295 0 1375 0
"1376" 78.1644782303045 42.0604107239921 0 1376 0
"1377" 43.1332761346787 98.9133342911542 0 1377 0
"1378" 16.6507227963718 103.888170075264 0 1378 0
"1379" 28.5109273470114 132.063763946699 0 1379 0
"1380" 94.5873139269418 119.206352885633 0 1380 0
"1381" 83.9082972896149 51.5048705634506 0 1381 0
"1382" 111.133794684543 48.8728825577051 0 1382 0
"1383" 80.8442107312895 44.4827987429178 0 1383 0
"1384" 26.0730790902666 111.571563718319 0 1384 0
"1385" 84.7913084142005 43.0699968729491 0 1385 0
"1386" 62.6460003909796 105.012362584181 0 1386 0
"1387" 10.0159272007463 96.0184441719193 2 1387 10
"1388" 62.9442154608365 70.7159221019646 2 1388 41
"1389" 27.5073889035065 61.4701927966396 0 1389 0
"1390" 86.6695166202388 80.1413597288085 0 1390 0
"1391" 19.8160256237865 131.580991060347 0 1391 0
"1392" 35.8751259266622 44.4899798332884 0 1392 0
"1393" 48.4758128207736 78.9330423373565 0 1393 0
"1394" 45.891958229435 69.3160313595498 0 1394 0
"1395" 67.3528039637543 55.5688268033401 0 1395 0
"1396" 94.8437360085148 36.9591408153518 0 1396 0
"1397" 102.226614272232 133.193375775098 0 1397 0
"1398" 35.0245677144304 137.320076094175 0 1398 0
"1399" 110.760268859319 105.351644861786 0 1399 0
"1400" 69.6071766122074 90.9092480019331 0 1400 0
"1401" 91.0861552055727 31.0728047852776 0 1401 0
"1402" 44.135490201822 118.301818970018 0 1402 0
"1403" 106.378604413261 137.172435575012 0 1403 0
"1404" 80.080153345083 95.1050440751744 0 1404 0
"1405" 40.3261899290886 56.1107474682582 0 1405 0
"1406" 95.13028437776 107.926328397322 2 1406 12
"1407" 32.8380631692411 133.146335740977 0 1407 0
"1408" 63.4631540162501 131.061835590089 2 1408 2
"1409" 39.8242085888144 30.8511926575142 0 1409 0
"1410" 21.6361243220539 56.1984673864842 0 1410 0
"1411" 48.7144264063574 43.3851916474056 0 1411 0
"1412" 96.7137249207067 65.1057346461971 0 1412 0
"1413" 92.9392603202707 62.5428207895908 0 1413 0
"1414" 39.9223642126968 30.703842161779 0 1414 0
"1415" 6.45648066418443 32.910320261638 0 1415 0
"1416" 89.1394553270707 121.514746088241 0 1416 0
"1417" 47.259933757474 32.7518903093372 0 1417 0
"1418" 34.3876325788285 121.372377625268 0 1418 0
"1419" 13.7593958587575 55.2257098108781 2 1419 6
"1420" 20.7064028642049 67.203311934211 2 1420 46
"1421" 94.9445915045929 99.2438037930249 0 1421 0
"1422" 17.8863817169031 64.3673133943743 2 1422 9
"1423" 54.1888126078025 91.3071512648523 0 1423 0
"1424" 88.3891289897401 34.7594154748574 0 1424 0
"1425" 58.1972748120354 128.587415030649 0 1425 0
"1426" 15.0288884631517 137.00220507946 0 1426 0
"1427" 33.0303827320981 95.0780536560948 0 1427 0
"1428" 106.911401829225 43.0374103223041 2 1428 10
"1429" 66.2630594303371 127.149679241463 0 1429 0
"1430" 50.4850622203808 41.9245234396529 0 1430 0
"1431" 80.1825400343808 101.103101460704 0 1431 0
"1432" 9.3478509766839 87.0143390156435 0 1432 0
"1433" 103.991344942588 89.9145050870562 0 1433 0
"1434" 45.5447385313856 92.5714304273342 0 1434 0
"1435" 80.6513483456486 120.428003992857 2 1435 5
"1436" 11.7337008545497 121.879896866839 0 1436 0
"1437" 59.0908838322435 36.9571422999371 0 1437 0
"1438" 67.6829746811044 72.3775650848023 0 1438 0
"1439" 94.1349453728515 84.2903866149994 0 1439 0
"1440" 58.4487018948501 112.249287094276 2 1440 27
"1441" 64.1537933150105 111.263038774337 2 1441 25
"1442" 65.1058086841748 106.373191289507 0 1442 0
"1443" 23.5478513087295 114.605578814518 0 1443 0
"1444" 102.114502798541 38.3746014442292 2 1444 12
"1445" 89.8292554036672 88.7632263531697 2 1445 9
"1446" 44.347580188068 81.8795804074199 0 1446 0
"1447" 13.4987584608286 31.3585143168306 0 1447 0
"1448" 30.9285137109524 50.2491876457789 0 1448 0
"1449" 81.5002110650656 43.4366989378836 0 1449 0
"1450" 40.1512422806176 58.624049837387 0 1450 0
"1451" 10.8822262601576 47.5036202524234 0 1451 0
"1452" 109.250091512077 122.436679613312 0 1452 0
"1453" 71.6731346849182 76.5629298775281 0 1453 0
"1454" 70.030354076494 47.3297811105208 2 1454 49
"1455" 58.533091099444 54.989048164053 0 1455 0
"1456" 27.3940103582003 64.8601395744986 0 1456 0
"1457" 59.8267536763937 112.749009097485 0 1457 0
"1458" 112.024989290757 67.0546995936988 0 1458 0
"1459" 65.4496665297561 72.9337715539151 0 1459 0
"1460" 91.7118641984138 59.2222957892659 0 1460 0
"1461" 14.9008686201064 113.39112412863 0 1461 0
"1462" 114.970652121134 96.9482093161835 0 1462 0
"1463" 89.5940861322116 72.3909425165971 0 1463 0
"1464" 47.7800755566312 113.704932639676 0 1464 0
"1465" 68.9148511765093 30.0768653466713 0 1465 0
"1466" 24.4734495016566 56.4010621083715 0 1466 0
"1467" 57.0820085637608 60.3019944440931 0 1467 0
"1468" 114.863489568507 112.370914884989 0 1468 0
"1469" 14.9206702817291 88.6151877095582 0 1469 0
"1470" 86.6906257656676 52.9059592210192 0 1470 0
"1471" 8.95127694855187 32.3577474339167 0 1471 0
"1472" 25.5517378676823 81.5377619680386 0 1472 0
"1473" 59.8910199489452 134.198171983746 0 1473 0
"1474" 19.9665472605356 81.3399877218993 0 1474 0
"1475" 75.5174225589956 89.5318756155021 0 1475 0
"1476" 77.4923703249603 136.881815985283 2 1476 39
"1477" 106.478646311883 92.4786581208723 0 1477 0
"1478" 38.8882424729184 32.1926374051986 0 1478 0
"1479" 57.9570610076506 69.1441618926304 0 1479 0
"1480" 3.55553424776996 84.4146555314805 0 1480 0
"1481" 54.6043813271804 51.7536734500984 0 1481 0
"1482" 82.1660569260248 107.233533214216 0 1482 0
"1483" 63.8402118149725 84.3172101643538 0 1483 0
"1484" 44.6987988218299 120.135745836538 2 1484 32
"1485" 63.6939677371496 101.892073133142 0 1485 0
"1486" 25.4403488236245 132.952996267761 0 1486 0
"1487" 61.900964204337 73.3380326393767 0 1487 0
"1488" 73.2798805874459 103.836337520375 0 1488 0
"1489" 45.9428562792171 90.5666030312011 0 1489 0
"1490" 20.8959606761355 88.2607387296639 0 1490 0
"1491" 50.4248868310215 80.0059358140699 0 1491 0
"1492" 62.5156942574777 83.6139689263356 0 1492 0
"1493" 95.7842477292122 37.2425300329905 2 1493 42
"1494" 77.8424673190166 124.926312336668 0 1494 0
"1495" 84.7529126487974 40.0508935954008 2 1495 7
"1496" 20.0559160007023 32.0872456643197 0 1496 0
"1497" 8.97824848648797 44.6510588804235 0 1497 0
"1498" 67.6163669963877 132.769118201705 2 1498 34
"1499" 111.871495681724 116.612613338521 0 1499 0
"1500" 72.5042826490355 51.3194639292232 0 1500 0
