"V1" "V2" "V3"
"1" 84.6405536511976 131.249114298413 1
"2" 85.3195752198512 131.373368522183 2
"3" 84.2565625003463 130.809415887361 2
"4" 84.0578946413749 129.360796502201 2
"5" 87.1451508819751 133.493846131216 2
"6" 84.8668094657498 131.971511081291 2
"7" 84.6095321640526 131.261524605495 2
"8" 85.2715226847605 129.133656168862 2
"9" 84.2307424689519 129.468661010066 2
"10" 82.779553248727 131.32384586142 2
"11" 87.7648707078792 132.815916789882 2
"12" 86.7822032890781 131.678421572775 2
"13" 87.9191501296719 131.13045240793 2
"14" 84.8635799442207 131.468816593668 2
"15" 84.4939218262461 128.599865079384 3
"16" 79.0687887514821 130.820828867738 3
"17" 85.8604691297862 131.564029979855 3
"18" 85.3680871165041 131.460395653544 3
"19" 82.0475321382776 135.67384233224 3
"20" 86.4819512738159 130.864520382756 3
"21" 87.4313608080972 131.2037176705 3
"22" 87.5452341244748 134.201450815807 3
"23" 80.6617847215056 132.263924286271 3
"24" 83.4042611955973 129.901867200432 3
"25" 84.8526901111104 129.879957868701 3
"26" 84.2223432484993 132.841275436656 3
"27" 84.538190868754 132.515329057756 3
"28" 82.7699956256154 134.122798417338 3
"29" 85.1260692709885 131.39719051704 3
"30" 85.520185548099 131.528822494811 3
"31" 83.9522635069477 129.649068766875 3
"32" 82.8307766615787 130.692537002292 3
"33" 87.027963834433 132.365185182643 3
"34" 84.7780156734454 131.98584995348 3
"35" 85.3611547384644 127.078171124033 3
"36" 85.3055933411275 131.544307563269 3
"37" 87.435872354803 131.927063396547 3
"38" 85.8195414402324 131.270234586957 3
"39" 80.8231480805261 131.798036141153 3
"40" 88.5827942244799 131.309902712301 3
"41" 84.2703591033639 131.089407472454 3
"42" 82.1946058173478 133.338099554499 3
"43" 81.4560049502242 131.755920724308 3
"44" 84.82007794642 129.843650955806 3
"45" 88.8651704569084 130.067655684134 3
"46" 85.1912346025793 129.709344396442 3
"47" 86.964407136691 131.090285798976 3
"48" 85.405454112886 128.079253890584 3
"49" 88.3682537044533 130.713549813384 3
"50" 85.3547930991639 132.084346368306 3
"51" 85.5104743520487 132.383163367769 3
"52" 10.4294098932454 54.2363288125708 3
"53" 85.3971266826679 131.21479782664 3
"54" 63.4631540162501 131.061835590089 3
"55" 85.9103088556051 129.702620708963 4
"56" 85.8990428529552 129.68893151062 4
"57" 86.9695730286576 131.768460614131 4
"58" 85.8387219792218 132.200400264797 4
"59" 84.4956411883509 132.546708654088 4
"60" 87.4879217569259 132.375804044665 4
"61" 84.5050732801358 132.325077811844 4
"62" 81.308024495171 131.79182811259 4
"63" 81.7658388823337 132.997328117366 4
"64" 85.1603404966038 129.928428284158 4
"65" 81.93082099389 129.302676329234 4
"66" 84.6629497199603 129.770382966095 4
"67" 84.9158337196705 128.211519122988 4
"68" 88.4986093098096 131.54802111957 4
"69" 86.6184358667409 133.33948693441 4
"70" 81.8111596768529 130.269960584212 4
"71" 86.9958047349589 133.102441054751 4
"72" 85.0396364234676 130.090842024037 4
"73" 87.51348477144 131.95570635908 4
"74" 81.593514400963 131.317939423731 4
"75" 87.6263668206026 131.941581525211 4
"76" 89.1751290877146 131.413264764062 4
"77" 88.5735656640616 131.317107359113 4
"78" 84.9736108705068 129.226671904223 4
"79" 78.8696786558374 130.443881421336 4
"80" 82.8458913497274 134.279269205752 4
"81" 79.4174113882482 133.59638211467 4
"82" 87.0052382194485 130.857588579802 4
"83" 86.7122282769897 132.024058196269 4
"84" 84.4477000368257 131.914526942629 4
"85" 80.2100608075398 132.05130430281 4
"86" 85.1950511344958 132.079989700446 4
"87" 80.1275251902856 132.193877182968 4
"88" 85.3451075657721 128.496278689874 4
"89" 84.6747371689008 131.590295721994 4
"90" 85.2461642875444 131.720672951065 4
"91" 86.8320955578494 131.831917266161 4
"92" 84.3299382805483 131.877639662948 4
"93" 85.0705564471246 129.469477877292 4
"94" 86.6079972752727 133.415738243447 4
"95" 81.8054782972656 129.20722937253 4
"96" 81.2456750887777 131.633171375773 4
"97" 78.6468485371351 129.90016320944 4
"98" 84.8955724162174 127.500914323811 4
"99" 89.395714323136 129.735237641329 4
"100" 83.6170816662133 129.766475332147 4
"101" 86.4126659123142 129.992688606746 4
"102" 83.5627165704779 131.661618683167 4
"103" 88.7856551632627 132.159164863225 4
"104" 84.681781443119 130.167121296537 4
"105" 9.88096785072464 53.9343775086865 4
"106" 11.338619107089 53.717353750223 4
"107" 9.23829889324292 55.9351403027838 4
"108" 9.83444461537537 54.9307722806181 4
"109" 9.76468030494167 56.5152559078634 4
"110" 10.0360266918409 60.0462417567149 4
"111" 89.8637292498506 131.354737606586 5
"112" 82.2092325200644 131.738979334246 5
"113" 79.4776067588552 132.593960304324 5
"114" 84.9519027100414 129.76641448975 5
"115" 79.7818718004065 131.870102168325 5
"116" 84.1162402254424 133.439167706277 5
"117" 83.0166038992375 129.479190766081 5
"118" 87.2400203264868 130.15971856471 5
"119" 85.0432016021498 127.878458067311 5
"120" 82.1144232208974 129.163611488968 5
"121" 87.1102748824606 133.109492989358 5
"122" 83.7254599179886 131.959586400639 5
"123" 84.2292813221838 127.908522582088 5
"124" 82.8891280026784 128.348133934071 5
"125" 84.9283466820011 132.940336265238 5
"126" 83.1976708263874 132.085464604551 5
"127" 84.4963055195061 129.597180874223 5
"128" 83.3651337098979 132.313078412443 5
"129" 84.8782897185485 133.154562838046 5
"130" 82.1417259615794 131.770377907241 5
"131" 88.564564764347 131.908712158875 5
"132" 85.8551954757426 130.368697948404 5
"133" 82.5318954976371 129.097672567689 5
"134" 83.4299795504595 132.798248942502 5
"135" 84.4040897907477 128.606838428824 5
"136" 85.8034789895298 133.297201257835 5
"137" 84.3698989881407 132.333535965359 5
"138" 81.5133440403774 129.788702109949 5
"139" 87.2643371401806 131.802172817554 5
"140" 89.2662226552568 130.553742409955 5
"141" 84.1846486717481 128.893706195343 5
"142" 85.2845563496451 133.263776940841 5
"143" 85.3784906549306 132.108858750615 5
"144" 85.654124692145 130.540148336328 5
"145" 83.254665347959 132.39308900156 5
"146" 84.7986774459444 132.828463221146 5
"147" 85.657321496541 131.1748993397 5
"148" 84.4857937456669 132.235320080951 5
"149" 86.708113234193 130.811990085564 5
"150" 85.6494803654113 130.669569073637 5
"151" 83.5763016688125 132.689542725425 5
"152" 89.271056276754 131.330575645219 5
"153" 87.0148116704749 133.832869527887 5
"154" 88.9580791969298 129.191550502285 5
"155" 86.0353271086171 130.07590401361 5
"156" 81.7500961240699 130.361421453622 5
"157" 82.611645395404 131.206921759367 5
"158" 82.3949404535257 132.01348543934 5
"159" 87.5173742921328 132.637484805648 5
"160" 83.179980449158 133.237371436506 5
"161" 84.7451451838927 130.420929437153 5
"162" 85.7504185421585 130.687388214004 5
"163" 82.4163443269764 132.52873578937 5
"164" 8.18699231647725 57.7158387628654 5
"165" 8.70468236971029 54.7826154034058 5
"166" 12.4721458532749 55.5912439479364 5
"167" 7.91220666008923 58.0769381697474 5
"168" 11.6835829547941 54.0259893334934 5
"169" 6.52405825476453 55.5376834593583 5
"170" 10.3903948776186 54.8830475519084 5
"171" 10.3566886891309 54.3232090668326 5
"172" 9.08861281190484 56.3986657123124 5
"173" 8.84802211429131 57.5371707437541 5
"174" 10.7854438272316 53.1259754211576 5
"175" 11.6597384238763 53.8482337096606 5
"176" 10.1711983244375 55.0921833724697 5
"177" 8.68986018475686 55.1093292525343 5
"178" 10.2044874853149 60.0970660921593 5
"179" 10.1472305486918 54.405617685983 5
"180" 9.35027665340182 55.8829405745412 5
"181" 11.9295167034317 53.4770698952214 5
"182" 12.1674508009005 54.2555078867437 5
"183" 8.79068855851222 54.8451933870411 5
"184" 9.33378137222853 55.8818541809219 5
"185" 9.76318980274893 56.6165485925524 5
"186" 10.7758491174929 52.61222333871 5
"187" 9.79143143390288 56.5205022038285 5
"188" 11.4801808378849 54.6834300431493 5
"189" 10.2931139027743 54.4525383491959 5
"190" 9.26273917172682 55.8457551456325 5
"191" 8.8382165520606 55.6190661508873 5
"192" 77.4747448143314 125.327967284359 5
"193" 40.8368716112165 126.478907800939 5
"194" 84.5596575400156 127.830742720094 6
"195" 88.9233253047286 131.232530959621 6
"196" 82.4533187527064 132.737641417064 6
"197" 85.4662054561097 133.233240840491 6
"198" 86.4276049411964 129.777921178532 6
"199" 85.9424707003602 133.186602856638 6
"200" 85.615652329652 129.408195274528 6
"201" 83.8587318475505 132.587810338715 6
"202" 86.421212675687 129.924877669556 6
"203" 82.5020757598081 133.833822827875 6
"204" 85.4229915926358 129.994039755222 6
"205" 86.8773275836978 130.189142902341 6
"206" 83.7169414381664 134.263813081808 6
"207" 85.3992086485501 128.327455675509 6
"208" 81.5309287283753 130.471067829118 6
"209" 88.2218491824319 132.573276039894 6
"210" 84.2043996543568 132.638558773534 6
"211" 81.0234961813626 130.986665596524 6
"212" 81.5385980389971 131.465016507722 6
"213" 86.0678152417009 129.928221995566 6
"214" 87.2944874160095 130.039386780756 6
"215" 81.8997509046758 131.627944546574 6
"216" 83.3073545001363 131.68503735423 6
"217" 79.2596164092113 133.809698814702 6
"218" 83.5996781971774 132.817845945643 6
"219" 85.4335302592155 130.382037554951 6
"220" 81.4981232527829 131.351653647588 6
"221" 83.5769902795401 132.572980590676 6
"222" 86.0028948903271 130.797502515223 6
"223" 82.2062316736133 134.065744451236 6
"224" 82.027597322656 131.817440618538 6
"225" 84.1788371788772 132.264707001697 6
"226" 81.6297178144411 129.45760172352 6
"227" 82.2659232500268 131.288221820842 6
"228" 83.2965806813043 133.210940686482 6
"229" 82.343928502513 129.272260612717 6
"230" 84.6015012525388 130.384480370587 6
"231" 84.2018976358811 134.304467106247 6
"232" 87.1112818455214 131.364134361599 6
"233" 85.5642881851015 130.286646017959 6
"234" 83.5082805304822 134.848733112113 6
"235" 81.8053219446737 131.994322724128 6
"236" 86.8100441273196 127.285294887192 6
"237" 84.6652331737669 130.761409884484 6
"238" 86.2077716499679 130.43698632442 6
"239" 82.4944290221183 128.896616986825 6
"240" 10.3661315865886 56.6154386035181 6
"241" 9.45963572050627 55.933172878382 6
"242" 11.2979240695435 54.3019115795347 6
"243" 9.4841210119595 56.4940928365862 6
"244" 13.0676275807807 55.3135594483781 6
"245" 13.1788006133422 53.9365938643191 6
"246" 11.4251723540402 54.9035730444743 6
"247" 6.24553402571481 55.9798125302831 6
"248" 12.3070600545405 56.4558431781028 6
"249" 8.797844320307 55.1931281878127 6
"250" 8.71321329025035 54.9900761765086 6
"251" 9.34654395701192 55.8016983504994 6
"252" 11.0731601769562 55.3329120172225 6
"253" 3.4682074277513 55.2774564561885 6
"254" 7.06088233747756 57.0488620130406 6
"255" 16.330477072974 58.930459707864 6
"256" 9.7135410020512 57.3110851358172 6
"257" 9.86626151789704 54.9700819882378 6
"258" 12.2068758344297 54.2746250321943 6
"259" 7.91915006086937 58.5808682361167 6
"260" 10.5072146316365 55.2077253703047 6
"261" 11.769553236502 54.4456118739326 6
"262" 11.0773639383267 54.6736037794505 6
"263" 11.1128843431439 55.4726466185276 6
"264" 8.87083258016031 55.5806489874251 6
"265" 8.01015496825441 56.0527239362983 6
"266" 10.6176591926233 55.6171834118646 6
"267" 5.56899326393506 56.7036596747262 6
"268" 8.06593473991626 55.3003678541458 6
"269" 9.00861968571032 58.7851823216077 6
"270" 8.65197158420921 58.3581218716115 6
"271" 10.5471989714414 52.5062651868119 6
"272" 8.76563482178903 57.4057162601956 6
"273" 15.3770509217367 73.0124116947268 6
"274" 92.2441139317359 121.012526781943 6
"275" 85.0024828759083 126.844722010658 6
"276" 86.0235747992637 131.015604314252 7
"277" 89.1181705197912 128.668333565736 7
"278" 83.8833457641933 131.599762160862 7
"279" 80.9147134314356 134.493373989709 7
"280" 84.2892645564827 134.021006271023 7
"281" 84.2640908383231 134.016810379302 7
"282" 82.4875084619683 128.778953950453 7
"283" 86.9835062167586 130.250037938036 7
"284" 82.9795488516908 129.651664497555 7
"285" 83.7071034350995 131.498549049693 7
"286" 84.8532899101391 133.834883184385 7
"287" 85.1252006484494 130.929169578124 7
"288" 82.3319410377757 129.106624014294 7
"289" 90.7927625420374 128.881867691965 7
"290" 81.5160338738913 134.504111701305 7
"291" 85.444349107316 135.081083443726 7
"292" 88.1102361755293 132.033062274754 7
"293" 80.1396175444291 129.523480932073 7
"294" 85.412566835302 130.096757170978 7
"295" 83.8500588848447 131.784681937266 7
"296" 84.4916505488129 130.436735280359 7
"297" 83.373825783761 133.173737657609 7
"298" 82.8297451455398 127.800302085388 7
"299" 80.8461835746389 131.048139033889 7
"300" 82.4117926802364 128.869418082938 7
"301" 81.9850028842563 130.493767173956 7
"302" 80.9210568997509 131.198631748964 7
"303" 84.5724135323366 129.671428852289 7
"304" 82.5624523224021 128.983697636206 7
"305" 82.9410379353203 130.026715159382 7
"306" 9.81293302497483 54.3989153879629 7
"307" 11.4855647007265 56.7162314903322 7
"308" 10.8497916013781 55.193618729287 7
"309" 11.3840864149195 56.8286173895909 7
"310" 8.03036357952593 58.4175396867845 7
"311" 11.2502781005523 57.9954777037643 7
"312" 7.65793367459903 51.6034641709353 7
"313" 8.24150717310709 55.1196818320859 7
"314" 10.2948371028847 59.1580301755289 7
"315" 12.0245825693603 56.2988209005566 7
"316" 8.86668452117128 55.3794410416461 7
"317" 8.60904342539104 55.4474817804757 7
"318" 10.0027529494725 52.5681841398359 7
"319" 9.63160548914454 56.0963762536325 7
"320" 7.67153794868253 57.9145831285821 7
"321" 7.28708742329721 56.896440575563 7
"322" 11.0296051209025 54.4922274780991 7
"323" 8.0832800715 55.1092330042406 7
"324" 12.3089638504546 55.9142085675025 7
"325" 11.4636469765603 53.0443436108918 7
"326" 10.3480654239713 53.280435482774 7
"327" 10.5697777898383 59.3384076894969 7
"328" 9.76312373880468 56.0818695819961 7
"329" 9.03234975994001 56.5003822986783 7
"330" 11.6408632991739 53.9206927404545 7
"331" 7.44406437680484 57.8570355802201 7
"332" 7.49676800645651 57.5330323436441 7
"333" 10.9152866213128 55.3847815227147 7
"334" 7.31108675206162 57.5639795207764 7
"335" 8.98719629112577 56.4745201822727 7
"336" 9.14568120673749 56.19935152155 7
"337" 5.95849880697106 56.5989742701738 7
"338" 9.59896562108521 56.5032900535543 7
"339" 7.07413113741353 56.8177347884326 7
"340" 10.2995017580594 56.9425484005501 7
"341" 12.491804134821 54.8772742858523 7
"342" 5.20616874665611 54.4850896493519 7
"343" 6.52460356352311 56.8807703732903 7
"344" 8.8761703050242 55.3935377127948 7
"345" 8.09628468689865 55.4797068662528 7
"346" 9.16118299836277 57.3588085142501 7
"347" 6.97947957739326 54.3008546186809 7
"348" 13.1336172955249 56.0979198490585 7
"349" 10.2141324576842 54.6027354471976 7
"350" 9.13957893596516 56.3629752680792 7
"351" 7.68932790369425 51.4003207302769 7
"352" 9.18431495443682 56.3744645206718 7
"353" 9.38460821564254 55.5160484779036 7
"354" 9.58886883878279 55.7329326505074 7
"355" 9.75661153760643 55.7069515273095 7
"356" 7.07846974587755 57.334507386268 7
"357" 6.23628161488847 55.9091812243248 7
"358" 10.7682085712052 53.5293494677932 7
"359" 10.1678671295647 55.351111254708 7
"360" 47.5454849461659 132.874075843492 7
"361" 23.8789060265102 61.4085465765472 7
"362" 8.06457997228103 50.6824727043292 7
"363" 91.0283565728025 44.6908539198491 7
"364" 13.7593958587575 55.2257098108781 7
"365" 80.6513483456486 120.428003992857 7
"366" 106.666249937422 37.5553265025438 8
"367" 90.8933429260107 129.160506391978 8
"368" 84.7644351351399 128.646795714187 8
"369" 82.4511496153591 130.702864000932 8
"370" 86.2209324377382 131.967051036435 8
"371" 81.4361255129692 128.650126080362 8
"372" 91.2466797072628 132.481463883403 8
"373" 81.8102629304225 129.722968489576 8
"374" 79.252958613998 129.886181891573 8
"375" 83.9307621749275 133.940275031691 8
"376" 82.8178607910144 128.588649269256 8
"377" 88.9090925177718 128.944168838347 8
"378" 82.109915285099 130.91115615596 8
"379" 88.5328402751732 133.956839470626 8
"380" 82.8371968779503 129.072343414843 8
"381" 81.6939654815489 129.977606540619 8
"382" 84.6612021797082 133.515569926878 8
"383" 86.1876761789901 128.622890911355 8
"384" 82.4677116012493 130.36116923834 8
"385" 88.0865006619996 132.838277776149 8
"386" 87.0951950011295 130.24484060275 8
"387" 83.0154656484997 129.11681972219 8
"388" 80.07301643936 130.10900273628 8
"389" 12.1441814876938 57.5865718617255 8
"390" 11.8991677446621 59.1231052998849 8
"391" 10.41978247217 55.6281443086192 8
"392" 10.2718308357159 56.8689689589131 8
"393" 8.08860215226884 58.3983670912871 8
"394" 13.381951409985 58.8128987998204 8
"395" 8.98422578947627 51.8648860299774 8
"396" 12.6675338758967 54.5063540100095 8
"397" 10.6659672385041 57.6495559717695 8
"398" 11.8171555188764 57.3520628826097 8
"399" 5.38965846057047 57.1732248353527 8
"400" 14.3000135911675 55.4935498096972 8
"401" 10.6831582161122 55.8881175219977 8
"402" 6.31832952977378 53.4116526923697 8
"403" 6.29721393358539 57.4388087038833 8
"404" 10.6005546425594 56.6495516676533 8
"405" 11.2199351140124 59.5013465255707 8
"406" 6.94736564096779 54.3761279396357 8
"407" 11.9435019906716 56.9328062796967 8
"408" 8.82586381336758 52.3161980718242 8
"409" 10.8039929286513 58.4776781342942 8
"410" 11.458752590374 58.6016351783747 8
"411" 12.514134955719 55.8543902536207 8
"412" 11.6475605244105 59.3010818159836 8
"413" 13.6707145310084 54.7410442983288 8
"414" 11.8456283148695 56.8452936630745 8
"415" 9.33391386258457 55.3330950016157 8
"416" 7.92373983335642 51.502771831375 8
"417" 11.0916066910682 59.3463015001389 8
"418" 9.12536019532006 56.9928516585078 8
"419" 8.83442186912779 57.853123252656 8
"420" 11.6152665276299 57.1377605642787 8
"421" 7.95932135954999 54.7619444947873 8
"422" 11.9261255653845 56.4411864478277 8
"423" 11.206462685158 55.8986792655688 8
"424" 11.2332541172512 57.8885290854673 8
"425" 11.1636605702913 58.1437332537955 8
"426" 12.2279012714586 56.0667957387634 8
"427" 8.49877873890303 57.8671919939872 8
"428" 11.9956248960926 56.6185047649122 8
"429" 9.83583383761584 52.1571223184795 8
"430" 11.9590631189401 57.0411976465927 8
"431" 7.90307464601208 57.785663363834 8
"432" 5.42922855179396 56.8086883290815 8
"433" 6.94942401940045 46.150110211386 8
"434" 20.2986092424259 38.6549016239591 8
"435" 106.281551860728 38.1045470623671 9
"436" 107.128838729555 39.5860132346461 9
"437" 105.244800017359 38.4127148363332 9
"438" 105.849719095 35.5458548600736 9
"439" 106.762444069568 37.6503408307703 9
"440" 106.48615848654 36.7723497818452 9
"441" 107.079703825362 37.6536881204457 9
"442" 78.8273815923907 129.511191507756 9
"443" 87.4906042844276 128.455978222297 9
"444" 87.1720555869395 128.525258947742 9
"445" 87.2377997329405 132.694847383138 9
"446" 82.7374952502189 130.938375924164 9
"447" 86.4668009607842 128.605118595179 9
"448" 87.6340097718389 129.325198975562 9
"449" 92.0074474876031 131.542732173601 9
"450" 83.0777874035576 130.572141010236 9
"451" 86.3568561089069 128.55620991091 9
"452" 82.9228150057128 130.528255358457 9
"453" 81.4537364382828 128.562765934909 9
"454" 88.3134016339565 129.532562941958 9
"455" 86.2452889335237 131.765253942932 9
"456" 86.0711259567798 133.854982725295 9
"457" 81.7222555637658 130.726242287222 9
"458" 90.8751786265771 132.722191710692 9
"459" 86.7206917693415 134.17238038292 9
"460" 86.841244453582 134.506190975079 9
"461" 88.8013614114231 129.185916863547 9
"462" 83.0195083434033 133.262248325525 9
"463" 83.8381750847491 132.830795067948 9
"464" 86.4177982757257 133.468695354654 9
"465" 82.0465134182918 129.72503623397 9
"466" 85.9390203688273 131.084626892579 9
"467" 14.9723192562306 57.4848617170361 9
"468" 8.47731256386072 56.1443251070529 9
"469" 10.7547085288712 58.2177652804244 9
"470" 9.38629427800961 59.7497734767962 9
"471" 11.5383752218435 57.8011650137616 9
"472" 7.6938172320228 54.755010374638 9
"473" 10.8633090923873 58.0989055294118 9
"474" 6.51105721532751 57.9818584803604 9
"475" 11.2444502959881 56.7780675006427 9
"476" 11.8421686135159 59.0581857525297 9
"477" 11.5704832229233 58.3143241144393 9
"478" 8.33362078806505 58.863689569693 9
"479" 8.55241337174405 57.4088676579401 9
"480" 11.0102306820243 55.0352475735482 9
"481" 11.7511388651856 56.3372681317354 9
"482" 7.24675845720119 55.3569476272386 9
"483" 7.25198275556336 56.9112029910827 9
"484" 13.0690990790731 59.3329171854238 9
"485" 5.32166772860902 54.378837413462 9
"486" 10.6753881487021 56.3335377732274 9
"487" 12.8090974962025 59.2640350165472 9
"488" 6.26410168762555 58.2934874638454 9
"489" 7.91112675025556 54.7689529229749 9
"490" 10.9455201924097 56.6505889045776 9
"491" 10.7922277693003 58.8345950378646 9
"492" 7.15184359088434 54.1920302713386 9
"493" 11.6277794957652 59.473023051098 9
"494" 83.6800137356982 136.724948071233 9
"495" 44.7642991085648 31.1730438035771 9
"496" 87.3624267202817 136.638680673515 9
"497" 84.7529126487974 40.0508935954008 9
"498" 109.791289464213 38.5896995975036 10
"499" 107.039876698177 38.099782127547 10
"500" 107.212154924998 36.8260799630289 10
"501" 107.19163147655 39.4529231936844 10
"502" 109.492874628289 36.4844056350681 10
"503" 107.669852562432 39.4029407542691 10
"504" 108.414958554523 38.4294681471465 10
"505" 105.757926304427 33.7033557400856 10
"506" 104.973308699761 38.1298724879495 10
"507" 107.774152004945 40.3780841249592 10
"508" 104.634638627879 39.2126176879144 10
"509" 106.718229015276 38.0449279775577 10
"510" 106.41546737234 37.9460137758304 10
"511" 107.545802001453 38.2064955889476 10
"512" 107.976263560784 36.184026932979 10
"513" 111.047004512728 37.1292490999748 10
"514" 105.806823724052 35.9199492620018 10
"515" 108.64758153255 41.0389903536534 10
"516" 107.943344186156 41.8807019369499 10
"517" 104.272384835656 38.4034164407594 10
"518" 107.34693407464 38.3304905800798 10
"519" 108.579959754947 37.5874472751596 10
"520" 104.539150648627 38.9065942479683 10
"521" 108.008482646778 41.5589188903424 10
"522" 107.081251287223 36.6932031749436 10
"523" 108.103780674495 36.4558825805024 10
"524" 104.801034178057 35.5900492096844 10
"525" 107.845642472923 36.2377106097816 10
"526" 107.95074436203 36.5750304749624 10
"527" 109.795598413328 37.8949586018647 10
"528" 107.116970291632 41.9915277214056 10
"529" 108.030307463343 36.4680545748279 10
"530" 85.8192143655021 132.642934338389 10
"531" 87.1980402584638 128.983618519905 10
"532" 87.8161856331301 133.396025127365 10
"533" 82.105353535277 134.878376263657 10
"534" 81.799282682421 130.715181368178 10
"535" 81.3301075043929 134.40998374162 10
"536" 89.5465551332631 129.944464446209 10
"537" 88.2061735681117 129.650890070914 10
"538" 79.9542331753446 130.264010285733 10
"539" 6.37608903498156 53.4650387641858 10
"540" 11.281160868165 56.3584323150729 10
"541" 8.87195073968664 59.0971846912197 10
"542" 8.77337227674452 56.9510910284078 10
"543" 8.45210518767461 52.723782414385 10
"544" 10.1282148638468 57.1734716154477 10
"545" 10.90785037609 54.9345924363436 10
"546" 8.52022136853079 54.2324921515615 10
"547" 8.91590366035875 56.7382842618236 10
"548" 6.4544105248244 57.8812448731703 10
"549" 6.77070958531839 57.6099331680626 10
"550" 11.8185014755006 59.1115952952549 10
"551" 6.99225021004101 55.0924003356468 10
"552" 9.11503175310492 56.9465045340131 10
"553" 8.967187813622 60.1556068513187 10
"554" 13.113730429358 58.0754482366295 10
"555" 10.7510306167559 56.4284537216152 10
"556" 9.17146724457399 55.3901551135361 10
"557" 11.1962635836079 58.6797857008805 10
"558" 9.08131006319181 59.8437767669182 10
"559" 13.1769541138555 56.3090279752689 10
"560" 11.2729784597497 58.7496877194285 10
"561" 9.09087719153496 55.2077810598724 10
"562" 8.46104687902907 56.9260525164545 10
"563" 11.5817580409497 58.1615846196007 10
"564" 13.6320914640105 58.7681214322659 10
"565" 89.8292554036672 88.7632263531697 10
"566" 106.251089245091 44.3066644167914 11
"567" 107.666297691848 41.202082798383 11
"568" 109.138956017143 41.9107177437313 11
"569" 108.321552949391 38.3216874092427 11
"570" 108.099706053263 35.7862274036693 11
"571" 108.351792644623 38.5182705006125 11
"572" 112.360497533845 37.8580640576123 11
"573" 103.539209578236 39.1145569412355 11
"574" 107.211715092115 37.5766611929281 11
"575" 107.929264962126 42.7791159279236 11
"576" 110.960266260184 39.3136945549111 11
"577" 107.846985543316 41.8805713336367 11
"578" 108.449168034229 35.8342382601698 11
"579" 108.857928896336 36.5573933102965 11
"580" 108.447278504583 38.5038275705978 11
"581" 104.872465300853 33.8302663122236 11
"582" 105.423448694629 38.415131718043 11
"583" 105.612444503657 34.862626991207 11
"584" 109.764594667965 36.8015235500145 11
"585" 112.117650299891 40.2169722564472 11
"586" 110.185114695495 37.0675687945302 11
"587" 108.443301679925 38.4038258223624 11
"588" 107.423590004968 41.8998326507462 11
"589" 103.207462052574 39.9912960560842 11
"590" 106.210833364468 38.611337026612 11
"591" 108.427797203949 38.5667148530869 11
"592" 110.041998925012 36.9341952299048 11
"593" 109.287467762736 36.4017273556859 11
"594" 110.048477597284 38.3442655321294 11
"595" 105.286901570077 38.9179249909791 11
"596" 105.221337187265 39.4017924080954 11
"597" 104.546824922521 38.2904129737842 11
"598" 111.188008475818 39.944167161475 11
"599" 105.888790995219 34.7496687578309 11
"600" 103.490197718792 39.1592726434306 11
"601" 106.773267715426 39.3433898332014 11
"602" 107.574505690273 38.1306433458362 11
"603" 106.474092676832 38.9995881344135 11
"604" 105.487170408345 37.3205096513265 11
"605" 108.292570516877 37.4477080056657 11
"606" 106.047137975934 35.8024365242415 11
"607" 105.380142406398 38.4925732446606 11
"608" 108.222940546149 38.3960975011888 11
"609" 108.705176636111 41.0796150337775 11
"610" 107.707848691309 40.3983619899808 11
"611" 108.62882686961 41.0864220690426 11
"612" 109.440739292664 36.0857802921999 11
"613" 105.732408793308 39.9938249776508 11
"614" 105.726582219722 33.6904968383253 11
"615" 110.898809238147 40.44025248446 11
"616" 106.811357083262 37.9829608554447 11
"617" 108.759779351721 41.8993323013603 11
"618" 103.367755106458 37.692655376134 11
"619" 107.938427571638 40.3271894391023 11
"620" 107.271931343859 37.2665154994669 11
"621" 108.36926949822 36.3630054431809 11
"622" 109.969743295945 32.6842895971854 11
"623" 107.978796938315 40.6071152443819 11
"624" 84.792305448556 133.505126981666 11
"625" 91.1625963863654 132.867141544104 11
"626" 82.2669589742648 130.091041639996 11
"627" 81.6274329411541 136.482999792535 11
"628" 82.4621849382045 129.74558552546 11
"629" 86.9598722440708 129.288186011118 11
"630" 12.5666683675071 55.1713712213334 11
"631" 9.19168490437577 61.7652106603241 11
"632" 10.0714904559823 56.9611170834232 11
"633" 12.5003245796378 58.1547817358847 11
"634" 10.7365168371381 54.6483391888397 11
"635" 5.54820003625851 59.4538346140844 11
"636" 8.52906228563225 60.4159747914797 11
"637" 8.33466993094823 57.1884832086127 11
"638" 11.4306644107366 56.3292685693446 11
"639" 86.0538694572585 126.453224409979 11
"640" 10.0159272007463 96.0184441719193 11
"641" 17.8863817169031 64.3673133943743 11
"642" 111.071224814934 37.0299376169222 12
"643" 102.856270205965 37.021328559927 12
"644" 105.637263117923 37.2065517319134 12
"645" 107.757257888581 38.9755693014987 12
"646" 106.440332966445 43.5143268556035 12
"647" 108.05061861272 42.2950844687269 12
"648" 102.800534326516 37.2506680649806 12
"649" 111.161532665791 39.9939070822855 12
"650" 109.699907069632 32.8244370907133 12
"651" 106.664943105836 38.9951892423629 12
"652" 106.553776332042 38.9356065930427 12
"653" 108.749373728947 38.6437222926844 12
"654" 108.133449074593 37.8567659865042 12
"655" 108.949158905619 38.9739177853867 12
"656" 108.801314111558 40.216579804134 12
"657" 111.224602060041 37.7007440538153 12
"658" 108.932933914081 36.7925752826526 12
"659" 110.19749764658 40.0145097779918 12
"660" 106.201614346005 38.8424900169601 12
"661" 106.960086682294 36.612492515319 12
"662" 108.783972520553 35.4971451837618 12
"663" 106.395372886876 40.9529061098112 12
"664" 108.595556661594 38.8636568021293 12
"665" 103.859325657694 38.4556156943187 12
"666" 111.102935687819 36.7748173796516 12
"667" 108.966658337272 37.682975763961 12
"668" 107.54366359335 41.2456976271967 12
"669" 110.670402462849 37.2672652549154 12
"670" 110.084066063369 38.2040133326703 12
"671" 104.488892209144 38.0502018507507 12
"672" 107.603793821844 35.6739369299687 12
"673" 108.638139725958 38.0399933458027 12
"674" 107.908399257426 36.0978687391018 12
"675" 106.268499130747 36.4542733934379 12
"676" 110.879406478143 37.2761482900705 12
"677" 107.852690069093 38.947566040179 12
"678" 107.778341299974 35.7365286626321 12
"679" 105.978010918806 37.7872038432457 12
"680" 107.065900394483 40.0006230576742 12
"681" 111.013186010513 37.892485233175 12
"682" 108.192304430404 37.526574069829 12
"683" 110.386338040504 38.8361883270112 12
"684" 108.108887883473 36.3770261234434 12
"685" 107.881332535048 38.7777130172758 12
"686" 103.163358959123 37.2850807267378 12
"687" 107.82088908782 37.4677757345022 12
"688" 109.472437277126 36.2625598941116 12
"689" 106.769533540211 36.9986798056744 12
"690" 102.775692655805 37.4351261039601 12
"691" 107.981864847716 35.8278921636949 12
"692" 110.029546534486 40.0840098837155 12
"693" 109.332285635795 37.5213539597855 12
"694" 107.326135211741 38.1583726833234 12
"695" 79.7415064314205 130.239338170163 12
"696" 90.2897817219322 133.286225367038 12
"697" 88.6313028241374 135.95991606964 12
"698" 89.0035493693252 133.08017096761 12
"699" 91.3232512120403 134.130307921936 12
"700" 90.2913663483544 131.534808966346 12
"701" 87.7191244107151 131.526315529019 12
"702" 81.4761400913524 133.779370776096 12
"703" 9.24587250359175 55.1766213479118 12
"704" 11.9911143620376 55.1430154972654 12
"705" 6.20000141440028 52.8134912811248 12
"706" 8.15776789234425 54.3095632470516 12
"707" 6.84855750778497 54.7356922758437 12
"708" 4.5423078933722 52.0486684445299 12
"709" 13.8456011111636 56.4476402040632 12
"710" 10.7037116415792 57.5014201709027 12
"711" 6.67597568540141 55.6910560958874 12
"712" 11.8112293870616 55.2096918768771 12
"713" 6.36846877111822 59.7436008620343 12
"714" 9.00725994952438 54.5193862599543 12
"715" 7.42371043404817 56.5638359503211 12
"716" 7.87973768153376 59.338010945672 12
"717" 11.4803661843295 56.4166713671972 12
"718" 8.27188877260907 55.2820527844971 12
"719" 9.03391492249946 53.4120090422632 12
"720" 106.911401829225 43.0374103223041 12
"721" 106.775769015752 41.4670363729098 13
"722" 107.757786659631 40.673053157755 13
"723" 109.419634373789 36.3027043527675 13
"724" 107.71553190233 35.8213572100771 13
"725" 106.423157780673 39.2243797294875 13
"726" 105.725433961635 37.3749460190099 13
"727" 106.057091153422 37.2488602027096 13
"728" 109.02453712688 40.5480721536909 13
"729" 109.536647835264 37.5670634356561 13
"730" 109.143565215879 37.7238463554072 13
"731" 110.539232622696 39.5411543562286 13
"732" 106.373277662326 36.5727574657649 13
"733" 108.956049191829 40.3575130250498 13
"734" 107.733123653181 36.7202805531644 13
"735" 106.880059388515 38.6151418098295 13
"736" 108.250413383662 39.0609014684039 13
"737" 108.176093582071 40.9225929849317 13
"738" 107.007448198389 38.9052850486318 13
"739" 106.131092432816 38.4955689178419 13
"740" 108.445384453454 38.9035153125809 13
"741" 107.979191771397 35.5595902040047 13
"742" 107.745336600218 35.8584707334292 13
"743" 109.580759728577 39.1108065970515 13
"744" 106.998973905223 36.6491406104537 13
"745" 107.890489743423 39.877476275675 13
"746" 108.230532816719 37.7423139613148 13
"747" 108.728066242128 37.9003348624745 13
"748" 108.98427468894 40.0375647861315 13
"749" 109.7248882587 39.3488325813185 13
"750" 107.929099609175 39.7966461812297 13
"751" 105.358462491918 35.5595788631762 13
"752" 106.680672348243 40.8705558073632 13
"753" 108.528706402417 35.4246422340609 13
"754" 108.728223714869 36.8144822753019 13
"755" 104.120061781438 32.2666656305029 13
"756" 109.716478578555 39.2637407637512 13
"757" 106.933942073231 36.5283348463652 13
"758" 105.36941035508 38.5562673882045 13
"759" 109.57849340472 37.244048286702 13
"760" 108.108610096873 37.4527163398735 13
"761" 107.138349934224 38.8591061593242 13
"762" 106.556345850206 39.8105566794427 13
"763" 109.695265014631 36.1198759775567 13
"764" 107.638946290378 32.9753273439064 13
"765" 110.235366967016 36.0455326489832 13
"766" 107.306137566434 39.9585218990608 13
"767" 103.46648635929 37.8277640676157 13
"768" 107.836977229379 35.423679375461 13
"769" 107.890245295061 33.0511126893338 13
"770" 108.440548981839 38.3078907701654 13
"771" 108.847958231546 40.2940541873898 13
"772" 105.491669936319 34.9705246965293 13
"773" 109.653984359483 35.9636282266185 13
"774" 111.258424329682 37.7247482052006 13
"775" 106.0997085398 40.0442312423537 13
"776" 109.610560337395 39.1250534784696 13
"777" 108.603746348817 36.3074178132045 13
"778" 109.863039184845 37.017408639001 13
"779" 109.502031580471 40.75579527664 13
"780" 106.375034136459 39.0297439959493 13
"781" 86.1708159959337 135.286206882612 13
"782" 83.8320789780388 133.477871813611 13
"783" 86.8092543507706 129.277406868842 13
"784" 85.9189116784766 128.501112794032 13
"785" 90.1500038912861 132.236885928142 13
"786" 88.1814286660619 128.950008911975 13
"787" 81.841165455494 133.597277141583 13
"788" 10.2695999142607 58.9534172129932 13
"789" 9.55593086301254 57.2533287970365 13
"790" 7.9669065936848 57.1923223056464 13
"791" 12.4565216967717 58.4428294610562 13
"792" 8.01159813115984 57.0444480122538 13
"793" 9.17557790556477 57.7807021892696 13
"794" 9.8146797604605 51.5837688703539 13
"795" 10.341876661395 58.0918224113215 13
"796" 12.2347516021641 54.0763477811951 13
"797" 54.6990522247438 129.502255833444 13
"798" 90.4918778011718 131.294285370168 13
"799" 89.2120875728287 115.122909419118 13
"800" 114.748765778036 31.0284582703749 13
"801" 95.13028437776 107.926328397322 13
"802" 109.876013090584 37.2180604428135 14
"803" 110.942457405619 37.2695895449047 14
"804" 109.430364322599 39.137391595537 14
"805" 110.340134082557 37.3338481771431 14
"806" 106.968437191114 38.6503443054413 14
"807" 109.78326427691 37.624453659128 14
"808" 110.780985792028 39.7418525427477 14
"809" 106.995670498175 39.1049853436778 14
"810" 107.029060280857 40.1168697112761 14
"811" 108.294338063667 39.5687272998426 14
"812" 111.217348240428 37.5968618308938 14
"813" 104.594764451722 33.9340837918499 14
"814" 107.501658612464 43.3184881376556 14
"815" 110.357894385144 40.7542164302453 14
"816" 105.336872673638 39.304589312161 14
"817" 105.155647856131 42.2500974815919 14
"818" 105.852368555642 34.9772572593894 14
"819" 108.295042306626 40.0454598962071 14
"820" 107.901114648093 37.3984707613092 14
"821" 108.455591735568 34.7395673369413 14
"822" 111.488826152903 37.64722142 14
"823" 110.386803686307 39.2794203248636 14
"824" 108.408363059437 37.6688647111057 14
"825" 109.019696728652 34.4848784695792 14
"826" 111.671812532192 39.2630656452662 14
"827" 110.550896255166 40.8661486147274 14
"828" 109.341772739603 40.4604384947309 14
"829" 107.583395805194 35.6571157914291 14
"830" 108.93160389109 37.5431401129829 14
"831" 88.0509590851014 133.110542317002 14
"832" 80.9757216053329 129.45061792709 14
"833" 79.5258979584401 129.412704729931 14
"834" 14.6619077437516 53.0197135115059 14
"835" 14.567117290718 56.0298867807508 14
"836" 7.833969754075 55.5655177685535 14
"837" 8.00763069537265 56.5426583325681 14
"838" 9.45623495565969 57.2937927089464 14
"839" 10.0085974358916 59.5547782382998 14
"840" 9.03159496629745 60.5986342810252 14
"841" 7.93729763649249 55.6860066705513 14
"842" 89.2163259150373 115.051899014478 14
"843" 96.921457953015 82.9327688110546 14
"844" 12.5032086628143 58.5448414894761 14
"845" 106.795844326733 36.1311057752718 15
"846" 108.455955559893 39.3869096746544 15
"847" 109.036048677483 36.3771220813353 15
"848" 109.204122484778 40.4514787739441 15
"849" 107.934594722887 37.6329873253028 15
"850" 109.989634338324 37.6872623348491 15
"851" 109.719301399541 42.0697547260001 15
"852" 108.365813334532 39.99841166278 15
"853" 108.431863208166 39.4641665513335 15
"854" 106.216146862243 44.1163606049255 15
"855" 109.041553034903 37.5371764408373 15
"856" 109.9427487854 40.9717869683492 15
"857" 105.416804083534 44.0506694192432 15
"858" 107.015097062543 36.0360495469028 15
"859" 105.938605495957 44.0048011198481 15
"860" 106.91064286419 35.9188277712206 15
"861" 77.7627263082124 129.322139166561 15
"862" 81.0957088758856 129.422559483384 15
"863" 13.5360884974904 56.6890043153635 15
"864" 15.3117876981799 55.0912379661309 15
"865" 15.4927621321666 51.3943982737682 15
"866" 13.926975348931 56.5889779852425 15
"867" 27.2838548345434 108.027919627084 15
"868" 102.114502798541 38.3746014442292 15
"869" 103.80856726754 35.2437781398466 16
"870" 104.938804810199 37.4424669959808 16
"871" 106.230392646986 42.0604632670434 16
"872" 110.2622887849 39.0713554067497 16
"873" 106.843041276694 37.1298708541726 16
"874" 109.14099878357 36.6986443906324 16
"875" 102.425843244159 38.3329570238827 16
"876" 109.271062528554 37.9461399331992 16
"877" 104.898306686781 36.8159740807115 16
"878" 108.82699149241 39.1020304071593 16
"879" 106.294703241516 35.5372840832954 16
"880" 9.56331954476661 58.1023906915519 16
"881" 9.64823825825431 57.9753495760957 16
"882" 10.469731099636 53.7119856229866 16
"883" 9.07503201448368 53.1780229620055 16
"884" 7.59851672395488 59.0976060943229 16
"885" 14.1712072258662 56.3727379629218 16
"886" 15.3772077681919 54.8971014250582 16
"887" 21.8291446400956 39.4217069960678 16
"888" 106.260241134932 36.1007153282625 17
"889" 105.416460436295 40.536976211589 17
"890" 104.392458924897 35.3700806190883 17
"891" 109.794934019508 41.1042137931715 17
"892" 108.585085846127 41.6781480238363 17
"893" 109.436546088322 40.151412379737 17
"894" 111.074736503756 33.8211961604941 17
"895" 110.50329520843 37.7238610870112 17
"896" 111.493352632973 41.2204679151142 17
"897" 14.0426772838535 53.6434923076004 17
"898" 7.46605151333458 52.3659425783402 17
"899" 12.0992421248376 57.7879554516272 17
"900" 14.0549204027646 57.1778104067629 17
"901" 15.4564758817241 54.9548665965365 17
"902" 43.402230101586 95.0380875979697 17
"903" 7.80033832670495 104.994683096045 17
"904" 8.07352689347002 113.764998960688 17
"905" 107.03782873361 37.312642106496 18
"906" 109.282021956893 40.0666238488343 18
"907" 105.317569453271 41.26025009238 18
"908" 110.168788973602 36.4389706234311 18
"909" 109.96437701458 38.9389681471415 18
"910" 104.063922473041 37.8630610528658 18
"911" 106.020351386514 34.1494934668922 18
"912" 105.760176697401 36.6148945287675 18
"913" 6.84415034324521 57.350629998523 18
"914" 14.6936406526282 52.4310065312347 18
"915" 12.7546421804552 56.5646855486261 18
"916" 12.1074078583362 57.8972692846461 18
"917" 5.80945857526676 54.9269430954972 18
"918" 9.04355074050963 52.2813088812804 18
"919" 105.90986812979 34.2567523017135 19
"920" 108.994616879778 43.9205172443951 19
"921" 106.265891498626 34.1016953170644 19
"922" 110.817371872715 39.1126105614383 19
"923" 105.267343267819 41.1808957960442 19
"924" 109.934027300324 36.4754447263617 19
"925" 12.6693453814802 56.6101381261802 19
"926" 7.56546698872455 53.9607515994687 19
"927" 9.11768913229711 58.5198488328907 19
"928" 16.8075988408025 51.7584555984308 19
"929" 11.3558455452815 82.2893391622016 19
"930" 104.2212816763 37.0492518155724 20
"931" 106.071646533648 33.7039828515668 20
"932" 111.326697583172 38.7859612479746 20
"933" 108.865570289563 37.9573004177274 20
"934" 9.52744820554482 54.1088250649365 20
"935" 7.87197118713166 53.9437141926635 20
"936" 106.437821643793 40.2840399245687 21
"937" 113.008808176115 37.3465664634433 21
"938" 103.816388642166 33.6080733564473 21
"939" 10.4169910130066 52.1487845486575 21
"940" 4.93485331111181 58.0386171699698 21
"941" 11.6170345410307 50.5947116915842 21
"942" 8.191271494173 54.043614599591 21
"943" 37.9277969388362 42.6799347162069 21
"944" 86.4646555822737 64.7342097780412 21
"945" 8.56466646027519 53.9353743966016 22
"946" 8.405199728809 54.7384215657803 22
"947" 9.77969463946503 53.7417280802186 22
"948" 88.8154782002726 59.2500673033671 22
"949" 107.413790551354 37.1139480691895 23
"950" 111.942926856893 31.4467070761437 23
"951" 9.35208678994928 54.5182846168342 23
"952" 81.0716012667496 65.7278499005913 23
"953" 94.4838677625432 65.1042868312337 23
"954" 107.235036706689 34.5808856307935 24
"955" 108.316218173726 29.7870005413945 24
"956" 107.546797719723 33.992101876051 24
"957" 104.923516611238 33.9900466073494 24
"958" 98.1020283784479 33.874126753931 24
"959" 49.0005439894454 137.369246221855 25
"960" 107.307667034991 35.3769946973676 26
"961" 107.554335004727 33.7573603545318 26
"962" 110.638066154615 36.104541298766 26
"963" 104.305619922403 39.4957957983139 26
"964" 105.540989241503 37.726396642526 26
"965" 16.3853613302885 39.7898199399744 26
"966" 115.088167419418 36.71289701176 27
"967" 104.288178972308 39.2225417367202 27
"968" 110.763759519412 34.8714979607874 27
"969" 100.175208304566 40.1213349833854 27
"970" 64.1537933150105 111.263038774337 27
"971" 107.050833966098 34.1353985868942 28
"972" 108.512494661325 40.8868049713591 28
"973" 58.4487018948501 112.249287094276 28
"974" 107.048737370866 34.0766731585005 29
"975" 105.705006636831 34.3857367603789 29
"976" 112.206330905418 34.4082775343765 29
"977" 72.6305779960474 95.6357293934045 29
"978" 105.934125066006 34.4673156473083 30
"979" 107.50040200608 45.0208545035622 30
"980" 110.617221675305 34.7803575979656 30
"981" 111.263546965906 34.1986182371308 31
"982" 110.367234290693 32.7866668085039 31
"983" 110.417560843246 32.8290555649231 32
"984" 109.984190603301 33.6487423246787 32
"985" 107.726129330654 34.4874357296232 32
"986" 92.9034717259157 47.6327084556172 32
"987" 44.6987988218299 120.135745836538 33
"988" 60.7769812154354 108.669354833601 35
"989" 85.0465245727368 129.079588548919 36
"990" 78.3862441537689 133.830613034903 36
"991" 77.22106884138 130.984562043683 37
"992" 81.2598628998167 133.136563105065 37
"993" 85.4540513259332 128.848271578009 37
"994" 67.6163669963877 132.769118201705 37
"995" 85.7561968533811 128.87758730188 38
"996" 107.866109819781 131.898437083473 38
"997" 80.9709232039465 128.938273317253 39
"998" 79.1591182046137 127.718097557438 39
"999" 79.5750845274292 130.648849425531 40
"1000" 82.778699258143 134.638271540229 40
"1001" 78.9072815059246 132.888292344166 40
"1002" 96.7264887018469 128.950758273147 40
"1003" 77.4923703249603 136.881815985283 40
"1004" 108.14186342333 38.2324645956882 41
"1005" 90.9286370330124 130.306854195953 41
"1006" 43.3062357632485 97.4500557207609 41
"1007" 104.472796848674 41.9749229218254 42
"1008" 111.959072408747 38.8587677052955 42
"1009" 107.306930828316 37.9626422615247 42
"1010" 111.394272971044 42.8439050240239 42
"1011" 103.050383748675 40.4089651860411 42
"1012" 107.563891612786 38.400290387731 42
"1013" 90.7412946325686 132.035821181976 42
"1014" 92.4579668304131 130.416372924583 42
"1015" 104.172891560783 36.8533681515566 43
"1016" 109.425527402063 42.5873239212177 43
"1017" 110.427132425126 42.053410556946 43
"1018" 83.0176879987755 132.839508999328 43
"1019" 33.9434107845496 60.1610601348264 43
"1020" 62.9442154608365 70.7159221019646 43
"1021" 6.41903618135631 54.2280012472976 44
"1022" 5.77535639189049 55.5797605674964 44
"1023" 94.0459781297495 51.7036591579267 44
"1024" 95.7842477292122 37.2425300329905 44
"1025" 113.409621014536 37.6772197975254 46
"1026" 28.2391831457302 39.5421360873702 46
"1027" 25.3020828399422 43.5829042154992 46
"1028" 96.6376256208418 77.3516530162824 47
"1029" 20.7064028642049 67.203311934211 47
"1030" 111.080363738981 86.3383920331813 48
"1031" 20.6511717439599 51.0321987093732 48
"1032" 21.0146102445591 45.3339160555885 49
"1033" 70.030354076494 47.3297811105208 50
