"V1" "V2" "V3" "V4" "V5"
"1" 66.4355364120399 186.557764488309 0 1 0
"2" 74.0975012342923 187.122456434483 0 2 0
"3" 73.3372518814774 187.790903264495 0 3 0
"4" 69.8047241122547 187.472650088018 0 4 0
"5" 70.9070334408814 186.707773275434 0 5 0
"6" 70.861436977766 187.25429432887 0 6 0
"7" 71.3096325640588 186.65656485801 0 7 0
"8" 69.5449437027799 185.357673456271 0 8 0
"9" 72.544493535097 186.519769630456 0 9 0
"10" 65.3818537167389 186.867315690068 0 10 0
"11" 68.5704460628038 186.253633148345 0 11 0
"12" 73.3039684976723 185.737658601849 0 12 0
"13" 72.5245673412677 185.081115583894 0 13 0
"14" 74.7759221573779 186.732880308404 0 14 0
"15" 72.3486646155539 187.291706564688 0 15 0
"16" 71.5599587618329 185.577569014409 0 16 0
"17" 73.1408547929153 187.682332048587 0 17 0
"18" 71.6542552347771 186.684666946768 0 18 0
"19" 72.198683728385 186.14178407622 0 19 0
"20" 68.3815283955407 186.663804143808 0 20 0
"21" 65.8402176937073 186.236133684489 0 21 0
"22" 71.2898242291193 185.325456247519 0 22 0
"23" 69.4991344039233 186.246666837161 0 23 0
"24" 71.7805906712564 186.136916873774 0 24 0
"25" 66.4224383231002 185.704071588811 0 25 0
"26" 70.4542664668544 186.336208730679 0 26 0
"27" 71.851520834315 186.804130154011 0 27 0
"28" 69.2599596001037 186.618805377006 0 28 0
"29" 71.3967583659314 186.580709429827 0 29 0
"30" 72.3570784504178 187.706034548861 0 30 0
"31" 70.1154565990857 187.064906696503 0 31 0
"32" 71.0395209028364 185.872214034803 0 32 0
"33" 70.7943443022659 186.488519612602 0 33 0
"34" 67.5452607441194 186.145387384806 0 34 0
"35" 75.7255406470388 185.729175365214 0 35 0
"36" 74.708440884236 186.282089379947 0 36 0
"37" 62.4150675705583 187.413230508918 0 37 0
"38" 70.7601065268781 187.17018884044 0 38 0
"39" 69.9300698189996 186.363226883351 0 39 0
"40" 69.373110958362 188.019474010138 0 40 0
"41" 67.6926671318859 186.538622585342 0 41 0
"42" 71.6088887600855 186.85726829347 0 42 0
"43" 75.8597156422106 186.666878673497 0 43 0
"44" 67.7294339462108 187.848411261497 0 44 0
"45" 62.9868980228524 186.793179743731 0 45 0
"46" 69.4281552311253 186.492196480986 0 46 0
"47" 71.2852755506713 186.117775639895 0 47 0
"48" 68.7208944804044 187.083195698617 0 48 0
"49" 70.3117380864939 186.77329744427 0 49 0
"50" 72.0800286784607 186.133186147528 0 50 0
"51" 72.336803828106 186.308909192261 0 51 0
"52" 73.8066832065942 186.223867342477 0 52 0
"53" 71.7525361571748 186.610790802891 0 53 0
"54" 73.7301322958985 186.456846327418 0 54 0
"55" 66.4938472146763 185.969558398117 0 55 0
"56" 67.1241578300261 186.289203442547 0 56 0
"57" 68.2900920151372 186.082829010152 0 57 0
"58" 69.3447071002077 184.898953840522 0 58 0
"59" 72.7383301299304 186.560279284895 0 59 0
"60" 70.7886858541696 186.559133073999 0 60 0
"61" 66.7211649753914 186.586726507499 0 61 0
"62" 69.1471301859729 186.165934294344 0 62 0
"63" 76.5111952576237 187.615659866279 0 63 0
"64" 68.174887979213 189.359749144476 0 64 0
"65" 72.3015597560907 186.941094060441 0 65 0
"66" 68.5953949780429 186.217456054881 0 66 0
"67" 75.3624038601262 188.599102983758 0 67 0
"68" 67.0281910257503 186.823305372868 0 68 0
"69" 68.2601581830819 186.880685071583 0 69 0
"70" 69.0479157629243 187.363768275053 0 70 0
"71" 66.2965056743231 186.958890338792 0 71 0
"72" 76.0189494314927 186.057845215684 0 72 0
"73" 73.7724111732825 186.630723467682 0 73 0
"74" 71.5775448872747 187.517000612283 0 74 0
"75" 70.4387623493655 186.647112940652 0 75 0
"76" 65.5026574860315 187.839167304696 0 76 0
"77" 73.3648199531276 186.672966574607 0 77 0
"78" 63.7752595689071 186.695226027854 0 78 0
"79" 76.5314673663695 185.663532981227 0 79 0
"80" 72.0293095338693 186.191271957018 0 80 0
"81" 69.0101189912413 186.505277220349 0 81 0
"82" 70.1426175103959 187.719536332674 0 82 0
"83" 67.1349857007066 186.823068694787 0 83 0
"84" 67.8750032519727 186.669266764374 0 84 0
"85" 69.6492086707449 186.102753043781 0 85 0
"86" 75.6229151891032 186.7114860674 0 86 0
"87" 67.613110461013 187.641946529835 0 87 0
"88" 70.4173873663784 185.49805239564 0 88 0
"89" 70.5398441635302 185.736116073434 0 89 0
"90" 69.3898895993395 187.154856277385 0 90 0
"91" 74.1378397931812 186.24859606203 0 91 0
"92" 67.7462459244914 186.099649610617 0 92 0
"93" 67.5806066825975 187.315689402412 0 93 0
"94" 68.6469078238091 186.598814384274 0 94 0
"95" 67.7220238892556 187.071315530979 0 95 0
"96" 69.011955470214 186.518341198823 0 96 0
"97" 71.4197521232478 187.929671176841 0 97 0
"98" 67.0138725615407 187.045674533306 0 98 0
"99" 75.7195692451067 186.562386924864 0 99 0
"100" 69.9134548554061 186.682589932024 0 100 0
"101" 74.9162198930434 186.658892648194 0 101 0
"102" 73.1094404733459 186.201089134458 0 102 0
"103" 67.0953909575797 186.796277629113 0 103 0
"104" 64.0118352011404 186.552624064329 0 104 0
"105" 72.8497955284987 187.027606745017 0 105 0
"106" 69.6750283842753 187.204181355598 0 106 0
"107" 71.5756928985498 186.443258391076 0 107 0
"108" 66.5827025945736 186.199175693736 0 108 0
"109" 70.480476680953 187.440400369188 0 109 0
"110" 73.919243185405 185.22017751708 0 110 0
"111" 71.9257161926527 186.262789727172 0 111 0
"112" 67.917935016433 186.859655606546 0 112 0
"113" 69.0023304269419 185.631156311784 0 113 0
"114" 72.2564026747354 187.494868173445 0 114 0
"115" 72.0644494814015 187.067761543872 0 115 0
"116" 74.2955232746812 186.818224561723 0 116 0
"117" 68.7937544209408 186.548772845009 0 117 0
"118" 72.113915363948 185.733234702456 0 118 0
"119" 71.9655570263386 185.966573092961 0 119 0
"120" 73.1360563369841 186.158743440497 0 120 0
"121" 69.1198570932275 187.266464490041 0 121 0
"122" 73.023885264231 187.589199096247 0 122 0
"123" 74.0588065883873 189.185076703193 0 123 0
"124" 73.515057276505 187.917491534348 0 124 0
"125" 66.3924940511907 187.402065998902 0 125 0
"126" 65.6447800712668 186.024004376409 0 126 0
"127" 69.790460669541 186.863504644862 0 127 0
"128" 73.5674502668599 186.881594520068 0 128 0
"129" 69.6133065184248 186.363065077548 0 129 0
"130" 70.9089800519495 187.122151338302 0 130 0
"131" 67.7227609355851 187.593100854022 0 131 0
"132" 68.0519718188858 186.726981382071 0 132 0
"133" 69.7778224216166 186.52271341026 0 133 0
"134" 67.6710602923603 185.574258456884 0 134 0
"135" 69.6915335326842 187.554429764145 0 135 0
"136" 74.7850403916738 186.227674157879 0 136 0
"137" 70.6535559141526 187.567017749768 0 137 0
"138" 73.0940437815158 187.530992624232 0 138 0
"139" 71.425746764833 186.351013644041 0 139 0
"140" 72.9578775258838 186.07001449025 0 140 0
"141" 72.8953257466781 187.115614295249 0 141 0
"142" 70.0241570755723 186.612264174236 0 142 0
"143" 75.4260047192027 186.55101689445 0 143 0
"144" 70.8357522968243 187.107453802092 0 144 0
"145" 69.354114026833 186.56494465632 0 145 0
"146" 68.4180611091738 186.64684939106 0 146 0
"147" 70.8545625712878 187.691026205852 0 147 0
"148" 69.5775514838397 186.701904181576 0 148 0
"149" 70.3540194776753 186.799436593013 0 149 0
"150" 67.0989717418008 187.114170645398 0 150 0
"151" 73.1411082729673 188.289219292328 0 151 0
"152" 69.8107270141386 185.913451072298 0 152 0
"153" 71.4147259668993 187.021729363673 0 153 0
"154" 74.1992801907839 186.836227257959 0 154 0
"155" 73.3771921974669 186.780221985621 0 155 0
"156" 71.7869682582277 187.719474286532 0 156 0
"157" 73.2643413138652 187.035045784252 0 157 0
"158" 69.8697740341483 186.950195332953 0 158 0
"159" 72.8796547012601 186.013792693808 0 159 0
"160" 73.491036885822 187.503241285093 0 160 0
"161" 73.0129232635111 187.072243743943 0 161 0
"162" 72.4289518579522 187.220156306346 0 162 0
"163" 69.618634349595 185.841323009472 0 163 0
"164" 70.578820475446 186.945370366458 0 164 0
"165" 71.594194721058 185.84959337177 0 165 0
"166" 72.8480037217613 186.600501723927 0 166 0
"167" 74.4764871485805 186.434525324486 0 167 0
"168" 68.9216289752731 186.209807193339 0 168 0
"169" 70.3898504447344 187.622168650327 0 169 0
"170" 69.8122312950505 185.972733826425 0 170 0
"171" 70.5051552440525 187.812652428533 0 171 0
"172" 68.202540004283 186.663158233667 0 172 0
"173" 74.1292592584948 186.629078763079 0 173 0
"174" 72.3311374198982 184.624487597639 0 174 0
"175" 70.2315281820528 185.984731739587 0 175 0
"176" 71.1833309976044 186.230349410083 0 176 0
"177" 73.3600936045369 186.38990814532 0 177 0
"178" 75.4999096724641 187.45289535546 0 178 0
"179" 70.0011205262357 186.017415341288 0 179 0
"180" 70.0515829721575 187.288320052074 0 180 0
"181" 69.9636663932291 187.022386155961 0 181 0
"182" 65.5275587480032 186.87084878689 0 182 0
"183" 68.4191282020222 187.324674964105 0 183 0
"184" 73.0597097991876 187.834019014712 0 184 0
"185" 64.8362839789689 186.847760070272 0 185 0
"186" 72.9756585826655 186.743252152813 0 186 0
"187" 70.9142685794195 188.168381809459 0 187 0
"188" 69.7935366946882 186.671224412399 0 188 0
"189" 74.2358631644191 187.487513945277 0 189 0
"190" 69.3095383533571 185.444162116882 0 190 0
"191" 71.1521750321931 185.706693502202 0 191 0
"192" 68.6813306908561 186.936797756913 0 192 0
"193" 73.9482991075083 185.545759065319 0 193 0
"194" 75.4219667693596 187.102589218257 0 194 0
"195" 65.2174964428332 186.523302597069 0 195 0
"196" 72.7607419408881 187.126911212977 0 196 0
"197" 65.9700434100618 187.836500221103 0 197 0
"198" 69.2334253649686 186.990924348737 0 198 0
"199" 72.0564323181558 187.351557779905 0 199 0
"200" 70.8791978971622 186.120216985248 0 200 0
"201" 67.4646776221393 186.851169863454 0 201 0
"202" 73.656823109457 187.164071871082 0 202 0
"203" 69.2671373689849 186.819791518285 0 203 0
"204" 69.1070832762526 187.547400097375 0 204 0
"205" 71.9001974999676 186.311378295739 0 205 0
"206" 70.9466759900459 185.624886989283 0 206 0
"207" 73.0280687957367 28.648809685844 0 207 0
"208" 71.3249847014206 27.2918102427301 0 208 0
"209" 69.9363891068332 27.2765287404814 0 209 0
"210" 73.0557712609112 29.2735618489628 0 210 0
"211" 67.6785303197992 27.8724893418105 0 211 0
"212" 71.7039722542085 27.7193371106973 0 212 0
"213" 72.2162169508777 28.7973613303167 0 213 0
"214" 71.6504440103069 26.9876227777301 0 214 0
"215" 70.0272538902885 27.8137138199117 0 215 0
"216" 71.8474496231281 28.8857555012116 0 216 0
"217" 72.5084578655043 29.6829474017214 0 217 0
"218" 67.7050714155711 27.9752797154046 0 218 0
"219" 73.1837484453517 27.4552886015226 0 219 0
"220" 68.8644972069317 27.4347798998763 0 220 0
"221" 67.4674335268321 28.4795062290087 0 221 0
"222" 70.3739569167235 29.0471576508131 0 222 0
"223" 73.65717319424 28.5793742263068 0 223 0
"224" 71.3230915164588 27.6714114485566 0 224 0
"225" 73.1766152182123 28.4914968106708 0 225 0
"226" 69.6389885409589 26.5827324414304 0 226 0
"227" 72.990749233726 28.5920217965868 0 227 0
"228" 69.5227929247057 27.1349922901855 0 228 0
"229" 70.6574301206688 28.5954813681147 0 229 0
"230" 67.6415713567739 28.8942075793165 0 230 0
"231" 72.9543854076416 29.640031369734 0 231 0
"232" 69.0484740549373 30.4995052765341 0 232 0
"233" 69.9610593583677 27.6311306806608 0 233 0
"234" 66.7352656197828 29.4387074681456 0 234 0
"235" 69.985521763243 27.6927346915076 0 235 0
"236" 66.2367169258657 28.4468481771311 0 236 0
"237" 72.5624259604315 28.0778231183906 0 237 0
"238" 69.184447733198 28.9007197857115 0 238 0
"239" 70.5175863410803 29.4276415780795 0 239 0
"240" 74.5146741352074 29.1493740293536 0 240 0
"241" 70.6225025669107 28.3203760356291 0 241 0
"242" 73.6729924744633 28.1295174331898 0 242 0
"243" 71.9570265385751 27.372053018155 0 243 0
"244" 68.7593046434556 28.2733322472712 0 244 0
"245" 74.6566848023828 28.6325829182136 0 245 0
"246" 76.3996941252534 27.125846090936 0 246 0
"247" 74.5540356700661 27.597642219592 0 247 0
"248" 71.193254734667 26.9086860870168 0 248 0
"249" 67.4170290653023 28.0345667673158 0 249 0
"250" 72.9217668131799 27.7086381032935 0 250 0
"251" 71.8348185621266 27.8318744808226 0 251 0
"252" 70.2476256686362 28.4394632126254 0 252 0
"253" 69.4646168406725 28.0629470607342 0 253 0
"254" 66.7820957448623 29.5930962326615 0 254 0
"255" 71.3271912587055 27.2292661181476 0 255 0
"256" 73.7478021323049 27.5515227681085 0 256 0
"257" 68.9068194236756 29.4194513216208 0 257 0
"258" 71.2688115438065 27.5082651324181 0 258 0
"259" 70.1026751424045 27.658827923761 0 259 0
"260" 66.4728441882266 29.0981188071073 0 260 0
"261" 69.4999565498796 28.2035894066644 0 261 0
"262" 70.7979976340347 28.9489775191399 0 262 0
"263" 67.4952527623877 27.9469320774641 0 263 0
"264" 74.6385318672453 29.4909562474044 0 264 0
"265" 70.4619744406502 28.0328389608129 0 265 0
"266" 74.9409925342107 28.2160796358883 0 266 0
"267" 72.4024545931135 27.8374451380373 0 267 0
"268" 71.8488866304222 28.2811712762037 0 268 0
"269" 69.30403334711 29.2633221987312 0 269 0
"270" 73.2393901981059 29.0740199950954 0 270 0
"271" 72.8978268017025 28.7053169840167 0 271 0
"272" 65.9666376949228 28.263427950254 0 272 0
"273" 69.4505585833823 27.0328218414028 0 273 0
"274" 67.6646810391159 27.9461317609623 0 274 0
"275" 72.6167830468412 28.2697471334217 0 275 0
"276" 69.5353837604176 28.7018142092839 0 276 0
"277" 69.2592736095997 28.1404749633004 0 277 0
"278" 72.3625316661848 27.9254084641442 0 278 0
"279" 68.4820981732548 27.9580335133903 0 279 0
"280" 72.453141297097 27.5081133954546 0 280 0
"281" 72.2110154944745 30.0636513903422 0 281 0
"282" 69.889312894223 28.5689423625491 0 282 0
"283" 72.1798480074384 28.1700914586961 0 283 0
"284" 72.1186493811793 28.0824961546224 0 284 0
"285" 69.8416062916446 28.6830971312025 0 285 0
"286" 69.5540569126331 27.5790427541202 0 286 0
"287" 70.7686814054877 29.5367413563687 0 287 0
"288" 69.8805995476042 27.6321644459549 0 288 0
"289" 70.697129799523 27.3915132355951 0 289 0
"290" 70.6586141753615 27.7685191922254 0 290 0
"291" 72.6578183461231 28.7739424427986 0 291 0
"292" 76.1294235726454 29.5345498715328 0 292 0
"293" 74.3374641242782 28.3988595138726 0 293 0
"294" 69.4076865687698 29.5508488445482 0 294 0
"295" 72.6624753967342 28.6306592467438 0 295 0
"296" 64.7964661136774 27.4209786873023 0 296 0
"297" 73.9415941409262 27.7107714425585 0 297 0
"298" 70.0259184430682 27.9906418283759 0 298 0
"299" 73.5021414313357 28.2344984159492 0 299 0
"300" 69.5852226499459 27.4110121156417 0 300 0
"301" 72.6264565124013 27.522004499943 0 301 0
"302" 74.961035316046 28.6290357750513 0 302 0
"303" 69.4212271633099 29.3281259445095 0 303 0
"304" 71.6602005961506 26.6696301753218 0 304 0
"305" 69.6749054989929 28.3159127452632 0 305 0
"306" 71.3306625286983 27.2242259183207 0 306 0
"307" 72.486652324586 27.2028073624441 0 307 0
"308" 72.2480761888763 29.3014946893971 0 308 0
"309" 70.5706619736051 27.0938420935279 0 309 0
"310" 70.0377382677412 28.5452672090752 0 310 0
"311" 66.3356556286513 27.3627780911935 0 311 0
"312" 73.9796894672128 28.9007486135245 0 312 0
"313" 70.4789326020234 28.1861538643244 0 313 0
"314" 68.2800651183339 28.1163772261271 0 314 0
"315" 68.991405723916 28.5750218630877 0 315 0
"316" 70.0092185703753 26.7056557801916 0 316 0
"317" 71.6085769199865 27.9872763110527 0 317 0
"318" 71.1010068508147 28.9896299504224 0 318 0
"319" 70.8911114325357 28.7981275890071 0 319 0
"320" 68.0982078558966 28.4772986863906 0 320 0
"321" 71.3965135308859 28.4710025801732 0 321 0
"322" 69.8883171195216 28.7499577348843 0 322 0
"323" 68.2716699788522 27.4226525665782 0 323 0
"324" 73.5542057388223 29.7330433705402 0 324 0
"325" 72.4819475113672 27.6675409784849 0 325 0
"326" 68.5124960678282 27.5787265744757 0 326 0
"327" 71.4534978502412 26.9654972287357 0 327 0
"328" 69.755885223175 27.7637228529823 0 328 0
"329" 79.9728002181577 28.5104500069543 0 329 0
"330" 69.8158218793033 28.3260901347519 0 330 0
"331" 66.1658188846876 28.1944977221026 0 331 0
"332" 67.969190255958 28.070406243875 0 332 0
"333" 72.1425677790172 27.644956667295 0 333 0
"334" 76.2438779869645 28.8988809178612 0 334 0
"335" 71.8889792079308 28.0334104020624 0 335 0
"336" 71.5581634581744 28.0814052372075 0 336 0
"337" 73.1633889182161 27.8427346736712 0 337 0
"338" 70.5955018616538 28.1284732871145 0 338 0
"339" 73.1055321310548 27.6602388550125 0 339 0
"340" 73.9991865534484 27.178787243377 0 340 0
"341" 76.3417746062563 28.7075570300649 0 341 0
"342" 75.123436263862 28.7934259033684 0 342 0
"343" 68.3676614216602 27.5947669656506 0 343 0
"344" 72.8956864942847 27.8705623921337 0 344 0
"345" 73.419790791336 28.5785131945335 0 345 0
"346" 70.8157979035244 28.0664777680796 0 346 0
"347" 65.9815647541048 27.7812323371905 0 347 0
"348" 72.2383032870255 27.5811494300576 0 348 0
"349" 78.8955662554063 28.5970256688201 0 349 0
"350" 69.6373085986788 27.0407259228824 0 350 0
"351" 71.3079751362467 28.8462544192355 0 351 0
"352" 74.1506769993561 29.194556078531 0 352 0
"353" 72.9377473053257 28.484754210335 0 353 0
"354" 70.2239212309116 28.0267805106229 0 354 0
"355" 70.681235429917 26.5580411285568 0 355 0
"356" 71.3635140141009 29.2704340687238 0 356 0
"357" 69.9618508746914 28.9678020609212 0 357 0
"358" 71.840991032469 28.0721017424966 0 358 0
"359" 71.1654829177198 28.9376073790827 0 359 0
"360" 72.6106468704077 28.8998747118658 0 360 0
"361" 70.6683983296613 29.391005648295 0 361 0
"362" 73.7417621718675 26.4083077067235 0 362 0
"363" 67.2586983350296 27.4640335943762 0 363 0
"364" 71.1194330762618 28.4957358574825 0 364 0
"365" 72.4244104467267 28.9285521178977 0 365 0
"366" 69.4797820488281 27.6251364170449 0 366 0
"367" 68.7907180099968 27.0403589352962 0 367 0
"368" 71.0936666482354 29.3719855250634 0 368 0
"369" 67.8363005884374 28.2042163549138 0 369 0
"370" 72.660648242905 28.2399844555656 0 370 0
"371" 71.9927900578424 28.5669617904837 0 371 0
"372" 68.6103365221986 29.4455995159356 0 372 0
"373" 69.8240226544806 27.6966467320443 0 373 0
"374" 71.4417304929508 27.9266104257534 0 374 0
"375" 69.0580240563043 29.0915561774816 0 375 0
"376" 71.977598221296 27.2049918548695 0 376 0
"377" 72.1068161161434 28.2028659488824 0 377 0
"378" 68.8094701539734 29.1882064742943 0 378 0
"379" 69.7923220447867 28.2655207559033 0 379 0
"380" 71.5746306172299 29.1392450155761 0 380 0
"381" 71.4145887923905 28.8667974182421 0 381 0
"382" 69.8910123403085 28.9519170933335 0 382 0
"383" 65.3665099884023 29.109076109205 0 383 0
"384" 67.5521951927221 28.1555509198881 0 384 0
"385" 69.6698903111195 28.4923455336066 0 385 0
"386" 70.3808344424062 27.3702350919513 0 386 0
"387" 71.8521058210886 27.8264195493867 0 387 0
"388" 66.8220679599632 29.0785355386184 0 388 0
"389" 69.9884631256502 29.141585852254 0 389 0
"390" 70.7699808634848 27.8279480874838 0 390 0
"391" 67.6668194394281 29.2234232831752 0 391 0
"392" 71.7613373458669 28.3376858372816 0 392 0
"393" 72.4747342963014 28.2149410862281 0 393 0
"394" 81.9507059721763 148.888355542418 0 394 0
"395" 78.4380351709553 145.962129387815 0 395 0
"396" 79.5982753926522 151.814321271224 0 396 0
"397" 78.7509483903624 155.141930190181 0 397 0
"398" 76.5396605268219 143.969355732208 0 398 0
"399" 80.2124777729596 155.059783978719 0 399 0
"400" 78.6516750791581 146.533652536822 0 400 0
"401" 77.1235774802665 145.904186002082 0 401 0
"402" 79.0810788025938 155.029138118132 0 402 0
"403" 80.2219637053411 153.737377216453 0 403 0
"404" 80.1083705008453 152.922996660475 0 404 0
"405" 79.6331268149973 148.912714704148 0 405 0
"406" 79.2615289884904 150.855428399299 0 406 0
"407" 76.1523869173716 150.476448160355 0 407 0
"408" 79.7596993414545 146.339995733099 0 408 0
"409" 78.2812376161427 144.703786379715 0 409 0
"410" 79.8034201433444 154.887566751262 0 410 0
"411" 78.8191387112916 144.421337861996 0 411 0
"412" 79.039713104422 149.511248511302 0 412 0
"413" 80.809286076541 140.980848454615 0 413 0
"414" 81.1027073494361 152.054440250122 0 414 0
"415" 82.277440962179 146.08759966457 0 415 0
"416" 80.71508454915 142.428483201482 0 416 0
"417" 78.8563768286804 153.814149302517 0 417 0
"418" 78.2620350921219 150.065916084972 0 418 0
"419" 79.3308818375487 155.513770756687 0 419 0
"420" 78.5486348440539 146.618248128429 0 420 0
"421" 79.2832650703091 151.816253151873 0 421 0
"422" 80.9607674638611 149.275037611052 0 422 0
"423" 76.6099648510001 152.797447221871 0 423 0
"424" 77.3785503572216 147.778442809238 0 424 0
"425" 79.2452335184717 147.992555142859 0 425 0
"426" 77.9693117625739 152.328675008258 0 426 0
"427" 77.9724392807728 139.711778820656 0 427 0
"428" 80.6918344811553 147.255012809362 0 428 0
"429" 78.0236157720472 150.769890749653 0 429 0
"430" 82.33315385575 144.900860772026 0 430 0
"431" 79.1121059481292 148.800240001029 0 431 0
"432" 78.1305378816482 150.416063336172 0 432 0
"433" 76.7774849855614 151.086716282174 0 433 0
"434" 82.0969595198746 153.94003963309 0 434 0
"435" 77.4192845982324 153.946536413761 0 435 0
"436" 80.2822412547226 153.693573270316 0 436 0
"437" 80.5048365679697 144.813196758602 0 437 0
"438" 77.8707389707638 145.293557137975 0 438 0
"439" 79.52968731333 151.025465278261 0 439 0
"440" 79.8962182643216 149.980303775612 0 440 0
"441" 78.8705093843877 154.989194256699 0 441 0
"442" 79.3878277253863 153.601803120513 0 442 0
"443" 78.9287191916914 155.311693828168 0 443 0
"444" 77.6410897047578 152.505784371481 0 444 0
"445" 78.1924965113023 147.846743826122 0 445 0
"446" 77.9793923232688 144.858326846628 0 446 0
"447" 78.0709327695838 145.61777411309 0 447 0
"448" 77.6350430326353 145.913564692975 0 448 0
"449" 78.8333919387016 148.222435974606 0 449 0
"450" 80.1194916025176 149.455871450498 0 450 0
"451" 77.9759115196498 151.560603552263 0 451 0
"452" 79.2200235218547 154.111516269416 0 452 0
"453" 82.0918880273543 145.283548505319 0 453 0
"454" 80.339699915488 155.278049309181 0 454 0
"455" 77.2845639631472 151.871290073079 0 455 0
"456" 78.1751887476559 156.821840294019 0 456 0
"457" 77.0983332524951 157.558108791923 0 457 0
"458" 80.2893637206806 146.679505595248 0 458 0
"459" 80.9634861838675 148.753462359446 0 459 0
"460" 81.8917729217189 154.076456292324 0 460 0
"461" 80.5317488122064 158.075128091668 0 461 0
"462" 78.444560738469 153.492914427343 0 462 0
"463" 80.4541850509642 159.498815698329 0 463 0
"464" 81.4290681940147 156.593481173515 0 464 0
"465" 84.5876430311155 150.712371008015 0 465 0
"466" 79.566674630192 152.214846883417 0 466 0
"467" 78.9134990004635 147.720895075845 0 467 0
"468" 79.477104079482 153.797195397674 0 468 0
"469" 79.426382037215 148.984369330472 0 469 0
"470" 73.4482328974685 155.649358010132 0 470 0
"471" 80.4462432332739 156.296561527534 0 471 0
"472" 78.2743227609996 148.376719430473 0 472 0
"473" 77.5829297999209 158.213432001736 0 473 0
"474" 78.2478736299313 148.056676213262 0 474 0
"475" 82.0595686653607 151.544382008369 0 475 0
"476" 82.6961844229553 148.67940824265 0 476 0
"477" 81.5902505089794 155.883579539601 0 477 0
"478" 80.4951556921517 142.340422716762 0 478 0
"479" 77.6825002429493 148.415750321842 0 479 0
"480" 82.8003806032408 151.289374046513 0 480 0
"481" 80.326926202954 154.992684189178 0 481 0
"482" 76.3333918842647 149.90254832057 0 482 0
"483" 78.3047763389607 153.232131911051 0 483 0
"484" 79.0202393085292 152.716952238881 0 484 0
"485" 79.4926521167595 146.808391713226 0 485 0
"486" 78.9312820265897 157.414159129056 0 486 0
"487" 80.8437601451862 154.421445474162 0 487 0
"488" 79.4262806371564 144.809698693165 0 488 0
"489" 81.3119405753579 137.905350864785 0 489 0
"490" 79.1285776814442 151.161576805309 0 490 0
"491" 81.0344814000353 163.638986007113 0 491 0
"492" 79.0948390463973 151.868115390524 0 492 0
"493" 81.2836098201966 155.022967583725 0 493 0
"494" 78.4392321665994 148.278141706971 0 494 0
"495" 79.2029047313021 155.528505250231 0 495 0
"496" 77.8190955807821 152.297902172677 0 496 0
"497" 73.9054049920082 147.99641824774 0 497 0
"498" 79.7945087722839 149.211789218163 0 498 0
"499" 82.5359305193014 140.75969571209 0 499 0
"500" 79.6402062172512 142.490307399128 0 500 0
"501" 80.3681403983121 138.509874525334 0 501 0
"502" 77.6830273571355 145.441045724294 0 502 0
"503" 76.8915891394016 154.860223579991 0 503 0
"504" 78.4091806319755 155.514494631737 0 504 0
"505" 78.6145033688366 146.830855924308 0 505 0
"506" 80.7172443544682 154.47528254888 0 506 0
"507" 81.6523472349824 152.905767507917 0 507 0
"508" 79.7900568039376 145.205256694477 0 508 0
"509" 80.4287563242437 150.583763315664 0 509 0
"510" 79.4498264704108 152.923979773853 0 510 0
"511" 78.1879542284479 146.112886764619 0 511 0
"512" 81.8226954308735 145.837944269246 0 512 0
"513" 81.5794524439282 143.98321617481 0 513 0
"514" 78.5824817225393 151.301242841734 0 514 0
"515" 79.4576167753118 150.858308300212 0 515 0
"516" 79.1380298415563 149.232465846867 0 516 0
"517" 83.6435084194054 147.96459976344 0 517 0
"518" 78.0766314345147 152.131564150165 0 518 0
"519" 80.9555518532695 141.758063687168 0 519 0
"520" 78.960773247255 146.837342457064 0 520 0
"521" 77.8594224260554 147.48442434527 0 521 0
"522" 79.1686236708541 147.671852071573 0 522 0
"523" 79.2825961479956 143.167701009758 0 523 0
"524" 77.2386205217421 145.511054418607 0 524 0
"525" 79.9567078813301 150.283836702054 1 525 0
"526" 80.9083052467626 151.752551262337 0 526 0
"527" 77.2130699604535 149.231478661802 0 527 0
"528" 80.8398808205673 150.742593212921 0 528 0
"529" 79.6246175215116 144.223829289224 0 529 0
"530" 80.980450474362 156.276244018917 0 530 0
"531" 78.3305844343833 140.923361427673 0 531 0
"532" 75.6481032307636 150.783468548871 0 532 0
"533" 77.8020200320684 148.433920700296 0 533 0
"534" 77.2945415206012 147.851109379066 0 534 0
"535" 80.977228795048 152.206321874589 0 535 0
"536" 78.6957491340798 156.767945709172 0 536 0
"537" 79.0038526869095 157.111893558183 0 537 0
"538" 79.6292050936692 157.318399038765 0 538 0
"539" 80.4772829870617 150.062000038048 0 539 0
"540" 77.4245645679371 160.04952470808 0 540 0
"541" 81.1670384348092 151.638714793475 0 541 0
"542" 78.8019355647214 155.471494895397 0 542 0
"543" 78.0662525273562 150.564713470474 0 543 0
"544" 79.5670949853915 147.800676024455 0 544 0
"545" 79.7427434493621 147.191297616177 0 545 0
"546" 81.3015168243576 149.079625299743 0 546 0
"547" 81.50989325424 147.906140055233 0 547 0
"548" 77.8748878093195 157.597899081478 0 548 0
"549" 80.3650450836307 149.46149879411 0 549 0
"550" 81.6966091211777 157.077970753069 0 550 0
"551" 81.4573049243776 156.380511955742 0 551 0
"552" 80.7824831643972 151.33748398512 0 552 0
"553" 79.0598266937054 143.135502738191 0 553 0
"554" 75.8544587218774 155.50802449209 0 554 0
"555" 81.9148827340908 151.482192668329 0 555 0
"556" 79.2052487786115 144.744008121729 0 556 0
"557" 81.4363301187194 144.821595262711 0 557 0
"558" 82.5871336597806 150.763377326934 0 558 0
"559" 76.3953216575375 156.837109944826 0 559 0
"560" 79.1831150509633 151.54324707138 0 560 0
"561" 81.9722754832378 154.122373516784 0 561 0
"562" 78.0764409448576 158.914074320402 0 562 0
"563" 77.6406434233665 152.799023427277 0 563 0
"564" 81.4907361370834 153.459345530703 0 564 0
"565" 78.5422782152364 156.9993549359 0 565 0
"566" 78.2442134595823 152.589538713461 0 566 0
"567" 79.5899535877404 145.665982972506 0 567 0
"568" 78.4156473904367 148.045440282513 0 568 0
"569" 82.5625544766637 148.037250227532 0 569 0
"570" 80.5526165760254 151.116018514624 0 570 0
"571" 82.5377230664416 149.786453054247 0 571 0
"572" 82.1824537387073 149.139937532704 0 572 0
"573" 81.6161936639527 148.527942660894 0 573 0
"574" 75.7822694007206 155.209570691592 0 574 0
"575" 79.9100782540949 155.970098831811 0 575 0
"576" 78.6375045144598 144.881754506016 0 576 0
"577" 77.0218007762022 146.143297479121 0 577 0
"578" 79.3978706023126 149.280005653241 0 578 0
"579" 79.3804800135937 152.892949865575 0 579 0
"580" 77.297443531071 145.056620731468 0 580 0
"581" 76.5746771288386 153.795498098968 0 581 0
"582" 79.6667869255491 151.453746185014 0 582 0
"583" 79.8818922108299 143.175362307593 0 583 0
"584" 78.0723606152009 148.795495370244 0 584 0
"585" 76.761954936935 156.206007490595 0 585 0
"586" 81.7107352190713 147.397064840978 0 586 0
"587" 78.213654027997 151.42914440572 0 587 0
"588" 78.853701932676 144.117702605367 0 588 0
"589" 81.4301601197288 146.443495394489 0 589 0
"590" 75.473842876297 144.900319005397 0 590 0
"591" 83.7816913719532 142.461950126643 0 591 0
"592" 76.1349457924523 147.000637810773 0 592 0
"593" 80.5881055019098 143.91828704431 0 593 0
"594" 79.2270646897977 151.702939101133 0 594 0
"595" 82.7573425230482 146.543421063546 0 595 0
"596" 77.6593215014426 147.007220949933 0 596 0
"597" 78.8424927298082 148.007019672937 0 597 0
"598" 78.9479220171788 155.673237609133 0 598 0
"599" 76.981734266716 149.677355148082 0 599 0
"600" 81.062659838883 145.161879415536 0 600 0
"601" 82.4026725781962 144.634671362498 0 601 0
"602" 81.302203028481 149.323734295035 0 602 0
"603" 80.4435595865582 153.141766926998 0 603 0
"604" 79.4099507350259 153.1887402501 0 604 0
"605" 85.2417415432485 153.411035365099 0 605 0
"606" 78.3988680498382 145.007892120887 0 606 0
"607" 75.5565059833013 150.126719942907 0 607 0
"608" 78.9067368654729 158.620669521558 0 608 0
"609" 78.9509889448621 150.887407643832 0 609 0
"610" 79.4364697718615 149.285570980311 0 610 0
"611" 81.2648354758473 142.362429590655 0 611 0
"612" 77.5984548815149 152.005974783486 0 612 0
"613" 80.8337132844295 153.003394300154 0 613 0
"614" 77.8725721908058 146.977934172867 0 614 0
"615" 78.3312397833501 153.608614920324 0 615 0
"616" 78.6557603935647 148.596433075668 0 616 0
"617" 79.0609640850635 151.611238552534 0 617 0
"618" 78.0436285818973 152.868746548936 0 618 0
"619" 81.6399265890198 152.122362208068 0 619 0
"620" 80.5984018309269 148.651231975412 0 620 0
"621" 76.0002695142136 150.334614674521 0 621 0
"622" 79.677787314156 144.934989709002 0 622 0
"623" 80.9954900880248 148.810147135962 0 623 0
"624" 80.7028547128756 145.873471098491 0 624 0
"625" 79.9140930943555 143.763039456434 0 625 0
"626" 80.4047843929839 149.28338388868 0 626 0
"627" 78.7814637328305 149.830393581659 0 627 0
"628" 80.3989326723748 149.675368423721 0 628 0
"629" 79.1131477343749 152.135127477212 0 629 0
"630" 76.7423058330437 154.492664421386 0 630 0
"631" 79.1417639700614 151.24771761788 0 631 0
"632" 77.1348338970409 142.296917875138 0 632 0
"633" 77.8857299537529 147.970895050734 0 633 0
"634" 79.4318260525149 147.247691959425 0 634 0
"635" 79.876160787494 148.594183711946 0 635 0
"636" 79.8943068386583 154.151485009773 0 636 0
"637" 77.258684210028 147.302097052279 0 637 0
"638" 77.4112565052094 152.98662765614 0 638 0
"639" 76.8945408719969 158.745285379899 0 639 0
"640" 77.2917832254653 146.154398979983 0 640 0
"641" 79.974616470782 146.636995782536 0 641 0
"642" 76.5624504166124 153.590627698817 0 642 0
"643" 81.8703323528008 147.351180360784 0 643 0
"644" 77.1730666298714 149.570746447833 0 644 0
"645" 81.7390981724608 150.886496017271 0 645 0
"646" 80.1912510477774 147.406816004123 0 646 0
"647" 75.3914568115857 149.441739248976 0 647 0
"648" 80.2165870010377 154.958809653392 0 648 0
"649" 77.2414680573336 157.486671512294 0 649 0
"650" 79.9529135348656 154.53202154322 0 650 0
"651" 78.3940411463162 150.596861118201 0 651 0
"652" 73.483634834181 145.011630173284 0 652 0
"653" 82.1100781555998 163.66878618544 0 653 0
"654" 79.6524575760779 144.346257772719 0 654 0
"655" 78.8469579855152 144.399405001234 0 655 0
"656" 77.1539860722617 143.246149620307 0 656 0
"657" 78.7905326607155 147.86793314611 0 657 0
"658" 78.462164711817 151.882577758829 0 658 0
"659" 75.8855814680481 154.74758326526 0 659 0
"660" 82.0609461889265 150.158490240787 0 660 0
"661" 78.2497263045477 153.546147530923 0 661 0
"662" 77.4373605255728 148.133333190552 0 662 0
"663" 76.1863634277938 149.948396408428 0 663 0
"664" 79.6509023143133 148.16202368473 0 664 0
"665" 78.926910791869 152.407077178637 0 665 0
"666" 82.1506998897075 154.37011373693 0 666 0
"667" 77.3482472660938 145.654312657713 0 667 0
"668" 79.9450397652843 160.115923453809 0 668 0
"669" 79.3948696861171 149.132914783125 0 669 0
"670" 73.9600590856166 153.595714333335 0 670 0
"671" 75.375023415942 153.960182073798 0 671 0
"672" 82.6407689567917 144.124893633971 0 672 0
"673" 84.100671767372 150.085052513842 0 673 0
"674" 80.4058359022171 153.742583556553 0 674 0
"675" 78.4604159221168 142.89506070883 0 675 0
"676" 76.5026863726716 153.127408274917 0 676 0
"677" 79.7201283293471 152.56409285154 0 677 0
"678" 79.6761258378582 150.70490889601 0 678 0
"679" 79.9027729443243 147.991287763456 0 679 0
"680" 78.9617987919576 159.090419532334 0 680 0
"681" 76.1673882540785 141.711608885318 0 681 0
"682" 83.044582720502 151.716035246911 0 682 0
"683" 81.0018115974308 151.115487570451 0 683 0
"684" 79.0618602678203 141.901566169399 0 684 0
"685" 80.4609884390817 140.762345599111 0 685 0
"686" 78.3528269348394 138.512430674845 0 686 0
"687" 79.9615704861441 148.485050025989 0 687 0
"688" 78.0811616633915 155.318808524579 0 688 0
"689" 75.2314862061207 155.196514284434 0 689 0
"690" 80.0508217570731 153.751669181822 0 690 0
"691" 76.5854852990591 149.530029665271 0 691 0
"692" 79.3677453992313 147.949436723092 0 692 0
"693" 81.0506378007913 149.926224671802 0 693 0
"694" 74.3525859792837 145.723863537117 0 694 0
"695" 78.7794844394035 153.389503802732 0 695 0
"696" 78.2554193193606 151.34047441513 0 696 0
"697" 80.328505589194 143.065268167067 0 697 0
"698" 78.3929191219463 146.591523235021 0 698 0
"699" 79.9415518089054 148.966395261406 0 699 0
"700" 78.4831816339217 154.302496808058 0 700 0
"701" 79.5729600060053 149.210149168801 0 701 0
"702" 78.536620415669 148.104625966911 0 702 0
"703" 80.5968387122324 147.560311183642 0 703 0
"704" 78.1637563332543 147.250614261755 0 704 0
"705" 75.6748307732483 155.380551710829 0 705 0
"706" 80.0971857674049 140.867241690429 0 706 0
"707" 77.7419813157885 159.582259289459 0 707 0
"708" 77.4057885627089 145.278027095408 0 708 0
"709" 80.9325394184499 147.335775719133 0 709 0
"710" 80.727598240998 143.727746767476 0 710 0
"711" 78.5257366716376 153.15385241812 0 711 0
"712" 81.588047102778 145.390775167169 0 712 0
"713" 80.8609185665411 148.298441872592 0 713 0
"714" 78.027432189497 156.412273075146 0 714 0
"715" 79.6908109087987 157.471834254409 0 715 0
"716" 78.2767282157746 145.436869321189 0 716 0
"717" 78.0965915887698 144.947333421215 0 717 0
"718" 78.50188102083 146.468427647767 0 718 0
"719" 79.2083112859055 145.595950578235 0 719 0
"720" 76.0499664911425 151.683263419855 0 720 0
"721" 77.6631688812032 149.319079895048 0 721 0
"722" 83.4838782432729 159.525107107941 0 722 0
"723" 78.6757114047892 141.988178205457 0 723 0
"724" 83.2789846979807 145.79422344216 0 724 0
"725" 77.1741672343871 144.007297209137 0 725 0
"726" 80.1307992281917 147.845362301166 0 726 0
"727" 76.1752003453665 145.816279702817 0 727 0
"728" 82.0653577847946 146.394639674193 0 728 0
"729" 77.0747293969005 145.823963203462 0 729 0
"730" 79.7478439478002 148.725748702951 0 730 0
"731" 81.0572582246925 142.736325496145 0 731 0
"732" 80.0191439557983 148.583206599474 0 732 0
"733" 81.4001488572786 149.142459901124 0 733 0
"734" 77.8369613390476 142.715328999423 0 734 0
"735" 82.4994852232589 148.648945351009 0 735 0
"736" 79.4594021580217 146.348733699739 0 736 0
"737" 76.6541945412187 151.944554671375 0 737 0
"738" 80.5433157249291 147.339746356203 0 738 0
"739" 80.5279487371972 146.907839425523 0 739 0
"740" 77.401329692861 148.814529513761 0 740 0
"741" 80.408601706051 149.252143266287 0 741 0
"742" 76.4784864784797 152.411031382353 0 742 0
"743" 81.318149556931 151.397539755049 0 743 0
"744" 77.6502421612872 146.738469064985 0 744 0
"745" 80.2676679881958 147.607430051543 0 745 0
"746" 77.3780346704249 149.678976753658 0 746 0
"747" 79.0231218347987 144.795118147595 0 747 0
"748" 80.1467441921783 148.404869172394 0 748 0
"749" 76.6155645226286 159.948145358441 0 749 0
"750" 78.0488436420113 151.819098888117 0 750 0
"751" 81.7507715543257 148.41754993872 0 751 0
"752" 79.7046852893094 148.002414618276 0 752 0
"753" 80.5494897503528 148.897542806596 0 753 0
"754" 76.123312372033 147.274567668445 0 754 0
"755" 79.4177933386525 146.107771184935 0 755 0
"756" 79.2670472710921 152.095313880971 0 756 0
"757" 77.0722799673732 151.320752466958 0 757 0
"758" 79.0371251273445 147.69754052838 0 758 0
"759" 78.2791096965821 150.11823743176 0 759 0
"760" 79.2546760540854 150.136391795779 0 760 0
"761" 75.5046030025755 154.321516891654 0 761 0
"762" 80.2659959571768 152.688096407577 0 762 0
"763" 145.855027011623 9.62621608769146 0 763 0
"764" 149.835651587733 16.7167764100371 0 764 0
"765" 147.074907574135 12.4695541498765 0 765 0
"766" 148.987326337855 9.9008014414252 0 766 0
"767" 147.590816057113 7.73807390714981 0 767 0
"768" 147.797105199443 3.39423230425905 0 768 0
"769" 144.83429414864 13.6704746253379 0 769 0
"770" 149.958337456864 10.5920849216572 0 770 0
"771" 147.126980173449 18.513052949833 0 771 0
"772" 148.078416942711 0.726330326578257 0 772 0
"773" 150.016021854298 1.90623860495911 0 773 0
"774" 143.410583279022 12.3861840220984 0 774 0
"775" 143.870009998963 4.67009413871214 0 775 0
"776" 146.239952153178 6.72701452605238 0 776 0
"777" 141.892537558471 6.26508072329861 0 777 0
"778" 142.985971542174 19.2256469181291 0 778 0
"779" 145.406809405681 9.8005766146842 0 779 0
"780" 149.096263018045 4.56785250719176 0 780 0
"781" 147.505702878598 10.1224037612804 0 781 0
"782" 148.12039727334 9.76852201707078 0 782 0
"783" 149.12555764932 10.0375937041422 0 783 0
"784" 147.914682966485 18.7128701903311 0 784 0
"785" 146.83183700994 16.4445366276229 0 785 0
"786" 148.704169010817 -1.41498824297384 0 786 0
"787" 150.04202442257 11.0025513934649 0 787 0
"788" 149.873819763392 2.25523156780488 0 788 0
"789" 148.644054163556 8.17951651209578 0 789 0
"790" 150.620769973038 4.60103803047503 0 790 0
"791" 145.16678147572 15.031465272989 0 791 0
"792" 151.676353739525 7.44951271953063 0 792 0
"793" 151.900202486837 7.24994493627726 0 793 0
"794" 150.564182175736 1.4872161140412 0 794 0
"795" 152.867132658045 11.2329845849342 0 795 0
"796" 153.643225276408 7.57708765554817 0 796 0
"797" 143.269575713754 2.56771548777157 0 797 0
"798" 146.312442229331 9.86296614850461 0 798 0
"799" 147.223889164942 14.0928452209095 0 799 0
"800" 146.663986978566 4.95198466823562 0 800 0
"801" 141.473366100786 12.9134141931637 0 801 0
"802" 149.798442310835 12.0491276163038 0 802 0
"803" 148.862065329872 7.15065031531091 0 803 0
"804" 147.368835524522 -2.93330381706451 0 804 0
"805" 153.531121579894 8.58451185354929 0 805 0
"806" 143.326286447414 13.0696051064957 0 806 0
"807" 147.315153137086 13.7366047778558 0 807 0
"808" 151.282985936959 9.9234261572981 0 808 0
"809" 146.917213955967 12.8098841438383 0 809 0
"810" 144.665424965567 11.2030998921822 0 810 0
"811" 149.906427123775 14.3791328851028 0 811 0
"812" 145.527175188661 3.75311983383961 0 812 0
"813" 145.940230909586 4.42004011903658 0 813 0
"814" 148.951842275828 15.130005475184 0 814 0
"815" 146.573461470823 8.56179154823975 0 815 0
"816" 149.805506729255 7.13474717797879 0 816 0
"817" 152.02731481843 13.3352915907971 0 817 0
"818" 153.040782315307 9.86576446870301 0 818 0
"819" 146.956963318343 6.61680973777102 0 819 0
"820" 145.10096996161 9.33092945783868 0 820 0
"821" 145.230756443165 12.9579317254875 0 821 0
"822" 148.978211152972 18.2514826712337 0 822 0
"823" 144.04809369833 11.5551313703545 0 823 0
"824" 146.27621277144 5.09087753315823 0 824 0
"825" 145.038552554694 4.25883738666151 0 825 0
"826" 149.630328070884 13.0852188822546 0 826 0
"827" 146.53551138956 9.60799169498923 0 827 0
"828" 147.871263220507 16.8304163430712 0 828 0
"829" 149.69027949689 12.9465560895822 0 829 0
"830" 144.911223719837 8.79010018962688 0 830 0
"831" 149.495276604922 1.86413395091428 0 831 0
"832" 145.341421710217 8.37489101056422 0 832 0
"833" 141.366330875911 14.5927807067659 0 833 0
"834" 148.421194415697 0.630556240740503 0 834 0
"835" 150.302423837541 6.02488755999288 0 835 0
"836" 147.624765026735 11.469339324109 0 836 0
"837" 148.565958924411 6.38891933538543 0 837 0
"838" 143.237504953883 6.57301133067952 0 838 0
"839" 145.81957392719 4.33739522120543 0 839 0
"840" 146.2854357281 9.16576247587632 0 840 0
"841" 144.044450877312 6.0817574479872 0 841 0
"842" 150.068591180428 13.0542403596515 0 842 0
"843" 144.444979310363 -1.44679965147648 0 843 0
"844" 145.265257720171 15.8686051626795 0 844 0
"845" 150.81586902509 8.88975157494665 0 845 0
"846" 146.044457913989 10.4124326813771 0 846 0
"847" 147.712431884041 10.2035365295368 0 847 0
"848" 143.220050378132 9.61689864889782 0 848 0
"849" 143.195451711704 13.5218512180821 0 849 0
"850" 147.252575408848 8.60302545087765 0 850 0
"851" 146.661171575261 5.3859772834532 0 851 0
"852" 152.724156122056 12.9970553170506 0 852 0
"853" 151.024387110568 9.15965777671555 0 853 0
"854" 150.466096847087 10.9014084765396 0 854 0
"855" 147.962707932266 12.5554327723534 0 855 0
"856" 147.749939078044 4.51132474395215 0 856 0
"857" 153.528622578371 8.39449659854587 0 857 0
"858" 150.443461846622 7.23655354661609 0 858 0
"859" 150.264055964219 7.93960988580344 0 859 0
"860" 147.126278724878 3.79589834007712 0 860 0
"861" 143.734305420843 8.78069136209092 0 861 0
"862" 150.82142429401 5.23212900202122 0 862 0
"863" 147.875015333748 13.2033828154803 0 863 0
"864" 152.827130849761 3.0580788290902 0 864 0
"865" 147.998908014555 12.0676614700729 0 865 0
"866" 153.531470028053 10.4268703362563 0 866 0
"867" 149.70543373547 7.66957887273836 0 867 0
"868" 147.822290464161 18.774203095468 0 868 0
"869" 151.089006954071 9.13045827773401 0 869 0
"870" 145.443540706448 6.05989560830173 0 870 0
"871" 147.207256911333 2.98721739603418 0 871 0
"872" 145.309825662228 -3.41616438766445 0 872 0
"873" 146.54704593174 22.6533293645446 0 873 0
"874" 142.904045484643 13.2261678956564 0 874 0
"875" 144.771795349191 8.88433470583626 0 875 0
"876" 147.535459462642 12.1482721205069 0 876 0
"877" 147.798838760652 11.3537933565887 0 877 0
"878" 149.463969924074 11.0901959727524 0 878 0
"879" 144.98631153519 16.2152608411077 0 879 0
"880" 147.664229670826 7.65885812516049 0 880 0
"881" 146.142472303274 14.2908654706982 0 881 0
"882" 146.934470358493 7.46003881113028 0 882 0
"883" 155.804115683603 8.68141895433228 0 883 0
"884" 144.609497705946 15.7294049695988 0 884 0
"885" 145.599500108302 11.2568223009599 0 885 0
"886" 146.855724849467 9.46110365634834 0 886 0
"887" 150.412013283748 18.8573180836032 0 887 0
"888" 152.411564403149 11.1977695312681 0 888 0
"889" 149.643315612917 11.6101501649153 0 889 0
"890" 146.085529470681 10.8152534556472 0 890 0
"891" 145.143202277166 12.7340097605224 0 891 0
"892" 144.78940586448 6.21138827619824 0 892 0
"893" 144.177943276714 0.872899691688744 0 893 0
"894" 145.409834604699 7.77900685638179 0 894 0
"895" 148.953478025567 21.3521898474271 0 895 0
"896" 149.308974365506 1.0378484442795 0 896 0
"897" 143.067017021754 5.61922694506328 0 897 0
"898" 145.930285551145 8.91808349000554 0 898 0
"899" 149.173996386021 10.8849807543312 0 899 0
"900" 146.551774104902 14.2602043915261 0 900 0
"901" 149.122106650204 12.9511186287402 0 901 0
"902" 145.260271109528 8.79372744936437 0 902 0
"903" 151.746535677716 8.94735126696739 0 903 0
"904" 151.241856544778 6.49903636259053 0 904 0
"905" 148.635875038957 15.292764939801 0 905 0
"906" 141.42042046399 1.98756645622776 0 906 0
"907" 143.820096435063 10.0219261802916 0 907 0
"908" 140.16053345921 14.0450391567316 0 908 0
"909" 146.419537472054 17.0531090600174 0 909 0
"910" 143.261285894903 11.3426547460241 0 910 0
"911" 148.233748480231 6.75190589929442 0 911 0
"912" 144.955095599006 4.7074817304174 0 912 0
"913" 149.086022793696 6.28215371436392 0 913 0
"914" 149.839282543158 9.90227688692474 0 914 0
"915" 146.119274710629 7.63712966134372 0 915 0
"916" 151.35232426694 12.4919881074868 0 916 0
"917" 148.329930642028 13.7331163993352 0 917 0
"918" 145.937174124368 9.91732237611031 0 918 0
"919" 151.850382626805 3.03966797978545 0 919 0
"920" 147.533200713264 4.8641003721574 0 920 0
"921" 145.808327856868 12.1008291938699 0 921 0
"922" 144.99005045467 -1.163910557456 0 922 0
"923" 144.414164597049 3.99152930297171 0 923 0
"924" 143.513351539721 8.70141671234433 0 924 0
"925" 151.371828103738 10.5058257140066 0 925 0
"926" 142.706199579522 13.2336613680839 0 926 0
"927" 145.955169521737 8.09013293654811 0 927 0
"928" 151.324703893518 5.49035298469035 0 928 0
"929" 145.291790565629 3.05630858316543 0 929 0
"930" 146.484671213594 5.22906995881957 0 930 0
"931" 150.898394896896 10.7769627154128 0 931 0
"932" 150.333624594685 14.2980817125382 0 932 0
"933" 147.641392013636 7.24641571479179 0 933 0
"934" 149.243347526893 8.45435251271232 0 934 0
"935" 146.887192162012 8.95012960136112 0 935 0
"936" 142.951006099103 16.8294265315563 0 936 0
"937" 145.509709336866 15.6588862600656 0 937 0
"938" 145.31061570715 8.5250607953099 0 938 0
"939" 144.233990809553 13.2207767981639 0 939 0
"940" 149.490870156292 3.9852524512998 0 940 0
"941" 145.719994597903 19.3397946445353 0 941 0
"942" 142.056152877174 8.93734932788687 0 942 0
"943" 147.442269258807 12.671090969852 0 943 0
"944" 147.884275469743 3.68215361081887 0 944 0
"945" 150.490554824636 14.6932512044671 0 945 0
"946" 149.800338143797 1.33700659287049 0 946 0
"947" 155.316174131437 13.3139070392256 0 947 0
"948" 151.297607730919 5.19975923328706 0 948 0
"949" 149.756845237515 1.95837864341965 0 949 0
"950" 147.187312062732 0.798642799240652 0 950 0
"951" 149.917257222784 10.1491184006463 0 951 0
"952" 148.342259937382 8.24864082972783 0 952 0
"953" 150.105408320378 15.522399232172 0 953 0
"954" 147.574980573761 17.3611732661793 0 954 0
"955" 147.606480547369 11.0376668266416 0 955 0
"956" 146.642893698487 4.18801876322658 0 956 0
"957" 145.045186231034 4.82105972394822 0 957 0
"958" 146.210700320708 6.98329961105243 0 958 0
"959" 150.063240709239 0.965299957763046 0 959 0
"960" 146.858426564664 10.3249410438176 0 960 0
"961" 150.206040349744 1.82657130742662 0 961 0
"962" 144.105667104736 10.6141092185307 0 962 0
"963" 151.669153973433 6.39268729651731 0 963 0
"964" 143.151660187124 8.33819171265444 0 964 0
"965" 148.04786547976 14.5360332852643 0 965 0
"966" 147.287018788192 9.01499430507982 0 966 0
"967" 149.455201142721 6.52033337031052 0 967 0
"968" 142.820769649874 3.74890843897053 0 968 0
"969" 149.110677019823 17.2016219829754 0 969 0
"970" 142.379022798859 8.86078351100693 0 970 0
"971" 152.829841083141 5.39201735366439 0 971 0
"972" 146.144407209412 5.40197653698059 0 972 0
"973" 151.485205411236 16.4747988477798 0 973 0
"974" 145.991750777214 -0.397438647010505 0 974 0
"975" 149.169057561821 9.85015291021836 0 975 0
"976" 148.621296373946 5.70876806225425 0 976 0
"977" 148.790437554973 6.57176144478905 0 977 0
"978" 149.692889133054 17.4061500625574 0 978 0
"979" 148.95236506488 10.892066998575 0 979 0
"980" 145.969709752222 11.295882400839 0 980 0
"981" 147.134666116095 4.53599934724934 0 981 0
"982" 150.761930197157 9.35063277168565 0 982 0
"983" 150.74493066352 12.3051077091371 0 983 0
"984" 145.826573449048 0.0324077905685076 0 984 0
"985" 146.917599228741 7.71058858990302 0 985 0
"986" 147.417459966984 6.84500160516129 0 986 0
"987" 148.071301840562 10.6203239695272 0 987 0
"988" 143.920067503596 16.1000411638891 0 988 0
"989" 147.166464311361 13.2385601364545 0 989 0
"990" 151.32080870856 8.06880416559006 0 990 0
"991" 147.499083638662 9.79205362810156 0 991 0
"992" 149.306981266402 4.35318395852781 0 992 0
"993" 150.228254312601 7.63007066371284 0 993 0
"994" 151.007837500451 -8.00194333713075 0 994 0
"995" 145.917542545373 4.68688785012767 0 995 0
"996" 146.815946076057 8.91046468631439 0 996 0
"997" 147.008484915916 4.07442411851122 0 997 0
"998" 143.68623005346 12.095958209268 0 998 0
"999" 145.809665749393 15.2062326403589 0 999 0
"1000" 144.519678489611 11.8249047279528 0 1000 0
"1001" 141.745611752869 8.65995448886213 0 1001 0
"1002" 149.986522324563 8.33796794846123 0 1002 0
"1003" 148.362743525467 11.8483524740416 0 1003 0
"1004" 146.799288852476 5.62950079177919 0 1004 0
"1005" 151.520123637341 7.72246985223969 0 1005 0
"1006" 146.913751801028 9.87534892251969 0 1006 0
"1007" 149.528432232744 8.39015123160259 0 1007 0
"1008" 147.937944259329 11.4387310355721 0 1008 0
"1009" 146.186695823928 15.5916818381813 0 1009 0
"1010" 149.903539572823 4.79646005628984 0 1010 0
"1011" 149.49397698893 7.00126222920008 0 1011 0
"1012" 146.455376985225 5.67034836984751 0 1012 0
"1013" 146.982601793955 12.5349608386065 0 1013 0
"1014" 151.492958243163 6.07797788426047 0 1014 0
"1015" 149.80029830581 13.1602992769067 0 1015 0
"1016" 148.419163507683 11.8020370306868 0 1016 0
"1017" 151.605597437249 12.4451071274466 0 1017 0
"1018" 151.169017941971 16.1662960061947 0 1018 0
"1019" 147.645140378463 11.0220230158228 0 1019 0
"1020" 151.351845809337 16.8668650680411 0 1020 0
"1021" 143.429878388265 11.5774957527264 0 1021 0
"1022" 144.714947161384 8.91201582988896 0 1022 0
"1023" 144.929329566225 18.2951892352777 0 1023 0
"1024" 146.709827105619 12.2303325567665 0 1024 0
"1025" 148.461583215608 8.16017789055264 0 1025 0
"1026" 142.144225670122 3.83662442708896 0 1026 0
"1027" 146.233212786867 12.7945884496124 0 1027 0
"1028" 148.949042683611 3.38721855512507 0 1028 0
"1029" 151.325372862681 8.3454069450037 0 1029 0
"1030" 147.440316021936 9.84878985581853 0 1030 0
"1031" 146.043494337428 12.1421020954395 0 1031 0
"1032" 149.057221200971 10.6776769310152 0 1032 0
"1033" 150.942259540928 1.20168560300606 0 1033 0
"1034" 143.587617492603 2.76625870297166 0 1034 0
"1035" 148.878216483686 9.33811330690529 0 1035 0
"1036" 149.321910043343 6.28684444627423 0 1036 0
"1037" 143.415708476452 7.09275984216199 0 1037 0
"1038" 145.671433705843 8.6059132855147 0 1038 0
"1039" 152.143749739929 16.0508060488998 0 1039 0
"1040" 145.858824260071 -0.243901908837222 0 1040 0
"1041" 147.924748943827 16.1615179505827 0 1041 0
"1042" 150.458424747307 10.1880534660512 0 1042 0
"1043" 141.534041371474 14.8937820955201 0 1043 0
"1044" 144.42147595925 9.55572035786969 0 1044 0
"1045" 151.042483621513 8.44621300386059 0 1045 0
"1046" 144.692575119125 13.0147790354395 0 1046 0
"1047" 150.337338929019 4.61710132726567 0 1047 0
"1048" 145.722989130348 5.00257792195817 0 1048 0
"1049" 148.244784697215 10.1130721365269 0 1049 0
"1050" 150.976486190877 -0.693733120015427 0 1050 0
"1051" 148.944852719539 2.99278529676785 0 1051 0
"1052" 139.879775608088 8.9668402029301 0 1052 0
"1053" 147.270535749457 10.9179787060228 0 1053 0
"1054" 143.66646842773 8.01295045766808 0 1054 0
"1055" 147.650635959729 1.9917633441201 0 1055 0
"1056" 149.374807744327 -0.537681001761598 0 1056 0
"1057" 145.834077007279 13.1086955338493 0 1057 0
"1058" 148.366766114027 11.2138640067669 0 1058 0
"1059" 142.461566894948 13.818130785742 0 1059 0
"1060" 150.206473241204 7.64720799805434 0 1060 0
"1061" 148.101214806417 9.50779752424787 0 1061 0
"1062" 145.961157479169 15.8245889306785 0 1062 0
"1063" 149.163358151847 8.00391822148784 0 1063 0
"1064" 154.63662469306 13.7454187408729 0 1064 0
"1065" 145.746496491501 9.30526805450497 0 1065 0
"1066" 153.544000716376 1.82261432102476 0 1066 0
"1067" 141.534292787422 5.98405552976511 0 1067 0
"1068" 153.415387438702 5.9400528920104 0 1068 0
"1069" 145.232407654826 11.2462655405498 0 1069 0
"1070" 147.486771264528 3.63105723283181 0 1070 0
"1071" 147.209125440194 11.2834152472289 0 1071 0
"1072" 148.14296539915 14.4809558772141 0 1072 0
"1073" 143.60850471525 11.012725421198 0 1073 0
"1074" 148.39451801606 7.56032700805896 0 1074 0
"1075" 146.896224559664 7.06227800409521 0 1075 0
"1076" 144.550042588512 9.15382192973176 0 1076 0
"1077" 150.854721009841 14.1051962953634 0 1077 0
"1078" 142.617094891788 4.08124489205466 0 1078 0
"1079" 152.191823100262 8.03476422716918 0 1079 0
"1080" 147.561790423643 1.86143179273625 0 1080 0
"1081" 147.790372031807 7.90824599864938 0 1081 0
"1082" 145.727603502478 13.2633428268706 0 1082 0
"1083" 147.302170007628 12.9275074222569 0 1083 0
"1084" 145.781106438128 7.51753405147192 0 1084 0
"1085" 144.594699002041 10.3252236418103 0 1085 0
"1086" 148.679866523628 4.77369406709501 0 1086 0
"1087" 148.395802338611 9.70475807229555 0 1087 0
"1088" 147.000658291911 14.7229185243521 0 1088 0
"1089" 150.976650175522 10.8379723252937 0 1089 0
"1090" 144.944804678948 16.1535758151386 0 1090 0
"1091" 142.258569192679 5.22800924870629 0 1091 0
"1092" 147.525930810038 7.56499845874064 0 1092 0
"1093" 148.721182377787 8.37967370204396 0 1093 0
"1094" 140.860473327209 11.770867457182 0 1094 0
"1095" 143.342470707026 11.3406574505702 0 1095 0
"1096" 146.522019369011 6.15410919559944 0 1096 0
"1097" 145.105016377448 13.073397065969 0 1097 0
"1098" 148.947070042236 9.10272151687579 0 1098 0
"1099" 145.263714794578 12.9357312013616 0 1099 0
"1100" 150.145214954957 17.3451052724699 0 1100 0
"1101" 147.726411467237 11.0693162065169 0 1101 0
"1102" 147.605622200905 9.91460666404885 0 1102 0
"1103" 145.47566697631 0.708913009983362 0 1103 0
"1104" 144.032663891444 9.19077733297764 0 1104 0
"1105" 142.376453912611 6.9476864063589 0 1105 0
"1106" 146.854588778171 9.21341028662672 0 1106 0
"1107" 147.490148682129 6.72690398272357 0 1107 0
"1108" 142.108850453529 12.1414451495085 0 1108 0
"1109" 147.062849117976 14.8895629619045 0 1109 0
"1110" 143.676966220001 3.14012639985847 0 1110 0
"1111" 149.18895584291 10.8818214052401 0 1111 0
"1112" 145.728597853372 3.810803643091 0 1112 0
"1113" 146.800363836553 17.1896499607311 0 1113 0
"1114" 145.258473874961 6.93856221188992 0 1114 0
"1115" 144.017952446074 10.9353756930567 0 1115 0
"1116" 148.677160750955 16.8454686413646 0 1116 0
"1117" 146.959550313236 5.399360408739 0 1117 0
"1118" 149.383247601754 13.7373834407914 0 1118 0
"1119" 142.990296995916 6.59490740954153 0 1119 0
"1120" 148.320738084696 9.6304431066484 0 1120 0
"1121" 148.882204293818 11.1435890324904 0 1121 0
"1122" 144.790356345434 11.5430306455454 0 1122 0
"1123" 145.393081297108 12.5713923182573 0 1123 0
"1124" 147.989594044892 6.6173926276918 0 1124 0
"1125" 145.805290588146 -9.8109091284868 0 1125 0
"1126" 147.059802084948 14.1978161885129 0 1126 0
"1127" 148.385828830686 8.94132390605346 0 1127 0
"1128" 146.233268696991 9.78855333333484 0 1128 0
"1129" 147.289777225181 6.61684301759938 0 1129 0
"1130" 144.83662062947 12.6442137156379 0 1130 0
"1131" 152.204019659988 14.6911112507955 0 1131 0
"1132" 149.691671395332 14.5591530555677 0 1132 0
"1133" 145.454261125947 11.6344280349569 0 1133 0
"1134" 149.105281302223 8.6284298805488 0 1134 0
"1135" 144.103519047567 7.26417755203925 0 1135 0
"1136" 146.495314754782 5.78194506309008 0 1136 0
"1137" 153.102980869005 14.4775391847397 0 1137 0
"1138" 146.359704438986 7.78087600557064 0 1138 0
"1139" 146.330480365095 11.0762500558884 0 1139 0
"1140" 140.523369511824 1.33182537276217 0 1140 0
"1141" 146.300263280148 7.93410805919456 0 1141 0
"1142" 143.490849374373 6.36032120706798 0 1142 0
"1143" 147.049332886645 -2.8087024399176 0 1143 0
"1144" 145.536013784859 3.13060997107579 0 1144 0
"1145" 145.060235517735 6.53150063991143 0 1145 0
"1146" 150.200054770716 14.8139765264538 0 1146 0
"1147" 151.184944961883 -0.306104922198232 0 1147 0
"1148" 150.745048103908 16.5575669346809 0 1148 0
"1149" 152.509951785131 5.46224663376801 0 1149 0
"1150" 147.822472769054 6.50537453017008 0 1150 0
"1151" 147.6700714041 3.25816273536417 0 1151 0
"1152" 146.53151262037 10.2164887669769 0 1152 0
"1153" 152.364828692595 6.11466939398611 0 1153 0
"1154" 148.76060412098 14.9420844788459 0 1154 0
"1155" 148.274365525413 6.42269836473741 0 1155 0
"1156" 148.124364236887 16.6002231763575 0 1156 0
"1157" 148.95294719035 15.1725722622322 0 1157 0
"1158" 147.254649230764 14.036934619014 0 1158 0
"1159" 148.407858348681 14.7728937271319 0 1159 0
"1160" 147.708889197542 16.2044320888998 0 1160 0
"1161" 152.778102780889 9.37029080176124 0 1161 0
"1162" 148.431364004579 11.8056065024727 0 1162 0
"1163" 151.512545236396 6.64528047994651 0 1163 0
"1164" 149.33367973806 -0.680028139681324 0 1164 0
"1165" 148.116122704946 1.0767299219685 0 1165 0
"1166" 148.830810607995 11.3789905275615 0 1166 0
"1167" 157.962474668195 -0.863990930170553 0 1167 0
"1168" 145.352684450111 5.89401963791114 0 1168 0
"1169" 145.473188043912 12.1822384804413 0 1169 0
"1170" 147.032798019636 8.00916789096124 0 1170 0
"1171" 147.405808243608 10.6428610029052 0 1171 0
"1172" 146.686415848852 -0.675922954972012 0 1172 0
"1173" 151.602926364917 3.262697159143 0 1173 0
"1174" 145.246230504654 10.5924338639496 0 1174 0
"1175" 149.437243373318 3.90450576964597 0 1175 0
"1176" 144.633036210744 15.8079166244979 0 1176 0
"1177" 148.524525826817 4.14620448971894 0 1177 0
"1178" 144.075462697179 13.3005037268867 0 1178 0
"1179" 148.186699446691 13.8639646593732 0 1179 0
"1180" 148.384716869295 6.38080822929097 0 1180 0
"1181" 148.40672800302 0.822896757467083 0 1181 0
"1182" 148.852089953744 19.1219395631693 0 1182 0
"1183" 147.588180467422 10.1425099911126 0 1183 0
"1184" 148.686046713696 14.2215957797726 0 1184 0
"1185" 149.421033585645 7.47992925057671 0 1185 0
"1186" 150.60950079673 4.08952945846272 0 1186 0
"1187" 143.584346515236 -1.26317350365357 0 1187 0
"1188" 146.372772115275 4.18317255483379 0 1188 0
"1189" 143.61605455361 7.70791599148165 0 1189 0
"1190" 149.243792845802 10.5609493225187 0 1190 0
"1191" 146.041301903233 6.62505138475015 0 1191 0
"1192" 153.70155036396 5.46346329536408 0 1192 0
"1193" 152.983389472892 8.92469680841299 0 1193 0
"1194" 151.147303667803 6.49693734596252 0 1194 0
"1195" 143.238880409527 10.8505239609645 0 1195 0
"1196" 151.26659275731 0.108097178371112 0 1196 0
"1197" 152.245541093528 1.04793264948261 0 1197 0
"1198" 152.561920245682 -4.4467879737792 0 1198 0
"1199" 149.953872458664 13.9663723212623 0 1199 0
"1200" 151.895272895224 12.2986227119202 0 1200 0
"1201" 147.651179438263 14.9270665803859 0 1201 0
"1202" 146.700850040115 0.636497776851881 0 1202 0
"1203" 147.261114480514 17.979620517322 0 1203 0
"1204" 144.798763497802 10.1782448899823 0 1204 0
"1205" 150.987423643815 19.8819727794627 0 1205 0
"1206" 150.203178835108 11.375831450613 0 1206 0
"1207" 145.917090279275 20.8003892799319 0 1207 0
"1208" 142.318099123837 11.4970875890058 0 1208 0
"1209" 149.016103938284 13.0674616591128 0 1209 0
"1210" 150.389534472046 3.50183789965024 0 1210 0
"1211" 151.13971746739 14.0716156063388 0 1211 0
"1212" 148.981700182113 15.815068680753 0 1212 0
"1213" 148.733382157445 14.6384683381075 0 1213 0
"1214" 148.160369034407 11.8760395771604 0 1214 0
"1215" 145.897366992662 0.0178188998437019 0 1215 0
"1216" 148.174103250795 1.49091583091833 0 1216 0
"1217" 150.585176539602 3.48248160207953 0 1217 0
"1218" 152.695410129923 14.1941807369065 0 1218 0
"1219" 148.083048082852 5.22248015355654 0 1219 0
"1220" 91.8375433542862 108.338701331174 0 1220 0
"1221" 96.3345844101694 110.20187515341 0 1221 0
"1222" 94.7408236815407 108.500807976581 0 1222 0
"1223" 95.4774311078325 108.809560264581 0 1223 0
"1224" 92.4221031501243 108.668357259477 0 1224 0
"1225" 91.7780295827821 107.868738410455 0 1225 0
"1226" 92.9987166985558 108.444615972435 0 1226 0
"1227" 93.6177639255722 108.25745948716 0 1227 0
"1228" 92.4769843641661 108.720946335124 0 1228 0
"1229" 99.8358340801096 108.144758387526 0 1229 0
"1230" 96.1298763961761 107.932617244867 0 1230 0
"1231" 92.4912038936021 108.22778709844 0 1231 0
"1232" 95.4769809279077 108.440727004086 0 1232 0
"1233" 92.0940361488556 108.381570358095 0 1233 0
"1234" 92.3385503666772 109.237542554778 0 1234 0
"1235" 96.5257751898226 108.318199371593 0 1235 0
"1236" 94.1195294524714 108.935571806926 0 1236 0
"1237" 96.6037050067777 108.875053057684 0 1237 0
"1238" 96.7194522097146 109.274702482193 0 1238 0
"1239" 93.2477771384341 108.561474274433 0 1239 0
"1240" 93.7271196959437 108.28710968049 0 1240 0
"1241" 91.3738744191251 108.813250116949 0 1241 0
"1242" 95.4229411208392 109.134048893299 0 1242 0
"1243" 95.2129206884594 108.295536425143 0 1243 0
"1244" 97.4330298807968 108.578043263934 0 1244 0
"1245" 91.4278832525732 108.524005100828 0 1245 0
"1246" 96.9788513794316 109.155286145099 0 1246 0
"1247" 99.2488041942468 108.876517212953 0 1247 0
"1248" 92.2080048140242 108.237520706549 0 1248 0
"1249" 98.4552534963861 109.007633560975 0 1249 0
"1250" 91.3671112839141 109.045572357691 0 1250 0
"1251" 94.5880111832442 108.316959497192 0 1251 0
"1252" 92.7766893768356 108.819386995431 0 1252 0
"1253" 90.3004094545881 107.630104500545 0 1253 0
"1254" 95.7404894069499 108.459574878017 0 1254 0
"1255" 93.2814609977231 109.055045217438 0 1255 0
"1256" 89.5892159541943 108.477397991841 0 1256 0
"1257" 96.3750563545289 109.407735137291 0 1257 0
"1258" 95.9251515431452 109.003954272518 0 1258 0
"1259" 92.6308634433042 109.291657884328 0 1259 0
"1260" 92.8089577718686 107.969276615942 0 1260 0
"1261" 94.6970707857627 108.869754727975 0 1261 0
"1262" 93.3900608959079 108.093844848038 0 1262 0
"1263" 87.4912875143735 108.573572399379 0 1263 0
"1264" 93.3877024481464 108.60492044127 0 1264 0
"1265" 91.9846688821706 108.396366273942 0 1265 0
"1266" 92.0793500030616 108.566261125547 0 1266 0
"1267" 98.6549128214278 108.516379411106 0 1267 0
"1268" 92.175240328424 109.251468909353 0 1268 0
"1269" 95.29613563537 108.868663966122 0 1269 0
"1270" 90.5237002526658 109.78235337795 0 1270 0
"1271" 88.9437898937118 108.290341248177 0 1271 0
"1272" 92.8379867909442 108.131923645455 0 1272 0
"1273" 99.4349639687297 107.972862051675 0 1273 0
"1274" 95.4159851691859 108.991271558704 0 1274 0
"1275" 92.11752494276 109.070781023033 0 1275 0
"1276" 93.5964610759372 108.954453383053 0 1276 0
"1277" 87.7513327315481 107.870097567135 0 1277 0
"1278" 93.3382544365294 108.649488103944 0 1278 0
"1279" 89.7291954601297 108.44718550506 0 1279 0
"1280" 99.2679422448365 109.766161531698 0 1280 0
"1281" 92.3472930312844 108.008792345621 0 1281 0
"1282" 94.240799103273 108.940477081956 0 1282 0
"1283" 92.2576340167587 109.314708670739 0 1283 0
"1284" 96.7020145219532 108.73465736998 0 1284 0
"1285" 90.782581374952 109.158306363662 0 1285 0
"1286" 96.9972542230751 108.413811177718 0 1286 0
"1287" 97.5499823795945 107.62893620728 0 1287 0
"1288" 91.0412692297118 109.153051091167 0 1288 0
"1289" 95.363009428679 109.356581539621 0 1289 0
"1290" 95.7192391889464 108.844871367076 0 1290 0
"1291" 94.3343449510701 108.293805636103 0 1291 0
"1292" 89.4912629741592 108.335134245076 0 1292 0
"1293" 94.9481674597401 108.306962740435 0 1293 0
"1294" 91.1329645956127 107.520956130713 0 1294 0
"1295" 94.3791984152987 108.692741387296 0 1295 0
"1296" 92.299821426234 108.923660014761 0 1296 0
"1297" 91.6322594742203 108.025953447124 0 1297 0
"1298" 96.3998480390316 109.210358305808 0 1298 0
"1299" 95.7910365553464 109.294634643421 0 1299 0
"1300" 96.8609974556676 108.879900436874 0 1300 0
"1301" 94.2428221337194 108.366223679187 0 1301 0
"1302" 96.59348466843 109.142471744784 0 1302 0
"1303" 92.4502671437416 109.599105223355 0 1303 0
"1304" 90.6798825943938 108.28189906941 0 1304 0
"1305" 96.5562918328669 109.327197351506 0 1305 0
"1306" 92.4127387430792 108.817521236607 0 1306 0
"1307" 93.5734436824735 109.100160062011 0 1307 0
"1308" 91.5454134700712 108.28419837572 0 1308 0
"1309" 96.8592353391666 108.296764849672 0 1309 0
"1310" 92.6802647414989 109.046160614616 0 1310 0
"1311" 87.7575497879987 107.824452306488 0 1311 0
"1312" 98.6396789474576 108.759796405147 0 1312 0
"1313" 92.2183681750558 108.779354242371 0 1313 0
"1314" 95.7288814488035 108.761384253992 0 1314 0
"1315" 92.5158146879086 108.173557348088 0 1315 0
"1316" 93.8383765917795 107.926352038912 0 1316 0
"1317" 92.7385168227667 108.77962097278 0 1317 0
"1318" 89.2929835240939 108.412842125636 0 1318 0
"1319" 94.5342240813079 108.657056436165 0 1319 0
"1320" 95.2142034994069 108.540321578623 0 1320 0
"1321" 91.1395980421521 108.195393044964 0 1321 0
"1322" 93.1084064551175 108.716982512452 0 1322 0
"1323" 93.2058739907591 109.302334516535 0 1323 0
"1324" 95.1134246936854 109.473146362794 0 1324 0
"1325" 88.4199628244141 108.511565486711 0 1325 0
"1326" 90.7472132490047 108.792827390795 0 1326 0
"1327" 92.3441793937742 108.842861273465 0 1327 0
"1328" 93.1952474568065 108.3722099387 0 1328 0
"1329" 97.7165854218135 108.039917553833 0 1329 0
"1330" 96.6293309241358 108.357747625656 0 1330 0
"1331" 96.131855883722 108.649501021202 0 1331 0
"1332" 94.6588245079314 107.853388081662 0 1332 0
"1333" 93.4679193819616 108.076952225535 0 1333 0
"1334" 94.0466800074749 108.545114119037 0 1334 0
"1335" 90.9882705787032 109.246855234238 0 1335 0
"1336" 95.6212231889905 108.750387477267 0 1336 0
"1337" 88.2190948939421 108.37981955617 0 1337 0
"1338" 91.9244837647763 109.583416680999 0 1338 0
"1339" 94.3912781426094 108.682381686141 0 1339 0
"1340" 96.6177778037538 108.007741001209 0 1340 0
"1341" 91.7018938321656 109.57197145032 0 1341 0
"1342" 92.6850913828952 107.919736235478 0 1342 0
"1343" 97.0141668326827 107.643312502931 0 1343 0
"1344" 91.2124736455313 108.437159226955 0 1344 0
"1345" 94.443307207511 107.787981059078 0 1345 0
"1346" 89.650478949359 107.995942646667 0 1346 0
"1347" 96.2587607054865 108.367196798829 0 1347 0
"1348" 92.8181094472794 108.872758939987 0 1348 0
"1349" 91.7354898736433 109.047781678007 0 1349 0
"1350" 92.310243303056 108.753617128069 0 1350 0
"1351" 93.5324838450311 108.902264220442 0 1351 0
"1352" 93.3730084753094 108.359858427722 0 1352 0
"1353" 96.6885920485302 108.227406510257 0 1353 0
"1354" 88.7208907442288 108.886724644717 0 1354 0
"1355" 90.5917188246603 109.592968152395 0 1355 0
"1356" 96.1627299934695 108.362483489858 0 1356 0
"1357" 94.9961179923119 108.641425349679 0 1357 0
"1358" 89.3303154876299 108.950923664076 0 1358 0
"1359" 92.2490049152034 109.089933836183 0 1359 0
"1360" 93.2612849469506 109.282110571275 0 1360 0
"1361" 90.2249082029352 108.858517141121 0 1361 0
"1362" 96.3033967469526 109.931370612021 0 1362 0
"1363" 95.9042094688416 108.780125457528 0 1363 0
"1364" 97.4026454909899 108.910962030082 0 1364 0
"1365" 89.1536869020849 107.901581491218 0 1365 0
"1366" 93.8076127072616 108.32760216517 0 1366 0
"1367" 93.5626797385574 108.354161094957 0 1367 0
"1368" 90.4663911179918 109.124763908298 0 1368 0
"1369" 93.5290980694318 109.693068246016 0 1369 0
"1370" 94.4060538948887 108.779177945338 0 1370 0
"1371" 97.7236350740473 107.496988385019 0 1371 0
"1372" 92.9867823165931 108.673179536774 0 1372 0
"1373" 96.5978043496666 107.893537367466 0 1373 0
"1374" 90.987916579583 109.111369990213 0 1374 0
"1375" 96.8311151466328 108.573022148168 0 1375 0
"1376" 92.958321516477 108.791339742134 0 1376 0
"1377" 96.3433207918714 108.668267204988 0 1377 0
"1378" 94.6641271585175 108.116537334107 0 1378 0
"1379" 92.0256452143305 108.347226760528 0 1379 0
"1380" 94.8794237644784 108.57806697118 0 1380 0
"1381" 95.3923675850726 108.642253762601 0 1381 0
"1382" 92.6995735751771 109.459192906079 0 1382 0
"1383" 92.1303184397975 108.442619360884 0 1383 0
"1384" 94.5698662006662 108.498192214714 0 1384 0
"1385" 91.1415677409711 108.769722189253 0 1385 0
"1386" 92.9347863028028 108.126691707361 0 1386 0
"1387" 94.2572548671509 109.114949121893 0 1387 0
"1388" 95.0868301313165 108.584533750194 0 1388 0
"1389" 92.7814266344469 108.203791248433 0 1389 0
"1390" 90.5817807879541 109.037993831065 0 1390 0
"1391" 97.9549631983428 108.510935678982 0 1391 0
"1392" 92.4754648871105 109.381038914018 0 1392 0
"1393" 93.0858746678009 109.341914300444 0 1393 0
"1394" 94.5529976298771 108.402767830115 0 1394 0
"1395" 91.0013441373042 108.674468255243 0 1395 0
"1396" 93.4088213470668 108.170348620948 0 1396 0
"1397" 96.0169951826858 108.385091771755 0 1397 0
"1398" 99.9493396979329 88.8477823853232 0 1398 0
"1399" 138.418639263751 38.0845241243058 0 1399 0
"1400" 95.2417772951918 -3.73059530373098 0 1400 0
"1401" 82.8222135185819 4.01846763275803 0 1401 0
"1402" 140.553272197852 75.8034435164308 0 1402 0
"1403" 122.769422265853 61.8424522517307 0 1403 0
"1404" 64.2953979318811 89.9022199585373 0 1404 0
"1405" 107.488600900593 124.767805080399 0 1405 0
"1406" 144.078768472241 107.705116805303 0 1406 0
"1407" 75.0350023926842 -7.01935992178512 0 1407 0
"1408" 125.497841095987 17.7392809048277 0 1408 0
"1409" 95.1356192020263 97.2374248646265 0 1409 0
"1410" 63.166148076056 91.3330033495314 0 1410 0
"1411" 107.492599795807 144.552802755411 0 1411 0
"1412" 127.966575668618 62.2094000643586 0 1412 0
"1413" 65.1997785119169 102.292463678783 0 1413 0
"1414" 99.9788992875322 58.584171503108 0 1414 0
"1415" 108.609926712689 107.805655023836 0 1415 0
"1416" 130.991933941671 16.8671347487838 0 1416 0
"1417" 70.8136284975338 150.622531842739 0 1417 0
"1418" 76.2912746505871 61.5980527828269 0 1418 0
"1419" 64.2888066455899 4.25667639456073 0 1419 0
"1420" 91.107626744948 128.415755221906 0 1420 0
"1421" 144.768151533904 169.196845106391 0 1421 0
"1422" 91.2329975324478 185.097209875476 0 1422 0
"1423" 155.27941290464 128.678981075451 0 1423 0
"1424" 74.5286516491921 184.932648213473 0 1424 0
"1425" 154.43693051963 -1.74518135417305 0 1425 0
"1426" 89.5260537549406 133.183220949232 0 1426 0
"1427" 95.6029447503757 107.167072303804 0 1427 0
"1428" 146.423010121153 154.569785361529 0 1428 0
"1429" 104.478720135064 184.799788918704 0 1429 0
"1430" 121.923945720427 124.019998426462 0 1430 0
"1431" 130.045438813883 114.344513463479 0 1431 0
"1432" 66.8342637675139 167.728882924882 0 1432 0
"1433" 110.114356563639 100.204521041015 0 1433 0
"1434" 118.484210893362 39.3166733603672 0 1434 0
"1435" 63.1823963088699 164.880224864849 0 1435 0
"1436" 84.8344029085362 131.240544664722 0 1436 0
"1437" 118.792979751508 38.7494883234438 0 1437 0
"1438" 120.677195173398 5.17189961987791 0 1438 0
"1439" 132.103771590409 173.112000649606 0 1439 0
"1440" 80.0448641438782 125.623190399418 0 1440 0
"1441" 121.2754183515 119.302430731396 0 1441 0
"1442" 108.462628551513 42.8590809375327 0 1442 0
"1443" 149.359821190406 44.2920900022247 0 1443 0
"1444" 101.81307838707 18.3656467421772 0 1444 0
"1445" 95.8988436640966 24.7485222062297 0 1445 0
"1446" 72.0280574131115 82.5302631256972 0 1446 0
"1447" 147.249470407642 97.0440744066508 0 1447 0
"1448" 109.704426167995 78.459601228921 0 1448 0
"1449" 146.168024540498 153.701449492078 0 1449 0
"1450" 135.66983929349 61.2109580670831 0 1450 0
"1451" 73.9463903931959 36.6989627872062 0 1451 0
"1452" 65.07899403488 146.789918813549 0 1452 0
"1453" 124.997045914804 139.545657823794 0 1453 0
"1454" 123.407620581099 32.4282059385983 0 1454 0
"1455" 70.8928671551217 99.6891690902547 0 1455 0
"1456" 109.991782233117 77.6179103301475 0 1456 0
"1457" 69.3041592889115 12.0524597903724 0 1457 0
"1458" 91.5055116241819 3.53941338489414 0 1458 0
"1459" 91.1743631905127 127.862108096244 0 1459 0
"1460" 94.8471023883546 101.562987078919 0 1460 0
"1461" 71.3621469798353 129.258018410275 0 1461 0
"1462" 63.4424251848031 173.175372737461 0 1462 0
"1463" 85.0271706361566 60.7114241432215 0 1463 0
"1464" 99.1671651598588 84.0144139473824 0 1464 0
"1465" 119.293316168167 -0.929449661670784 0 1465 0
"1466" 122.040498560787 -5.71612871022078 0 1466 0
"1467" 84.1380767120845 150.985158477073 0 1467 0
"1468" 72.7257754978381 -0.823063108136257 0 1468 0
"1469" 152.05069447558 78.1024769403921 0 1469 0
"1470" 152.426411809388 10.9528414352628 0 1470 0
"1471" 111.074066054064 1.06086568556385 0 1471 0
"1472" 144.372591688941 50.2225571165508 0 1472 0
"1473" 115.648427171538 143.253493403957 0 1473 0
"1474" 137.376722805597 11.0670612750848 0 1474 0
"1475" 65.0825101394957 64.8667103785731 0 1475 0
"1476" 80.8547826790224 34.5645247848161 0 1476 0
"1477" 137.755601659221 31.3155217496991 0 1477 0
"1478" 93.9161994925902 9.36255303685494 0 1478 0
"1479" 98.6649057007312 151.014093487217 0 1479 0
"1480" 110.99036103841 124.656300428006 0 1480 0
"1481" 78.6534316303607 167.53277039634 0 1481 0
"1482" 143.693314282969 21.0607371660206 0 1482 0
"1483" 113.195498596246 95.5236810659775 0 1483 0
"1484" 110.368365239699 15.2713846273467 0 1484 0
"1485" 66.9808513130755 135.214150911338 0 1485 0
"1486" 154.162428848725 120.712587675744 0 1486 0
"1487" 83.2975208844691 69.9315584803075 0 1487 0
"1488" 145.218231945362 7.02693180030512 0 1488 0
"1489" 135.995364424672 163.632648341061 0 1489 0
"1490" 112.174201848228 159.566326635521 0 1490 0
"1491" 82.2000479133724 73.8632874207485 0 1491 0
"1492" 82.5596797020291 5.59068190985946 0 1492 0
"1493" 76.6320446813062 -7.14308294079713 0 1493 0
"1494" 154.655127443377 8.79062519802619 0 1494 0
"1495" 75.4424555889256 42.6722196898687 0 1495 0
"1496" 118.35331001564 97.8754580642227 0 1496 0
"1497" 65.5174886732925 55.0015478409131 0 1497 0
"1498" 84.049307467323 126.236170846411 0 1498 0
"1499" 72.2098155262746 98.917635766953 0 1499 0
"1500" 104.464546086518 184.057638754533 0 1500 0
"1501" 133.66817174421 68.6283894086068 0 1501 0
"1502" 133.454161942165 23.4636847189122 0 1502 0
"1503" 120.563480457456 89.3546525693092 0 1503 0
"1504" 67.6939067754763 -4.1800407876609 0 1504 0
"1505" 77.2558936689018 145.840983738377 0 1505 0
"1506" 68.2361513826123 165.85847762043 0 1506 0
"1507" 142.399317641583 42.0578727687257 0 1507 0
"1508" 155.837650245096 98.1241524179103 0 1508 0
"1509" 94.9241091794447 98.8478059560753 0 1509 0
"1510" 95.0182010893271 22.3840024551126 0 1510 0
"1511" 117.259871422708 27.8587049251075 0 1511 0
"1512" 108.563333749341 29.3644325159947 0 1512 0
"1513" 153.588191144446 180.566932378626 0 1513 0
"1514" 99.4086006802396 23.9283700507714 0 1514 0
"1515" 121.948572734903 119.143755754892 0 1515 0
"1516" 139.398589430758 2.4621645923513 0 1516 0
"1517" 127.168878974568 4.49025128471158 0 1517 0
"1518" 87.0160190739546 189.247929248208 0 1518 0
"1519" 75.8608735732001 189.275435458846 0 1519 0
"1520" 63.8344579576923 5.86093012447093 0 1520 0
"1521" 153.935619156056 108.445752750842 0 1521 0
"1522" 139.825270315383 120.405033144778 0 1522 0
"1523" 135.905629153787 64.8202995056159 0 1523 0
"1524" 125.82212617033 189.183494707804 0 1524 0
"1525" 76.0638687108628 180.910925864746 0 1525 0
"1526" 88.8796876425512 38.2145455286005 0 1526 0
"1527" 151.67146559766 115.749863935749 0 1527 0
"1528" 109.300022191922 187.420686153917 0 1528 0
"1529" 75.1355274172077 90.231347224252 0 1529 0
"1530" 155.364557237818 103.064105839592 0 1530 0
"1531" 149.764103590098 19.3694597568303 0 1531 0
"1532" 100.457744781936 138.40257703951 0 1532 0
"1533" 77.4309592748161 110.172450856138 0 1533 0
"1534" 75.9116914103305 3.58155334792538 0 1534 0
"1535" 97.0540388094533 52.8511873331814 0 1535 0
"1536" 117.997789355105 136.604270949403 0 1536 0
"1537" 131.383166312619 142.644009622739 0 1537 0
"1538" 130.49768114927 102.188929298616 0 1538 0
"1539" 111.568065349144 73.1662175481113 0 1539 0
"1540" 107.491607652452 13.5948026466834 0 1540 0
"1541" 130.845855103721 47.0316617171404 0 1541 0
"1542" 80.4660466393508 20.28267720937 0 1542 0
"1543" 144.394596190762 50.703161336655 0 1543 0
"1544" 144.957436459715 25.2752728338865 0 1544 0
"1545" 102.835542691024 82.548767727865 0 1545 0
"1546" 88.5727959993635 40.0333326395228 0 1546 0
"1547" 70.532639720061 143.879406176778 0 1547 0
"1548" 139.636351097554 180.199500014181 0 1548 0
"1549" 71.7845811225022 83.177068155387 0 1549 0
"1550" 94.4853690968948 90.9271682711223 0 1550 0
"1551" 64.9642634832047 112.596845704724 0 1551 0
"1552" 139.489453148471 75.738877183868 0 1552 0
"1553" 153.329819044247 30.719501590144 0 1553 0
"1554" 123.77870929186 115.014131103689 0 1554 0
"1555" 65.3439607583246 54.8771579776928 0 1555 0
"1556" 122.083863932618 -4.71587074499009 0 1556 0
"1557" 97.7715119548756 90.7999194640715 0 1557 0
"1558" 148.174381222937 183.938456490124 0 1558 0
"1559" 85.5225938542757 82.1380669590142 0 1559 0
"1560" 70.2995489666514 133.68342658647 0 1560 0
"1561" 131.189254187526 178.295844410667 0 1561 0
"1562" 152.605604605299 64.6365346317091 0 1562 0
"1563" 81.0287015960892 147.031351428575 0 1563 0
"1564" 147.807878978364 91.3217894691702 0 1564 0
"1565" 157.315892454623 179.495952617236 0 1565 0
"1566" 135.208909619368 85.2945524089373 0 1566 0
"1567" 103.610456104778 160.14109857881 0 1567 0
"1568" 133.077014345103 81.2667857991467 0 1568 0
"1569" 138.926338248151 103.204503812772 0 1569 0
"1570" 96.6311281719095 156.076727462139 0 1570 0
"1571" 78.4552126758801 36.0861024927411 0 1571 0
"1572" 116.929484326364 121.321654934384 0 1572 0
"1573" 120.755533565116 21.0968681114923 0 1573 0
"1574" 146.306914932999 96.8550176741332 0 1574 0
"1575" 93.2219049231112 148.997887473053 0 1575 0
"1576" 92.7873425298048 176.888686271215 0 1576 0
"1577" 118.568768767884 30.6832035162629 0 1577 0
"1578" 156.586544155447 7.47743908756163 0 1578 0
"1579" 90.4234012581367 147.260113076184 0 1579 0
"1580" 111.368568519006 11.0942635104939 0 1580 0
"1581" 109.118555795334 62.3881904566893 0 1581 0
"1582" 99.7168911748141 184.261899766864 0 1582 0
"1583" 143.503975787912 188.796773665956 0 1583 0
"1584" 138.805061236609 32.872189514007 0 1584 0
"1585" 127.027517500413 -5.21192747975095 0 1585 0
"1586" 87.4753512589032 147.737251932311 0 1586 0
"1587" 122.746203980149 71.3872602348571 0 1587 0
"1588" 156.739461792737 148.732132434313 0 1588 0
"1589" 126.904828423144 63.0386682769311 0 1589 0
"1590" 124.445088500525 69.2904219509991 0 1590 0
"1591" 117.34866293608 102.999899408135 0 1591 0
"1592" 120.113479865952 23.6190600222841 0 1592 0
"1593" 68.2378583016518 154.024991543378 0 1593 0
"1594" 76.4647135133587 19.6444495212752 0 1594 0
"1595" 79.3058002790103 1.44994790311032 0 1595 0
"1596" 91.0182780268894 115.431861375054 0 1596 0
"1597" 136.913141209126 21.5198767932886 0 1597 0
"1598" 129.251943946381 -8.61136416877086 0 1598 0
"1599" 64.7761201963156 114.744936994481 0 1599 0
"1600" 107.282410606613 140.806167415379 0 1600 0
"1601" 148.221258628299 6.67067195147618 0 1601 0
"1602" 106.163809662694 85.7553151387181 0 1602 0
"1603" 139.687662158827 55.6336388464898 0 1603 0
"1604" 148.044977792489 130.745229944855 0 1604 0
"1605" 100.716912723571 168.626997608176 0 1605 0
"1606" 136.318716575481 180.296321202288 0 1606 0
"1607" 103.203299830761 0.485410389267157 0 1607 0
"1608" 141.828267552104 15.1675935724447 0 1608 0
"1609" 143.005674068224 136.570672667105 0 1609 0
"1610" 157.192579767269 145.57717126597 0 1610 0
"1611" 81.3392083179673 145.908489193743 0 1611 0
"1612" 100.153974192427 43.6393023412311 0 1612 0
"1613" 123.627777209323 0.149987520651724 0 1613 0
"1614" 63.2282606370485 37.1142060264616 0 1614 0
"1615" 79.5913728308604 171.521189209763 0 1615 0
"1616" 119.313293025114 -0.351146458325317 0 1616 0
"1617" 104.262673611629 26.1150060487174 0 1617 0
"1618" 131.225170542245 71.1325094239977 0 1618 0
"1619" 98.6796957511048 19.0892276601732 0 1619 0
"1620" 80.2390112573165 94.3493338673382 0 1620 0
"1621" 96.5708186564967 157.467416775552 0 1621 0
"1622" 95.5606783266945 115.032539342695 0 1622 0
"1623" 93.5620630675804 90.978628286238 0 1623 0
"1624" 111.822393015822 25.1052360934204 0 1624 0
"1625" 66.2587639157567 39.787748154145 0 1625 0
"1626" 108.870143481415 174.584324632185 0 1626 0
"1627" 138.842502557353 10.9562768886342 0 1627 0
"1628" 90.0276829745677 44.3898283097976 0 1628 0
"1629" 126.614672007931 103.780513730538 0 1629 0
"1630" 63.5834751653646 43.1047435614705 0 1630 0
"1631" 124.615706591043 18.7725582777913 0 1631 0
"1632" 117.424361529718 30.952911485045 0 1632 0
"1633" 132.241843227719 41.8655858298789 0 1633 0
"1634" 99.5885816870838 87.7154554145451 0 1634 0
"1635" 138.197472094429 2.09379150456757 0 1635 0
"1636" 85.4183623852435 150.332661714113 0 1636 0
"1637" 116.191065361351 159.284105924108 0 1637 0
"1638" 116.799959586492 4.97142705244217 0 1638 0
"1639" 116.499336968762 144.050785694775 0 1639 0
"1640" 150.238551912628 14.8858529610384 0 1640 0
"1641" 95.3299709597698 11.4953052403923 0 1641 0
"1642" 114.222484874178 88.4195054951627 0 1642 0
"1643" 147.319207175866 185.132601913047 0 1643 0
"1644" 66.2016234171839 47.9405956926623 0 1644 0
"1645" 127.175053853412 132.614923145019 0 1645 0
"1646" 113.762225927939 59.9984488768918 0 1646 0
"1647" 71.4428589473912 109.894186135387 0 1647 0
"1648" 141.35161457038 150.085174682328 0 1648 0
"1649" 122.251460232735 88.3202769438154 0 1649 0
"1650" 127.245263134414 157.987214555318 0 1650 0
"1651" 116.158783973573 52.0685084369955 0 1651 0
"1652" 100.896580679577 0.189445313852575 0 1652 0
"1653" 86.809919656372 186.643133147258 0 1653 0
"1654" 69.9329114196903 42.4078809762889 0 1654 0
"1655" 62.4868291806142 12.5852559775383 0 1655 0
"1656" 142.119619019761 85.3537932160676 0 1656 0
"1657" 95.7629987321281 143.808722870236 0 1657 0
"1658" 145.642636737717 90.0544653604494 0 1658 0
"1659" 88.4107470971395 3.54786041826756 0 1659 0
"1660" 118.259609063364 20.8967581347982 0 1660 0
"1661" 112.96983519199 179.064143771423 0 1661 0
"1662" 119.693450177077 -7.61873146040355 0 1662 0
"1663" 117.502419150072 151.523258672585 0 1663 0
"1664" 126.985372074708 152.266394263698 0 1664 0
"1665" 116.109409992224 -0.541598230781561 0 1665 0
"1666" 71.2463022857434 15.9510615985258 0 1666 0
"1667" 75.2269688062627 -5.4000382951504 0 1667 0
"1668" 78.4043528376139 172.284420693657 0 1668 0
"1669" 120.973936534688 59.2453960417809 0 1669 0
"1670" 109.027974094781 36.481935649995 0 1670 0
"1671" 121.473689429212 147.243265799827 0 1671 0
"1672" 89.1629774059757 171.593945761845 0 1672 0
"1673" 123.622837515363 120.10436046459 0 1673 0
"1674" 97.9826509525936 49.2694929401861 0 1674 0
"1675" 103.189532178798 124.454970701437 0 1675 0
"1676" 87.9095320603228 57.4889876619833 0 1676 0
"1677" 63.490308348295 33.5805674042615 0 1677 0
"1678" 95.5968940062441 73.164632054128 0 1678 0
"1679" 101.488011909181 19.7927643913203 0 1679 0
"1680" 95.1605277887354 185.16952834152 0 1680 0
"1681" 75.4818430883572 64.0192295284459 0 1681 0
"1682" 145.550078647914 8.24843559663832 0 1682 0
"1683" 108.153333233156 -7.22547042977376 0 1683 0
"1684" 115.459862093582 10.1239371118769 0 1684 0
"1685" 71.6024914940184 130.600466136151 0 1685 0
"1686" 132.144006787552 163.349707085468 0 1686 0
"1687" 116.157494730023 179.348692640936 0 1687 0
"1688" 142.744284026245 41.2011096605356 0 1688 0
"1689" 117.400154548846 121.871783877185 0 1689 0
"1690" 135.922671581806 39.1246556633473 0 1690 0
"1691" 150.543158231304 83.7493155507831 0 1691 0
"1692" 67.1654143368342 -2.60615940003884 0 1692 0
"1693" 91.9518319551477 141.470274084399 0 1693 0
"1694" 70.1415419173704 73.0062939313326 0 1694 0
"1695" 145.160611904161 68.7625036503824 0 1695 0
"1696" 151.153393378299 155.096292020661 0 1696 0
"1697" 99.26982812673 106.499768863412 0 1697 0
"1698" 139.318939682604 95.1925549834402 0 1698 0
"1699" 66.1284344359022 141.546130951946 0 1699 0
"1700" 131.773382892327 186.730617728109 0 1700 0
"1701" 124.191150679135 82.7745718889493 0 1701 0
"1702" 92.4017032952748 43.7702229186271 0 1702 0
"1703" 146.30517337637 39.3457273173396 0 1703 0
"1704" 95.8614610070152 48.7509003027907 0 1704 0
"1705" 62.7364877581073 118.746706001129 0 1705 0
"1706" 109.292035057503 76.7745692470102 0 1706 0
"1707" 122.157337244682 103.461952235682 0 1707 0
"1708" 72.8815028954307 56.8007982250819 0 1708 0
"1709" 118.976191286389 26.6024891980989 0 1709 0
"1710" 89.6191216201818 65.3341002320644 0 1710 0
"1711" 151.963781133759 118.943173005131 0 1711 0
"1712" 92.6815243610858 167.817334986311 0 1712 0
"1713" 115.337686640371 52.3466090899569 0 1713 0
"1714" 65.9609070105289 110.599080808047 0 1714 0
"1715" 116.322049662939 56.1312998099391 0 1715 0
"1716" 144.648265053608 37.8215111693539 0 1716 0
"1717" 131.264401849952 55.2699975702027 0 1717 0
"1718" 139.06760252794 85.3499097064556 0 1718 0
"1719" 143.801883993256 152.097398876051 0 1719 0
"1720" 82.9372349192239 48.5584765634978 0 1720 0
"1721" 146.874062565253 16.5379682051105 0 1721 0
"1722" 140.102891438229 181.199321099072 0 1722 0
"1723" 90.552321297335 62.254624900635 0 1723 0
"1724" 150.968546624411 37.1117572057311 0 1724 0
"1725" 103.845296645972 188.327871448754 0 1725 0
"1726" 138.031154203883 58.1886416718601 0 1726 0
"1727" 113.201054425511 140.81208271304 0 1727 0
"1728" 121.680526024568 184.923666916391 0 1728 0
"1729" 64.73991746415 54.7252130266587 0 1729 0
"1730" 87.3439273691572 179.617209147392 0 1730 0
"1731" 117.892102751385 -3.16025880188765 0 1731 0
"1732" 139.789142553465 175.159727434209 0 1732 0
"1733" 140.320068477405 59.4560418787272 0 1733 0
"1734" 127.107219394045 -2.45072070473141 0 1734 0
"1735" 65.4661151442284 57.7659169785152 0 1735 0
"1736" 102.620586528643 37.7066635314171 0 1736 0
"1737" 142.42001603711 8.07848167840845 0 1737 0
"1738" 71.205251514639 136.595112182726 0 1738 0
"1739" 118.11999097004 77.9568132629915 0 1739 0
"1740" 131.514935799634 40.1803257853939 0 1740 0
"1741" 136.204794345453 179.74033052268 0 1741 0
"1742" 135.81840287236 8.9588297863487 0 1742 0
"1743" 64.1104077334352 17.8940851706766 0 1743 0
"1744" 86.8346126313183 61.3501508515198 0 1744 0
"1745" 157.408201229421 40.5643052535562 0 1745 0
"1746" 138.086264054323 177.168733849575 0 1746 0
"1747" 106.688080097335 95.8423640581794 0 1747 0
"1748" 134.663026152178 118.776920535987 0 1748 0
"1749" 155.842113355194 105.174265982752 0 1749 0
"1750" 144.86206315925 165.81377434165 0 1750 0
"1751" 63.6175396214871 39.5829121625833 0 1751 0
"1752" 113.229070072935 175.771038915759 0 1752 0
"1753" 136.388371254621 9.19429502679893 0 1753 0
"1754" 143.823252071087 125.897987669405 0 1754 0
"1755" 80.1466250206773 132.957577285213 0 1755 0
"1756" 110.927611564008 26.5534599646041 0 1756 0
"1757" 134.236749128051 103.998913138529 0 1757 0
"1758" 122.96004584439 180.983631684731 0 1758 0
"1759" 144.328602707026 115.60651116568 0 1759 0
"1760" 125.034546766819 104.911791975185 0 1760 0
"1761" 138.643964389791 29.3055722923426 0 1761 0
"1762" 84.7941203043909 78.0489553193677 0 1762 0
"1763" 79.2942494550024 14.9027016285864 0 1763 0
"1764" 102.05393837176 24.6832663994187 0 1764 0
"1765" 154.102909368447 107.664981919454 0 1765 0
"1766" 130.922345623435 41.852378743832 0 1766 0
"1767" 75.4355322978936 148.852793117374 0 1767 0
"1768" 153.543772607483 62.5490999177673 0 1768 0
"1769" 118.872969001427 125.89356140982 0 1769 0
"1770" 131.517923775561 131.546471826857 0 1770 0
"1771" 73.6498312741219 -8.56171214544873 0 1771 0
"1772" 148.384004108682 2.47822881368043 0 1772 0
"1773" 64.7652315798337 169.309148256031 0 1773 0
"1774" 124.662803657006 89.0028147137463 0 1774 0
"1775" 73.7922310528369 15.1593556814482 0 1775 0
"1776" 113.086068685791 18.9434204582369 0 1776 0
"1777" 154.980009098471 158.160690412625 0 1777 0
"1778" 141.967444989444 53.1522758867257 0 1778 0
"1779" 103.725356151503 28.1550895837207 0 1779 0
"1780" 129.14104279487 20.0525464907206 0 1780 0
"1781" 143.531281464866 40.6878069804569 0 1781 0
"1782" 82.3775710751503 48.4899183475459 0 1782 0
"1783" 152.895124707754 33.5930833466311 0 1783 0
"1784" 107.87571333386 43.9601445545751 0 1784 0
"1785" 98.2014523545508 32.3440118490191 0 1785 0
"1786" 81.6979120995376 175.621486905952 0 1786 0
"1787" 87.516025821741 159.941633511879 0 1787 0
"1788" 130.736598180995 100.133733997999 0 1788 0
"1789" 81.4950981362657 181.217839705895 0 1789 0
"1790" 85.8787171243269 147.467411012045 0 1790 0
"1791" 65.4343117195873 158.495138473723 0 1791 0
"1792" 84.9501843117216 132.916930904815 0 1792 0
"1793" 113.517540480691 163.281787379802 0 1793 0
"1794" 63.7629263750431 116.972972239009 0 1794 0
"1795" 90.3559528621755 6.36416892902296 0 1795 0
"1796" 145.768079002786 171.391227023831 0 1796 0
"1797" 112.631270599088 139.011425463809 0 1797 0
"1798" 144.829068775496 135.495662439963 0 1798 0
"1799" 77.4714151114002 171.125482882754 0 1799 0
"1800" 97.3044045543745 105.394767573055 0 1800 0
"1801" 135.165578150996 175.788380064913 0 1801 0
"1802" 103.658440934155 22.9910008272775 0 1802 0
"1803" 114.853730755655 159.454285029784 0 1803 0
"1804" 129.484888140743 173.440075664838 0 1804 0
"1805" 129.02562445235 96.8622712511406 0 1805 0
"1806" 106.162077249321 171.418855149172 0 1806 0
"1807" 138.638090637734 -9.79414907980406 0 1807 0
"1808" 120.473943401677 11.0932191898006 0 1808 0
"1809" 137.937218619202 75.7424391892452 0 1809 0
"1810" 157.322207307591 63.8582810212746 0 1810 0
"1811" 120.830430777972 127.397712503092 0 1811 0
"1812" 109.298499628503 172.469834824466 0 1812 0
"1813" 134.507851598985 153.698754940648 0 1813 0
"1814" 135.623210357771 16.9031869992193 0 1814 0
"1815" 149.29829746843 131.56636989228 0 1815 0
"1816" 100.494356646987 33.5475596361598 0 1816 0
"1817" 84.7994715115972 79.7783884597506 0 1817 0
"1818" 136.479279353831 88.2089378431493 0 1818 0
"1819" 139.546721941827 22.2391992293313 0 1819 0
"1820" 106.032063245159 -4.84118241135164 0 1820 0
"1821" 88.9438000849546 163.089468536308 0 1821 0
"1822" 107.099728980129 25.3273861522849 0 1822 0
"1823" 132.620362023937 -7.70115947941064 0 1823 0
"1824" 148.889160333643 48.7180815511697 0 1824 0
"1825" 93.3506258795955 33.7518514865574 0 1825 0
"1826" 116.578269204928 19.350072954091 0 1826 0
"1827" 105.089819798022 128.368408912136 0 1827 0
"1828" 152.839098685293 57.2242152678029 0 1828 0
"1829" 77.2572558360339 25.2595033131793 0 1829 0
"1830" 138.118748662639 111.762393079857 0 1830 0
"1831" 73.070170395648 26.5785368775579 0 1831 0
"1832" 104.772960092907 76.6919379286283 0 1832 0
"1833" 116.381029780114 105.145470091706 0 1833 0
"1834" 133.594003589204 188.041247664273 0 1834 0
"1835" 133.122049773748 36.0448818287073 0 1835 0
"1836" 139.590817750783 35.114024352819 0 1836 0
"1837" 99.5001062500556 110.315466447887 0 1837 0
"1838" 87.854054966901 70.2367206728972 0 1838 0
"1839" 149.792686319595 85.9137605223378 0 1839 0
"1840" 98.1583332054797 173.368653079411 0 1840 0
"1841" 128.614172472127 102.280242529781 0 1841 0
"1842" 146.04908631148 111.318774599334 0 1842 0
"1843" 68.11509214073 158.422568573097 0 1843 0
"1844" 101.676080982199 12.4221022471764 0 1844 0
"1845" 68.3723986845718 77.666913501998 0 1845 0
"1846" 134.281945064214 107.373048793729 0 1846 0
"1847" 119.876626229007 87.6207875118313 0 1847 0
"1848" 66.478220695606 44.1394135629749 0 1848 0
"1849" 127.333099989555 171.34134257887 0 1849 0
"1850" 73.4594009719979 112.620261164667 0 1850 0
"1851" 65.1758717012384 29.4862601764198 0 1851 0
"1852" 99.0455723389288 79.1787423464064 0 1852 0
"1853" 71.776761658931 148.027421352489 0 1853 0
"1854" 111.314160919548 19.3862315378902 0 1854 0
"1855" 152.747318172661 184.020346489207 0 1855 0
"1856" 111.578590059599 -4.05411611618191 0 1856 0
"1857" 110.899805121393 170.660749044702 0 1857 0
"1858" 152.17200992884 42.0831837263748 0 1858 0
"1859" 96.5710046138558 12.965912075949 0 1859 0
"1860" 118.998894969194 62.4619674937258 0 1860 0
"1861" 112.250193648947 126.621509879142 0 1861 0
"1862" 76.2852608576666 153.905165203919 0 1862 0
"1863" 73.0302738104159 149.897054128592 0 1863 0
"1864" 153.623637611457 36.661308951345 0 1864 0
"1865" 107.39868676894 28.0477497861288 0 1865 0
"1866" 117.366346259609 2.56766583832117 0 1866 0
"1867" 75.9134401747813 -8.14325659985462 0 1867 0
"1868" 152.178711534851 91.5871830301217 0 1868 0
"1869" 94.6937340397244 57.973897571788 0 1869 0
"1870" 80.3988264465946 94.1754254423835 0 1870 0
"1871" 71.3007268369314 61.4831849726209 0 1871 0
"1872" 154.950836795828 52.0568336550636 0 1872 0
"1873" 149.559228011754 -7.42732574829446 0 1873 0
"1874" 126.7090145676 52.8593493115237 0 1874 0
"1875" 155.545765064914 119.768664551559 0 1875 0
"1876" 156.763989143501 77.3793221441923 0 1876 0
"1877" 74.7379821954639 41.9691223895781 0 1877 0
"1878" 114.470399092 52.0466322834953 0 1878 0
"1879" 73.2088140982156 16.5343016749179 0 1879 0
"1880" 70.1764772296695 71.7369502306707 0 1880 0
"1881" 125.214300126617 96.6319134901238 0 1881 0
"1882" 90.3476182840392 185.887498076202 0 1882 0
"1883" 87.4758413685549 108.113215258686 0 1883 0
"1884" 122.299086272748 36.6431280329446 0 1884 0
"1885" 122.382140826957 134.742008100247 0 1885 0
"1886" 134.488766309579 72.0847031785412 0 1886 0
"1887" 66.0378080646495 174.207948486442 0 1887 0
"1888" 144.341105942382 170.984053155972 0 1888 0
"1889" 149.631638370286 39.8671087825402 0 1889 0
"1890" 107.301367890439 -7.83067082672016 0 1890 0
"1891" 103.492671950401 121.499414268709 0 1891 0
"1892" 67.4585700068812 103.677999835326 0 1892 0
"1893" 129.876195971359 29.1278968468338 0 1893 0
"1894" 97.2425886486498 110.82491033518 0 1894 0
"1895" 111.862463834579 123.845615141654 0 1895 0
"1896" 74.2883217508703 88.0166728851198 0 1896 0
"1897" 132.798126692245 141.802844686901 0 1897 0
"1898" 65.8533764501646 183.917139780888 0 1898 0
"1899" 102.922398837442 35.1252372593465 0 1899 0
"1900" 103.890569932744 188.959700632189 0 1900 0
"1901" 126.322676218825 87.8468748266524 0 1901 0
"1902" 102.19317222588 4.91131693644348 0 1902 0
"1903" 124.320007939093 49.8978772101509 0 1903 0
"1904" 135.117255510578 182.9176698326 0 1904 0
"1905" 150.010999213638 79.1504223817934 0 1905 0
"1906" 89.3856733009589 128.695891558251 0 1906 0
"1907" 131.099790589243 123.305242899412 0 1907 0
"1908" 156.603188418038 126.063560727249 0 1908 0
"1909" 138.504577347207 78.1257695581719 0 1909 0
"1910" 149.300525308336 100.497848232846 0 1910 0
"1911" 145.634116202222 99.7344572720936 0 1911 0
"1912" 107.220823882933 127.057856233445 0 1912 0
"1913" 108.088095881095 137.534668172944 0 1913 0
"1914" 137.594272916302 103.101816250553 0 1914 0
"1915" 71.5953937247513 7.49090702191667 0 1915 0
"1916" 100.957036887516 33.5511491407453 0 1916 0
"1917" 157.605836728506 152.210639688409 0 1917 0
"1918" 139.853334170679 138.809290052172 0 1918 0
"1919" 129.667599644094 32.4800685643827 0 1919 0
"1920" 107.045082788413 51.6114855067988 0 1920 0
"1921" 128.78473674869 131.751528739546 0 1921 0
"1922" 113.788971619411 63.8784666458727 0 1922 0
"1923" 103.074512513372 -0.811320807068936 0 1923 0
"1924" 144.920644465852 36.9125375912622 0 1924 0
"1925" 155.118509067279 112.702734304635 0 1925 0
"1926" 111.350831626232 121.578877937982 0 1926 0
"1927" 90.7401328909325 185.956958757741 0 1927 0
"1928" 100.059010892455 150.435335086184 0 1928 0
"1929" 85.3773577530987 41.8675694827198 0 1929 0
"1930" 92.7117665358807 110.774915568774 0 1930 0
"1931" 103.017745575749 136.557999427409 0 1931 0
"1932" 79.7679170191312 143.117615363888 0 1932 0
"1933" 96.8718757012282 51.6960976028935 0 1933 0
"1934" 72.2172683475158 121.013073611731 0 1934 0
"1935" 90.9846705555823 134.31199811074 0 1935 0
"1936" 86.3036274430643 80.6174397127646 0 1936 0
"1937" 67.0076812737759 13.0167347401051 0 1937 0
"1938" 108.643417946743 162.551863001935 0 1938 0
"1939" 64.9211446900755 41.2998098375499 0 1939 0
"1940" 136.435107217599 147.365628002199 0 1940 0
"1941" 136.11899630286 168.526643676075 0 1941 0
"1942" 71.3248500157491 41.8221962991122 0 1942 0
"1943" 90.3255168993012 -3.74072317404266 0 1943 0
"1944" 138.572857801685 2.90413979809267 0 1944 0
"1945" 132.743346822127 45.0279803171032 0 1945 0
"1946" 75.9102199245643 161.939926133668 0 1946 0
"1947" 69.8371133693911 155.059140543862 0 1947 0
"1948" 90.7596260229351 113.482160503571 0 1948 0
"1949" 139.894926640754 -4.15464037643199 0 1949 0
"1950" 73.3907794362621 34.5272396145639 0 1950 0
"1951" 126.071255395585 5.41277427457658 0 1951 0
"1952" 96.4768254092399 156.70572181572 0 1952 0
"1953" 94.6610897247594 9.26143204842184 0 1953 0
"1954" 66.2065699407774 188.178587196836 0 1954 0
"1955" 121.595287811733 61.311326884928 0 1955 0
"1956" 133.903438614728 153.582705220961 0 1956 0
"1957" 127.656546620674 134.153557271678 0 1957 0
"1958" 98.138585352606 144.80713945509 0 1958 0
"1959" 156.657737459881 177.549304482487 0 1959 0
"1960" 146.933029401349 76.5127245678676 0 1960 0
"1961" 62.445165433188 94.9114776455187 0 1961 0
"1962" 114.6177136265 179.710606058029 0 1962 0
"1963" 65.6578745998798 -7.45083817424864 0 1963 0
"1964" 121.66282599402 70.1531983894407 0 1964 0
"1965" 64.8997053348926 158.103295530429 0 1965 0
"1966" 117.242432342014 89.9647844136574 0 1966 0
"1967" 105.518365350656 96.8697594293197 0 1967 0
"1968" 121.733525139964 64.363783339919 0 1968 0
"1969" 146.181849988516 15.5799535220276 0 1969 0
"1970" 145.270522247099 4.68252171475886 0 1970 0
"1971" 89.5729552086225 188.287527698766 0 1971 0
"1972" 115.285687209848 31.3873911392951 0 1972 0
"1973" 111.462956683722 81.7153207485822 0 1973 0
"1974" 94.0601745808536 167.875317461202 0 1974 0
"1975" 81.5332130324279 154.611049059737 0 1975 0
"1976" 83.1282977522238 20.1312484365613 0 1976 0
"1977" 136.642449050135 131.239507810087 0 1977 0
"1978" 95.6771171989302 118.100867246319 0 1978 0
"1979" 76.8641688079409 128.782284842526 0 1979 0
"1980" 124.846951274404 168.127932051944 0 1980 0
"1981" 155.686336170238 148.368773013318 0 1981 0
"1982" 105.701415287947 41.216949250895 0 1982 0
"1983" 137.233556194705 20.0678684189175 0 1983 0
"1984" 88.5675145345092 76.7983248995201 0 1984 0
"1985" 86.8832125504213 1.71223113202186 0 1985 0
"1986" 146.118446559989 87.561548095892 0 1986 0
"1987" 128.501969552362 135.037559296346 0 1987 0
"1988" 66.0008268432117 133.864544116694 0 1988 0
"1989" 83.0225573790407 187.357136828331 0 1989 0
"1990" 95.5700652023547 -3.19218691304523 0 1990 0
"1991" 127.338391999186 83.44358598414 0 1991 0
"1992" 107.998732880871 65.316528887177 0 1992 0
"1993" 82.6247006414576 35.4251806772247 0 1993 0
"1994" 138.212029203122 120.941164573192 0 1994 0
"1995" 75.8489657840308 139.896504780397 0 1995 0
"1996" 138.126521764787 151.316226825185 0 1996 0
"1997" 143.972924742449 69.1935549463352 0 1997 0
"1998" 77.6881466448844 -4.50043086393746 0 1998 0
"1999" 79.8394879555987 185.749752269501 0 1999 0
"2000" 70.8855509043109 12.5049103859314 0 2000 0
