"V1" "V2" "V3"
"1" 79.8962182643216 149.980303775612 1
"2" 78.444560738469 153.492914427343 1
"3" 78.2743227609996 148.376719430473 1
"4" 78.0766314345147 152.131564150165 1
"5" 80.4772829870617 150.062000038048 1
"6" 80.3650450836307 149.46149879411 1
"7" 79.3804800135937 152.892949865575 1
"8" 78.0723606152009 148.795495370244 1
"9" 81.6399265890198 152.122362208068 1
"10" 80.1912510477774 147.406816004123 1
"11" 76.5026863726716 153.127408274917 1
"12" 80.9325394184499 147.335775719133 1
"13" 82.4994852232589 148.648945351009 1
"14" 65.1997785119169 102.292463678783 1
"15" 85.4183623852435 150.332661714113 1
"16" 129.667599644094 32.4800685643827 1
"17" 76.6099648510001 152.797447221871 2
"18" 79.2452335184717 147.992555142859 2
"19" 79.2200235218547 154.111516269416 2
"20" 77.2845639631472 151.871290073079 2
"21" 82.6961844229553 148.67940824265 2
"22" 77.6825002429493 148.415750321842 2
"23" 78.3047763389607 153.232131911051 2
"24" 79.0202393085292 152.716952238881 2
"25" 79.4498264704108 152.923979773853 2
"26" 80.8398808205673 150.742593212921 2
"27" 75.6481032307636 150.783468548871 2
"28" 77.2945415206012 147.851109379066 2
"29" 80.7824831643972 151.33748398512 2
"30" 81.4907361370834 153.459345530703 2
"31" 82.5625544766637 148.037250227532 2
"32" 80.5526165760254 151.116018514624 2
"33" 80.5881055019098 143.91828704431 2
"34" 85.2417415432485 153.411035365099 2
"35" 78.3312397833501 153.608614920324 2
"36" 76.0002695142136 150.334614674521 2
"37" 79.876160787494 148.594183711946 2
"38" 81.7390981724608 150.886496017271 2
"39" 75.3914568115857 149.441739248976 2
"40" 78.2497263045477 153.546147530923 2
"41" 84.100671767372 150.085052513842 2
"42" 81.0018115974308 151.115487570451 2
"43" 81.0506378007913 149.926224671802 2
"44" 80.5968387122324 147.560311183642 2
"45" 78.5257366716376 153.15385241812 2
"46" 80.5433157249291 147.339746356203 2
"47" 80.2676679881958 147.607430051543 2
"48" 80.5494897503528 148.897542806596 2
"49" 146.661171575261 5.3859772834532 2
"50" 148.39451801606 7.56032700805896 2
"51" 124.615706591043 18.7725582777913 2
"52" 71.6024914940184 130.600466136151 2
"53" 79.0810788025938 155.029138118132 3
"54" 76.1523869173716 150.476448160355 3
"55" 81.1027073494361 152.054440250122 3
"56" 80.71508454915 142.428483201482 3
"57" 78.5486348440539 146.618248128429 3
"58" 77.3785503572216 147.778442809238 3
"59" 77.9693117625739 152.328675008258 3
"60" 80.6918344811553 147.255012809362 3
"61" 80.2822412547226 153.693573270316 3
"62" 78.8705093843877 154.989194256699 3
"63" 78.4392321665994 148.278141706971 3
"64" 81.6523472349824 152.905767507917 3
"65" 81.5794524439282 143.98321617481 3
"66" 77.8020200320684 148.433920700296 3
"67" 79.5670949853915 147.800676024455 3
"68" 79.7427434493621 147.191297616177 3
"69" 75.8544587218774 155.50802449209 3
"70" 81.4363301187194 144.821595262711 3
"71" 82.5871336597806 150.763377326934 3
"72" 81.9722754832378 154.122373516784 3
"73" 82.1824537387073 149.139937532704 3
"74" 79.3978706023126 149.280005653241 3
"75" 76.1349457924523 147.000637810773 3
"76" 78.8424927298082 148.007019672937 3
"77" 78.6557603935647 148.596433075668 3
"78" 80.5984018309269 148.651231975412 3
"79" 80.9954900880248 148.810147135962 3
"80" 80.4047843929839 149.28338388868 3
"81" 80.3989326723748 149.675368423721 3
"82" 77.258684210028 147.302097052279 3
"83" 76.8945408719969 158.745285379899 3
"84" 79.9529135348656 154.53202154322 3
"85" 78.7905326607155 147.86793314611 3
"86" 79.6509023143133 148.16202368473 3
"87" 82.1506998897075 154.37011373693 3
"88" 79.9615704861441 148.485050025989 3
"89" 75.2314862061207 155.196514284434 3
"90" 79.3677453992313 147.949436723092 3
"91" 79.5729600060053 149.210149168801 3
"92" 78.536620415669 148.104625966911 3
"93" 80.727598240998 143.727746767476 3
"94" 80.8609185665411 148.298441872592 3
"95" 79.7478439478002 148.725748702951 3
"96" 80.0191439557983 148.583206599474 3
"97" 80.408601706051 149.252143266287 3
"98" 76.4784864784797 152.411031382353 3
"99" 79.0371251273445 147.69754052838 3
"100" 145.406809405681 9.8005766146842 3
"101" 149.805506729255 7.13474717797879 3
"102" 146.956963318343 6.61680973777102 3
"103" 145.443540706448 6.05989560830173 3
"104" 145.955169521737 8.09013293654811 3
"105" 149.243347526893 8.45435251271232 3
"106" 148.342259937382 8.24864082972783 3
"107" 148.071301840562 10.6203239695272 3
"108" 149.49397698893 7.00126222920008 3
"109" 148.320738084696 9.6304431066484 3
"110" 146.495314754782 5.78194506309008 3
"111" 63.4424251848031 173.175372737461 3
"112" 110.368365239699 15.2713846273467 3
"113" 81.0287015960892 147.031351428575 3
"114" 148.889160333643 48.7180815511697 3
"115" 79.5982753926522 151.814321271224 4
"116" 78.7509483903624 155.141930190181 4
"117" 80.2124777729596 155.059783978719 4
"118" 78.6516750791581 146.533652536822 4
"119" 80.2219637053411 153.737377216453 4
"120" 79.6331268149973 148.912714704148 4
"121" 79.039713104422 149.511248511302 4
"122" 82.0969595198746 153.94003963309 4
"123" 80.9634861838675 148.753462359446 4
"124" 81.8917729217189 154.076456292324 4
"125" 80.4462432332739 156.296561527534 4
"126" 82.0595686653607 151.544382008369 4
"127" 79.4926521167595 146.808391713226 4
"128" 77.8190955807821 152.297902172677 4
"129" 82.5359305193014 140.75969571209 4
"130" 79.6402062172512 142.490307399128 4
"131" 78.6145033688366 146.830855924308 4
"132" 79.4576167753118 150.858308300212 4
"133" 78.960773247255 146.837342457064 4
"134" 79.1686236708541 147.671852071573 4
"135" 77.2130699604535 149.231478661802 4
"136" 80.977228795048 152.206321874589 4
"137" 78.6957491340798 156.767945709172 4
"138" 81.1670384348092 151.638714793475 4
"139" 78.4156473904367 148.045440282513 4
"140" 78.6375045144598 144.881754506016 4
"141" 79.4099507350259 153.1887402501 4
"142" 75.5565059833013 150.126719942907 4
"143" 79.4364697718615 149.285570980311 4
"144" 79.4318260525149 147.247691959425 4
"145" 79.974616470782 146.636995782536 4
"146" 80.2165870010377 154.958809653392 4
"147" 79.6524575760779 144.346257772719 4
"148" 75.8855814680481 154.74758326526 4
"149" 80.4058359022171 153.742583556553 4
"150" 79.7201283293471 152.56409285154 4
"151" 80.0508217570731 153.751669181822 4
"152" 78.3929191219463 146.591523235021 4
"153" 75.6748307732483 155.380551710829 4
"154" 78.50188102083 146.468427647767 4
"155" 77.0747293969005 145.823963203462 4
"156" 79.4594021580217 146.348733699739 4
"157" 80.5279487371972 146.907839425523 4
"158" 80.1467441921783 148.404869172394 4
"159" 79.7046852893094 148.002414618276 4
"160" 76.123312372033 147.274567668445 4
"161" 147.505702878598 10.1224037612804 4
"162" 146.573461470823 8.56179154823975 4
"163" 147.712431884041 10.2035365295368 4
"164" 151.024387110568 9.15965777671555 4
"165" 145.409834604699 7.77900685638179 4
"166" 146.119274710629 7.63712966134372 4
"167" 147.442269258807 12.671090969852 4
"168" 149.169057561821 9.85015291021836 4
"169" 147.134666116095 4.53599934724934 4
"170" 146.799288852476 5.62950079177919 4
"171" 146.455376985225 5.67034836984751 4
"172" 147.645140378463 11.0220230158228 4
"173" 148.461583215608 8.16017789055264 4
"174" 151.325372862681 8.3454069450037 4
"175" 139.879775608088 8.9668402029301 4
"176" 148.101214806417 9.50779752424787 4
"177" 145.232407654826 11.2462655405498 4
"178" 144.550042588512 9.15382192973176 4
"179" 148.395802338611 9.70475807229555 4
"180" 148.947070042236 9.10272151687579 4
"181" 145.258473874961 6.93856221188992 4
"182" 144.017952446074 10.9353756930567 4
"183" 147.289777225181 6.61684301759938 4
"184" 149.105281302223 8.6284298805488 4
"185" 146.300263280148 7.93410805919456 4
"186" 145.060235517735 6.53150063991143 4
"187" 146.53151262037 10.2164887669769 4
"188" 147.032798019636 8.00916789096124 4
"189" 146.372772115275 4.18317255483379 4
"190" 144.798763497802 10.1782448899823 4
"191" 152.695410129923 14.1941807369065 4
"192" 91.1395980421521 108.195393044964 4
"193" 142.119619019761 85.3537932160676 4
"194" 139.546721941827 22.2391992293313 4
"195" 68.5953949780429 186.217456054881 5
"196" 73.7724111732825 186.630723467682 5
"197" 77.1235774802665 145.904186002082 5
"198" 78.2812376161427 144.703786379715 5
"199" 78.8191387112916 144.421337861996 5
"200" 79.2832650703091 151.816253151873 5
"201" 80.9607674638611 149.275037611052 5
"202" 79.1121059481292 148.800240001029 5
"203" 76.7774849855614 151.086716282174 5
"204" 80.5048365679697 144.813196758602 5
"205" 79.52968731333 151.025465278261 5
"206" 78.1924965113023 147.846743826122 5
"207" 77.0983332524951 157.558108791923 5
"208" 80.2893637206806 146.679505595248 5
"209" 78.9134990004635 147.720895075845 5
"210" 79.426382037215 148.984369330472 5
"211" 77.5829297999209 158.213432001736 5
"212" 80.326926202954 154.992684189178 5
"213" 76.3333918842647 149.90254832057 5
"214" 78.5824817225393 151.301242841734 5
"215" 77.2386205217421 145.511054418607 5
"216" 79.6246175215116 144.223829289224 5
"217" 79.0038526869095 157.111893558183 5
"218" 78.0662525273562 150.564713470474 5
"219" 81.4573049243776 156.380511955742 5
"220" 78.5422782152364 156.9993549359 5
"221" 75.7822694007206 155.209570691592 5
"222" 76.5746771288386 153.795498098968 5
"223" 79.8818922108299 143.175362307593 5
"224" 81.7107352190713 147.397064840978 5
"225" 78.3988680498382 145.007892120887 5
"226" 78.9509889448621 150.887407643832 5
"227" 77.5984548815149 152.005974783486 5
"228" 77.8857299537529 147.970895050734 5
"229" 77.2917832254653 146.154398979983 5
"230" 78.3940411463162 150.596861118201 5
"231" 78.8469579855152 144.399405001234 5
"232" 77.4373605255728 148.133333190552 5
"233" 76.1863634277938 149.948396408428 5
"234" 79.3948696861171 149.132914783125 5
"235" 78.4831816339217 154.302496808058 5
"236" 78.1637563332543 147.250614261755 5
"237" 78.2767282157746 145.436869321189 5
"238" 80.1307992281917 147.845362301166 5
"239" 79.4177933386525 146.107771184935 5
"240" 79.2670472710921 152.095313880971 5
"241" 77.0722799673732 151.320752466958 5
"242" 145.855027011623 9.62621608769146 5
"243" 148.987326337855 9.9008014414252 5
"244" 147.315153137086 13.7366047778558 5
"245" 146.917213955967 12.8098841438383 5
"246" 144.665424965567 11.2030998921822 5
"247" 150.81586902509 8.88975157494665 5
"248" 149.70543373547 7.66957887273836 5
"249" 151.089006954071 9.13045827773401 5
"250" 144.609497705946 15.7294049695988 5
"251" 145.143202277166 12.7340097605224 5
"252" 144.78940586448 6.21138827619824 5
"253" 151.746535677716 8.94735126696739 5
"254" 150.490554824636 14.6932512044671 5
"255" 147.606480547369 11.0376668266416 5
"256" 148.621296373946 5.70876806225425 5
"257" 148.95236506488 10.892066998575 5
"258" 146.917599228741 7.71058858990302 5
"259" 151.32080870856 8.06880416559006 5
"260" 149.528432232744 8.39015123160259 5
"261" 146.982601793955 12.5349608386065 5
"262" 144.714947161384 8.91201582988896 5
"263" 148.878216483686 9.33811330690529 5
"264" 144.42147595925 9.55572035786969 5
"265" 148.244784697215 10.1130721365269 5
"266" 150.206473241204 7.64720799805434 5
"267" 153.544000716376 1.82261432102476 5
"268" 146.896224559664 7.06227800409521 5
"269" 145.781106438128 7.51753405147192 5
"270" 144.594699002041 10.3252236418103 5
"271" 145.263714794578 12.9357312013616 5
"272" 147.726411467237 11.0693162065169 5
"273" 146.854588778171 9.21341028662672 5
"274" 147.490148682129 6.72690398272357 5
"275" 145.728597853372 3.810803643091 5
"276" 146.959550313236 5.399360408739 5
"277" 147.989594044892 6.6173926276918 5
"278" 146.359704438986 7.78087600557064 5
"279" 147.405808243608 10.6428610029052 5
"280" 148.384716869295 6.38080822929097 5
"281" 147.588180467422 10.1425099911126 5
"282" 94.6970707857627 108.869754727975 5
"283" 92.11752494276 109.070781023033 5
"284" 91.6322594742203 108.025953447124 5
"285" 91.5454134700712 108.28419837572 5
"286" 89.2929835240939 108.412842125636 5
"287" 96.6177778037538 108.007741001209 5
"288" 91.2124736455313 108.437159226955 5
"289" 90.987916579583 109.111369990213 5
"290" 95.3923675850726 108.642253762601 5
"291" 91.1415677409711 108.769722189253 5
"292" 91.0013441373042 108.674468255243 5
"293" 152.05069447558 78.1024769403921 5
"294" 145.218231945362 7.02693180030512 5
"295" 77.2558936689018 145.840983738377 5
"296" 145.642636737717 90.0544653604494 5
"297" 145.270522247099 4.68252171475886 5
"298" 68.5704460628038 186.253633148345 6
"299" 69.9300698189996 186.363226883351 6
"300" 73.3648199531276 186.672966574607 6
"301" 69.0101189912413 186.505277220349 6
"302" 68.7937544209408 186.548772845009 6
"303" 69.7778224216166 186.52271341026 6
"304" 70.8357522968243 187.107453802092 6
"305" 69.5775514838397 186.701904181576 6
"306" 73.1411082729673 188.289219292328 6
"307" 73.3771921974669 186.780221985621 6
"308" 81.9507059721763 148.888355542418 6
"309" 78.4380351709553 145.962129387815 6
"310" 76.5396605268219 143.969355732208 6
"311" 79.2615289884904 150.855428399299 6
"312" 78.0236157720472 150.769890749653 6
"313" 78.1305378816482 150.416063336172 6
"314" 77.8707389707638 145.293557137975 6
"315" 78.9287191916914 155.311693828168 6
"316" 77.6410897047578 152.505784371481 6
"317" 78.8333919387016 148.222435974606 6
"318" 79.566674630192 152.214846883417 6
"319" 79.477104079482 153.797195397674 6
"320" 81.5902505089794 155.883579539601 6
"321" 80.4951556921517 142.340422716762 6
"322" 78.9312820265897 157.414159129056 6
"323" 79.0948390463973 151.868115390524 6
"324" 73.9054049920082 147.99641824774 6
"325" 77.6830273571355 145.441045724294 6
"326" 79.1380298415563 149.232465846867 6
"327" 80.9083052467626 151.752551262337 6
"328" 80.980450474362 156.276244018917 6
"329" 78.3305844343833 140.923361427673 6
"330" 79.2052487786115 144.744008121729 6
"331" 79.1831150509633 151.54324707138 6
"332" 78.0764409448576 158.914074320402 6
"333" 79.5899535877404 145.665982972506 6
"334" 77.0218007762022 146.143297479121 6
"335" 78.853701932676 144.117702605367 6
"336" 79.2270646897977 151.702939101133 6
"337" 81.302203028481 149.323734295035 6
"338" 78.9067368654729 158.620669521558 6
"339" 79.1131477343749 152.135127477212 6
"340" 76.5624504166124 153.590627698817 6
"341" 77.2414680573336 157.486671512294 6
"342" 82.0609461889265 150.158490240787 6
"343" 77.3482472660938 145.654312657713 6
"344" 79.6761258378582 150.70490889601 6
"345" 80.4609884390817 140.762345599111 6
"346" 78.7794844394035 153.389503802732 6
"347" 78.2554193193606 151.34047441513 6
"348" 80.0971857674049 140.867241690429 6
"349" 78.027432189497 156.412273075146 6
"350" 78.0965915887698 144.947333421215 6
"351" 78.0488436420113 151.819098888117 6
"352" 147.074907574135 12.4695541498765 6
"353" 148.12039727334 9.76852201707078 6
"354" 149.12555764932 10.0375937041422 6
"355" 146.83183700994 16.4445366276229 6
"356" 146.663986978566 4.95198466823562 6
"357" 147.368835524522 -2.93330381706451 6
"358" 145.527175188661 3.75311983383961 6
"359" 145.940230909586 4.42004011903658 6
"360" 145.10096996161 9.33092945783868 6
"361" 145.230756443165 12.9579317254875 6
"362" 145.038552554694 4.25883738666151 6
"363" 146.2854357281 9.16576247587632 6
"364" 150.264055964219 7.93960988580344 6
"365" 147.875015333748 13.2033828154803 6
"366" 144.771795349191 8.88433470583626 6
"367" 147.535459462642 12.1482721205069 6
"368" 149.463969924074 11.0901959727524 6
"369" 146.142472303274 14.2908654706982 6
"370" 146.855724849467 9.46110365634834 6
"371" 145.930285551145 8.91808349000554 6
"372" 144.955095599006 4.7074817304174 6
"373" 148.329930642028 13.7331163993352 6
"374" 145.937174124368 9.91732237611031 6
"375" 146.484671213594 5.22906995881957 6
"376" 150.333624594685 14.2980817125382 6
"377" 146.887192162012 8.95012960136112 6
"378" 147.884275469743 3.68215361081887 6
"379" 149.917257222784 10.1491184006463 6
"380" 146.858426564664 10.3249410438176 6
"381" 149.455201142721 6.52033337031052 6
"382" 142.379022798859 8.86078351100693 6
"383" 149.692889133054 17.4061500625574 6
"384" 150.761930197157 9.35063277168565 6
"385" 147.417459966984 6.84500160516129 6
"386" 150.228254312601 7.63007066371284 6
"387" 151.520123637341 7.72246985223969 6
"388" 149.057221200971 10.6776769310152 6
"389" 143.415708476452 7.09275984216199 6
"390" 151.042483621513 8.44621300386059 6
"391" 147.270535749457 10.9179787060228 6
"392" 149.163358151847 8.00391822148784 6
"393" 145.746496491501 9.30526805450497 6
"394" 147.209125440194 11.2834152472289 6
"395" 145.105016377448 13.073397065969 6
"396" 144.032663891444 9.19077733297764 6
"397" 149.18895584291 10.8818214052401 6
"398" 148.882204293818 11.1435890324904 6
"399" 144.790356345434 11.5430306455454 6
"400" 148.274365525413 6.42269836473741 6
"401" 144.633036210744 15.8079166244979 6
"402" 149.243792845802 10.5609493225187 6
"403" 146.041301903233 6.62505138475015 6
"404" 152.983389472892 8.92469680841299 6
"405" 150.585176539602 3.48248160207953 6
"406" 92.3385503666772 109.237542554778 6
"407" 96.5257751898226 108.318199371593 6
"408" 94.1195294524714 108.935571806926 6
"409" 95.2129206884594 108.295536425143 6
"410" 91.4278832525732 108.524005100828 6
"411" 92.2080048140242 108.237520706549 6
"412" 89.5892159541943 108.477397991841 6
"413" 92.175240328424 109.251468909353 6
"414" 95.29613563537 108.868663966122 6
"415" 88.9437898937118 108.290341248177 6
"416" 87.7513327315481 107.870097567135 6
"417" 89.7291954601297 108.44718550506 6
"418" 92.2576340167587 109.314708670739 6
"419" 90.782581374952 109.158306363662 6
"420" 91.0412692297118 109.153051091167 6
"421" 94.3343449510701 108.293805636103 6
"422" 92.4127387430792 108.817521236607 6
"423" 92.3441793937742 108.842861273465 6
"424" 90.9882705787032 109.246855234238 6
"425" 93.3730084753094 108.359858427722 6
"426" 96.6885920485302 108.227406510257 6
"427" 94.9961179923119 108.641425349679 6
"428" 92.2490049152034 109.089933836183 6
"429" 90.4663911179918 109.124763908298 6
"430" 92.9867823165931 108.673179536774 6
"431" 96.5978043496666 107.893537367466 6
"432" 94.2572548671509 109.114949121893 6
"433" 95.0868301313165 108.584533750194 6
"434" 92.7814266344469 108.203791248433 6
"435" 90.5817807879541 109.037993831065 6
"436" 148.221258628299 6.67067195147618 6
"437" 150.238551912628 14.8858529610384 6
"438" 140.320068477405 59.4560418787272 6
"439" 99.0455723389288 79.1787423464064 6
"440" 76.2852608576666 153.905165203919 6
"441" 66.0378080646495 174.207948486442 6
"442" 145.634116202222 99.7344572720936 6
"443" 79.7679170191312 143.117615363888 6
"444" 70.861436977766 187.25429432887 7
"445" 71.3967583659314 186.580709429827 7
"446" 70.7601065268781 187.17018884044 7
"447" 69.4281552311253 186.492196480986 7
"448" 68.7208944804044 187.083195698617 7
"449" 72.0800286784607 186.133186147528 7
"450" 73.7301322958985 186.456846327418 7
"451" 70.1426175103959 187.719536332674 7
"452" 69.6492086707449 186.102753043781 7
"453" 69.011955470214 186.518341198823 7
"454" 69.9134548554061 186.682589932024 7
"455" 73.1094404733459 186.201089134458 7
"456" 73.023885264231 187.589199096247 7
"457" 73.515057276505 187.917491534348 7
"458" 73.5674502668599 186.881594520068 7
"459" 69.6133065184248 186.363065077548 7
"460" 70.9089800519495 187.122151338302 7
"461" 74.1992801907839 186.836227257959 7
"462" 73.2643413138652 187.035045784252 7
"463" 72.8796547012601 186.013792693808 7
"464" 73.0129232635111 187.072243743943 7
"465" 68.9216289752731 186.209807193339 7
"466" 68.202540004283 186.663158233667 7
"467" 70.0011205262357 186.017415341288 7
"468" 70.9142685794195 188.168381809459 7
"469" 79.7596993414545 146.339995733099 7
"470" 78.0709327695838 145.61777411309 7
"471" 77.9759115196498 151.560603552263 7
"472" 80.339699915488 155.278049309181 7
"473" 81.4290681940147 156.593481173515 7
"474" 78.2478736299313 148.056676213262 7
"475" 78.4091806319755 155.514494631737 7
"476" 77.8748878093195 157.597899081478 7
"477" 81.6966091211777 157.077970753069 7
"478" 77.6406434233665 152.799023427277 7
"479" 82.5377230664416 149.786453054247 7
"480" 81.6161936639527 148.527942660894 7
"481" 79.9100782540949 155.970098831811 7
"482" 78.213654027997 151.42914440572 7
"483" 77.6593215014426 147.007220949933 7
"484" 78.9479220171788 155.673237609133 7
"485" 79.0609640850635 151.611238552534 7
"486" 76.7423058330437 154.492664421386 7
"487" 81.8703323528008 147.351180360784 7
"488" 78.462164711817 151.882577758829 7
"489" 78.0811616633915 155.318808524579 7
"490" 77.7419813157885 159.582259289459 7
"491" 81.318149556931 151.397539755049 7
"492" 78.2791096965821 150.11823743176 7
"493" 147.797105199443 3.39423230425905 7
"494" 144.83429414864 13.6704746253379 7
"495" 148.644054163556 8.17951651209578 7
"496" 152.867132658045 11.2329845849342 7
"497" 149.906427123775 14.3791328851028 7
"498" 146.27621277144 5.09087753315823 7
"499" 147.624765026735 11.469339324109 7
"500" 148.565958924411 6.38891933538543 7
"501" 143.237504953883 6.57301133067952 7
"502" 143.220050378132 9.61689864889782 7
"503" 147.252575408848 8.60302545087765 7
"504" 143.734305420843 8.78069136209092 7
"505" 147.798838760652 11.3537933565887 7
"506" 144.98631153519 16.2152608411077 7
"507" 149.173996386021 10.8849807543312 7
"508" 148.233748480231 6.75190589929442 7
"509" 147.641392013636 7.24641571479179 7
"510" 145.31061570715 8.5250607953099 7
"511" 142.056152877174 8.93734932788687 7
"512" 150.105408320378 15.522399232172 7
"513" 149.306981266402 4.35318395852781 7
"514" 145.917542545373 4.68688785012767 7
"515" 146.815946076057 8.91046468631439 7
"516" 146.913751801028 9.87534892251969 7
"517" 147.440316021936 9.84878985581853 7
"518" 145.671433705843 8.6059132855147 7
"519" 152.191823100262 8.03476422716918 7
"520" 147.605622200905 9.91460666404885 7
"521" 146.233268696991 9.78855333333484 7
"522" 144.83662062947 12.6442137156379 7
"523" 144.103519047567 7.26417755203925 7
"524" 153.102980869005 14.4775391847397 7
"525" 145.536013784859 3.13060997107579 7
"526" 150.200054770716 14.8139765264538 7
"527" 147.6700714041 3.25816273536417 7
"528" 148.830810607995 11.3789905275615 7
"529" 148.686046713696 14.2215957797726 7
"530" 149.421033585645 7.47992925057671 7
"531" 150.60950079673 4.08952945846272 7
"532" 143.238880409527 10.8505239609645 7
"533" 149.953872458664 13.9663723212623 7
"534" 147.651179438263 14.9270665803859 7
"535" 150.389534472046 3.50183789965024 7
"536" 94.7408236815407 108.500807976581 7
"537" 92.4221031501243 108.668357259477 7
"538" 92.4769843641661 108.720946335124 7
"539" 93.7271196959437 108.28710968049 7
"540" 91.3738744191251 108.813250116949 7
"541" 90.3004094545881 107.630104500545 7
"542" 92.6308634433042 109.291657884328 7
"543" 93.3877024481464 108.60492044127 7
"544" 92.8379867909442 108.131923645455 7
"545" 95.4159851691859 108.991271558704 7
"546" 93.5964610759372 108.954453383053 7
"547" 93.3382544365294 108.649488103944 7
"548" 92.3472930312844 108.008792345621 7
"549" 94.240799103273 108.940477081956 7
"550" 96.7020145219532 108.73465736998 7
"551" 89.4912629741592 108.335134245076 7
"552" 94.3791984152987 108.692741387296 7
"553" 92.299821426234 108.923660014761 7
"554" 94.2428221337194 108.366223679187 7
"555" 92.4502671437416 109.599105223355 7
"556" 87.7575497879987 107.824452306488 7
"557" 92.2183681750558 108.779354242371 7
"558" 92.5158146879086 108.173557348088 7
"559" 94.5342240813079 108.657056436165 7
"560" 95.2142034994069 108.540321578623 7
"561" 93.1084064551175 108.716982512452 7
"562" 93.1952474568065 108.3722099387 7
"563" 96.6293309241358 108.357747625656 7
"564" 95.6212231889905 108.750387477267 7
"565" 91.7018938321656 109.57197145032 7
"566" 92.6850913828952 107.919736235478 7
"567" 94.443307207511 107.787981059078 7
"568" 92.8181094472794 108.872758939987 7
"569" 91.7354898736433 109.047781678007 7
"570" 92.310243303056 108.753617128069 7
"571" 90.2249082029352 108.858517141121 7
"572" 96.3033967469526 109.931370612021 7
"573" 95.9042094688416 108.780125457528 7
"574" 93.5626797385574 108.354161094957 7
"575" 92.958321516477 108.791339742134 7
"576" 96.3433207918714 108.668267204988 7
"577" 94.6641271585175 108.116537334107 7
"578" 92.0256452143305 108.347226760528 7
"579" 94.8794237644784 108.57806697118 7
"580" 94.5698662006662 108.498192214714 7
"581" 92.9347863028028 108.126691707361 7
"582" 92.4754648871105 109.381038914018 7
"583" 93.4088213470668 108.170348620948 7
"584" 78.6534316303607 167.53277039634 7
"585" 76.0638687108628 180.910925864746 7
"586" 117.997789355105 136.604270949403 7
"587" 145.550078647914 8.24843559663832 7
"588" 146.874062565253 16.5379682051105 7
"589" 84.7941203043909 78.0489553193677 7
"590" 137.937218619202 75.7424391892452 7
"591" 74.0975012342923 187.122456434483 8
"592" 70.9070334408814 186.707773275434 8
"593" 71.3096325640588 186.65656485801 8
"594" 72.198683728385 186.14178407622 8
"595" 68.3815283955407 186.663804143808 8
"596" 69.4991344039233 186.246666837161 8
"597" 71.851520834315 186.804130154011 8
"598" 69.2599596001037 186.618805377006 8
"599" 67.5452607441194 186.145387384806 8
"600" 67.6926671318859 186.538622585342 8
"601" 71.6088887600855 186.85726829347 8
"602" 67.1241578300261 186.289203442547 8
"603" 70.7886858541696 186.559133073999 8
"604" 68.2601581830819 186.880685071583 8
"605" 70.4387623493655 186.647112940652 8
"606" 72.0293095338693 186.191271957018 8
"607" 70.4173873663784 185.49805239564 8
"608" 70.5398441635302 185.736116073434 8
"609" 69.3898895993395 187.154856277385 8
"610" 74.1378397931812 186.24859606203 8
"611" 68.6469078238091 186.598814384274 8
"612" 71.5756928985498 186.443258391076 8
"613" 71.9257161926527 186.262789727172 8
"614" 74.2955232746812 186.818224561723 8
"615" 72.113915363948 185.733234702456 8
"616" 73.1360563369841 186.158743440497 8
"617" 67.7227609355851 187.593100854022 8
"618" 68.0519718188858 186.726981382071 8
"619" 70.6535559141526 187.567017749768 8
"620" 73.0940437815158 187.530992624232 8
"621" 72.9578775258838 186.07001449025 8
"622" 72.8953257466781 187.115614295249 8
"623" 70.0241570755723 186.612264174236 8
"624" 69.354114026833 186.56494465632 8
"625" 70.3540194776753 186.799436593013 8
"626" 71.4147259668993 187.021729363673 8
"627" 69.8122312950505 185.972733826425 8
"628" 70.0515829721575 187.288320052074 8
"629" 73.0597097991876 187.834019014712 8
"630" 69.7935366946882 186.671224412399 8
"631" 74.2358631644191 187.487513945277 8
"632" 68.6813306908561 186.936797756913 8
"633" 72.7607419408881 187.126911212977 8
"634" 73.656823109457 187.164071871082 8
"635" 69.2671373689849 186.819791518285 8
"636" 71.9001974999676 186.311378295739 8
"637" 68.7593046434556 28.2733322472712 8
"638" 78.2620350921219 150.065916084972 8
"639" 77.9793923232688 144.858326846628 8
"640" 80.1194916025176 149.455871450498 8
"641" 80.5317488122064 158.075128091668 8
"642" 79.1285776814442 151.161576805309 8
"643" 79.2029047313021 155.528505250231 8
"644" 79.7945087722839 149.211789218163 8
"645" 79.7900568039376 145.205256694477 8
"646" 83.6435084194054 147.96459976344 8
"647" 79.6292050936692 157.318399038765 8
"648" 81.3015168243576 149.079625299743 8
"649" 79.0598266937054 143.135502738191 8
"650" 79.6667869255491 151.453746185014 8
"651" 81.2648354758473 142.362429590655 8
"652" 77.8725721908058 146.977934172867 8
"653" 78.0436285818973 152.868746548936 8
"654" 77.4112565052094 152.98662765614 8
"655" 79.0618602678203 141.901566169399 8
"656" 79.6908109087987 157.471834254409 8
"657" 81.4001488572786 149.142459901124 8
"658" 81.7507715543257 148.41754993872 8
"659" 80.2659959571768 152.688096407577 8
"660" 147.590816057113 7.73807390714981 8
"661" 149.096263018045 4.56785250719176 8
"662" 145.16678147572 15.031465272989 8
"663" 151.676353739525 7.44951271953063 8
"664" 146.312442229331 9.86296614850461 8
"665" 145.341421710217 8.37489101056422 8
"666" 147.749939078044 4.51132474395215 8
"667" 153.528622578371 8.39449659854587 8
"668" 147.126278724878 3.79589834007712 8
"669" 143.513351539721 8.70141671234433 8
"670" 145.045186231034 4.82105972394822 8
"671" 148.04786547976 14.5360332852643 8
"672" 147.499083638662 9.79205362810156 8
"673" 147.937944259329 11.4387310355721 8
"674" 143.429878388265 11.5774957527264 8
"675" 149.321910043343 6.28684444627423 8
"676" 145.858824260071 -0.243901908837222 8
"677" 150.337338929019 4.61710132726567 8
"678" 145.834077007279 13.1086955338493 8
"679" 150.854721009841 14.1051962953634 8
"680" 148.679866523628 4.77369406709501 8
"681" 147.000658291911 14.7229185243521 8
"682" 144.944804678948 16.1535758151386 8
"683" 148.721182377787 8.37967370204396 8
"684" 146.522019369011 6.15410919559944 8
"685" 146.330480365095 11.0762500558884 8
"686" 145.352684450111 5.89401963791114 8
"687" 148.733382157445 14.6384683381075 8
"688" 148.083048082852 5.22248015355654 8
"689" 91.8375433542862 108.338701331174 8
"690" 96.3345844101694 110.20187515341 8
"691" 95.4774311078325 108.809560264581 8
"692" 91.7780295827821 107.868738410455 8
"693" 93.6177639255722 108.25745948716 8
"694" 96.1298763961761 107.932617244867 8
"695" 92.4912038936021 108.22778709844 8
"696" 92.0940361488556 108.381570358095 8
"697" 96.6037050067777 108.875053057684 8
"698" 93.2477771384341 108.561474274433 8
"699" 95.4229411208392 109.134048893299 8
"700" 98.4552534963861 109.007633560975 8
"701" 92.7766893768356 108.819386995431 8
"702" 96.3750563545289 109.407735137291 8
"703" 92.8089577718686 107.969276615942 8
"704" 93.3900608959079 108.093844848038 8
"705" 91.9846688821706 108.396366273942 8
"706" 95.7192391889464 108.844871367076 8
"707" 94.9481674597401 108.306962740435 8
"708" 95.7910365553464 109.294634643421 8
"709" 96.8609974556676 108.879900436874 8
"710" 90.6798825943938 108.28189906941 8
"711" 93.5734436824735 109.100160062011 8
"712" 95.7288814488035 108.761384253992 8
"713" 92.7385168227667 108.77962097278 8
"714" 90.7472132490047 108.792827390795 8
"715" 93.4679193819616 108.076952225535 8
"716" 94.3912781426094 108.682381686141 8
"717" 96.2587607054865 108.367196798829 8
"718" 93.5324838450311 108.902264220442 8
"719" 88.7208907442288 108.886724644717 8
"720" 89.1536869020849 107.901581491218 8
"721" 93.8076127072616 108.32760216517 8
"722" 94.4060538948887 108.779177945338 8
"723" 96.8311151466328 108.573022148168 8
"724" 92.6995735751771 109.459192906079 8
"725" 94.5529976298771 108.402767830115 8
"726" 144.957436459715 25.2752728338865 8
"727" 123.627777209323 0.149987520651724 8
"728" 87.4758413685549 108.113215258686 8
"729" 146.181849988516 15.5799535220276 8
"730" 69.5449437027799 185.357673456271 9
"731" 73.3039684976723 185.737658601849 9
"732" 72.5245673412677 185.081115583894 9
"733" 73.1408547929153 187.682332048587 9
"734" 71.6542552347771 186.684666946768 9
"735" 71.7805906712564 186.136916873774 9
"736" 70.7943443022659 186.488519612602 9
"737" 67.7294339462108 187.848411261497 9
"738" 70.3117380864939 186.77329744427 9
"739" 71.7525361571748 186.610790802891 9
"740" 68.2900920151372 186.082829010152 9
"741" 66.7211649753914 186.586726507499 9
"742" 69.0479157629243 187.363768275053 9
"743" 67.613110461013 187.641946529835 9
"744" 67.7462459244914 186.099649610617 9
"745" 67.0138725615407 187.045674533306 9
"746" 72.8497955284987 187.027606745017 9
"747" 72.0644494814015 187.067761543872 9
"748" 69.1198570932275 187.266464490041 9
"749" 74.7850403916738 186.227674157879 9
"750" 71.425746764833 186.351013644041 9
"751" 68.4180611091738 186.64684939106 9
"752" 69.8107270141386 185.913451072298 9
"753" 73.491036885822 187.503241285093 9
"754" 69.618634349595 185.841323009472 9
"755" 72.8480037217613 186.600501723927 9
"756" 70.3898504447344 187.622168650327 9
"757" 70.5051552440525 187.812652428533 9
"758" 74.1292592584948 186.629078763079 9
"759" 70.2315281820528 185.984731739587 9
"760" 65.5275587480032 186.87084878689 9
"761" 69.2334253649686 186.990924348737 9
"762" 69.1070832762526 187.547400097375 9
"763" 66.2367169258657 28.4468481771311 9
"764" 67.4170290653023 28.0345667673158 9
"765" 69.2592736095997 28.1404749633004 9
"766" 72.453141297097 27.5081133954546 9
"767" 68.0982078558966 28.4772986863906 9
"768" 71.3965135308859 28.4710025801732 9
"769" 70.681235429917 26.5580411285568 9
"770" 71.977598221296 27.2049918548695 9
"771" 69.7923220447867 28.2655207559033 9
"772" 79.3308818375487 155.513770756687 9
"773" 77.6350430326353 145.913564692975 9
"774" 80.4287563242437 150.583763315664 9
"775" 79.2825961479956 143.167701009758 9
"776" 77.4245645679371 160.04952470808 9
"777" 78.8019355647214 155.471494895397 9
"778" 81.4301601197288 146.443495394489 9
"779" 79.677787314156 144.934989709002 9
"780" 80.7028547128756 145.873471098491 9
"781" 79.9140930943555 143.763039456434 9
"782" 79.1417639700614 151.24771761788 9
"783" 79.9415518089054 148.966395261406 9
"784" 77.4057885627089 145.278027095408 9
"785" 81.588047102778 145.390775167169 9
"786" 78.6757114047892 141.988178205457 9
"787" 77.1741672343871 144.007297209137 9
"788" 82.0653577847946 146.394639674193 9
"789" 77.8369613390476 142.715328999423 9
"790" 150.04202442257 11.0025513934649 9
"791" 150.620769973038 4.60103803047503 9
"792" 151.900202486837 7.24994493627726 9
"793" 153.531121579894 8.58451185354929 9
"794" 144.911223719837 8.79010018962688 9
"795" 145.81957392719 4.33739522120543 9
"796" 150.82142429401 5.23212900202122 9
"797" 147.664229670826 7.65885812516049 9
"798" 149.643315612917 11.6101501649153 9
"799" 145.260271109528 8.79372744936437 9
"800" 149.086022793696 6.28215371436392 9
"801" 147.533200713264 4.8641003721574 9
"802" 145.291790565629 3.05630858316543 9
"803" 151.297607730919 5.19975923328706 9
"804" 143.151660187124 8.33819171265444 9
"805" 146.144407209412 5.40197653698059 9
"806" 145.991750777214 -0.397438647010505 9
"807" 145.969709752222 11.295882400839 9
"808" 145.826573449048 0.0324077905685076 9
"809" 141.745611752869 8.65995448886213 9
"810" 146.186695823928 15.5916818381813 9
"811" 148.419163507683 11.8020370306868 9
"812" 146.233212786867 12.7945884496124 9
"813" 145.722989130348 5.00257792195817 9
"814" 147.486771264528 3.63105723283181 9
"815" 148.14296539915 14.4809558772141 9
"816" 145.727603502478 13.2633428268706 9
"817" 150.976650175522 10.8379723252937 9
"818" 147.525930810038 7.56499845874064 9
"819" 143.342470707026 11.3406574505702 9
"820" 142.990296995916 6.59490740954153 9
"821" 149.691671395332 14.5591530555677 9
"822" 148.76060412098 14.9420844788459 9
"823" 148.431364004579 11.8056065024727 9
"824" 149.33367973806 -0.680028139681324 9
"825" 145.917090279275 20.8003892799319 9
"826" 95.4769809279077 108.440727004086 9
"827" 96.7194522097146 109.274702482193 9
"828" 96.9788513794316 109.155286145099 9
"829" 94.5880111832442 108.316959497192 9
"830" 93.2814609977231 109.055045217438 9
"831" 95.9251515431452 109.003954272518 9
"832" 92.0793500030616 108.566261125547 9
"833" 96.9972542230751 108.413811177718 9
"834" 96.59348466843 109.142471744784 9
"835" 96.5562918328669 109.327197351506 9
"836" 96.131855883722 108.649501021202 9
"837" 91.9244837647763 109.583416680999 9
"838" 89.650478949359 107.995942646667 9
"839" 90.5917188246603 109.592968152395 9
"840" 96.1627299934695 108.362483489858 9
"841" 93.2612849469506 109.282110571275 9
"842" 92.1303184397975 108.442619360884 9
"843" 97.9549631983428 108.510935678982 9
"844" 96.0169951826858 108.385091771755 9
"845" 64.7652315798337 169.309148256031 9
"846" 99.5001062500556 110.315466447887 9
"847" 81.5332130324279 154.611049059737 9
"848" 73.3372518814774 187.790903264495 10
"849" 72.544493535097 186.519769630456 10
"850" 70.1154565990857 187.064906696503 10
"851" 74.708440884236 186.282089379947 10
"852" 71.2852755506713 186.117775639895 10
"853" 66.4938472146763 185.969558398117 10
"854" 72.7383301299304 186.560279284895 10
"855" 67.1349857007066 186.823068694787 10
"856" 67.8750032519727 186.669266764374 10
"857" 75.6229151891032 186.7114860674 10
"858" 71.4197521232478 187.929671176841 10
"859" 69.6750283842753 187.204181355598 10
"860" 70.480476680953 187.440400369188 10
"861" 67.917935016433 186.859655606546 10
"862" 69.790460669541 186.863504644862 10
"863" 70.8545625712878 187.691026205852 10
"864" 67.0989717418008 187.114170645398 10
"865" 69.8697740341483 186.950195332953 10
"866" 72.9756585826655 186.743252152813 10
"867" 69.3095383533571 185.444162116882 10
"868" 65.2174964428332 186.523302597069 10
"869" 72.0564323181558 187.351557779905 10
"870" 67.4646776221393 186.851169863454 10
"871" 69.9363891068332 27.2765287404814 10
"872" 70.0272538902885 27.8137138199117 10
"873" 67.7050714155711 27.9752797154046 10
"874" 67.4674335268321 28.4795062290087 10
"875" 71.193254734667 26.9086860870168 10
"876" 69.4646168406725 28.0629470607342 10
"877" 67.4952527623877 27.9469320774641 10
"878" 72.3625316661848 27.9254084641442 10
"879" 69.889312894223 28.5689423625491 10
"880" 72.6264565124013 27.522004499943 10
"881" 69.6749054989929 28.3159127452632 10
"882" 70.0092185703753 26.7056557801916 10
"883" 72.4819475113672 27.6675409784849 10
"884" 69.8158218793033 28.3260901347519 10
"885" 73.419790791336 28.5785131945335 10
"886" 70.2239212309116 28.0267805106229 10
"887" 67.2586983350296 27.4640335943762 10
"888" 71.5746306172299 29.1392450155761 10
"889" 71.4145887923905 28.8667974182421 10
"890" 80.1083705008453 152.922996660475 10
"891" 80.809286076541 140.980848454615 10
"892" 78.8563768286804 153.814149302517 10
"893" 78.2442134595823 152.589538713461 10
"894" 80.8337132844295 153.003394300154 10
"895" 77.1348338970409 142.296917875138 10
"896" 75.375023415942 153.960182073798 10
"897" 80.328505589194 143.065268167067 10
"898" 79.2083112859055 145.595950578235 10
"899" 77.6502421612872 146.738469064985 10
"900" 150.016021854298 1.90623860495911 10
"901" 141.892537558471 6.26508072329861 10
"902" 148.951842275828 15.130005475184 10
"903" 146.53551138956 9.60799169498923 10
"904" 145.265257720171 15.8686051626795 10
"905" 151.241856544778 6.49903636259053 10
"906" 143.261285894903 11.3426547460241 10
"907" 149.839282543158 9.90227688692474 10
"908" 145.808327856868 12.1008291938699 10
"909" 150.898394896896 10.7769627154128 10
"910" 149.756845237515 1.95837864341965 10
"911" 148.790437554973 6.57176144478905 10
"912" 147.008484915916 4.07442411851122 10
"913" 145.809665749393 15.2062326403589 10
"914" 148.362743525467 11.8483524740416 10
"915" 151.605597437249 12.4451071274466 10
"916" 146.043494337428 12.1421020954395 10
"917" 149.374807744327 -0.537681001761598 10
"918" 153.415387438702 5.9400528920104 10
"919" 147.302170007628 12.9275074222569 10
"920" 150.145214954957 17.3451052724699 10
"921" 147.062849117976 14.8895629619045 10
"922" 145.393081297108 12.5713923182573 10
"923" 147.059802084948 14.1978161885129 10
"924" 148.95294719035 15.1725722622322 10
"925" 148.407858348681 14.7728937271319 10
"926" 147.708889197542 16.2044320888998 10
"927" 151.512545236396 6.64528047994651 10
"928" 146.686415848852 -0.675922954972012 10
"929" 148.160369034407 11.8760395771604 10
"930" 145.897366992662 0.0178188998437019 10
"931" 92.9987166985558 108.444615972435 10
"932" 91.1329645956127 107.520956130713 10
"933" 93.8383765917795 107.926352038912 10
"934" 93.2058739907591 109.302334516535 10
"935" 94.6588245079314 107.853388081662 10
"936" 94.0466800074749 108.545114119037 10
"937" 93.5290980694318 109.693068246016 10
"938" 93.0858746678009 109.341914300444 10
"939" 95.1356192020263 97.2374248646265 10
"940" 74.5286516491921 184.932648213473 10
"941" 110.114356563639 100.204521041015 10
"942" 71.3621469798353 129.258018410275 10
"943" 143.693314282969 21.0607371660206 10
"944" 66.1284344359022 141.546130951946 10
"945" 144.328602707026 115.60651116568 10
"946" 112.250193648947 126.621509879142 10
"947" 107.301367890439 -7.83067082672016 10
"948" 76.8641688079409 128.782284842526 10
"949" 69.8047241122547 187.472650088018 11
"950" 72.3486646155539 187.291706564688 11
"951" 66.4224383231002 185.704071588811 11
"952" 70.4542664668544 186.336208730679 11
"953" 71.0395209028364 185.872214034803 11
"954" 72.336803828106 186.308909192261 11
"955" 67.0281910257503 186.823305372868 11
"956" 67.0953909575797 186.796277629113 11
"957" 72.2564026747354 187.494868173445 11
"958" 71.9655570263386 185.966573092961 11
"959" 74.0588065883873 189.185076703193 11
"960" 69.6915335326842 187.554429764145 11
"961" 75.4260047192027 186.55101689445 11
"962" 73.3600936045369 186.38990814532 11
"963" 69.9636663932291 187.022386155961 11
"964" 71.1521750321931 185.706693502202 11
"965" 73.0280687957367 28.648809685844 11
"966" 67.6785303197992 27.8724893418105 11
"967" 73.1837484453517 27.4552886015226 11
"968" 73.1766152182123 28.4914968106708 11
"969" 69.6389885409589 26.5827324414304 11
"970" 67.6415713567739 28.8942075793165 11
"971" 69.9610593583677 27.6311306806608 11
"972" 69.985521763243 27.6927346915076 11
"973" 72.5624259604315 28.0778231183906 11
"974" 73.6729924744633 28.1295174331898 11
"975" 72.9217668131799 27.7086381032935 11
"976" 70.1026751424045 27.658827923761 11
"977" 66.4728441882266 29.0981188071073 11
"978" 69.4999565498796 28.2035894066644 11
"979" 70.4619744406502 28.0328389608129 11
"980" 72.4024545931135 27.8374451380373 11
"981" 71.8488866304222 28.2811712762037 11
"982" 65.9666376949228 28.263427950254 11
"983" 67.6646810391159 27.9461317609623 11
"984" 68.4820981732548 27.9580335133903 11
"985" 72.1798480074384 28.1700914586961 11
"986" 69.8416062916446 28.6830971312025 11
"987" 73.9415941409262 27.7107714425585 11
"988" 69.5852226499459 27.4110121156417 11
"989" 72.486652324586 27.2028073624441 11
"990" 70.5706619736051 27.0938420935279 11
"991" 70.0377382677412 28.5452672090752 11
"992" 68.991405723916 28.5750218630877 11
"993" 69.8883171195216 28.7499577348843 11
"994" 71.4534978502412 26.9654972287357 11
"995" 75.123436263862 28.7934259033684 11
"996" 71.3079751362467 28.8462544192355 11
"997" 74.1506769993561 29.194556078531 11
"998" 71.1194330762618 28.4957358574825 11
"999" 72.4244104467267 28.9285521178977 11
"1000" 67.8363005884374 28.2042163549138 11
"1001" 67.5521951927221 28.1555509198881 11
"1002" 69.6698903111195 28.4923455336066 11
"1003" 72.4747342963014 28.2149410862281 11
"1004" 79.8034201433444 154.887566751262 11
"1005" 82.0918880273543 145.283548505319 11
"1006" 79.4262806371564 144.809698693165 11
"1007" 78.1879542284479 146.112886764619 11
"1008" 76.981734266716 149.677355148082 11
"1009" 82.6407689567917 144.124893633971 11
"1010" 78.9617987919576 159.090419532334 11
"1011" 77.401329692861 148.814529513761 11
"1012" 75.5046030025755 154.321516891654 11
"1013" 148.704169010817 -1.41498824297384 11
"1014" 149.873819763392 2.25523156780488 11
"1015" 153.643225276408 7.57708765554817 11
"1016" 149.495276604922 1.86413395091428 11
"1017" 150.443461846622 7.23655354661609 11
"1018" 146.934470358493 7.46003881113028 11
"1019" 148.635875038957 15.292764939801 11
"1020" 151.35232426694 12.4919881074868 11
"1021" 151.324703893518 5.49035298469035 11
"1022" 155.316174131437 13.3139070392256 11
"1023" 150.063240709239 0.965299957763046 11
"1024" 150.206040349744 1.82657130742662 11
"1025" 147.166464311361 13.2385601364545 11
"1026" 147.924748943827 16.1615179505827 11
"1027" 141.534292787422 5.98405552976511 11
"1028" 147.790372031807 7.90824599864938 11
"1029" 143.490849374373 6.36032120706798 11
"1030" 145.246230504654 10.5924338639496 11
"1031" 148.186699446691 13.8639646593732 11
"1032" 148.40672800302 0.822896757467083 11
"1033" 151.147303667803 6.49693734596252 11
"1034" 151.895272895224 12.2986227119202 11
"1035" 99.2488041942468 108.876517212953 11
"1036" 95.7404894069499 108.459574878017 11
"1037" 90.5237002526658 109.78235337795 11
"1038" 96.3998480390316 109.210358305808 11
"1039" 96.8592353391666 108.296764849672 11
"1040" 92.6802647414989 109.046160614616 11
"1041" 89.3303154876299 108.950923664076 11
"1042" 109.292035057503 76.7745692470102 11
"1043" 142.42001603711 8.07848167840845 11
"1044" 69.3447071002077 184.898953840522 12
"1045" 68.174887979213 189.359749144476 12
"1046" 65.5026574860315 187.839167304696 12
"1047" 74.9162198930434 186.658892648194 12
"1048" 72.4289518579522 187.220156306346 12
"1049" 71.594194721058 185.84959337177 12
"1050" 64.8362839789689 186.847760070272 12
"1051" 73.9482991075083 185.545759065319 12
"1052" 70.8791978971622 186.120216985248 12
"1053" 70.9466759900459 185.624886989283 12
"1054" 71.3249847014206 27.2918102427301 12
"1055" 73.65717319424 28.5793742263068 12
"1056" 72.990749233726 28.5920217965868 12
"1057" 69.5227929247057 27.1349922901855 12
"1058" 71.9570265385751 27.372053018155 12
"1059" 71.8348185621266 27.8318744808226 12
"1060" 71.3271912587055 27.2292661181476 12
"1061" 73.7478021323049 27.5515227681085 12
"1062" 68.9068194236756 29.4194513216208 12
"1063" 72.8978268017025 28.7053169840167 12
"1064" 72.6167830468412 28.2697471334217 12
"1065" 72.1186493811793 28.0824961546224 12
"1066" 69.5540569126331 27.5790427541202 12
"1067" 69.8805995476042 27.6321644459549 12
"1068" 70.0259184430682 27.9906418283759 12
"1069" 74.961035316046 28.6290357750513 12
"1070" 73.5542057388223 29.7330433705402 12
"1071" 68.5124960678282 27.5787265744757 12
"1072" 67.969190255958 28.070406243875 12
"1073" 72.1425677790172 27.644956667295 12
"1074" 71.8889792079308 28.0334104020624 12
"1075" 71.5581634581744 28.0814052372075 12
"1076" 73.1633889182161 27.8427346736712 12
"1077" 70.5955018616538 28.1284732871145 12
"1078" 65.9815647541048 27.7812323371905 12
"1079" 71.840991032469 28.0721017424966 12
"1080" 71.1654829177198 28.9376073790827 12
"1081" 72.6106468704077 28.8998747118658 12
"1082" 69.8240226544806 27.6966467320443 12
"1083" 72.1068161161434 28.2028659488824 12
"1084" 68.8094701539734 29.1882064742943 12
"1085" 69.8910123403085 28.9519170933335 12
"1086" 69.9884631256502 29.141585852254 12
"1087" 71.7613373458669 28.3376858372816 12
"1088" 79.3878277253863 153.601803120513 12
"1089" 84.5876430311155 150.712371008015 12
"1090" 80.9555518532695 141.758063687168 12
"1091" 77.297443531071 145.056620731468 12
"1092" 82.4026725781962 144.634671362498 12
"1093" 77.1730666298714 149.570746447833 12
"1094" 73.483634834181 145.011630173284 12
"1095" 79.9027729443243 147.991287763456 12
"1096" 81.0572582246925 142.736325496145 12
"1097" 76.6541945412187 151.944554671375 12
"1098" 148.078416942711 0.726330326578257 12
"1099" 150.564182175736 1.4872161140412 12
"1100" 148.421194415697 0.630556240740503 12
"1101" 144.044450877312 6.0817574479872 12
"1102" 150.068591180428 13.0542403596515 12
"1103" 152.827130849761 3.0580788290902 12
"1104" 147.207256911333 2.98721739603418 12
"1105" 152.411564403149 11.1977695312681 12
"1106" 146.085529470681 10.8152534556472 12
"1107" 148.953478025567 21.3521898474271 12
"1108" 149.308974365506 1.0378484442795 12
"1109" 146.210700320708 6.98329961105243 12
"1110" 150.74493066352 12.3051077091371 12
"1111" 143.920067503596 16.1000411638891 12
"1112" 143.68623005346 12.095958209268 12
"1113" 149.986522324563 8.33796794846123 12
"1114" 148.949042683611 3.38721855512507 12
"1115" 142.376453912611 6.9476864063589 12
"1116" 143.676966220001 3.14012639985847 12
"1117" 148.677160750955 16.8454686413646 12
"1118" 145.454261125947 11.6344280349569 12
"1119" 148.116122704946 1.0767299219685 12
"1120" 91.3671112839141 109.045572357691 12
"1121" 95.1134246936854 109.473146362794 12
"1122" 70.2995489666514 133.68342658647 12
"1123" 81.3392083179673 145.908489193743 12
"1124" 141.35161457038 150.085174682328 12
"1125" 136.388371254621 9.19429502679893 12
"1126" 105.089819798022 128.368408912136 12
"1127" 104.772960092907 76.6919379286283 12
"1128" 65.3818537167389 186.867315690068 13
"1129" 72.3570784504178 187.706034548861 13
"1130" 72.3015597560907 186.941094060441 13
"1131" 71.5775448872747 187.517000612283 13
"1132" 75.7195692451067 186.562386924864 13
"1133" 73.919243185405 185.22017751708 13
"1134" 66.3924940511907 187.402065998902 13
"1135" 67.6710602923603 185.574258456884 13
"1136" 70.578820475446 186.945370366458 13
"1137" 71.1833309976044 186.230349410083 13
"1138" 71.7039722542085 27.7193371106973 13
"1139" 71.6504440103069 26.9876227777301 13
"1140" 71.8474496231281 28.8857555012116 13
"1141" 69.0484740549373 30.4995052765341 13
"1142" 74.6566848023828 28.6325829182136 13
"1143" 69.4505585833823 27.0328218414028 13
"1144" 70.6586141753615 27.7685191922254 13
"1145" 72.6578183461231 28.7739424427986 13
"1146" 73.5021414313357 28.2344984159492 13
"1147" 71.6602005961506 26.6696301753218 13
"1148" 71.3306625286983 27.2242259183207 13
"1149" 70.4789326020234 28.1861538643244 13
"1150" 71.6085769199865 27.9872763110527 13
"1151" 71.1010068508147 28.9896299504224 13
"1152" 70.8911114325357 28.7981275890071 13
"1153" 69.755885223175 27.7637228529823 13
"1154" 68.3676614216602 27.5947669656506 13
"1155" 72.2383032870255 27.5811494300576 13
"1156" 69.6373085986788 27.0407259228824 13
"1157" 72.9377473053257 28.484754210335 13
"1158" 71.3635140141009 29.2704340687238 13
"1159" 69.9618508746914 28.9678020609212 13
"1160" 70.6683983296613 29.391005648295 13
"1161" 69.4797820488281 27.6251364170449 13
"1162" 72.660648242905 28.2399844555656 13
"1163" 71.4417304929508 27.9266104257534 13
"1164" 71.8521058210886 27.8264195493867 13
"1165" 82.33315385575 144.900860772026 13
"1166" 81.2836098201966 155.022967583725 13
"1167" 81.8226954308735 145.837944269246 13
"1168" 77.8594224260554 147.48442434527 13
"1169" 80.4435595865582 153.141766926998 13
"1170" 82.1100781555998 163.66878618544 13
"1171" 78.926910791869 152.407077178637 13
"1172" 79.9450397652843 160.115923453809 13
"1173" 76.5854852990591 149.530029665271 13
"1174" 77.3780346704249 149.678976753658 13
"1175" 143.410583279022 12.3861840220984 13
"1176" 143.269575713754 2.56771548777157 13
"1177" 146.044457913989 10.4124326813771 13
"1178" 147.822290464161 18.774203095468 13
"1179" 142.951006099103 16.8294265315563 13
"1180" 149.800338143797 1.33700659287049 13
"1181" 146.642893698487 4.18801876322658 13
"1182" 144.105667104736 10.6141092185307 13
"1183" 151.669153973433 6.39268729651731 13
"1184" 147.287018788192 9.01499430507982 13
"1185" 149.80029830581 13.1602992769067 13
"1186" 151.169017941971 16.1662960061947 13
"1187" 146.709827105619 12.2303325567665 13
"1188" 148.944852719539 2.99278529676785 13
"1189" 147.650635959729 1.9917633441201 13
"1190" 143.60850471525 11.012725421198 13
"1191" 152.204019659988 14.6911112507955 13
"1192" 145.473188043912 12.1822384804413 13
"1193" 143.61605455361 7.70791599148165 13
"1194" 150.203178835108 11.375831450613 13
"1195" 97.5499823795945 107.62893620728 13
"1196" 88.4199628244141 108.511565486711 13
"1197" 97.7165854218135 108.039917553833 13
"1198" 96.6311281719095 156.076727462139 13
"1199" 96.5708186564967 157.467416775552 13
"1200" 139.853334170679 138.809290052172 13
"1201" 69.373110958362 188.019474010138 14
"1202" 75.8597156422106 186.666878673497 14
"1203" 73.8066832065942 186.223867342477 14
"1204" 69.1471301859729 186.165934294344 14
"1205" 66.5827025945736 186.199175693736 14
"1206" 75.4999096724641 187.45289535546 14
"1207" 72.9543854076416 29.640031369734 14
"1208" 66.7352656197828 29.4387074681456 14
"1209" 70.5175863410803 29.4276415780795 14
"1210" 66.7820957448623 29.5930962326615 14
"1211" 70.697129799523 27.3915132355951 14
"1212" 72.6624753967342 28.6306592467438 14
"1213" 66.3356556286513 27.3627780911935 14
"1214" 71.0936666482354 29.3719855250634 14
"1215" 71.9927900578424 28.5669617904837 14
"1216" 65.3665099884023 29.109076109205 14
"1217" 66.8220679599632 29.0785355386184 14
"1218" 70.7699808634848 27.8279480874838 14
"1219" 81.50989325424 147.906140055233 14
"1220" 81.9148827340908 151.482192668329 14
"1221" 149.958337456864 10.5920849216572 14
"1222" 146.239952153178 6.72701452605238 14
"1223" 147.914682966485 18.7128701903311 14
"1224" 148.978211152972 18.2514826712337 14
"1225" 149.630328070884 13.0852188822546 14
"1226" 149.69027949689 12.9465560895822 14
"1227" 142.706199579522 13.2336613680839 14
"1228" 145.509709336866 15.6588862600656 14
"1229" 152.829841083141 5.39201735366439 14
"1230" 149.903539572823 4.79646005628984 14
"1231" 151.492958243163 6.07797788426047 14
"1232" 150.458424747307 10.1880534660512 14
"1233" 143.66646842773 8.01295045766808 14
"1234" 147.561790423643 1.86143179273625 14
"1235" 145.47566697631 0.708913009983362 14
"1236" 148.385828830686 8.94132390605346 14
"1237" 140.523369511824 1.33182537276217 14
"1238" 148.124364236887 16.6002231763575 14
"1239" 149.437243373318 3.90450576964597 14
"1240" 144.075462697179 13.3005037268867 14
"1241" 151.13971746739 14.0716156063388 14
"1242" 99.8358340801096 108.144758387526 14
"1243" 98.6549128214278 108.516379411106 14
"1244" 95.363009428679 109.356581539621 14
"1245" 88.2190948939421 108.37981955617 14
"1246" 97.4026454909899 108.910962030082 14
"1247" 97.7236350740473 107.496988385019 14
"1248" 64.2888066455899 4.25667639456073 14
"1249" 84.1380767120845 150.985158477073 14
"1250" 78.4552126758801 36.0861024927411 14
"1251" 120.113479865952 23.6190600222841 14
"1252" 117.892102751385 -3.16025880188765 14
"1253" 73.7922310528369 15.1593556814482 14
"1254" 86.3036274430643 80.6174397127646 14
"1255" 138.126521764787 151.316226825185 14
"1256" 74.7759221573779 186.732880308404 15
"1257" 67.5806066825975 187.315689402412 15
"1258" 65.6447800712668 186.024004376409 15
"1259" 65.9700434100618 187.836500221103 15
"1260" 70.3739569167235 29.0471576508131 15
"1261" 76.3996941252534 27.125846090936 15
"1262" 70.2476256686362 28.4394632126254 15
"1263" 71.2688115438065 27.5082651324181 15
"1264" 69.30403334711 29.2633221987312 15
"1265" 73.2393901981059 29.0740199950954 15
"1266" 70.7686814054877 29.5367413563687 15
"1267" 68.2716699788522 27.4226525665782 15
"1268" 66.1658188846876 28.1944977221026 15
"1269" 73.1055321310548 27.6602388550125 15
"1270" 73.9991865534484 27.178787243377 15
"1271" 72.8956864942847 27.8705623921337 15
"1272" 68.6103365221986 29.4455995159356 15
"1273" 69.0580240563043 29.0915561774816 15
"1274" 70.3808344424062 27.3702350919513 15
"1275" 80.7172443544682 154.47528254888 15
"1276" 73.9600590856166 153.595714333335 15
"1277" 76.1752003453665 145.816279702817 15
"1278" 150.466096847087 10.9014084765396 15
"1279" 142.904045484643 13.2261678956564 15
"1280" 149.490870156292 3.9852524512998 15
"1281" 149.110677019823 17.2016219829754 15
"1282" 151.485205411236 16.4747988477798 15
"1283" 150.942259540928 1.20168560300606 15
"1284" 152.364828692595 6.11466939398611 15
"1285" 147.254649230764 14.036934619014 15
"1286" 153.70155036396 5.46346329536408 15
"1287" 149.016103938284 13.0674616591128 15
"1288" 148.174103250795 1.49091583091833 15
"1289" 87.4912875143735 108.573572399379 15
"1290" 98.6396789474576 108.759796405147 15
"1291" 147.249470407642 97.0440744066508 15
"1292" 109.991782233117 77.6179103301475 15
"1293" 84.7994715115972 79.7783884597506 15
"1294" 76.0189494314927 186.057845215684 16
"1295" 71.7869682582277 187.719474286532 16
"1296" 74.4764871485805 186.434525324486 16
"1297" 75.4219667693596 187.102589218257 16
"1298" 71.3230915164588 27.6714114485566 16
"1299" 69.184447733198 28.9007197857115 16
"1300" 70.6225025669107 28.3203760356291 16
"1301" 72.2110154944745 30.0636513903422 16
"1302" 69.4212271633099 29.3281259445095 16
"1303" 76.2438779869645 28.8988809178612 16
"1304" 76.3417746062563 28.7075570300649 16
"1305" 82.277440962179 146.08759966457 16
"1306" 80.8437601451862 154.421445474162 16
"1307" 76.761954936935 156.206007490595 16
"1308" 82.7573425230482 146.543421063546 16
"1309" 147.223889164942 14.0928452209095 16
"1310" 147.871263220507 16.8304163430712 16
"1311" 150.302423837541 6.02488755999288 16
"1312" 146.551774104902 14.2602043915261 16
"1313" 149.122106650204 12.9511186287402 16
"1314" 144.233990809553 13.2207767981639 16
"1315" 151.351845809337 16.8668650680411 16
"1316" 148.524525826817 4.14620448971894 16
"1317" 97.0141668326827 107.643312502931 16
"1318" 149.764103590098 19.3694597568303 16
"1319" 111.568065349144 73.1662175481113 16
"1320" 147.807878978364 91.3217894691702 16
"1321" 65.1758717012384 29.4862601764198 16
"1322" 150.010999213638 79.1504223817934 16
"1323" 111.350831626232 121.578877937982 16
"1324" 68.4191282020222 187.324674964105 17
"1325" 73.0557712609112 29.2735618489628 17
"1326" 72.2162169508777 28.7973613303167 17
"1327" 72.5084578655043 29.6829474017214 17
"1328" 70.6574301206688 28.5954813681147 17
"1329" 74.5540356700661 27.597642219592 17
"1330" 70.7979976340347 28.9489775191399 17
"1331" 68.2800651183339 28.1163772261271 17
"1332" 70.8157979035244 28.0664777680796 17
"1333" 77.9724392807728 139.711778820656 17
"1334" 76.8915891394016 154.860223579991 17
"1335" 83.044582720502 151.716035246911 17
"1336" 77.6631688812032 149.319079895048 17
"1337" 76.6155645226286 159.948145358441 17
"1338" 147.998908014555 12.0676614700729 17
"1339" 146.54704593174 22.6533293645446 17
"1340" 147.187312062732 0.798642799240652 17
"1341" 143.587617492603 2.76625870297166 17
"1342" 144.692575119125 13.0147790354395 17
"1343" 147.261114480514 17.979620517322 17
"1344" 142.318099123837 11.4970875890058 17
"1345" 97.4330298807968 108.578043263934 17
"1346" 75.7255406470388 185.729175365214 18
"1347" 72.3311374198982 184.624487597639 18
"1348" 68.8644972069317 27.4347798998763 18
"1349" 69.4076865687698 29.5508488445482 18
"1350" 72.2480761888763 29.3014946893971 18
"1351" 68.7907180099968 27.0403589352962 18
"1352" 77.1539860722617 143.246149620307 18
"1353" 147.126980173449 18.513052949833 18
"1354" 148.862065329872 7.15065031531091 18
"1355" 144.414164597049 3.99152930297171 18
"1356" 151.371828103738 10.5058257140066 18
"1357" 147.574980573761 17.3611732661793 18
"1358" 142.108850453529 12.1414451495085 18
"1359" 150.745048103908 16.5575669346809 18
"1360" 99.2679422448365 109.766161531698 18
"1361" 139.398589430758 2.4621645923513 18
"1362" 93.2219049231112 148.997887473053 18
"1363" 100.896580679577 0.189445313852575 18
"1364" 97.2425886486498 110.82491033518 18
"1365" 63.7752595689071 186.695226027854 19
"1366" 76.5314673663695 185.663532981227 19
"1367" 69.5353837604176 28.7018142092839 19
"1368" 81.062659838883 145.161879415536 19
"1369" 79.8943068386583 154.151485009773 19
"1370" 78.4604159221168 142.89506070883 19
"1371" 151.282985936959 9.9234261572981 19
"1372" 144.04809369833 11.5551313703545 19
"1373" 145.599500108302 11.2568223009599 19
"1374" 143.067017021754 5.61922694506328 19
"1375" 140.16053345921 14.0450391567316 19
"1376" 141.534041371474 14.8937820955201 19
"1377" 146.800363836553 17.1896499607311 19
"1378" 75.8608735732001 189.275435458846 19
"1379" 75.3624038601262 188.599102983758 20
"1380" 74.3374641242782 28.3988595138726 20
"1381" 82.8003806032408 151.289374046513 20
"1382" 149.798442310835 12.0491276163038 20
"1383" 144.99005045467 -1.163910557456 20
"1384" 144.519678489611 11.8249047279528 20
"1385" 142.258569192679 5.22800924870629 20
"1386" 150.987423643815 19.8819727794627 20
"1387" 108.153333233156 -7.22547042977376 20
"1388" 132.743346822127 45.0279803171032 20
"1389" 71.5599587618329 185.577569014409 21
"1390" 62.4150675705583 187.413230508918 21
"1391" 66.2965056743231 186.958890338792 21
"1392" 64.0118352011404 186.552624064329 21
"1393" 69.0023304269419 185.631156311784 21
"1394" 74.9409925342107 28.2160796358883 21
"1395" 76.3953216575375 156.837109944826 21
"1396" 79.0231218347987 144.795118147595 21
"1397" 144.444979310363 -1.44679965147648 21
"1398" 143.820096435063 10.0219261802916 21
"1399" 145.719994597903 19.3397946445353 21
"1400" 152.839098685293 57.2242152678029 21
"1401" 73.070170395648 26.5785368775579 21
"1402" 65.8402176937073 186.236133684489 22
"1403" 71.2898242291193 185.325456247519 22
"1404" 62.9868980228524 186.793179743731 22
"1405" 67.7220238892556 187.071315530979 22
"1406" 73.9796894672128 28.9007486135245 22
"1407" 73.7417621718675 26.4083077067235 22
"1408" 80.3681403983121 138.509874525334 22
"1409" 78.7814637328305 149.830393581659 22
"1410" 143.870009998963 4.67009413871214 22
"1411" 147.962707932266 12.5554327723534 22
"1412" 146.419537472054 17.0531090600174 22
"1413" 151.26659275731 0.108097178371112 22
"1414" 80.1466250206773 132.957577285213 22
"1415" 92.7117665358807 110.774915568774 22
"1416" 148.366766114027 11.2138640067669 23
"1417" 145.961157479169 15.8245889306785 23
"1418" 151.184944961883 -0.306104922198232 23
"1419" 146.700850040115 0.636497776851881 23
"1420" 73.9463903931959 36.6989627872062 23
"1421" 90.4234012581367 147.260113076184 23
"1422" 139.318939682604 95.1925549834402 23
"1423" 66.2065699407774 188.178587196836 23
"1424" 66.4355364120399 186.557764488309 24
"1425" 149.835651587733 16.7167764100371 24
"1426" 143.326286447414 13.0696051064957 24
"1427" 152.143749739929 16.0508060488998 24
"1428" 147.049332886645 -2.8087024399176 24
"1429" 152.509951785131 5.46224663376801 24
"1430" 63.1823963088699 164.880224864849 24
"1431" 97.7715119548756 90.7999194640715 24
"1432" 92.7873425298048 176.888686271215 24
"1433" 87.4753512589032 147.737251932311 24
"1434" 79.5913728308604 171.521189209763 24
"1435" 95.5968940062441 73.164632054128 24
"1436" 150.543158231304 83.7493155507831 24
"1437" 71.205251514639 136.595112182726 24
"1438" 136.479279353831 88.2089378431493 24
"1439" 139.894926640754 -4.15464037643199 24
"1440" 126.071255395585 5.41277427457658 24
"1441" 74.6385318672453 29.4909562474044 25
"1442" 75.473842876297 144.900319005397 25
"1443" 150.976486190877 -0.693733120015427 25
"1444" 149.383247601754 13.7373834407914 25
"1445" 110.99036103841 124.656300428006 25
"1446" 113.195498596246 95.5236810659775 25
"1447" 75.4818430883572 64.0192295284459 25
"1448" 94.6610897247594 9.26143204842184 25
"1449" 127.338391999186 83.44358598414 25
"1450" 74.3525859792837 145.723863537117 26
"1451" 145.309825662228 -3.41616438766445 26
"1452" 147.822472769054 6.50537453017008 26
"1453" 70.8136284975338 150.622531842739 26
"1454" 127.168878974568 4.49025128471158 26
"1455" 144.394596190762 50.703161336655 26
"1456" 116.109409992224 -0.541598230781561 26
"1457" 127.107219394045 -2.45072070473141 26
"1458" 125.034546766819 104.911791975185 26
"1459" 152.178711534851 91.5871830301217 26
"1460" 74.5146741352074 29.1493740293536 27
"1461" 80.4541850509642 159.498815698329 27
"1462" 150.412013283748 18.8573180836032 27
"1463" 140.860473327209 11.770867457182 27
"1464" 95.6029447503757 107.167072303804 27
"1465" 116.499336968762 144.050785694775 27
"1466" 101.676080982199 12.4221022471764 27
"1467" 96.4768254092399 156.70572181572 27
"1468" 77.4192845982324 153.946536413761 28
"1469" 144.177943276714 0.872899691688744 28
"1470" 151.602926364917 3.262697159143 28
"1471" 143.584346515236 -1.26317350365357 28
"1472" 76.2912746505871 61.5980527828269 28
"1473" 91.2329975324478 185.097209875476 28
"1474" 94.8471023883546 101.562987078919 28
"1475" 76.4647135133587 19.6444495212752 28
"1476" 95.3299709597698 11.4953052403923 28
"1477" 147.319207175866 185.132601913047 28
"1478" 120.830430777972 127.397712503092 28
"1479" 148.981700182113 15.815068680753 29
"1480" 109.704426167995 78.459601228921 29
"1481" 85.5225938542757 82.1380669590142 29
"1482" 96.5710046138558 12.965912075949 29
"1483" 71.3007268369314 61.4831849726209 29
"1484" 138.572857801685 2.90413979809267 29
"1485" 78.1751887476559 156.821840294019 30
"1486" 76.1673882540785 141.711608885318 30
"1487" 153.531470028053 10.4268703362563 30
"1488" 142.144225670122 3.83662442708896 30
"1489" 83.7816913719532 142.461950126643 31
"1490" 153.040782315307 9.86576446870301 31
"1491" 152.724156122056 12.9970553170506 31
"1492" 142.617094891788 4.08124489205466 31
"1493" 148.852089953744 19.1219395631693 31
"1494" 119.313293025114 -0.351146458325317 31
"1495" 73.2088140982156 16.5343016749179 31
"1496" 90.7401328909325 185.956958757741 31
"1497" 64.9211446900755 41.2998098375499 31
"1498" 90.3255168993012 -3.74072317404266 31
"1499" 76.5111952576237 187.615659866279 32
"1500" 141.473366100786 12.9134141931637 32
"1501" 151.850382626805 3.03966797978545 32
"1502" 115.648427171538 143.253493403957 32
"1503" 117.34866293608 102.999899408135 32
"1504" 86.809919656372 186.643133147258 32
"1505" 74.7379821954639 41.9691223895781 32
"1506" 78.3528269348394 138.512430674845 33
"1507" 79.2546760540854 150.136391795779 33
"1508" 143.195451711704 13.5218512180821 33
"1509" 141.42042046399 1.98756645622776 33
"1510" 69.8371133693911 155.059140543862 33
"1511" 142.820769649874 3.74890843897053 34
"1512" 127.245263134414 157.987214555318 34
"1513" 139.06760252794 85.3499097064556 34
"1514" 103.658440934155 22.9910008272775 34
"1515" 138.504577347207 78.1257695581719 34
"1516" 141.366330875911 14.5927807067659 35
"1517" 144.929329566225 18.2951892352777 35
"1518" 133.122049773748 36.0448818287073 35
"1519" 152.778102780889 9.37029080176124 36
"1520" 99.4349639687297 107.972862051675 36
"1521" 125.497841095987 17.7392809048277 36
"1522" 97.9826509525936 49.2694929401861 36
"1523" 152.02731481843 13.3352915907971 37
"1524" 72.0280574131115 82.5302631256972 37
"1525" 139.489453148471 75.738877183868 37
"1526" 99.7168911748141 184.261899766864 37
"1527" 112.631270599088 139.011425463809 37
"1528" 76.0499664911425 151.683263419855 38
"1529" 140.553272197852 75.8034435164308 38
"1530" 71.7845811225022 83.177068155387 38
"1531" 75.4355322978936 148.852793117374 38
"1532" 67.6668194394281 29.2234232831752 39
"1533" 63.8344579576923 5.86093012447093 39
"1534" 132.241843227719 41.8655858298789 39
"1535" 95.8614610070152 48.7509003027907 39
"1536" 146.423010121153 154.569785361529 40
"1537" 149.359821190406 44.2920900022247 40
"1538" 68.2378583016518 154.024991543378 40
"1539" 154.63662469306 13.7454187408729 41
"1540" 126.904828423144 63.0386682769311 41
"1541" 141.828267552104 15.1675935724447 41
"1542" 111.862463834579 123.845615141654 41
"1543" 137.233556194705 20.0678684189175 41
"1544" 152.245541093528 1.04793264948261 42
"1545" 107.492599795807 144.552802755411 42
"1546" 104.478720135064 184.799788918704 42
"1547" 104.464546086518 184.057638754533 42
"1548" 130.49768114927 102.188929298616 42
"1549" 136.913141209126 21.5198767932886 42
"1550" 102.620586528643 37.7066635314171 42
"1551" 136.11899630286 168.526643676075 42
"1552" 138.418639263751 38.0845241243058 43
"1553" 77.4309592748161 110.172450856138 43
"1554" 93.5620630675804 90.978628286238 43
"1555" 89.1629774059757 171.593945761845 43
"1556" 63.6175396214871 39.5829121625833 43
"1557" 133.594003589204 188.041247664273 43
"1558" 122.299086272748 36.6431280329446 43
"1559" 102.19317222588 4.91131693644348 43
"1560" 81.3119405753579 137.905350864785 44
"1561" 146.168024540498 153.701449492078 44
"1562" 156.586544155447 7.47743908756163 44
"1563" 95.7629987321281 143.808722870236 44
"1564" 115.337686640371 52.3466090899569 44
"1565" 125.214300126617 96.6319134901238 44
"1566" 134.488766309579 72.0847031785412 44
"1567" 68.2361513826123 165.85847762043 45
"1568" 131.189254187526 178.295844410667 45
"1569" 138.197472094429 2.09379150456757 45
"1570" 145.768079002786 171.391227023831 45
"1571" 70.8855509043109 12.5049103859314 45
"1572" 83.2789846979807 145.79422344216 46
"1573" 99.9493396979329 88.8477823853232 46
"1574" 142.399317641583 42.0578727687257 46
"1575" 121.473689429212 147.243265799827 46
"1576" 103.845296645972 188.327871448754 46
"1577" 148.384004108682 2.47822881368043 46
"1578" 135.165578150996 175.788380064913 46
"1579" 77.2572558360339 25.2595033131793 46
"1580" 128.614172472127 102.280242529781 46
"1581" 65.8533764501646 183.917139780888 46
"1582" 105.518365350656 96.8697594293197 46
"1583" 102.835542691024 82.548767727865 47
"1584" 142.744284026245 41.2011096605356 47
"1585" 131.514935799634 40.1803257853939 47
"1586" 134.236749128051 103.998913138529 47
"1587" 97.3044045543745 105.394767573055 47
"1588" 126.7090145676 52.8593493115237 47
"1589" 127.966575668618 62.2094000643586 48
"1590" 64.7964661136774 27.4209786873023 49
"1591" 82.9372349192239 48.5584765634978 49
"1592" 109.298499628503 172.469834824466 49
"1593" 103.890569932744 188.959700632189 49
"1594" 71.3248500157491 41.8221962991122 49
"1595" 87.3439273691572 179.617209147392 50
"1596" 82.3775710751503 48.4899183475459 50
"1597" 71.776761658931 148.027421352489 50
