"V1" "V2" "V3" "V4" "V5"
"1" 128.59007615927 63.2167268825973 0 1 0
"2" 124.924518195699 61.1071664217119 0 2 0
"3" 128.607295309844 65.3797696857152 0 3 0
"4" 125.986812321559 64.3659590454992 0 4 0
"5" 126.820816812852 60.3599149945218 0 5 0
"6" 128.756529661424 71.2597576153389 0 6 0
"7" 124.510133569768 59.8111439294314 0 7 0
"8" 123.040294865537 63.8763329734284 0 8 0
"9" 129.408059370266 61.5932608044009 0 9 0
"10" 128.941928235107 64.9809666413902 0 10 0
"11" 130.972589620409 63.2949130656538 0 11 0
"12" 126.78226772386 65.6103171689302 0 12 0
"13" 126.956290301144 66.0720148581678 0 13 0
"14" 127.218146838293 70.1837143233768 0 14 0
"15" 123.158394989786 67.9703926148017 0 15 0
"16" 126.026289590294 69.4921041288093 0 16 0
"17" 127.488534324355 58.8583803534619 0 17 0
"18" 128.543925432919 70.6095547577388 0 18 0
"19" 125.430837326544 66.4627353583153 0 19 0
"20" 131.533891012345 65.4480943927994 0 20 0
"21" 127.276771919202 65.8915045871438 0 21 0
"22" 129.17471926378 69.5776626496071 0 22 0
"23" 127.272109526999 61.4148701088644 0 23 0
"24" 129.426509250771 70.0393223834087 0 24 0
"25" 123.440854930141 66.5517938487632 0 25 0
"26" 129.671224260061 70.3678127346256 0 26 0
"27" 126.708490571226 67.2028027689748 0 27 0
"28" 125.526151285496 65.1649817944156 0 28 0
"29" 130.857883090442 70.8754895341705 0 29 0
"30" 129.562227345293 64.3839229448251 0 30 0
"31" 125.490999696289 61.8081065061459 0 31 0
"32" 125.57104826503 69.9923911642105 0 32 0
"33" 129.090488916993 64.2838488366888 0 33 0
"34" 128.111374199149 66.2186933643819 0 34 0
"35" 125.690583954755 67.0170069987987 0 35 0
"36" 124.178631662568 65.8913582549186 0 36 0
"37" 128.282108586974 64.7550226653783 0 37 0
"38" 131.19393231714 61.2372579611243 0 38 0
"39" 127.745224181125 66.1724935641376 0 39 0
"40" 125.181453790277 68.2074125831619 0 40 0
"41" 127.86115695311 65.2855815029803 0 41 0
"42" 135.175654977907 72.2580598560651 0 42 0
"43" 127.491988155687 65.0512347945914 0 43 0
"44" 128.888104077239 66.0074387098749 0 44 0
"45" 124.697794127832 70.0855698310345 0 45 0
"46" 128.702211508661 68.6645948355604 0 46 0
"47" 127.564103253469 69.080032337002 0 47 0
"48" 128.997683946115 62.638581380687 0 48 0
"49" 123.897458283179 61.2602412551164 0 49 0
"50" 125.457444087725 57.8924198066002 0 50 0
"51" 126.72478415167 72.6208590611105 0 51 0
"52" 125.78596939841 72.2150571928 0 52 0
"53" 124.407396957471 65.2325730880811 0 53 0
"54" 128.311827109256 72.30821577076 0 54 0
"55" 123.789350110728 65.5090269091631 0 55 0
"56" 127.209829255812 62.1074133390597 0 56 0
"57" 128.282385284341 64.0160556454905 0 57 0
"58" 130.493188442188 63.9689842483368 0 58 0
"59" 126.160640726797 61.8411040917136 0 59 0
"60" 127.763101432201 69.3390807981279 0 60 0
"61" 130.036521754301 63.0260966002892 0 61 0
"62" 126.902509984116 62.8191951746823 0 62 0
"63" 121.558912725319 67.9722723133463 0 63 0
"64" 127.137853795507 65.3219882658136 0 64 0
"65" 128.623647210817 64.2080404154029 0 65 0
"66" 127.209513803029 70.497460684613 0 66 0
"67" 126.470207102355 64.8045765381813 0 67 0
"68" 130.830318379526 65.104803271395 0 68 0
"69" 125.979258033503 68.0776937474908 0 69 0
"70" 126.955138343354 62.3554302594276 0 70 0
"71" 127.968330148047 68.0227528807253 0 71 0
"72" 123.033763485434 73.5987523299365 0 72 0
"73" 126.059025210804 73.3903941359517 0 73 0
"74" 124.248201271965 64.8620342777217 0 74 0
"75" 129.646286379498 62.7708441300922 0 75 0
"76" 126.982460865291 75.359886747683 0 76 0
"77" 123.836572018497 63.9028623470155 0 77 0
"78" 128.329170011943 71.6001986543612 0 78 0
"79" 126.104541699968 63.5620229924169 0 79 0
"80" 124.157197839113 69.0660058036316 0 80 0
"81" 127.967790772701 62.4623123472505 0 81 0
"82" 124.178630584924 63.6603270906791 0 82 0
"83" 130.349265769111 67.8720422777943 0 83 0
"84" 130.372396721167 59.1016606611166 0 84 0
"85" 131.13974385745 64.8931223284878 0 85 0
"86" 128.701025601309 71.632034356332 0 86 0
"87" 127.545718497832 64.1704585509442 0 87 0
"88" 126.824146050542 76.3505091104892 0 88 0
"89" 130.023662989984 67.0837736069096 0 89 0
"90" 125.428653451909 57.4951532088079 0 90 0
"91" 124.529072846315 68.6718532563945 0 91 0
"92" 126.149266593239 64.7066757956175 0 92 0
"93" 125.58119930387 62.5962991724788 0 93 0
"94" 125.553396457716 71.9679887072745 0 94 0
"95" 129.67941002145 66.3779022329465 0 95 0
"96" 126.686519342457 70.1659675220062 0 96 0
"97" 123.006191530192 64.3177732251431 0 97 0
"98" 128.497398125534 62.6085900558572 0 98 0
"99" 124.370720567113 66.5412254817581 0 99 0
"100" 130.960365072108 61.0320105068394 0 100 0
"101" 123.157422651636 67.8852802820512 0 101 0
"102" 129.213498352386 69.5514542459925 0 102 0
"103" 129.68401029355 67.9720341170617 0 103 0
"104" 126.290266963142 65.1874568355167 0 104 0
"105" 126.733289523276 71.2374718429915 0 105 0
"106" 122.240283862809 69.0503208088626 0 106 0
"107" 124.068867079706 64.1613807732056 0 107 0
"108" 127.414700372528 60.2114799884492 0 108 0
"109" 128.988166093661 69.5069863659191 0 109 0
"110" 126.999842177283 64.8944081546695 0 110 0
"111" 129.753725369778 66.7114526423963 0 111 0
"112" 128.138944106011 62.1314996862999 0 112 0
"113" 127.54979633504 69.4456744992342 0 113 0
"114" 127.011276410794 72.5042417584119 0 114 0
"115" 125.34795600569 72.120631764931 0 115 0
"116" 124.480142921626 65.9987893957938 0 116 0
"117" 128.022615457231 73.0401454065317 0 117 0
"118" 127.28887350972 71.1171260790615 0 118 0
"119" 127.997326412133 65.9050344017303 0 119 0
"120" 129.136924691133 66.5860299520298 0 120 0
"121" 127.681127742369 65.2912678163856 0 121 0
"122" 127.093971743992 69.5073700087587 0 122 0
"123" 127.430911987378 67.7982462537424 0 123 0
"124" 124.594201262573 61.0463538722994 0 124 0
"125" 124.149682507034 61.9001619775658 0 125 0
"126" 126.520435753302 59.9491939239658 0 126 0
"127" 131.331084631275 70.849033343946 0 127 0
"128" 128.135668110475 66.3035794564683 0 128 0
"129" 126.897188386183 66.5287331062634 0 129 0
"130" 124.641927569425 68.8827605479321 0 130 0
"131" 128.723710476436 67.6874616498982 0 131 0
"132" 130.438642645665 64.5055682596987 0 132 0
"133" 128.842011428066 72.7273428004762 0 133 0
"134" 128.067578578267 61.5513720745401 0 134 0
"135" 126.980416493534 73.9715784853521 0 135 0
"136" 127.12256476313 68.4351545516278 0 136 0
"137" 126.461920539729 69.0975644223961 0 137 0
"138" 127.512548720894 60.5418486422761 0 138 0
"139" 127.374469990123 69.2979819690533 0 139 0
"140" 125.855090124218 66.9265371192768 0 140 0
"141" 125.867753784323 67.3950457929125 0 141 0
"142" 127.256597378006 71.9538105255268 0 142 0
"143" 128.885111973958 62.9958631518823 0 143 0
"144" 125.866087203027 71.4778268887456 0 144 0
"145" 128.410476583318 56.8748136664931 0 145 0
"146" 129.742360632041 67.4008917830438 0 146 0
"147" 128.505619943263 66.1506873572621 0 147 0
"148" 126.326108045196 66.7242182492871 0 148 0
"149" 129.084164563786 66.240969782237 0 149 0
"150" 124.455069826847 68.2193009942634 0 150 0
"151" 127.76442973409 65.493038530272 0 151 0
"152" 129.772958284495 59.8987993669515 0 152 0
"153" 127.703114989914 69.8590052463321 0 153 0
"154" 127.301296051488 65.5618782295076 0 154 0
"155" 126.660319921948 63.6858200198893 0 155 0
"156" 133.034937521277 61.618103040476 0 156 0
"157" 127.392795237198 72.4709802675859 0 157 0
"158" 129.344290248121 71.0997445950173 0 158 0
"159" 130.933270929476 61.862598574619 0 159 0
"160" 127.784391794528 63.3587418903639 0 160 0
"161" 131.345021093598 62.984369033048 0 161 0
"162" 128.659288089362 64.2693215119205 0 162 0
"163" 125.778083463627 68.7725574244427 0 163 0
"164" 130.126049182899 66.4987654199087 0 164 0
"165" 128.69461992875 72.2264900967813 0 165 0
"166" 125.456002675807 65.7773060853253 0 166 0
"167" 126.190135834296 69.664013976671 0 167 0
"168" 126.912505640312 67.1309806240479 0 168 0
"169" 125.058548421088 65.7962301129499 0 169 0
"170" 127.6019436874 67.6814716457185 0 170 0
"171" 126.778385906131 67.5090849160462 0 171 0
"172" 129.10759698962 71.6688855641378 0 172 0
"173" 125.268169696194 59.7708924893831 0 173 0
"174" 127.720814247354 67.3969094857894 0 174 0
"175" 124.363448238026 69.0972743456411 0 175 0
"176" 122.619656042343 63.111322193965 0 176 0
"177" 126.244689811437 72.6515069036256 0 177 0
"178" 128.474360627707 68.8405104161716 0 178 0
"179" 128.26203482238 65.9598180019807 0 179 0
"180" 124.852093003188 66.6698433484857 0 180 0
"181" 125.7620840117 69.1219327477642 0 181 0
"182" 131.566422934039 65.7926442018916 0 182 0
"183" 128.818338204226 66.6541502738721 0 183 0
"184" 127.527068385265 70.0536375513307 0 184 0
"185" 128.159745040285 72.3011280746076 0 185 0
"186" 125.373638960794 68.4362154357179 0 186 0
"187" 129.885282534024 67.3974296539456 0 187 0
"188" 127.749749502951 70.0965071229861 0 188 0
"189" 127.597386606561 69.6350543023694 0 189 0
"190" 124.346845989321 66.3893103487312 0 190 0
"191" 126.354182656496 66.4119281559717 0 191 0
"192" 125.380343455258 62.3801991082809 0 192 0
"193" 126.678733254925 66.675531467821 0 193 0
"194" 123.197466403848 68.6447495589277 0 194 0
"195" 128.969222470296 62.242004602402 0 195 0
"196" 126.904239739857 69.8322361964491 0 196 0
"197" 123.364028223331 66.5711775141894 0 197 0
"198" 127.890825792744 64.1768819340752 0 198 0
"199" 125.440729805499 66.8591378522949 0 199 0
"200" 127.875135097875 66.7483112048491 0 200 0
"201" 123.591127324668 63.9271639991722 0 201 0
"202" 124.734707943882 64.4061860630837 0 202 0
"203" 126.530953516876 62.855173301643 0 203 0
"204" 129.456720668886 70.8416768045599 0 204 0
"205" 127.840638233346 67.1794904197229 0 205 0
"206" 128.570607598155 68.1084997225366 0 206 0
"207" 127.040225197154 64.3247110197139 0 207 0
"208" 130.01442280529 68.1052746115484 0 208 0
"209" 127.642426883187 68.8459544238002 0 209 0
"210" 125.543866287187 62.9832110321714 0 210 0
"211" 122.717853859485 67.0007236501997 0 211 0
"212" 124.193821229584 67.0987782950331 0 212 0
"213" 127.352063677493 68.2461912658995 0 213 0
"214" 128.407435194758 64.2814522502776 0 214 0
"215" 131.072109896656 62.4821234574772 0 215 0
"216" 127.071641826409 69.4400471988479 0 216 0
"217" 129.476781310538 68.9553185417146 0 217 0
"218" 132.398975525006 66.291812032537 0 218 0
"219" 125.322974910196 70.7261871400045 0 219 0
"220" 126.345436893419 66.0698810374596 0 220 0
"221" 130.632912930274 67.2009883384816 0 221 0
"222" 127.354109732207 66.220049790546 0 222 0
"223" 127.557519823934 67.2800499234572 0 223 0
"224" 130.377585744714 62.9193412623799 0 224 0
"225" 126.376765887218 66.0793134342423 0 225 0
"226" 127.371228483352 67.0180456245027 0 226 0
"227" 129.627384218209 64.5459854285045 0 227 0
"228" 127.71166733776 67.3330789949557 0 228 0
"229" 128.423043253073 72.3907749245476 0 229 0
"230" 128.221955567015 72.4134597581148 0 230 0
"231" 130.076353991589 71.4178322763212 0 231 0
"232" 128.390261214221 73.1068501241781 0 232 0
"233" 126.217233413994 70.9164141120416 0 233 0
"234" 128.799197184533 65.3390509658611 0 234 0
"235" 128.41602499579 68.4553000219095 0 235 0
"236" 127.833818070402 62.1001014973706 0 236 0
"237" 125.157145065325 63.4502782463377 0 237 0
"238" 124.977395548098 62.7376063694993 0 238 0
"239" 126.639204554988 70.4393378214569 0 239 0
"240" 127.271905814216 71.0313088972367 0 240 0
"241" 127.452463118513 66.8346322683373 0 241 0
"242" 124.521307782368 61.7603018089198 0 242 0
"243" 127.193881190332 62.0829316493684 0 243 0
"244" 128.343801916017 68.3560367529937 0 244 0
"245" 126.009590392643 65.3761523964085 0 245 0
"246" 129.00086642814 67.9916810247242 0 246 0
"247" 128.552177912167 68.4478003940906 0 247 0
"248" 126.823763138455 66.7364571959553 0 248 0
"249" 129.49881564018 74.0591047110229 0 249 0
"250" 128.776805128299 68.7545143281704 0 250 0
"251" 126.648058449811 66.4939522015829 0 251 0
"252" 128.221102941397 64.4490837643836 0 252 0
"253" 127.219067865103 63.8584544639318 0 253 0
"254" 127.482954500884 59.0042149229117 0 254 0
"255" 127.799077145691 69.4757856478258 0 255 0
"256" 127.095347341894 63.3125669703797 0 256 0
"257" 125.384947021988 66.8856709267088 0 257 0
"258" 125.969552281622 69.1163666413381 0 258 0
"259" 127.339028572714 58.6774023802108 0 259 0
"260" 124.865692007853 65.6732358298152 0 260 0
"261" 128.808783613453 68.3557231825651 0 261 0
"262" 127.577477597515 68.7565698699457 0 262 0
"263" 126.007923563606 72.0795718564743 0 263 0
"264" 127.569605016517 64.1978792845174 0 264 0
"265" 127.313825355034 62.137909863806 0 265 0
"266" 124.029869236448 64.2286709482842 0 266 0
"267" 130.586901094589 66.1356496875886 0 267 0
"268" 127.558266328242 60.7426922914327 0 268 0
"269" 126.714946291263 71.148658184988 0 269 0
"270" 126.954965609518 61.3067809709799 0 270 0
"271" 128.747870976727 71.0573525971836 0 271 0
"272" 126.857481853494 71.7311960081422 0 272 0
"273" 124.969958890863 69.4074080530699 0 273 0
"274" 128.021986741911 62.7198849903352 0 274 0
"275" 129.724113308907 64.7593869302262 0 275 0
"276" 130.182355523361 64.9332899931824 0 276 0
"277" 127.243555396875 60.2266690231734 0 277 0
"278" 131.328840395565 66.2611248207724 0 278 0
"279" 129.916140830751 72.2542419601754 0 279 0
"280" 126.04744384582 59.2772330527384 0 280 0
"281" 130.478015457149 68.2483060451575 0 281 0
"282" 126.166080594585 74.0039236384956 0 282 0
"283" 127.622479919077 67.2804855529271 0 283 0
"284" 127.976177638657 74.1938898097967 0 284 0
"285" 122.353410899929 60.8675018580466 0 285 0
"286" 127.76906267257 72.9941507281091 0 286 0
"287" 128.948138542315 65.1605525133132 0 287 0
"288" 126.199065901622 66.1447382338724 0 288 0
"289" 126.72402099315 60.7285254834012 0 289 0
"290" 126.344382705289 61.6925184997932 0 290 0
"291" 129.223475829788 65.9634583735183 0 291 0
"292" 127.161488458285 67.1203601727401 0 292 0
"293" 125.347358822702 64.3037095746226 0 293 0
"294" 128.127205558206 68.9156765981942 0 294 0
"295" 127.330228544881 63.8974871411131 0 295 0
"296" 125.579185365701 64.6601941436567 0 296 0
"297" 125.089318306092 63.7836815862701 0 297 0
"298" 129.496197464404 65.6744979153019 0 298 0
"299" 130.16592790011 70.9190162926482 0 299 0
"300" 129.62648168691 72.9995259145768 0 300 0
"301" 128.121909197606 69.0685901094426 0 301 0
"302" 129.987616292785 67.8271003920695 0 302 0
"303" 126.401796995738 68.3391574138588 0 303 0
"304" 125.971945357692 64.679908466106 0 304 0
"305" 126.796024113147 62.9755379130355 0 305 0
"306" 125.951138666961 70.1042817567544 0 306 0
"307" 127.995830147148 62.1807280217728 0 307 0
"308" 129.443332003292 68.0329388094381 0 308 0
"309" 126.985426829182 67.1551867326108 0 309 0
"310" 127.156375879753 68.9394346047401 0 310 0
"311" 127.351558007922 69.0170522721435 0 311 0
"312" 125.59773050251 72.2643554732236 0 312 0
"313" 129.720801511986 71.3270470438662 0 313 0
"314" 127.181980390057 70.8449451204885 0 314 0
"315" 126.026511016174 61.600584750929 0 315 0
"316" 117.862953433903 87.4054836017828 0 316 0
"317" 119.431672984741 84.0688603222366 0 317 0
"318" 118.432434832652 85.2828949377334 0 318 0
"319" 123.288585703566 89.071493684486 0 319 0
"320" 120.12201502712 88.2779400773641 0 320 0
"321" 115.907073742142 86.9004568223211 0 321 0
"322" 121.484077437129 80.8346336059306 0 322 0
"323" 118.252143715414 92.5403935027549 0 323 0
"324" 120.088224417491 77.0507713683972 0 324 0
"325" 120.608769011097 88.1150321845356 0 325 0
"326" 120.047784395493 85.5038829996652 0 326 0
"327" 119.050945968282 84.7063130878842 0 327 0
"328" 119.260842438573 83.2269891751614 0 328 0
"329" 118.237439881919 87.3661054419146 0 329 0
"330" 121.450885385724 78.1218256618878 0 330 0
"331" 122.015712117956 89.5593686098295 0 331 0
"332" 118.570207478436 78.0547742358583 0 332 0
"333" 119.437621380864 84.0114239446116 0 333 0
"334" 119.509643689772 82.3763642492386 0 334 0
"335" 117.709671071217 86.1110562703408 0 335 0
"336" 117.15631010622 87.192902902145 0 336 0
"337" 116.457173782253 89.010325380906 0 337 0
"338" 119.780779422136 89.5904865482362 0 338 0
"339" 120.668818636654 80.7378030510437 0 339 0
"340" 118.551980672951 85.267216608819 0 340 0
"341" 118.333467766051 83.2172880558324 0 341 0
"342" 119.321096097933 75.8898980479722 0 342 0
"343" 115.418896608399 82.8940734015613 0 343 0
"344" 119.029543366416 91.9165904995557 0 344 0
"345" 122.074684204685 81.9896270587965 0 345 0
"346" 121.53332256818 84.9132705755549 0 346 0
"347" 115.616534324939 79.9831255725029 0 347 0
"348" 119.09064680056 79.6539428505365 0 348 0
"349" 122.367574283257 79.3133613866313 0 349 0
"350" 120.423077914981 79.3102827523528 0 350 0
"351" 120.724631908025 82.5189836305606 0 351 0
"352" 119.125295072036 83.2564829352948 0 352 0
"353" 118.112205981802 83.1877306407558 0 353 0
"354" 117.631743887392 81.3215075498842 0 354 0
"355" 119.46650133742 89.8840584949401 0 355 0
"356" 115.508840915845 91.9871348684133 0 356 0
"357" 117.706955787724 84.7975331984537 0 357 0
"358" 118.837586397059 72.8807539532779 0 358 0
"359" 121.028779144029 81.3524478348799 0 359 0
"360" 120.730916761592 81.0110100473969 0 360 0
"361" 120.02680211395 79.4419876238102 0 361 0
"362" 117.529161523218 80.9039444870181 0 362 0
"363" 119.953641719543 86.2866911367388 0 363 0
"364" 121.15410328633 79.9766138100345 0 364 0
"365" 118.161423262962 90.6495869980325 0 365 0
"366" 119.694456067507 88.015732838997 0 366 0
"367" 120.287432166814 89.946636553905 0 367 0
"368" 119.042148238485 92.3751718895836 0 368 0
"369" 117.85880014944 83.7908312854992 0 369 0
"370" 118.653774938711 79.8866651009567 0 370 0
"371" 120.794479993645 88.0934313184338 0 371 0
"372" 117.463300997223 86.2957768444412 0 372 0
"373" 121.522042530877 80.4852841666276 0 373 0
"374" 118.808263056479 80.2298568515542 0 374 0
"375" 120.168921804224 85.5121473062715 0 375 0
"376" 118.785694496949 79.2515438560821 0 376 0
"377" 120.178070511656 87.7552631004697 0 377 0
"378" 119.585832496746 73.5256283347942 0 378 0
"379" 119.626905341551 73.8433078387141 0 379 0
"380" 117.6321727236 85.3964046519972 0 380 0
"381" 118.763818803135 81.1174409790753 0 381 0
"382" 118.587072311687 89.3952195546231 0 382 0
"383" 117.897863588678 86.2848784915336 0 383 0
"384" 118.568924327016 77.4460825585376 0 384 0
"385" 119.8121917429 84.6590958128435 0 385 0
"386" 119.820161314548 93.9206877931778 0 386 0
"387" 122.071419682456 83.3187563075879 0 387 0
"388" 117.55987229297 102.416119238116 0 388 0
"389" 119.295566903321 83.5217591823908 0 389 0
"390" 120.349241451585 84.1342531156954 0 390 0
"391" 118.502014416447 85.0799153323015 0 391 0
"392" 118.458554696326 77.8605069401549 0 392 0
"393" 118.821433192759 87.0148405575727 0 393 0
"394" 117.082790293078 82.1963742203678 0 394 0
"395" 122.508326856259 81.7795197837674 0 395 0
"396" 119.523444338484 88.0796113049933 0 396 0
"397" 114.109069010516 83.7662008616495 0 397 0
"398" 119.030256394895 78.6762357465335 0 398 0
"399" 121.833694986801 74.4196047188737 0 399 0
"400" 118.692666958249 84.8710192315264 0 400 0
"401" 120.457770316261 85.483068141438 0 401 0
"402" 119.320052973145 87.1377809945228 0 402 0
"403" 118.780439138774 83.708315143365 0 403 0
"404" 120.045382908606 80.8296666060612 0 404 0
"405" 120.859238618343 82.1732300822984 0 405 0
"406" 118.895028940488 82.7977059797777 0 406 0
"407" 122.060598369949 78.411757662856 0 407 0
"408" 118.229086102639 87.6328173471896 0 408 0
"409" 119.470545352586 90.0920479657345 0 409 0
"410" 121.083405212707 88.1867890434667 0 410 0
"411" 116.520552960841 80.0121304815502 0 411 0
"412" 118.820282944735 78.4252158118188 0 412 0
"413" 121.854254361073 89.7324186607542 0 413 0
"414" 116.568344821422 86.0760562285105 0 414 0
"415" 121.143473916328 86.7157805297671 0 415 0
"416" 120.502488051534 95.9525553044858 0 416 0
"417" 118.442997210176 82.3102621037394 0 417 0
"418" 116.550371234361 76.9364006792154 0 418 0
"419" 121.960460133768 85.8132301273571 0 419 0
"420" 115.530919480419 79.0796384986105 0 420 0
"421" 120.241990792178 89.8283167166664 0 421 0
"422" 121.802929570449 80.878500517417 0 422 0
"423" 122.50199588454 76.0512016268991 0 423 0
"424" 120.735528047448 89.0985235319748 0 424 0
"425" 122.118037842019 79.9005282945592 0 425 0
"426" 116.628832821596 90.9161249081302 0 426 0
"427" 119.601755684714 87.6206232869969 0 427 0
"428" 122.229104200697 93.9763247891177 0 428 0
"429" 121.883942040951 81.99348490566 0 429 0
"430" 116.160335077284 82.9006220373978 0 430 0
"431" 119.719786297737 80.025912910881 0 431 0
"432" 118.986617390601 91.6206647176824 0 432 0
"433" 117.521996999386 84.9664116505152 0 433 0
"434" 118.648973422572 89.1491404823778 0 434 0
"435" 120.41999234433 87.7718471427507 0 435 0
"436" 118.996794041743 77.9161107570539 0 436 0
"437" 121.160182272151 78.8183751957187 0 437 0
"438" 115.799025827352 82.9436891804688 0 438 0
"439" 117.274418991872 86.1631674466894 0 439 0
"440" 120.308786883022 86.2285332263482 0 440 0
"441" 121.974696280371 83.8998199529917 0 441 0
"442" 117.617563585994 80.3077334354336 0 442 0
"443" 120.656040028405 82.9906624434513 0 443 0
"444" 119.569160932948 86.7314186172386 0 444 0
"445" 119.050094211654 95.0550653735931 0 445 0
"446" 117.339643636676 84.9222733384717 0 446 0
"447" 118.003433807376 90.1181548517075 0 447 0
"448" 120.471419724845 90.4585302953032 0 448 0
"449" 121.882555043508 87.8469024964772 0 449 0
"450" 117.60498526897 85.6674546255941 0 450 0
"451" 120.014232778287 87.4859412863794 0 451 0
"452" 119.746006547225 93.4564848249048 0 452 0
"453" 119.357505288776 79.4647017084158 0 453 0
"454" 119.066786559292 87.3015899331798 0 454 0
"455" 120.052346458014 79.4623562003309 0 455 0
"456" 119.619795075332 81.337946335055 0 456 0
"457" 119.921315430626 90.8665361604343 0 457 0
"458" 120.74107444087 79.3864530278123 0 458 0
"459" 120.138722895123 87.0472277541646 0 459 0
"460" 120.411892335652 85.931835336639 0 460 0
"461" 119.849927455969 83.3298536392379 0 461 0
"462" 118.264535650377 87.7135939295095 0 462 0
"463" 120.606109924411 87.6350375703252 0 463 0
"464" 119.372277662258 84.3962617948603 0 464 0
"465" 121.852501708129 82.0915004722961 0 465 0
"466" 119.751446159643 76.0004348512898 0 466 0
"467" 121.091016974403 73.9550426292426 0 467 0
"468" 119.461214774265 83.5165463482109 0 468 0
"469" 119.494724485405 85.0336915608987 0 469 0
"470" 113.844337075143 83.9601699639441 0 470 0
"471" 116.925418199464 82.4564214211872 0 471 0
"472" 118.727425609856 85.097497501101 0 472 0
"473" 117.877212009493 86.0372059426755 0 473 0
"474" 121.943796849874 94.9750920849786 0 474 0
"475" 119.989333645034 80.0290517561507 0 475 0
"476" 119.228719609311 86.8313778522193 0 476 0
"477" 117.401795186045 86.1420507134093 0 477 0
"478" 119.953764693303 88.5134292166669 0 478 0
"479" 121.206643622243 88.4239247090303 0 479 0
"480" 120.779833865542 88.289315908268 0 480 0
"481" 122.482248010372 86.2209369735528 0 481 0
"482" 116.752130674644 100.023233578191 0 482 0
"483" 117.980423577037 82.4406648235547 0 483 0
"484" 122.126123054017 83.8635360063863 0 484 0
"485" 121.010409921281 90.3651054168669 0 485 0
"486" 118.390627388364 73.9975974236278 0 486 0
"487" 118.780219384789 83.5269721133597 0 487 0
"488" 116.162550497064 89.1630745783585 0 488 0
"489" 118.829931679459 82.0334363645272 0 489 0
"490" 115.407275664759 93.8441567830875 0 490 0
"491" 116.74511665804 80.2052620345782 0 491 0
"492" 119.819652666824 93.9894529358012 0 492 0
"493" 119.428534917183 83.8569678364451 0 493 0
"494" 124.120395636502 90.6100284341263 0 494 0
"495" 119.273964519782 82.9412428377932 0 495 0
"496" 117.18070361855 75.1527666284038 0 496 0
"497" 118.690631366386 86.6384723379147 0 497 0
"498" 120.945415098554 89.3859927726991 0 498 0
"499" 114.32326193082 86.6896901975094 0 499 0
"500" 120.337908722882 80.7406920785287 0 500 0
"501" 117.609651394599 87.5369699417163 0 501 0
"502" 116.323344476206 75.9803725221098 0 502 0
"503" 119.05080463989 86.416046789729 0 503 0
"504" 119.494943375052 83.1014375774442 0 504 0
"505" 121.752303216974 90.4779792502012 0 505 0
"506" 116.70741431103 85.9268544525016 0 506 0
"507" 118.331363559574 86.1877640999212 0 507 0
"508" 119.034428344961 81.3712508900068 0 508 0
"509" 118.049848018508 84.4546162447265 0 509 0
"510" 116.945331547535 80.6454657101181 0 510 0
"511" 117.906140242854 91.1760092560928 0 511 0
"512" 118.636036921802 77.0906352675123 0 512 0
"513" 118.685449916443 83.6658676384204 0 513 0
"514" 119.728657068591 85.1989078740637 0 514 0
"515" 119.406873718847 80.5851095569259 0 515 0
"516" 119.175925026978 84.4274579470733 0 516 0
"517" 121.526402342976 85.4877051666077 0 517 0
"518" 116.9735310812 79.0666328935393 0 518 0
"519" 123.205752179291 88.3507141303834 0 519 0
"520" 122.090884050347 79.7603681573565 0 520 0
"521" 122.822256463792 92.7160950347399 0 521 0
"522" 121.530678505515 86.8757749383091 0 522 0
"523" 117.898259999348 83.9457563308306 0 523 0
"524" 119.482320621376 83.1947298063065 0 524 0
"525" 121.2312464569 92.2502060617102 0 525 0
"526" 119.052122356042 79.6937821402837 0 526 0
"527" 117.631555755586 85.2389335588179 0 527 0
"528" 117.453854641424 82.2576323712789 0 528 0
"529" 120.73608947158 81.1553388315918 0 529 0
"530" 121.116702432287 86.1065650870449 0 530 0
"531" 119.054274042515 83.1435463214173 0 531 0
"532" 116.738493864988 84.0725922733889 0 532 0
"533" 118.800807812292 82.4414709193151 0 533 0
"534" 119.418289228977 86.2552834622387 0 534 0
"535" 120.36142432126 84.7428315293743 0 535 0
"536" 120.381452177077 91.3411562415975 0 536 0
"537" 116.767213313987 85.3210676799435 0 537 0
"538" 117.705566656486 74.3058482913831 0 538 0
"539" 119.018839235983 82.3224650032735 0 539 0
"540" 117.810539030117 76.166688068801 0 540 0
"541" 119.45568077317 86.7218257545211 0 541 0
"542" 118.398084722904 84.9556637255562 0 542 0
"543" 120.560065705957 83.9798597719531 0 543 0
"544" 122.852078764289 91.5296032830555 0 544 0
"545" 119.414031810603 74.4075151109041 0 545 0
"546" 117.834573236909 82.1940347029431 0 546 0
"547" 116.792478581921 79.262147533226 0 547 0
"548" 121.593398535031 90.4456934055446 0 548 0
"549" 120.284358405808 88.9462501100087 0 549 0
"550" 119.559423446185 78.0285543549635 0 550 0
"551" 120.508728893356 81.731710339864 0 551 0
"552" 118.605101418606 92.3591149509476 0 552 0
"553" 119.373888030004 81.8271429718862 0 553 0
"554" 121.775399870704 88.2859077703884 0 554 0
"555" 120.242976730064 85.6192273326347 0 555 0
"556" 118.955433719805 81.9016124619599 0 556 0
"557" 120.082197858341 88.2487586555629 0 557 0
"558" 116.504293778152 85.6124260733535 0 558 0
"559" 118.236604405515 85.1572705215572 0 559 0
"560" 118.877889272484 80.1348999771741 0 560 0
"561" 122.013094838028 87.1392365090088 0 561 0
"562" 123.769753674376 83.1706706789725 0 562 0
"563" 119.819000232126 80.3061940527118 0 563 0
"564" 120.648910021647 91.3541705074056 0 564 0
"565" 120.24189535018 85.0290896056484 0 565 0
"566" 116.739911179027 80.6202410287223 0 566 0
"567" 120.564144631815 82.4209042433312 0 567 0
"568" 120.160497659703 74.3217232546183 0 568 0
"569" 122.183165917012 76.8412116543608 0 569 0
"570" 118.568743078978 78.7958910193366 0 570 0
"571" 120.195697140445 82.0740129887745 0 571 0
"572" 122.109696035312 80.4506824785261 0 572 0
"573" 119.394140031248 85.1108506966215 0 573 0
"574" 120.80390684761 79.9364326158904 0 574 0
"575" 118.902330485033 82.597750677052 0 575 0
"576" 119.749702389244 92.8525700840748 0 576 0
"577" 118.883261764868 83.8392916192139 0 577 0
"578" 119.796856480565 78.1501103553437 0 578 0
"579" 118.437902024083 84.0032646521715 0 579 0
"580" 118.659790941549 88.0808213031854 0 580 0
"581" 118.855935865253 88.7185769847865 0 581 0
"582" 121.134040391808 81.2271355128481 0 582 0
"583" 117.686804785037 86.5334562472738 0 583 0
"584" 121.096169078125 87.3421553387176 0 584 0
"585" 120.478683023733 81.1061369390751 0 585 0
"586" 121.21662120911 90.7204857142299 0 586 0
"587" 119.11226287214 83.8949688722677 0 587 0
"588" 119.214485328319 84.9842625551988 0 588 0
"589" 118.3201152788 82.4713767245327 0 589 0
"590" 115.472213526828 81.7147773227367 0 590 0
"591" 119.552979545758 83.8457539240156 0 591 0
"592" 117.873754709466 89.1498891656515 0 592 0
"593" 120.060342556766 82.8121563102732 0 593 0
"594" 119.809678211926 80.4754129320957 0 594 0
"595" 122.452244544479 79.5364725251013 0 595 0
"596" 121.701831532812 79.638392241638 0 596 0
"597" 119.824811503629 82.4415955842488 0 597 0
"598" 119.359093113723 79.0250769550482 0 598 0
"599" 119.488335048423 82.3639204525906 0 599 0
"600" 120.21215792934 82.2588375150144 0 600 0
"601" 118.422679915879 89.2903474914574 0 601 0
"602" 122.403931577715 90.2059938548793 0 602 0
"603" 120.57231910549 78.9117728301436 0 603 0
"604" 121.132289301255 84.774541276242 0 604 0
"605" 120.096965306099 82.656177793474 0 605 0
"606" 119.363678883038 83.7802008043288 0 606 0
"607" 119.682652333174 89.680030090305 0 607 0
"608" 119.208187769975 84.3338085365355 0 608 0
"609" 119.031535852715 91.0378020904855 0 609 0
"610" 120.360697958577 84.2528667318804 0 610 0
"611" 120.015940504836 80.4546332739057 0 611 0
"612" 120.299767291503 88.113473367583 0 612 0
"613" 118.176047912925 81.4216048950764 0 613 0
"614" 119.422459872066 89.2530898742706 0 614 0
"615" 119.53114284382 84.0484149796071 0 615 0
"616" 117.416414204165 86.9683232298761 0 616 0
"617" 118.663021729447 86.6854974478652 0 617 0
"618" 120.830031902935 85.3250318698442 0 618 0
"619" 118.995595856558 89.9692001876839 0 619 0
"620" 119.014818669637 81.9160951448836 0 620 0
"621" 117.230728999178 83.0161303155496 0 621 0
"622" 119.14218719388 90.5849172438238 0 622 0
"623" 115.401776971163 85.6361916344772 0 623 0
"624" 117.004021520612 93.7446876198553 0 624 0
"625" 121.328021260789 88.7328985577701 0 625 0
"626" 118.619736560947 77.4702906958423 0 626 0
"627" 119.450688119468 83.447212349783 0 627 0
"628" 119.944329439767 89.9568670093696 0 628 0
"629" 117.219557049663 91.4863183245411 0 629 0
"630" 118.466036949652 83.8245769226317 0 630 0
"631" 118.690238915079 84.8160265898809 0 631 0
"632" 118.603042109795 79.9602843894061 0 632 0
"633" 121.026738884157 92.4890161847933 0 633 0
"634" 119.679460087552 82.8248276524212 0 634 0
"635" 117.251607302748 85.5612164026648 0 635 0
"636" 119.782939979095 84.1032851348891 0 636 0
"637" 118.69801321227 85.873462909873 0 637 0
"638" 118.332554232188 85.1068714957943 0 638 0
"639" 119.492597571678 87.3492306473958 0 639 0
"640" 117.652367165978 90.4458622791162 0 640 0
"641" 121.384481314943 81.5845084962017 0 641 0
"642" 120.902954055361 96.4041389787417 0 642 0
"643" 121.30333062567 84.6539471694395 1 643 0
"644" 121.51492676964 85.4416174972025 0 644 0
"645" 120.384617298734 86.2326689949711 0 645 0
"646" 116.018279379449 82.2937796552394 0 646 0
"647" 120.660473506596 83.631079250529 0 647 0
"648" 115.722588047419 78.9889102659414 0 648 0
"649" 115.288747497578 83.3613515782459 0 649 0
"650" 116.503140622795 89.374017017305 0 650 0
"651" 121.865060395209 82.6541359062433 0 651 0
"652" 120.826146289335 85.136026766205 0 652 0
"653" 122.396063767717 85.3291962308736 0 653 0
"654" 120.480072521839 79.7484377338838 0 654 0
"655" 118.668422279402 85.0194249475755 0 655 0
"656" 121.068303198687 80.6782364878969 0 656 0
"657" 116.601662780627 81.2735618186225 0 657 0
"658" 118.591486787246 78.979903425126 0 658 0
"659" 118.687662349363 91.1014314583138 0 659 0
"660" 118.339016300399 82.9648785287652 0 660 0
"661" 118.708911305198 77.5348081407295 0 661 0
"662" 121.815544302983 93.9936255157303 0 662 0
"663" 116.653312935286 81.3679975539393 0 663 0
"664" 119.118441303862 75.8827351111699 0 664 0
"665" 118.649000020991 94.1030966840815 0 665 0
"666" 117.576989733242 78.5696726247588 0 666 0
"667" 120.355270252625 80.3905818625815 0 667 0
"668" 121.761656123462 81.0666859414632 0 668 0
"669" 118.634015471811 89.0754196316625 0 669 0
"670" 118.240079909287 81.2589451536438 0 670 0
"671" 117.81812046902 82.9746327217199 0 671 0
"672" 118.223435090572 88.7082526529359 0 672 0
"673" 121.914123242357 90.5162823756956 0 673 0
"674" 117.08475519272 82.0582303028182 0 674 0
"675" 120.616801117382 83.3045378470432 0 675 0
"676" 118.183843723324 86.5891567807016 0 676 0
"677" 118.877622152438 90.3132286070192 0 677 0
"678" 119.85208218062 85.6787044784103 0 678 0
"679" 120.321184526795 86.4290231948566 0 679 0
"680" 118.58590012879 90.1647804933145 0 680 0
"681" 119.456457050091 85.9615728539954 0 681 0
"682" 118.219350466278 78.9524128076237 0 682 0
"683" 120.123813570763 82.5309637404581 0 683 0
"684" 119.213991764909 83.3864180441816 0 684 0
"685" 117.723809373716 82.3862332948877 0 685 0
"686" 118.061963682058 136.635276187388 0 686 0
"687" 126.777599159123 135.560750551141 0 687 0
"688" 114.25406193313 137.932179494767 0 688 0
"689" 123.426078571486 138.573302110732 0 689 0
"690" 128.613296260917 138.990631877121 0 690 0
"691" 130.324012120304 134.49649991155 0 691 0
"692" 118.724858115897 136.696305266613 0 692 0
"693" 127.33248068061 137.374640125533 0 693 0
"694" 121.517378075497 135.669738649743 0 694 0
"695" 126.848467506698 136.343194187709 0 695 0
"696" 115.818088422631 135.983570565137 0 696 0
"697" 127.17447600664 136.934511856954 0 697 0
"698" 127.383618882323 138.737881286796 0 698 0
"699" 121.539233213156 137.463967446439 0 699 0
"700" 124.95820336189 137.415968714066 0 700 0
"701" 128.279416829696 138.579437828719 0 701 0
"702" 123.674610905188 137.027164899034 0 702 0
"703" 134.269688166515 139.926369021977 0 703 0
"704" 125.870101380938 135.623904391345 0 704 0
"705" 124.165816246236 136.13109264069 0 705 0
"706" 120.932510684788 137.281820360856 0 706 0
"707" 133.817237896027 135.911595682695 0 707 0
"708" 126.911164835793 136.807363889815 0 708 0
"709" 118.376882870434 137.241519354394 0 709 0
"710" 115.923365484918 135.464329607158 0 710 0
"711" 122.523512223061 137.663813389319 0 711 0
"712" 124.470610124002 135.361627779433 0 712 0
"713" 118.328199559138 137.092432139834 0 713 0
"714" 122.356007094373 137.427764015844 0 714 0
"715" 124.377656476967 138.455554955343 0 715 0
"716" 132.002169166034 136.372635345334 0 716 0
"717" 120.9721646692 133.349234342819 0 717 0
"718" 126.446352454184 134.710811299447 0 718 0
"719" 120.486264364049 135.960265104401 0 719 0
"720" 121.570677656871 134.940087801287 0 720 0
"721" 125.487361839396 135.432399273301 0 721 0
"722" 121.892437395341 133.822399729661 0 722 0
"723" 124.229701723747 139.088130472067 0 723 0
"724" 119.845837740708 138.282809369889 0 724 0
"725" 125.770806353372 138.161245892825 0 725 0
"726" 128.354576438557 136.964296843448 0 726 0
"727" 120.388847224114 138.785978801664 0 727 0
"728" 119.757770122913 140.603852997948 0 728 0
"729" 135.150305056015 135.889713949496 0 729 0
"730" 108.013940331864 136.501982944297 0 730 0
"731" 118.837916616656 135.887975407682 0 731 0
"732" 122.100621117265 135.884101349603 0 732 0
"733" 119.576073535815 136.397836196761 0 733 0
"734" 123.234219346185 139.59998074667 0 734 0
"735" 126.388790147412 136.492005965723 0 735 0
"736" 127.393341463502 139.32277649423 0 736 0
"737" 123.209513695732 136.1126224004 0 737 0
"738" 128.946736726024 134.628471546346 0 738 0
"739" 129.612004302626 134.874798728281 0 739 0
"740" 119.684111490944 138.713970339456 0 740 0
"741" 126.058610141392 138.270436463968 0 741 0
"742" 127.070372088786 136.35878583572 0 742 0
"743" 127.675441144036 135.318672251432 0 743 0
"744" 125.515018371249 136.265688862076 0 744 0
"745" 112.572623776174 138.527555439115 0 745 0
"746" 123.227488861159 137.432817262196 0 746 0
"747" 124.263615290463 136.173324442581 0 747 0
"748" 132.83215145277 138.611915725723 0 748 0
"749" 124.068542385083 138.107153814582 0 749 0
"750" 120.884780102199 138.576113325791 0 750 0
"751" 132.338600062768 136.024830823307 0 751 0
"752" 129.926486604772 138.418380599891 0 752 0
"753" 130.60696100956 138.483679279138 0 753 0
"754" 131.090258612087 135.659850092635 0 754 0
"755" 110.993561038144 137.458505637901 0 755 0
"756" 119.678154111951 138.675671406798 0 756 0
"757" 125.175610501667 134.485827167107 0 757 0
"758" 122.263535557266 136.982282388881 0 758 0
"759" 125.24028927008 136.868613581842 0 759 0
"760" 122.333428415563 138.748179767193 0 760 0
"761" 126.732193454001 136.908946625981 0 761 0
"762" 127.229705837416 135.932812426653 0 762 0
"763" 119.997842801416 135.336172851926 0 763 0
"764" 127.240011216032 137.9627344802 0 764 0
"765" 127.676561407617 132.995893013109 0 765 0
"766" 125.362847626805 137.809550733588 0 766 0
"767" 119.595554648913 137.117501797519 0 767 0
"768" 123.785100446818 135.697767977372 0 768 0
"769" 124.014296813973 134.855274581373 0 769 0
"770" 126.955373162852 136.890097794545 0 770 0
"771" 125.282420082107 136.208218788071 0 771 0
"772" 127.980918581109 135.819809617916 0 772 0
"773" 117.305847517227 133.491179840947 0 773 0
"774" 123.318862683506 137.420741347788 0 774 0
"775" 127.19857604599 138.135344189647 0 775 0
"776" 115.778360849575 135.335437448722 0 776 0
"777" 122.023560641932 137.403978074246 0 777 0
"778" 126.737430004736 136.041456529173 0 778 0
"779" 114.315018050546 137.140694651073 0 779 0
"780" 125.414583366932 134.763387025413 0 780 0
"781" 129.17333602598 136.171815621026 0 781 0
"782" 134.252815942309 136.394954127119 0 782 0
"783" 124.492205195637 137.733843855758 0 783 0
"784" 123.821540126228 137.064363594017 0 784 0
"785" 119.009957255871 138.688310609072 0 785 0
"786" 123.843893330055 136.408977521027 0 786 0
"787" 122.861663238794 135.958794794443 0 787 0
"788" 127.712796739087 136.204158278837 0 788 0
"789" 127.76155248614 137.677692473858 0 789 0
"790" 125.789789538687 136.901071478372 0 790 0
"791" 120.201445222711 134.945462641539 0 791 0
"792" 117.380963276539 137.67482158504 0 792 0
"793" 121.037376665714 136.91648546933 0 793 0
"794" 117.482371854553 134.889140991043 0 794 0
"795" 128.152082102572 135.507345233109 0 795 0
"796" 124.151726924145 135.793489424638 0 796 0
"797" 127.492832117018 137.300839817892 0 797 0
"798" 114.589201316386 137.125406729226 0 798 0
"799" 118.508430187651 135.38946434555 0 799 0
"800" 139.667300299106 135.041544821926 0 800 0
"801" 122.58970957163 137.396022373415 0 801 0
"802" 120.941529956636 135.154661484866 0 802 0
"803" 120.043517635064 136.569480885569 0 803 0
"804" 118.426351764459 135.359108692168 0 804 0
"805" 115.340129434748 136.899957350517 0 805 0
"806" 126.461454414375 135.805563491987 0 806 0
"807" 110.924086182218 135.369648674435 0 807 0
"808" 120.34075687761 139.3085145949 0 808 0
"809" 123.327709619572 134.309900781183 0 809 0
"810" 131.00473852916 133.35251396171 0 810 0
"811" 117.359105956722 134.712409608528 0 811 0
"812" 118.636878084744 135.806658409758 0 812 0
"813" 123.464605368373 138.415717679256 0 813 0
"814" 118.525161401685 134.659737846836 0 814 0
"815" 120.855353397516 135.22547333487 0 815 0
"816" 126.268662882668 134.882652650254 0 816 0
"817" 120.415849485476 138.992415739272 0 817 0
"818" 121.027017342852 134.360600609883 0 818 0
"819" 126.058932916666 136.807063232329 0 819 0
"820" 121.659312255564 137.19717231827 0 820 0
"821" 118.72023475754 137.214476677018 0 821 0
"822" 121.590149649481 137.613560801374 0 822 0
"823" 116.514151045327 134.354076330102 0 823 0
"824" 122.230975192945 136.228156259588 0 824 0
"825" 127.176584779322 139.40926794515 0 825 0
"826" 119.412708904913 134.918919741059 0 826 0
"827" 126.100343434715 139.382351739803 0 827 0
"828" 128.921638240522 137.828050090524 0 828 0
"829" 126.745267100798 135.688543249682 0 829 0
"830" 120.276183219923 133.190739666214 0 830 0
"831" 123.449339951988 135.815874709292 0 831 0
"832" 125.600119231113 135.658237131663 0 832 0
"833" 127.377775133569 138.234680743566 0 833 0
"834" 117.648598622096 136.393269639002 0 834 0
"835" 119.516640641053 137.017392569622 0 835 0
"836" 111.161309648255 135.68393457642 0 836 0
"837" 115.978241566912 131.438776043355 0 837 0
"838" 123.600366290308 137.772789550724 0 838 0
"839" 117.918841452119 137.477846997283 0 839 0
"840" 117.879370585981 138.671694130238 0 840 0
"841" 121.42810618596 134.367291737507 0 841 0
"842" 136.553168212152 136.73422714467 0 842 0
"843" 133.926442394273 136.213435748822 0 843 0
"844" 124.310720873396 137.067905194568 0 844 0
"845" 130.074099527353 137.220814189773 0 845 0
"846" 131.42730970348 137.361362181698 0 846 0
"847" 126.8571389186 136.001223788013 0 847 0
"848" 114.222119105318 138.020421965342 0 848 0
"849" 120.41484449048 137.605325652143 0 849 0
"850" 125.447747994337 134.339176058622 0 850 0
"851" 118.25248814916 135.953052477295 0 851 0
"852" 129.916519444481 139.157803464571 0 852 0
"853" 124.473546400503 135.130504721477 0 853 0
"854" 120.393929221302 136.806579590473 0 854 0
"855" 128.887928104395 136.592353081979 0 855 0
"856" 124.259687851185 135.512710570176 0 856 0
"857" 127.972504068341 136.429035411651 0 857 0
"858" 124.447595847344 134.20507335943 0 858 0
"859" 122.612224036306 135.188643865057 0 859 0
"860" 124.2164934365 134.088330462021 0 860 0
"861" 121.499597827191 138.71649987422 0 861 0
"862" 122.446803673154 137.7884483061 0 862 0
"863" 123.840858731181 137.348991620187 0 863 0
"864" 120.617789792415 136.179121992014 0 864 0
"865" 122.821251947633 137.477292699966 0 865 0
"866" 120.02807517413 136.29067079344 0 866 0
"867" 119.846201689349 136.674770912927 0 867 0
"868" 126.220473343741 136.679429470094 0 868 0
"869" 123.052133651871 138.608691752613 0 869 0
"870" 121.821404802143 138.79693196019 0 870 0
"871" 121.537052644757 135.25305379074 0 871 0
"872" 115.869894449034 134.656023820546 0 872 0
"873" 127.025621912903 136.506376220505 0 873 0
"874" 129.895695487317 134.289596547944 0 874 0
"875" 122.616617337316 139.472074950418 0 875 0
"876" 126.551767063534 135.448172630235 0 876 0
"877" 123.251881471644 138.24646821345 0 877 0
"878" 127.726579339146 137.741142309324 0 878 0
"879" 122.340491646013 134.021338295797 0 879 0
"880" 122.286664148955 138.296269177691 0 880 0
"881" 124.338868984356 137.122136452933 0 881 0
"882" 123.463978661122 137.482746732684 0 882 0
"883" 136.036364533887 138.892919436504 0 883 0
"884" 125.918174092531 133.94864547518 0 884 0
"885" 132.153512911111 137.705563183919 0 885 0
"886" 116.947565611694 137.179394215952 0 886 0
"887" 122.400801830358 135.988069302359 0 887 0
"888" 130.472846162649 137.452248495896 0 888 0
"889" 116.715430794962 135.692911551883 0 889 0
"890" 126.580614738744 137.333831690632 0 890 0
"891" 120.28439535218 137.266856853695 0 891 0
"892" 117.736248397329 136.271624646137 0 892 0
"893" 123.970699341787 141.379425191588 0 893 0
"894" 115.255578451998 133.755139350876 0 894 0
"895" 119.546352583536 135.688423008965 0 895 0
"896" 121.460200097258 138.420142043749 0 896 0
"897" 122.606240735473 138.90716528366 0 897 0
"898" 125.867629026087 133.141780430853 0 898 0
"899" 119.344341856083 136.920223719971 0 899 0
"900" 134.05481593111 136.736315484777 0 900 0
"901" 122.748806965172 136.436176044938 0 901 0
"902" 133.272571344472 133.930805321524 0 902 0
"903" 113.333067564388 138.366701568402 0 903 0
"904" 123.887758788354 139.43524968142 0 904 0
"905" 130.672328994728 137.106561597871 0 905 0
"906" 120.77892850145 137.837528129417 0 906 0
"907" 124.344921229116 137.049969770324 0 907 0
"908" 122.244835034961 137.464127759327 0 908 0
"909" 125.10290046208 134.759549815466 0 909 0
"910" 127.319760780594 137.139585979009 0 910 0
"911" 126.411411829657 135.798000286575 0 911 0
"912" 120.292146798158 137.216374873736 0 912 0
"913" 126.393762160896 139.074712829985 0 913 0
"914" 115.31227528305 139.062641874572 0 914 0
"915" 124.13797386971 135.751040301368 0 915 0
"916" 125.890700978054 138.484774099322 0 916 0
"917" 122.373431982774 138.623630401802 0 917 0
"918" 121.545200960553 131.950897546903 0 918 0
"919" 121.941311116071 136.350677294154 0 919 0
"920" 125.465217800409 135.95392549169 0 920 0
"921" 118.460827812134 136.298863541591 0 921 0
"922" 127.552897335972 135.282868018054 0 922 0
"923" 116.689207350056 136.267816245286 0 923 0
"924" 119.379983284977 135.716293413297 0 924 0
"925" 126.580656391177 135.579175540091 0 925 0
"926" 128.502305206288 137.259848662113 0 926 0
"927" 123.086953388226 138.131034782202 0 927 0
"928" 128.655560536739 134.119049235255 0 928 0
"929" 125.554153701325 137.761250907826 0 929 0
"930" 126.50193296291 136.827497102246 0 930 0
"931" 125.265199339542 136.979855912664 0 931 0
"932" 121.79413416341 136.99315019874 0 932 0
"933" 126.804982001698 133.953552639099 0 933 0
"934" 119.028649134688 136.510082388581 0 934 0
"935" 124.818207524239 136.843965581461 0 935 0
"936" 120.591269495864 133.931130599956 0 936 0
"937" 124.846243123421 137.24689616102 0 937 0
"938" 119.720177784585 134.77381897664 0 938 0
"939" 122.707401575533 133.719618670155 0 939 0
"940" 120.359360748696 137.354813463335 0 940 0
"941" 120.172658961366 134.043589300845 0 941 0
"942" 112.595090790521 138.341152731027 0 942 0
"943" 123.641361547346 138.558029640561 0 943 0
"944" 128.761829255525 137.894015669838 0 944 0
"945" 126.961719636643 135.917600858841 0 945 0
"946" 123.053672190078 136.906222657965 0 946 0
"947" 125.531956199648 138.712324776832 0 947 0
"948" 125.738303792434 138.294587079039 0 948 0
"949" 119.86300223753 137.449218022011 0 949 0
"950" 121.593931181329 138.695817699636 0 950 0
"951" 119.40158877825 135.208670027644 0 951 0
"952" 117.591909554733 134.925708240476 0 952 0
"953" 129.900889184787 139.766136112628 0 953 0
"954" 128.18997110606 133.032819262999 0 954 0
"955" 117.824788035885 139.562929712803 0 955 0
"956" 119.704631576583 135.236819524225 0 956 0
"957" 117.385253599416 137.371051867403 0 957 0
"958" 117.601612603696 134.205708407339 0 958 0
"959" 130.211961463174 138.14415162544 0 959 0
"960" 118.71197139764 137.757766681252 0 960 0
"961" 128.228208628919 135.458355491955 0 961 0
"962" 126.986325934759 136.933886616906 0 962 0
"963" 117.269238218867 136.58631243342 0 963 0
"964" 123.31668706998 138.780569816881 0 964 0
"965" 119.333229728675 135.43797322819 0 965 0
"966" 125.632476855478 136.809719351893 0 966 0
"967" 127.210712604348 134.363816993569 0 967 0
"968" 120.269368188016 136.520605706278 0 968 0
"969" 119.663922931551 137.580167800775 0 969 0
"970" 131.270422882468 135.072517441722 0 970 0
"971" 118.936489826024 137.083866252193 0 971 0
"972" 113.884234040134 136.540234319708 0 972 0
"973" 117.633576851298 138.390026623987 0 973 0
"974" 128.657367448228 136.824562439755 0 974 0
"975" 122.864881177399 139.60588939136 0 975 0
"976" 117.439115063339 138.363276347507 0 976 0
"977" 131.496595441636 134.553056185253 0 977 0
"978" 121.061034883028 135.392839128612 0 978 0
"979" 118.865880496512 136.464809751966 0 979 0
"980" 121.518875462334 135.483873461108 0 980 0
"981" 122.203665248234 136.116982012616 0 981 0
"982" 127.306669108802 134.721897958859 0 982 0
"983" 121.993473423607 134.724091785146 0 983 0
"984" 124.768561244572 136.541535430106 0 984 0
"985" 127.97369832137 136.041093385512 0 985 0
"986" 124.875669528734 137.810276910821 0 986 0
"987" 120.003163168757 135.97546926427 0 987 0
"988" 127.456247563687 135.73199120301 0 988 0
"989" 127.986351310643 138.481931909467 0 989 0
"990" 127.063092579616 140.047336170278 0 990 0
"991" 117.799105513466 136.952787916579 0 991 0
"992" 129.524527860193 136.810060358249 0 992 0
"993" 116.920066236381 136.364214039604 0 993 0
"994" 119.701401644026 135.906276460691 0 994 0
"995" 128.31402784654 137.356739997962 0 995 0
"996" 121.510012494154 136.726214963187 0 996 0
"997" 122.721048497102 135.27503257821 0 997 0
"998" 128.075583766967 137.055983373066 0 998 0
"999" 123.534899912592 138.244039491993 0 999 0
"1000" 126.96553833695 136.187244480397 0 1000 0
"1001" 125.792553085104 137.397674756547 0 1001 0
"1002" 123.080797660502 134.944167305994 0 1002 0
"1003" 121.944142818497 136.454597538396 0 1003 0
"1004" 125.484692148348 138.923393282271 0 1004 0
"1005" 126.161958209105 137.001315230831 0 1005 0
"1006" 125.452035995582 137.976988036523 0 1006 0
"1007" 127.993852918538 137.815425141652 0 1007 0
"1008" 128.14008328424 134.375628672629 0 1008 0
"1009" 121.16712303785 135.93210052071 0 1009 0
"1010" 126.365628500779 137.65878956397 0 1010 0
"1011" 120.234977674063 137.794489180549 0 1011 0
"1012" 127.898024954047 135.647945142161 0 1012 0
"1013" 120.091050784056 137.16889088502 0 1013 0
"1014" 128.078654131006 136.187974967258 0 1014 0
"1015" 126.573854479424 136.726958823702 0 1015 0
"1016" 121.76061903101 138.61267690458 0 1016 0
"1017" 127.426823203082 135.946825486115 0 1017 0
"1018" 121.237749086873 137.317348306753 0 1018 0
"1019" 125.967303512641 137.877351125487 0 1019 0
"1020" 113.038490998857 138.251164238129 0 1020 0
"1021" 116.489467347596 138.139029935201 0 1021 0
"1022" 130.604114533254 137.102329730145 0 1022 0
"1023" 124.012460572334 136.691696603431 0 1023 0
"1024" 123.893839114116 136.409481717235 0 1024 0
"1025" 121.609521209123 137.652626178774 0 1025 0
"1026" 117.95156995474 136.675794487308 0 1026 0
"1027" 127.820934569221 139.211749154392 0 1027 0
"1028" 120.616661259853 136.66448446278 0 1028 0
"1029" 132.790102666437 137.361947426541 0 1029 0
"1030" 118.950683397678 137.791936907543 0 1030 0
"1031" 122.557435168754 138.898213578475 0 1031 0
"1032" 125.896989334811 135.799820478852 0 1032 0
"1033" 128.02917011734 134.416787979055 0 1033 0
"1034" 122.047204872978 137.531363283243 0 1034 0
"1035" 121.501837020916 137.953206890071 0 1035 0
"1036" 117.365050717497 137.511330588323 0 1036 0
"1037" 125.138650879888 136.770028067986 0 1037 0
"1038" 125.954669863205 138.362078931635 0 1038 0
"1039" 125.857276975578 137.937675365089 0 1039 0
"1040" 112.702110381219 142.322721300485 0 1040 0
"1041" 122.035880705372 136.59867362187 0 1041 0
"1042" 116.741969973789 135.371591615569 0 1042 0
"1043" 126.626525716 136.353512583301 0 1043 0
"1044" 125.679373595587 137.836235135417 0 1044 0
"1045" 126.711932462581 139.409020756219 0 1045 0
"1046" 108.760122325972 137.347097272734 0 1046 0
"1047" 122.642759342168 135.961227240319 0 1047 0
"1048" 110.018396780354 134.921399235087 0 1048 0
"1049" 132.140462630385 136.665100578123 0 1049 0
"1050" 109.705480144268 63.8305611097092 0 1050 0
"1051" 137.022496595014 108.35658419644 0 1051 0
"1052" 110.446244244379 61.164908064769 0 1052 0
"1053" 138.849913539419 67.072792357361 0 1053 0
"1054" 123.173639882271 85.5456392939588 0 1054 0
"1055" 109.912503833394 80.3765205958392 0 1055 0
"1056" 127.68499617339 93.9036691006269 0 1056 0
"1057" 120.77550778974 74.7259444730246 0 1057 0
"1058" 127.331510572338 89.505322679313 0 1058 0
"1059" 133.456805599425 103.191554316282 0 1059 0
"1060" 120.829289653033 81.5675012084549 0 1060 0
"1061" 121.03489149483 131.003523632411 0 1061 0
"1062" 111.55536120342 133.231346978704 0 1062 0
"1063" 136.090546778999 132.040964605471 0 1063 0
"1064" 121.687076828585 70.4758206422929 0 1064 0
"1065" 124.536109485206 115.017434141773 0 1065 0
"1066" 110.920744848985 135.845390546773 0 1066 0
"1067" 137.292667677815 100.639755457041 0 1067 0
"1068" 138.934387272234 114.383359782688 0 1068 0
"1069" 114.50160184759 88.5374120237601 0 1069 0
"1070" 116.408899030882 117.688957771248 0 1070 0
"1071" 123.893811490893 105.129956333007 0 1071 0
"1072" 110.386804522847 73.8469282306118 0 1072 0
"1073" 130.083122237365 105.950586341503 0 1073 0
"1074" 135.378119218331 95.6920052650874 0 1074 0
"1075" 118.501051998455 96.4260624152076 0 1075 0
"1076" 125.155679751815 101.265462860417 0 1076 0
"1077" 136.880537063287 70.9881648260982 0 1077 0
"1078" 124.920376138603 80.3069602569406 0 1078 0
"1079" 115.277696864332 96.8969956214414 0 1079 0
"1080" 118.402776772347 87.4113107606408 0 1080 0
"1081" 120.929259861304 111.482115652296 0 1081 0
"1082" 123.08657427596 124.213971645553 0 1082 0
"1083" 112.885491166073 103.932535883331 0 1083 0
"1084" 121.692255822009 137.823087997904 0 1084 0
"1085" 109.869603866423 111.327096608726 0 1085 0
"1086" 109.14767435167 128.854547043023 0 1086 0
"1087" 132.473243824211 141.844203485249 0 1087 0
"1088" 115.891062929339 92.301563582632 0 1088 0
"1089" 126.088100849046 111.679949616129 0 1089 0
"1090" 123.639189010653 123.730952710627 0 1090 0
"1091" 128.332084393 139.243146605922 0 1091 0
"1092" 126.296724913285 99.7831141235354 0 1092 0
"1093" 119.057206276398 94.0656821335602 0 1093 0
"1094" 120.723122038183 103.892892188851 0 1094 0
"1095" 115.890624591451 104.12151401429 0 1095 0
"1096" 137.909180309746 74.5674736061239 0 1096 0
"1097" 136.588988015392 58.8449792698739 0 1097 0
"1098" 131.624394962291 57.8989158510256 0 1098 0
"1099" 135.817738792783 77.1844611207372 0 1099 0
"1100" 133.460247550827 61.8161689838405 0 1100 0
"1101" 121.841695427609 136.384776662674 0 1101 0
"1102" 124.642391303596 141.404539398042 0 1102 0
"1103" 126.761902172657 115.281322029592 0 1103 0
"1104" 114.949171347376 127.630820632966 0 1104 0
"1105" 125.884903516484 84.9237997558815 0 1105 0
"1106" 113.604885430058 100.361281291428 0 1106 0
"1107" 122.554628480439 74.0142681405945 0 1107 0
"1108" 127.615797886193 68.1872084157404 0 1108 0
"1109" 134.866004407517 132.732601609657 0 1109 0
"1110" 131.220794340998 78.5423124820081 0 1110 0
"1111" 119.707460968958 111.642227032041 0 1111 0
"1112" 137.560225440792 75.1772543332969 0 1112 0
"1113" 111.598126832362 107.77991598924 0 1113 0
"1114" 121.164864526424 123.606517725396 0 1114 0
"1115" 114.409320855426 136.299846784109 0 1115 0
"1116" 139.307507016076 134.322097168573 0 1116 0
"1117" 112.382382965495 73.9561217196976 0 1117 0
"1118" 135.602801946615 138.127594807881 0 1118 0
"1119" 125.516970799227 102.101964555636 0 1119 0
"1120" 112.016485630056 122.883775635563 0 1120 0
"1121" 137.272663257907 63.6095436091108 0 1121 0
"1122" 121.704955688919 72.7763099001275 0 1122 0
"1123" 136.367267209256 63.6559323879684 0 1123 0
"1124" 135.189468075167 117.233578132425 0 1124 0
"1125" 117.361104048815 69.030524111241 0 1125 0
"1126" 134.28941481535 82.6037544366079 0 1126 0
"1127" 116.361630623767 127.83680342492 0 1127 0
"1128" 128.153781397904 71.4083202017075 0 1128 0
"1129" 135.804886406368 103.859780862572 0 1129 0
"1130" 120.662910492048 74.4526433372664 0 1130 0
"1131" 134.274970079613 110.62362520801 0 1131 0
"1132" 129.816196345118 87.7646889931746 0 1132 0
"1133" 136.421921997059 72.0048856478379 0 1133 0
"1134" 133.860515560142 103.798270374709 0 1134 0
"1135" 111.465161264172 108.233109895722 0 1135 0
"1136" 118.925076834946 109.54202213212 0 1136 0
"1137" 118.575152267691 138.787982568036 0 1137 0
"1138" 125.044232751141 106.396754088581 0 1138 0
"1139" 108.091080968166 86.4767302552773 0 1139 0
"1140" 115.144621241841 99.7644642346068 0 1140 0
"1141" 128.161774768635 79.7501625698321 0 1141 0
"1142" 134.327563359401 60.236678943779 0 1142 0
"1143" 115.577306385645 120.654630094686 0 1143 0
"1144" 118.20228268679 114.72908003386 0 1144 0
"1145" 122.06651432902 71.5410180127867 0 1145 0
"1146" 137.11044518571 114.67042163783 0 1146 0
"1147" 129.237201263523 66.6588058702869 0 1147 0
"1148" 138.668962224977 66.0816460603222 0 1148 0
"1149" 131.689883484301 83.9207356032435 0 1149 0
"1150" 111.160202048455 70.2835218351267 0 1150 0
"1151" 133.575163498744 87.2213357762568 0 1151 0
"1152" 117.374214594482 117.187788587694 0 1152 0
"1153" 132.23767383434 136.282380322897 0 1153 0
"1154" 129.731315780619 59.2465775065381 0 1154 0
"1155" 127.330590104783 139.93539096135 0 1155 0
"1156" 111.87443037843 122.015939108491 0 1156 0
"1157" 119.772077627719 127.811597433186 0 1157 0
"1158" 115.560503939361 123.69282460897 0 1158 0
"1159" 138.245518687154 64.9884879917558 0 1159 0
"1160" 116.950148781502 115.839036871191 0 1160 0
"1161" 134.837665111741 60.6660553229928 0 1161 0
"1162" 138.311315793081 106.308483698603 0 1162 0
"1163" 111.966275634271 139.946275237555 0 1163 0
"1164" 118.69795943254 61.1939323437322 0 1164 0
"1165" 130.526342230209 78.8229637654745 0 1165 0
"1166" 120.208197736286 74.9880888123566 0 1166 0
"1167" 120.54849156094 63.560080731329 0 1167 0
"1168" 123.193398907545 57.7002491865159 0 1168 0
"1169" 130.902556892912 60.9333746816687 0 1169 0
"1170" 124.042146212626 62.3886830780454 0 1170 0
"1171" 126.709699842478 120.058558857551 0 1171 0
"1172" 121.953885937837 107.766513994642 0 1172 0
"1173" 123.547901897341 132.729804566989 0 1173 0
"1174" 135.067346441087 103.091796874681 0 1174 0
"1175" 132.305370274245 93.0557748346247 0 1175 0
"1176" 131.075667341389 71.1391240584578 0 1176 0
"1177" 123.387783509097 67.0467091998683 0 1177 0
"1178" 139.140451477702 136.750067160343 0 1178 0
"1179" 112.061393894565 120.107245814676 0 1179 0
"1180" 136.621310970284 93.6323615523497 0 1180 0
"1181" 119.791130272855 139.230774788692 0 1181 0
"1182" 120.025084853075 98.2853784389582 0 1182 0
"1183" 137.759107801633 59.0594001019836 0 1183 0
"1184" 127.358787618957 139.08988543516 0 1184 0
"1185" 121.038957858652 111.04301258113 0 1185 0
"1186" 123.693946807159 127.164376350853 0 1186 0
"1187" 109.279598240017 102.804421814266 0 1187 0
"1188" 133.893169201199 65.2808751522503 0 1188 0
"1189" 116.56363439816 100.89904058217 0 1189 0
"1190" 126.518366780719 57.8754998822445 0 1190 0
"1191" 135.79622177294 92.3859923088839 0 1191 0
"1192" 114.021236711421 66.1664164017531 0 1192 0
"1193" 119.32347630898 133.447770629525 0 1193 0
"1194" 109.823835898955 138.737555424661 0 1194 0
"1195" 115.10852640848 98.2368016796365 0 1195 0
"1196" 126.419402589481 135.23067198715 0 1196 0
"1197" 133.910306121761 114.884105841693 0 1197 0
"1198" 119.614626499394 84.0488754350335 0 1198 0
"1199" 135.362311468955 133.311169182132 0 1199 0
"1200" 135.146162426212 141.797165814616 0 1200 0
"1201" 122.10138290409 77.9610649284058 0 1201 0
"1202" 108.075789301459 89.9486617309521 0 1202 0
"1203" 122.755624203716 98.2059161739044 0 1203 0
"1204" 137.491785808237 103.556596286968 0 1204 0
"1205" 116.197758708035 78.5462019730536 0 1205 0
"1206" 119.660921781216 84.9384209293151 0 1206 0
"1207" 115.052984877657 79.6158318457569 0 1207 0
"1208" 114.250165576818 100.547044069734 0 1208 0
"1209" 137.204664550064 61.2302428879075 0 1209 0
"1210" 130.284311994636 91.0112894573865 0 1210 0
"1211" 112.312409809938 95.8349137113507 0 1211 0
"1212" 134.451225746328 98.1738632558437 0 1212 0
"1213" 125.539621298041 95.5175045072876 0 1213 0
"1214" 112.986380699568 88.5815968266609 0 1214 0
"1215" 128.451774978934 125.941868482996 0 1215 0
"1216" 119.088617275937 103.644412655632 0 1216 0
"1217" 132.597886920028 133.98022355485 0 1217 0
"1218" 111.681129162827 124.07601181477 0 1218 0
"1219" 110.92915077779 100.480042611759 0 1219 0
"1220" 116.539287037867 67.651268293967 0 1220 0
"1221" 122.602394810857 107.835435329526 0 1221 0
"1222" 117.485997182285 100.706376584378 0 1222 0
"1223" 133.476129360048 136.097947915974 0 1223 0
"1224" 135.509254957808 93.5759529303159 0 1224 0
"1225" 136.961596489091 97.2514679536291 0 1225 0
"1226" 113.323392417977 125.837193322681 0 1226 0
"1227" 129.34736810266 84.3292294689285 0 1227 0
"1228" 113.14874608077 126.793373671775 0 1228 0
"1229" 134.917304429505 104.659478898839 0 1229 0
"1230" 113.593823590937 103.861429253793 0 1230 0
"1231" 132.755630389074 90.2098344037914 0 1231 0
"1232" 131.780462360267 91.6319738582832 0 1232 0
"1233" 137.678080994884 111.058979007325 0 1233 0
"1234" 125.972084387596 121.252331280478 0 1234 0
"1235" 122.579318230253 101.044754586114 0 1235 0
"1236" 114.311588884706 142.124787523982 0 1236 0
"1237" 127.833268966087 142.210892931991 0 1237 0
"1238" 130.925585318771 141.874840961371 0 1238 0
"1239" 126.62220225111 89.3823673965197 0 1239 0
"1240" 121.415507961087 71.466066675604 0 1240 0
"1241" 118.699903140518 74.7467096663792 0 1241 0
"1242" 137.601917677331 135.394887563608 0 1242 0
"1243" 133.422166433736 108.65499365991 0 1243 0
"1244" 132.167629448968 73.1119185926742 0 1244 0
"1245" 114.533429001702 131.148126506674 0 1245 0
"1246" 137.620569939421 92.855187278567 0 1246 0
"1247" 135.161956990886 122.210104971629 0 1247 0
"1248" 118.376146137216 107.10618339251 0 1248 0
"1249" 136.451605247985 60.0783186526843 0 1249 0
"1250" 118.347073119076 89.4246394448831 0 1250 0
"1251" 123.367630483086 98.5956705639651 0 1251 0
"1252" 138.353542448531 57.2338107137117 0 1252 0
"1253" 120.653917633992 116.08089715522 0 1253 0
"1254" 121.573005232183 124.968740153452 0 1254 0
"1255" 111.534368837407 96.8626412822462 0 1255 0
"1256" 123.681323314234 60.4009559556613 0 1256 0
"1257" 116.298608680057 127.637240694504 0 1257 0
"1258" 120.146889309966 123.045561369363 0 1258 0
"1259" 116.726758876196 119.644289485017 0 1259 0
"1260" 129.558012985849 99.5131893099956 0 1260 0
"1261" 108.589728347254 84.9768030290505 0 1261 0
"1262" 112.519161595 57.2907702451815 0 1262 0
"1263" 118.213247361515 105.783226576418 0 1263 0
"1264" 128.443601989679 105.784095147584 0 1264 0
"1265" 135.668982536471 92.1379738994555 0 1265 0
"1266" 136.689161322599 71.0776425773471 0 1266 0
"1267" 115.784457529341 125.609096145422 0 1267 0
"1268" 128.548536234312 102.985916879747 0 1268 0
"1269" 127.473006885488 98.7313106703134 0 1269 0
"1270" 134.622472125665 90.6203234286538 0 1270 0
"1271" 113.14020725106 130.714059727774 0 1271 0
"1272" 125.080555954732 58.590203580499 0 1272 0
"1273" 110.108450169819 70.4770527329131 0 1273 0
"1274" 130.394611410404 66.8295489009066 0 1274 0
"1275" 110.193603051095 100.012216410599 0 1275 0
"1276" 127.787264315174 89.9053979421507 0 1276 0
"1277" 127.395607058151 85.3439329287921 0 1277 0
"1278" 116.434980323111 96.3553777364202 0 1278 0
"1279" 127.925822650891 110.969942723715 0 1279 0
"1280" 131.399696123468 101.447611035391 0 1280 0
"1281" 122.834085705358 137.70994431846 0 1281 0
"1282" 139.078443422046 138.430150048387 0 1282 0
"1283" 124.902731750752 78.7954403173237 0 1283 0
"1284" 135.578691807767 104.389530728697 0 1284 0
"1285" 122.022504673025 88.826983141966 0 1285 0
"1286" 109.762963304765 119.168451471854 0 1286 0
"1287" 111.269278854018 139.282366002054 0 1287 0
"1288" 109.864628532046 119.650698524786 0 1288 0
"1289" 118.144469075964 60.6544119969992 0 1289 0
"1290" 118.980340160464 133.67057202545 0 1290 0
"1291" 108.893941989851 72.6505185209951 0 1291 0
"1292" 127.519752363322 108.638013310473 0 1292 0
"1293" 139.326622806277 113.731680155733 0 1293 0
"1294" 123.330742113478 117.475681631501 0 1294 0
"1295" 111.975138347754 116.441136638403 0 1295 0
"1296" 122.015330699423 74.7902134671497 0 1296 0
"1297" 108.259362064694 113.95130384014 0 1297 0
"1298" 121.72353528407 101.038199000576 0 1298 0
"1299" 134.358926491621 125.321846343242 0 1299 0
"1300" 122.843889838943 101.377050739464 0 1300 0
"1301" 124.823048383262 116.307835634113 0 1301 0
"1302" 109.744001183769 109.035385613584 0 1302 0
"1303" 120.473728585429 57.5806260194925 0 1303 0
"1304" 114.468579189664 99.1654271864414 0 1304 0
"1305" 131.102270678513 57.0206096174947 0 1305 0
"1306" 132.443784934304 91.4681005734307 0 1306 0
"1307" 131.806200268042 133.023037618474 0 1307 0
"1308" 126.677208640774 95.9516353278425 0 1308 0
"1309" 127.859239459658 86.0839010500763 0 1309 0
"1310" 124.551152757742 114.839355546401 0 1310 0
"1311" 120.183269865902 113.221850825457 0 1311 0
"1312" 123.403728175958 104.279721910517 0 1312 0
"1313" 134.823341337716 87.363478587522 0 1313 0
"1314" 130.420091151556 93.0945202946554 0 1314 0
"1315" 112.590123566307 103.554079841848 0 1315 0
"1316" 122.539038577114 119.031261036203 0 1316 0
"1317" 115.288820278735 59.1747833692406 0 1317 0
"1318" 124.857195462586 108.898023962499 0 1318 0
"1319" 134.439425033303 131.175491193592 0 1319 0
"1320" 134.541196143537 110.892968812195 0 1320 0
"1321" 108.415408510123 85.9196225062874 0 1321 0
"1322" 130.846165284183 80.9619987980836 0 1322 0
"1323" 108.025197708433 82.9209671587242 0 1323 0
"1324" 126.579678884606 100.569812798015 0 1324 0
"1325" 130.961285303861 141.258354601389 0 1325 0
"1326" 134.886982498087 67.50806486615 0 1326 0
"1327" 123.226863536705 103.95990395238 0 1327 0
"1328" 139.496203366037 101.756941978513 0 1328 0
"1329" 122.822260045316 78.6074825953413 0 1329 0
"1330" 113.479400230537 87.8997500189208 0 1330 0
"1331" 127.984293219492 93.1254730252253 0 1331 0
"1332" 131.266511419498 80.9845151198785 0 1332 0
"1333" 127.289097186437 94.7751163316319 0 1333 0
"1334" 124.431069313401 76.1354416591339 0 1334 0
"1335" 136.535153685978 93.1993056129838 0 1335 0
"1336" 137.567292293302 116.568942494652 0 1336 0
"1337" 110.128139933035 93.5373366279197 0 1337 0
"1338" 108.387659003108 104.984819201332 0 1338 0
"1339" 114.065032655862 111.102040982349 0 1339 0
"1340" 137.177014521584 73.8055704121899 0 1340 0
"1341" 115.724717301271 135.117605957467 0 1341 0
"1342" 126.016662666079 67.6239008416592 0 1342 0
"1343" 116.094065424589 136.484554436854 0 1343 0
"1344" 130.994243534365 96.3913478193201 0 1344 0
"1345" 128.770367758037 116.999332439 0 1345 0
"1346" 124.844855201219 59.3922731077078 0 1346 0
"1347" 123.162458356426 85.7464418342122 0 1347 0
"1348" 131.871896649926 135.477188829655 0 1348 0
"1349" 132.297868164453 103.938850939633 0 1349 0
"1350" 119.281921962749 107.99435516444 0 1350 0
"1351" 129.308849804751 80.0282379224533 0 1351 0
"1352" 118.030618531508 106.320732883722 0 1352 0
"1353" 129.908944373452 136.492210249672 0 1353 0
"1354" 133.934689778675 66.9327685708666 0 1354 0
"1355" 123.004244387371 65.1103942766137 0 1355 0
"1356" 133.910724900008 87.1238613928058 0 1356 0
"1357" 111.260298465787 117.754980420465 0 1357 0
"1358" 124.894259485728 79.6316370835431 0 1358 0
"1359" 131.348824077326 103.217170301937 0 1359 0
"1360" 126.100975964147 127.612236616023 0 1360 0
"1361" 108.354994572559 60.6658221150766 0 1361 0
"1362" 116.024710534979 139.632123443945 0 1362 0
"1363" 115.716354486218 96.9782926928485 0 1363 0
"1364" 115.478857083156 123.052666809907 0 1364 0
"1365" 115.402888197571 72.9153221706618 0 1365 0
"1366" 122.702021384097 118.955313203703 0 1366 0
"1367" 125.582708282889 115.709244132039 0 1367 0
"1368" 125.180909646931 124.736419688661 0 1368 0
"1369" 126.98931604291 74.44178410873 0 1369 0
"1370" 132.921802390322 130.234204020886 0 1370 0
"1371" 109.42326748628 141.736255356676 0 1371 0
"1372" 130.168603011623 91.6026757261408 0 1372 0
"1373" 109.594855650809 69.583864026446 0 1373 0
"1374" 130.844090326152 118.498402314779 0 1374 0
"1375" 125.025183953079 87.8428945178378 0 1375 0
"1376" 138.043759732545 114.510397795606 0 1376 0
"1377" 123.448395784661 81.5882824967767 0 1377 0
"1378" 112.770114166322 111.832465961948 0 1378 0
"1379" 111.235616800722 81.0394810638673 0 1379 0
"1380" 134.822571340841 128.545279226391 0 1380 0
"1381" 133.162758673383 97.0239303798736 0 1381 0
"1382" 132.605788771687 107.498232260388 0 1382 0
"1383" 126.013592067796 134.363653160007 0 1383 0
"1384" 120.817005719599 59.3862577878387 0 1384 0
"1385" 114.363448759034 140.747648662411 0 1385 0
"1386" 119.657223218235 139.871283971325 0 1386 0
"1387" 120.715758916811 105.274504874322 0 1387 0
"1388" 139.201059309234 133.762121730156 0 1388 0
"1389" 132.850342886315 131.058672748664 0 1389 0
"1390" 127.300328753713 131.150663344058 0 1390 0
"1391" 120.490899650609 134.914387660138 0 1391 0
"1392" 108.310345395906 105.952639474393 0 1392 0
"1393" 116.374788587192 67.9647358624745 0 1393 0
"1394" 133.04759743401 121.438936448273 0 1394 0
"1395" 131.463082735823 74.6432524713116 0 1395 0
"1396" 124.586797874133 68.7637973815881 0 1396 0
"1397" 108.301941420116 127.566524979686 0 1397 0
"1398" 125.294252355605 110.283512670174 0 1398 0
"1399" 114.41606583614 67.0988859795666 0 1399 0
"1400" 137.576188561813 109.93267935235 0 1400 0
"1401" 121.496827742366 88.768126373974 0 1401 0
"1402" 133.759095609577 101.507243584775 0 1402 0
"1403" 123.245270920053 109.000234742625 0 1403 0
"1404" 111.477840709166 141.458643873341 0 1404 0
"1405" 112.246160016982 134.555576510784 0 1405 0
"1406" 112.954231710509 124.395470033482 0 1406 0
"1407" 128.612032724092 77.3910435049258 0 1407 0
"1408" 123.299821291507 72.8034670833288 0 1408 0
"1409" 137.305818433504 68.3062896459239 0 1409 0
"1410" 120.158350382432 135.164533489982 0 1410 0
"1411" 115.29971409951 108.46271305657 0 1411 0
"1412" 127.444193286849 80.9051553533048 0 1412 0
"1413" 126.643400472392 114.359388865808 0 1413 0
"1414" 122.35084864055 111.91210612712 0 1414 0
"1415" 119.736514692772 69.6653881781427 0 1415 0
"1416" 139.368303936418 91.8259275424053 0 1416 0
"1417" 129.71993964593 119.575636333268 0 1417 0
"1418" 109.603325130022 77.9763656317477 0 1418 0
"1419" 128.25325893022 82.1629112985609 0 1419 0
"1420" 135.222003923556 127.445773354532 0 1420 0
"1421" 120.000551432989 105.953499828969 0 1421 0
"1422" 128.637566493777 93.0989443813259 0 1422 0
"1423" 123.48035108611 80.1439964471505 0 1423 0
"1424" 120.861370058062 66.8980327471301 0 1424 0
"1425" 126.276762273182 140.543739992458 0 1425 0
"1426" 120.929263988432 121.637968741095 0 1426 0
"1427" 120.01198049073 83.171000303903 0 1427 0
"1428" 137.770343532888 61.1587069266149 0 1428 0
"1429" 115.023196782929 130.258880987564 0 1429 0
"1430" 125.089203364769 111.90857918068 0 1430 0
"1431" 129.156770900528 99.5825422844419 0 1431 0
"1432" 127.526037744067 140.359464536333 0 1432 0
"1433" 121.689239753411 94.1987185159001 0 1433 0
"1434" 132.664537508743 109.971427259452 0 1434 0
"1435" 118.98233589974 111.595262017551 0 1435 0
"1436" 108.277027972572 94.1618399526823 0 1436 0
"1437" 116.637279349323 82.4968629257136 0 1437 0
"1438" 123.853725142131 87.8230662942854 0 1438 0
"1439" 115.076980031758 68.034939383315 0 1439 0
"1440" 122.520972101944 125.23721616132 0 1440 0
"1441" 138.20611108151 99.0282142098792 0 1441 0
"1442" 138.508329942916 63.9342906459443 0 1442 0
"1443" 132.139698805235 137.353236516702 0 1443 0
"1444" 108.20094239243 67.8759498168075 0 1444 0
"1445" 108.794120542451 131.528677559794 0 1445 0
"1446" 111.958397889465 142.092518607087 0 1446 0
"1447" 128.983759171489 96.2690922796448 0 1447 0
"1448" 117.887299088859 102.710551091956 0 1448 0
"1449" 132.430418536154 139.469682133686 0 1449 0
"1450" 128.697975397719 98.9577926012399 0 1450 0
"1451" 118.093251626023 65.7561001242322 0 1451 0
"1452" 132.5498842157 106.334973209251 0 1452 0
"1453" 129.574561237872 84.4340749096184 0 1453 0
"1454" 137.412596089524 120.636268940315 0 1454 0
"1455" 133.4286121092 77.5698115378626 0 1455 0
"1456" 135.39620136185 96.8237884892767 0 1456 0
"1457" 128.695262577251 69.7572724154473 0 1457 0
"1458" 134.368662689723 120.845478862697 0 1458 0
"1459" 108.538617229828 80.3390745109512 0 1459 0
"1460" 123.625710833652 122.065745630731 0 1460 0
"1461" 123.914960577238 91.465910683057 0 1461 0
"1462" 130.41730903218 110.03932717072 0 1462 0
"1463" 120.696229477794 59.5466390815746 0 1463 0
"1464" 128.812948521105 132.134354189728 0 1464 0
"1465" 110.728663052432 95.5353875874195 0 1465 0
"1466" 128.571174742343 59.1072414068575 0 1466 0
"1467" 117.571384609743 124.742189366307 0 1467 0
"1468" 122.411941704466 138.819456087176 0 1468 0
"1469" 117.837077043333 113.779031290275 0 1469 0
"1470" 139.335359237 136.04913902306 0 1470 0
"1471" 131.708587062811 77.4487511638893 0 1471 0
"1472" 138.140252813013 88.5272611926194 0 1472 0
"1473" 133.55645378113 125.940015472817 0 1473 0
"1474" 119.968304660466 106.949852380331 0 1474 0
"1475" 116.292304837782 115.259920338979 0 1475 0
"1476" 119.836367933801 117.369858913959 0 1476 0
"1477" 108.893185863076 130.836170333166 0 1477 0
"1478" 134.992584843742 64.989865812455 0 1478 0
"1479" 129.67887940541 87.7612633714155 0 1479 0
"1480" 124.930737530333 120.565729534024 0 1480 0
"1481" 130.031635971336 128.133539548975 0 1481 0
"1482" 131.059817156289 102.344248740114 0 1482 0
"1483" 130.977777714363 110.889570904019 0 1483 0
"1484" 133.130428061193 136.812313719394 0 1484 0
"1485" 136.81890156941 81.6146583877005 0 1485 0
"1486" 109.397852821098 93.1354757985848 0 1486 0
"1487" 125.926223648177 65.1620607722442 0 1487 0
"1488" 138.239569188334 123.537703803031 0 1488 0
"1489" 108.535519738882 97.4682767496507 0 1489 0
"1490" 130.69982376649 73.4888893611496 0 1490 0
"1491" 109.423551897017 90.6221085773582 0 1491 0
"1492" 108.637026174898 118.174916594161 0 1492 0
"1493" 138.927740266602 120.567969300891 0 1493 0
"1494" 117.949838873422 122.97530695739 0 1494 0
"1495" 126.937189799292 112.5274156247 0 1495 0
"1496" 119.906832453476 63.3818980856748 0 1496 0
"1497" 138.274215768114 122.126901313101 0 1497 0
"1498" 117.027919320779 75.712648181144 0 1498 0
"1499" 114.837443738819 130.546904084275 0 1499 0
"1500" 117.917024377535 107.863102359108 0 1500 0
