"V1" "V2" "V3"
"1" 121.30333062567 84.6539471694395 1
"2" 127.313825355034 62.137909863806 2
"3" 123.288585703566 89.071493684486 2
"4" 120.12201502712 88.2779400773641 2
"5" 119.8121917429 84.6590958128435 2
"6" 118.690631366386 86.6384723379147 2
"7" 119.214485328319 84.9842625551988 2
"8" 118.690238915079 84.8160265898809 2
"9" 124.431069313401 76.1354416591339 2
"10" 121.496827742366 88.768126373974 2
"11" 130.857883090442 70.8754895341705 3
"12" 127.763101432201 69.3390807981279 3
"13" 128.723710476436 67.6874616498982 3
"14" 127.256597378006 71.9538105255268 3
"15" 128.885111973958 62.9958631518823 3
"16" 126.857481853494 71.7311960081422 3
"17" 131.328840395565 66.2611248207724 3
"18" 119.260842438573 83.2269891751614 3
"19" 121.53332256818 84.9132705755549 3
"20" 115.616534324939 79.9831255725029 3
"21" 120.724631908025 82.5189836305606 3
"22" 119.125295072036 83.2564829352948 3
"23" 119.694456067507 88.015732838997 3
"24" 117.85880014944 83.7908312854992 3
"25" 118.502014416447 85.0799153323015 3
"26" 119.523444338484 88.0796113049933 3
"27" 118.692666958249 84.8710192315264 3
"28" 122.118037842019 79.9005282945592 3
"29" 119.372277662258 84.3962617948603 3
"30" 119.494724485405 85.0336915608987 3
"31" 119.273964519782 82.9412428377932 3
"32" 117.609651394599 87.5369699417163 3
"33" 119.494943375052 83.1014375774442 3
"34" 118.049848018508 84.4546162447265 3
"35" 118.685449916443 83.6658676384204 3
"36" 119.175925026978 84.4274579470733 3
"37" 123.205752179291 88.3507141303834 3
"38" 119.054274042515 83.1435463214173 3
"39" 118.398084722904 84.9556637255562 3
"40" 120.082197858341 88.2487586555629 3
"41" 120.564144631815 82.4209042433312 3
"42" 120.195697140445 82.0740129887745 3
"43" 119.394140031248 85.1108506966215 3
"44" 118.663021729447 86.6854974478652 3
"45" 120.830031902935 85.3250318698442 3
"46" 119.014818669637 81.9160951448836 3
"47" 121.328021260789 88.7328985577701 3
"48" 118.668422279402 85.0194249475755 3
"49" 120.269368188016 136.520605706278 3
"50" 128.153781397904 71.4083202017075 3
"51" 126.62220225111 89.3823673965197 3
"52" 118.699903140518 74.7467096663792 3
"53" 126.78226772386 65.6103171689302 4
"54" 127.218146838293 70.1837143233768 4
"55" 128.702211508661 68.6645948355604 4
"56" 127.209829255812 62.1074133390597 4
"57" 128.623647210817 64.2080404154029 4
"58" 126.955138343354 62.3554302594276 4
"59" 128.329170011943 71.6001986543612 4
"60" 127.967790772701 62.4623123472505 4
"61" 129.68401029355 67.9720341170617 4
"62" 124.068867079706 64.1613807732056 4
"63" 127.681127742369 65.2912678163856 4
"64" 128.135668110475 66.3035794564683 4
"65" 127.703114989914 69.8590052463321 4
"66" 129.885282534024 67.3974296539456 4
"67" 127.371228483352 67.0180456245027 4
"68" 124.977395548098 62.7376063694993 4
"69" 127.193881190332 62.0829316493684 4
"70" 127.799077145691 69.4757856478258 4
"71" 127.577477597515 68.7565698699457 4
"72" 124.029869236448 64.2286709482842 4
"73" 128.021986741911 62.7198849903352 4
"74" 127.330228544881 63.8974871411131 4
"75" 125.579185365701 64.6601941436567 4
"76" 127.351558007922 69.0170522721435 4
"77" 121.484077437129 80.8346336059306 4
"78" 117.15631010622 87.192902902145 4
"79" 115.418896608399 82.8940734015613 4
"80" 117.706955787724 84.7975331984537 4
"81" 120.730916761592 81.0110100473969 4
"82" 121.15410328633 79.9766138100345 4
"83" 120.457770316261 85.483068141438 4
"84" 118.780439138774 83.708315143365 4
"85" 120.859238618343 82.1732300822984 4
"86" 118.895028940488 82.7977059797777 4
"87" 120.735528047448 89.0985235319748 4
"88" 120.656040028405 82.9906624434513 4
"89" 119.569160932948 86.7314186172386 4
"90" 118.727425609856 85.097497501101 4
"91" 121.206643622243 88.4239247090303 4
"92" 117.980423577037 82.4406648235547 4
"93" 118.780219384789 83.5269721133597 4
"94" 118.829931679459 82.0334363645272 4
"95" 119.05080463989 86.416046789729 4
"96" 119.034428344961 81.3712508900068 4
"97" 122.090884050347 79.7603681573565 4
"98" 119.482320621376 83.1947298063065 4
"99" 119.052122356042 79.6937821402837 4
"100" 119.45568077317 86.7218257545211 4
"101" 117.834573236909 82.1940347029431 4
"102" 119.559423446185 78.0285543549635 4
"103" 118.955433719805 81.9016124619599 4
"104" 118.236604405515 85.1572705215572 4
"105" 118.902330485033 82.597750677052 4
"106" 118.883261764868 83.8392916192139 4
"107" 121.134040391808 81.2271355128481 4
"108" 119.824811503629 82.4415955842488 4
"109" 120.21215792934 82.2588375150144 4
"110" 119.208187769975 84.3338085365355 4
"111" 119.450688119468 83.447212349783 4
"112" 115.722588047419 78.9889102659414 4
"113" 121.068303198687 80.6782364878969 4
"114" 118.339016300399 82.9648785287652 4
"115" 120.123813570763 82.5309637404581 4
"116" 121.037376665714 136.91648546933 4
"117" 114.589201316386 137.125406729226 4
"118" 120.415849485476 138.992415739272 4
"119" 117.879370585981 138.671694130238 4
"120" 124.13797386971 135.751040301368 4
"121" 119.704631576583 135.236819524225 4
"122" 118.865880496512 136.464809751966 4
"123" 118.950683397678 137.791936907543 4
"124" 109.279598240017 102.804421814266 4
"125" 119.614626499394 84.0488754350335 4
"126" 119.660921781216 84.9384209293151 4
"127" 132.755630389074 90.2098344037914 4
"128" 110.193603051095 100.012216410599 4
"129" 126.98931604291 74.44178410873 4
"130" 125.926223648177 65.1620607722442 4
"131" 123.040294865537 63.8763329734284 5
"132" 131.533891012345 65.4480943927994 5
"133" 128.111374199149 66.2186933643819 5
"134" 127.564103253469 69.080032337002 5
"135" 124.407396957471 65.2325730880811 5
"136" 124.248201271965 64.8620342777217 5
"137" 123.836572018497 63.9028623470155 5
"138" 130.023662989984 67.0837736069096 5
"139" 125.58119930387 62.5962991724788 5
"140" 129.67941002145 66.3779022329465 5
"141" 129.213498352386 69.5514542459925 5
"142" 126.733289523276 71.2374718429915 5
"143" 128.138944106011 62.1314996862999 5
"144" 127.54979633504 69.4456744992342 5
"145" 125.34795600569 72.120631764931 5
"146" 131.331084631275 70.849033343946 5
"147" 130.438642645665 64.5055682596987 5
"148" 127.374469990123 69.2979819690533 5
"149" 126.326108045196 66.7242182492871 5
"150" 130.933270929476 61.862598574619 5
"151" 128.659288089362 64.2693215119205 5
"152" 128.26203482238 65.9598180019807 5
"153" 127.527068385265 70.0536375513307 5
"154" 127.597386606561 69.6350543023694 5
"155" 123.591127324668 63.9271639991722 5
"156" 127.840638233346 67.1794904197229 5
"157" 127.642426883187 68.8459544238002 5
"158" 122.717853859485 67.0007236501997 5
"159" 127.557519823934 67.2800499234572 5
"160" 126.217233413994 70.9164141120416 5
"161" 128.41602499579 68.4553000219095 5
"162" 127.452463118513 66.8346322683373 5
"163" 126.009590392643 65.3761523964085 5
"164" 128.552177912167 68.4478003940906 5
"165" 126.823763138455 66.7364571959553 5
"166" 128.776805128299 68.7545143281704 5
"167" 127.219067865103 63.8584544639318 5
"168" 127.569605016517 64.1978792845174 5
"169" 127.161488458285 67.1203601727401 5
"170" 128.127205558206 68.9156765981942 5
"171" 127.156375879753 68.9394346047401 5
"172" 120.088224417491 77.0507713683972 5
"173" 120.047784395493 85.5038829996652 5
"174" 122.015712117956 89.5593686098295 5
"175" 119.437621380864 84.0114239446116 5
"176" 118.551980672951 85.267216608819 5
"177" 119.09064680056 79.6539428505365 5
"178" 121.028779144029 81.3524478348799 5
"179" 120.168921804224 85.5121473062715 5
"180" 119.295566903321 83.5217591823908 5
"181" 120.349241451585 84.1342531156954 5
"182" 118.821433192759 87.0148405575727 5
"183" 117.082790293078 82.1963742203678 5
"184" 119.030256394895 78.6762357465335 5
"185" 118.442997210176 82.3102621037394 5
"186" 115.530919480419 79.0796384986105 5
"187" 121.802929570449 80.878500517417 5
"188" 117.60498526897 85.6674546255941 5
"189" 119.066786559292 87.3015899331798 5
"190" 120.411892335652 85.931835336639 5
"191" 117.401795186045 86.1420507134093 5
"192" 117.18070361855 75.1527666284038 5
"193" 114.32326193082 86.6896901975094 5
"194" 116.945331547535 80.6454657101181 5
"195" 120.73608947158 81.1553388315918 5
"196" 120.36142432126 84.7428315293743 5
"197" 119.018839235983 82.3224650032735 5
"198" 120.242976730064 85.6192273326347 5
"199" 116.504293778152 85.6124260733535 5
"200" 118.877889272484 80.1348999771741 5
"201" 120.299767291503 88.113473367583 5
"202" 118.176047912925 81.4216048950764 5
"203" 119.944329439767 89.9568670093696 5
"204" 119.782939979095 84.1032851348891 5
"205" 118.332554232188 85.1068714957943 5
"206" 119.492597571678 87.3492306473958 5
"207" 120.384617298734 86.2326689949711 5
"208" 116.601662780627 81.2735618186225 5
"209" 116.653312935286 81.3679975539393 5
"210" 119.118441303862 75.8827351111699 5
"211" 118.223435090572 88.7082526529359 5
"212" 120.616801117382 83.3045378470432 5
"213" 118.183843723324 86.5891567807016 5
"214" 117.723809373716 82.3862332948877 5
"215" 124.165816246236 136.13109264069 5
"216" 128.946736726024 134.628471546346 5
"217" 124.263615290463 136.173324442581 5
"218" 119.997842801416 135.336172851926 5
"219" 114.315018050546 137.140694651073 5
"220" 120.201445222711 134.945462641539 5
"221" 118.508430187651 135.38946434555 5
"222" 126.461454414375 135.805563491987 5
"223" 123.449339951988 135.815874709292 5
"224" 117.648598622096 136.393269639002 5
"225" 120.41484449048 137.605325652143 5
"226" 118.25248814916 135.953052477295 5
"227" 116.947565611694 137.179394215952 5
"228" 120.28439535218 137.266856853695 5
"229" 120.292146798158 137.216374873736 5
"230" 115.31227528305 139.062641874572 5
"231" 117.633576851298 138.390026623987 5
"232" 119.701401644026 135.906276460691 5
"233" 121.510012494154 136.726214963187 5
"234" 120.091050784056 137.16889088502 5
"235" 126.573854479424 136.726958823702 5
"236" 117.95156995474 136.675794487308 5
"237" 120.616661259853 136.66448446278 5
"238" 122.035880705372 136.59867362187 5
"239" 120.662910492048 74.4526433372664 5
"240" 129.816196345118 87.7646889931746 5
"241" 131.075667341389 71.1391240584578 5
"242" 123.387783509097 67.0467091998683 5
"243" 116.197758708035 78.5462019730536 5
"244" 131.780462360267 91.6319738582832 5
"245" 122.022504673025 88.826983141966 5
"246" 129.308849804751 80.0282379224533 5
"247" 124.894259485728 79.6316370835431 5
"248" 111.235616800722 81.0394810638673 5
"249" 127.444193286849 80.9051553533048 5
"250" 129.67887940541 87.7612633714155 5
"251" 128.59007615927 63.2167268825973 6
"252" 126.708490571226 67.2028027689748 6
"253" 125.526151285496 65.1649817944156 6
"254" 125.57104826503 69.9923911642105 6
"255" 126.470207102355 64.8045765381813 6
"256" 127.968330148047 68.0227528807253 6
"257" 126.059025210804 73.3903941359517 6
"258" 128.701025601309 71.632034356332 6
"259" 127.545718497832 64.1704585509442 6
"260" 124.529072846315 68.6718532563945 6
"261" 126.686519342457 70.1659675220062 6
"262" 128.497398125534 62.6085900558572 6
"263" 128.988166093661 69.5069863659191 6
"264" 124.641927569425 68.8827605479321 6
"265" 127.12256476313 68.4351545516278 6
"266" 126.461920539729 69.0975644223961 6
"267" 129.742360632041 67.4008917830438 6
"268" 126.912505640312 67.1309806240479 6
"269" 124.363448238026 69.0972743456411 6
"270" 128.818338204226 66.6541502738721 6
"271" 127.749749502951 70.0965071229861 6
"272" 126.354182656496 66.4119281559717 6
"273" 123.364028223331 66.5711775141894 6
"274" 127.890825792744 64.1768819340752 6
"275" 130.01442280529 68.1052746115484 6
"276" 128.407435194758 64.2814522502776 6
"277" 127.071641826409 69.4400471988479 6
"278" 126.376765887218 66.0793134342423 6
"279" 128.390261214221 73.1068501241781 6
"280" 127.833818070402 62.1001014973706 6
"281" 128.343801916017 68.3560367529937 6
"282" 128.808783613453 68.3557231825651 6
"283" 126.714946291263 71.148658184988 6
"284" 128.948138542315 65.1605525133132 6
"285" 128.121909197606 69.0685901094426 6
"286" 125.951138666961 70.1042817567544 6
"287" 126.985426829182 67.1551867326108 6
"288" 119.431672984741 84.0688603222366 6
"289" 119.509643689772 82.3763642492386 6
"290" 116.457173782253 89.010325380906 6
"291" 118.333467766051 83.2172880558324 6
"292" 119.321096097933 75.8898980479722 6
"293" 120.423077914981 79.3102827523528 6
"294" 118.112205981802 83.1877306407558 6
"295" 117.631743887392 81.3215075498842 6
"296" 120.287432166814 89.946636553905 6
"297" 119.042148238485 92.3751718895836 6
"298" 118.653774938711 79.8866651009567 6
"299" 118.808263056479 80.2298568515542 6
"300" 118.785694496949 79.2515438560821 6
"301" 119.320052973145 87.1377809945228 6
"302" 119.470545352586 90.0920479657345 6
"303" 118.820282944735 78.4252158118188 6
"304" 121.854254361073 89.7324186607542 6
"305" 120.241990792178 89.8283167166664 6
"306" 122.229104200697 93.9763247891177 6
"307" 119.719786297737 80.025912910881 6
"308" 117.274418991872 86.1631674466894 6
"309" 120.308786883022 86.2285332263482 6
"310" 119.357505288776 79.4647017084158 6
"311" 119.619795075332 81.337946335055 6
"312" 120.606109924411 87.6350375703252 6
"313" 119.461214774265 83.5165463482109 6
"314" 116.925418199464 82.4564214211872 6
"315" 119.953764693303 88.5134292166669 6
"316" 119.428534917183 83.8569678364451 6
"317" 118.800807812292 82.4414709193151 6
"318" 120.381452177077 91.3411562415975 6
"319" 120.560065705957 83.9798597719531 6
"320" 120.284358405808 88.9462501100087 6
"321" 120.24189535018 85.0290896056484 6
"322" 116.739911179027 80.6202410287223 6
"323" 118.568743078978 78.7958910193366 6
"324" 118.3201152788 82.4713767245327 6
"325" 119.552979545758 83.8457539240156 6
"326" 120.060342556766 82.8121563102732 6
"327" 120.096965306099 82.656177793474 6
"328" 120.360697958577 84.2528667318804 6
"329" 119.53114284382 84.0484149796071 6
"330" 117.416414204165 86.9683232298761 6
"331" 118.466036949652 83.8245769226317 6
"332" 118.649000020991 94.1030966840815 6
"333" 117.576989733242 78.5696726247588 6
"334" 120.355270252625 80.3905818625815 6
"335" 121.761656123462 81.0666859414632 6
"336" 118.219350466278 78.9524128076237 6
"337" 119.213991764909 83.3864180441816 6
"338" 118.061963682058 136.635276187388 6
"339" 120.932510684788 137.281820360856 6
"340" 118.376882870434 137.241519354394 6
"341" 124.377656476967 138.455554955343 6
"342" 120.9721646692 133.349234342819 6
"343" 119.845837740708 138.282809369889 6
"344" 122.100621117265 135.884101349603 6
"345" 119.684111490944 138.713970339456 6
"346" 119.678154111951 138.675671406798 6
"347" 126.732193454001 136.908946625981 6
"348" 123.785100446818 135.697767977372 6
"349" 122.023560641932 137.403978074246 6
"350" 122.861663238794 135.958794794443 6
"351" 124.151726924145 135.793489424638 6
"352" 120.941529956636 135.154661484866 6
"353" 118.426351764459 135.359108692168 6
"354" 126.268662882668 134.882652650254 6
"355" 121.027017342852 134.360600609883 6
"356" 116.514151045327 134.354076330102 6
"357" 122.230975192945 136.228156259588 6
"358" 124.310720873396 137.067905194568 6
"359" 120.393929221302 136.806579590473 6
"360" 127.972504068341 136.429035411651 6
"361" 120.617789792415 136.179121992014 6
"362" 121.821404802143 138.79693196019 6
"363" 122.400801830358 135.988069302359 6
"364" 117.736248397329 136.271624646137 6
"365" 122.244835034961 137.464127759327 6
"366" 126.411411829657 135.798000286575 6
"367" 124.818207524239 136.843965581461 6
"368" 120.359360748696 137.354813463335 6
"369" 120.172658961366 134.043589300845 6
"370" 119.663922931551 137.580167800775 6
"371" 122.203665248234 136.116982012616 6
"372" 121.944142818497 136.454597538396 6
"373" 121.76061903101 138.61267690458 6
"374" 122.642759342168 135.961227240319 6
"375" 121.841695427609 136.384776662674 6
"376" 122.554628480439 74.0142681405945 6
"377" 129.731315780619 59.2465775065381 6
"378" 123.547901897341 132.729804566989 6
"379" 119.32347630898 133.447770629525 6
"380" 126.419402589481 135.23067198715 6
"381" 132.597886920028 133.98022355485 6
"382" 121.415507961087 71.466066675604 6
"383" 128.548536234312 102.985916879747 6
"384" 118.980340160464 133.67057202545 6
"385" 123.330742113478 117.475681631501 6
"386" 108.415408510123 85.9196225062874 6
"387" 130.168603011623 91.6026757261408 6
"388" 125.025183953079 87.8428945178378 6
"389" 124.586797874133 68.7637973815881 6
"390" 121.689239753411 94.1987185159001 6
"391" 128.607295309844 65.3797696857152 7
"392" 126.026289590294 69.4921041288093 7
"393" 129.17471926378 69.5776626496071 7
"394" 128.888104077239 66.0074387098749 7
"395" 128.311827109256 72.30821577076 7
"396" 128.282385284341 64.0160556454905 7
"397" 130.493188442188 63.9689842483368 7
"398" 125.979258033503 68.0776937474908 7
"399" 129.136924691133 66.5860299520298 7
"400" 127.093971743992 69.5073700087587 7
"401" 127.430911987378 67.7982462537424 7
"402" 128.505619943263 66.1506873572621 7
"403" 127.76442973409 65.493038530272 7
"404" 129.772958284495 59.8987993669515 7
"405" 126.778385906131 67.5090849160462 7
"406" 126.678733254925 66.675531467821 7
"407" 127.71166733776 67.3330789949557 7
"408" 126.648058449811 66.4939522015829 7
"409" 127.622479919077 67.2804855529271 7
"410" 122.353410899929 60.8675018580466 7
"411" 126.199065901622 66.1447382338724 7
"412" 129.987616292785 67.8271003920695 7
"413" 126.401796995738 68.3391574138588 7
"414" 127.995830147148 62.1807280217728 7
"415" 129.720801511986 71.3270470438662 7
"416" 118.432434832652 85.2828949377334 7
"417" 118.252143715414 92.5403935027549 7
"418" 119.050945968282 84.7063130878842 7
"419" 119.780779422136 89.5904865482362 7
"420" 119.029543366416 91.9165904995557 7
"421" 119.46650133742 89.8840584949401 7
"422" 117.529161523218 80.9039444870181 7
"423" 117.463300997223 86.2957768444412 7
"424" 121.522042530877 80.4852841666276 7
"425" 117.6321727236 85.3964046519972 7
"426" 118.458554696326 77.8605069401549 7
"427" 122.508326856259 81.7795197837674 7
"428" 119.601755684714 87.6206232869969 7
"429" 121.883942040951 81.99348490566 7
"430" 118.986617390601 91.6206647176824 7
"431" 117.617563585994 80.3077334354336 7
"432" 120.471419724845 90.4585302953032 7
"433" 120.014232778287 87.4859412863794 7
"434" 120.74107444087 79.3864530278123 7
"435" 119.989333645034 80.0290517561507 7
"436" 121.010409921281 90.3651054168669 7
"437" 116.74511665804 80.2052620345782 7
"438" 120.945415098554 89.3859927726991 7
"439" 121.2312464569 92.2502060617102 7
"440" 117.631555755586 85.2389335588179 7
"441" 117.453854641424 82.2576323712789 7
"442" 121.593398535031 90.4456934055446 7
"443" 119.819000232126 80.3061940527118 7
"444" 120.80390684761 79.9364326158904 7
"445" 117.686804785037 86.5334562472738 7
"446" 119.11226287214 83.8949688722677 7
"447" 119.363678883038 83.7802008043288 7
"448" 118.995595856558 89.9692001876839 7
"449" 118.619736560947 77.4702906958423 7
"450" 118.603042109795 79.9602843894061 7
"451" 121.026738884157 92.4890161847933 7
"452" 119.679460087552 82.8248276524212 7
"453" 117.251607302748 85.5612164026648 7
"454" 121.51492676964 85.4416174972025 7
"455" 120.480072521839 79.7484377338838 7
"456" 118.591486787246 78.979903425126 7
"457" 117.08475519272 82.0582303028182 7
"458" 120.321184526795 86.4290231948566 7
"459" 128.613296260917 138.990631877121 7
"460" 121.517378075497 135.669738649743 7
"461" 125.870101380938 135.623904391345 7
"462" 122.356007094373 137.427764015844 7
"463" 129.612004302626 134.874798728281 7
"464" 125.515018371249 136.265688862076 7
"465" 123.227488861159 137.432817262196 7
"466" 124.068542385083 138.107153814582 7
"467" 125.24028927008 136.868613581842 7
"468" 127.676561407617 132.995893013109 7
"469" 115.778360849575 135.335437448722 7
"470" 125.789789538687 136.901071478372 7
"471" 127.492832117018 137.300839817892 7
"472" 126.745267100798 135.688543249682 7
"473" 125.447747994337 134.339176058622 7
"474" 124.259687851185 135.512710570176 7
"475" 122.821251947633 137.477292699966 7
"476" 115.869894449034 134.656023820546 7
"477" 124.338868984356 137.122136452933 7
"478" 123.463978661122 137.482746732684 7
"479" 119.546352583536 135.688423008965 7
"480" 123.887758788354 139.43524968142 7
"481" 130.672328994728 137.106561597871 7
"482" 124.344921229116 137.049969770324 7
"483" 121.545200960553 131.950897546903 7
"484" 121.941311116071 136.350677294154 7
"485" 118.460827812134 136.298863541591 7
"486" 116.689207350056 136.267816245286 7
"487" 126.580656391177 135.579175540091 7
"488" 126.50193296291 136.827497102246 7
"489" 121.79413416341 136.99315019874 7
"490" 121.593931181329 138.695817699636 7
"491" 117.269238218867 136.58631243342 7
"492" 119.333229728675 135.43797322819 7
"493" 125.632476855478 136.809719351893 7
"494" 124.768561244572 136.541535430106 7
"495" 127.97369832137 136.041093385512 7
"496" 120.003163168757 135.97546926427 7
"497" 117.799105513466 136.952787916579 7
"498" 121.16712303785 135.93210052071 7
"499" 121.237749086873 137.317348306753 7
"500" 122.047204872978 137.531363283243 7
"501" 125.138650879888 136.770028067986 7
"502" 123.173639882271 85.5456392939588 7
"503" 121.692255822009 137.823087997904 7
"504" 129.237201263523 66.6588058702869 7
"505" 126.709699842478 120.058558857551 7
"506" 119.791130272855 139.230774788692 7
"507" 116.298608680057 127.637240694504 7
"508" 113.479400230537 87.8997500189208 7
"509" 115.724717301271 135.117605957467 7
"510" 126.016662666079 67.6239008416592 7
"511" 131.348824077326 103.217170301937 7
"512" 115.478857083156 123.052666809907 7
"513" 120.861370058062 66.8980327471301 7
"514" 132.664537508743 109.971427259452 7
"515" 124.930737530333 120.565729534024 7
"516" 131.059817156289 102.344248740114 7
"517" 128.941928235107 64.9809666413902 8
"518" 129.426509250771 70.0393223834087 8
"519" 123.440854930141 66.5517938487632 8
"520" 125.490999696289 61.8081065061459 8
"521" 126.902509984116 62.8191951746823 8
"522" 127.209513803029 70.497460684613 8
"523" 124.157197839113 69.0660058036316 8
"524" 130.349265769111 67.8720422777943 8
"525" 123.157422651636 67.8852802820512 8
"526" 126.999842177283 64.8944081546695 8
"527" 128.022615457231 73.0401454065317 8
"528" 127.997326412133 65.9050344017303 8
"529" 126.897188386183 66.5287331062634 8
"530" 128.410476583318 56.8748136664931 8
"531" 126.190135834296 69.664013976671 8
"532" 127.720814247354 67.3969094857894 8
"533" 127.875135097875 66.7483112048491 8
"534" 126.345436893419 66.0698810374596 8
"535" 127.354109732207 66.220049790546 8
"536" 128.221955567015 72.4134597581148 8
"537" 126.639204554988 70.4393378214569 8
"538" 129.00086642814 67.9916810247242 8
"539" 128.221102941397 64.4490837643836 8
"540" 130.478015457149 68.2483060451575 8
"541" 127.76906267257 72.9941507281091 8
"542" 122.074684204685 81.9896270587965 8
"543" 119.953641719543 86.2866911367388 8
"544" 120.178070511656 87.7552631004697 8
"545" 119.585832496746 73.5256283347942 8
"546" 118.568924327016 77.4460825585376 8
"547" 119.921315430626 90.8665361604343 8
"548" 119.751446159643 76.0004348512898 8
"549" 116.162550497064 89.1630745783585 8
"550" 121.752303216974 90.4779792502012 8
"551" 116.70741431103 85.9268544525016 8
"552" 119.728657068591 85.1989078740637 8
"553" 121.775399870704 88.2859077703884 8
"554" 118.437902024083 84.0032646521715 8
"555" 119.809678211926 80.4754129320957 8
"556" 119.488335048423 82.3639204525906 8
"557" 118.708911305198 77.5348081407295 8
"558" 121.815544302983 93.9936255157303 8
"559" 126.777599159123 135.560750551141 8
"560" 123.426078571486 138.573302110732 8
"561" 130.324012120304 134.49649991155 8
"562" 126.848467506698 136.343194187709 8
"563" 121.539233213156 137.463967446439 8
"564" 124.95820336189 137.415968714066 8
"565" 126.911164835793 136.807363889815 8
"566" 115.923365484918 135.464329607158 8
"567" 122.523512223061 137.663813389319 8
"568" 118.837916616656 135.887975407682 8
"569" 127.393341463502 139.32277649423 8
"570" 127.070372088786 136.35878583572 8
"571" 127.675441144036 135.318672251432 8
"572" 132.83215145277 138.611915725723 8
"573" 122.263535557266 136.982282388881 8
"574" 122.333428415563 138.748179767193 8
"575" 126.955373162852 136.890097794545 8
"576" 125.282420082107 136.208218788071 8
"577" 127.980918581109 135.819809617916 8
"578" 123.318862683506 137.420741347788 8
"579" 126.737430004736 136.041456529173 8
"580" 129.17333602598 136.171815621026 8
"581" 127.712796739087 136.204158278837 8
"582" 117.380963276539 137.67482158504 8
"583" 118.636878084744 135.806658409758 8
"584" 123.464605368373 138.415717679256 8
"585" 120.855353397516 135.22547333487 8
"586" 126.058932916666 136.807063232329 8
"587" 118.72023475754 137.214476677018 8
"588" 121.590149649481 137.613560801374 8
"589" 126.8571389186 136.001223788013 8
"590" 121.499597827191 138.71649987422 8
"591" 122.446803673154 137.7884483061 8
"592" 123.840858731181 137.348991620187 8
"593" 119.846201689349 136.674770912927 8
"594" 121.537052644757 135.25305379074 8
"595" 127.025621912903 136.506376220505 8
"596" 126.551767063534 135.448172630235 8
"597" 123.251881471644 138.24646821345 8
"598" 122.606240735473 138.90716528366 8
"599" 113.333067564388 138.366701568402 8
"600" 120.77892850145 137.837528129417 8
"601" 127.319760780594 137.139585979009 8
"602" 122.373431982774 138.623630401802 8
"603" 119.379983284977 135.716293413297 8
"604" 123.086953388226 138.131034782202 8
"605" 126.804982001698 133.953552639099 8
"606" 112.595090790521 138.341152731027 8
"607" 126.961719636643 135.917600858841 8
"608" 125.738303792434 138.294587079039 8
"609" 119.86300223753 137.449218022011 8
"610" 126.986325934759 136.933886616906 8
"611" 121.061034883028 135.392839128612 8
"612" 116.920066236381 136.364214039604 8
"613" 128.075583766967 137.055983373066 8
"614" 123.534899912592 138.244039491993 8
"615" 126.96553833695 136.187244480397 8
"616" 120.234977674063 137.794489180549 8
"617" 127.898024954047 135.647945142161 8
"618" 128.078654131006 136.187974967258 8
"619" 126.626525716 136.353512583301 8
"620" 121.03489149483 131.003523632411 8
"621" 114.50160184759 88.5374120237601 8
"622" 128.332084393 139.243146605922 8
"623" 118.575152267691 138.787982568036 8
"624" 115.560503939361 123.69282460897 8
"625" 121.038957858652 111.04301258113 8
"626" 137.204664550064 61.2302428879075 8
"627" 111.681129162827 124.07601181477 8
"628" 132.167629448968 73.1119185926742 8
"629" 116.094065424589 136.484554436854 8
"630" 123.162458356426 85.7464418342122 8
"631" 120.490899650609 134.914387660138 8
"632" 120.158350382432 135.164533489982 8
"633" 126.276762273182 140.543739992458 8
"634" 116.637279349323 82.4968629257136 8
"635" 138.508329942916 63.9342906459443 8
"636" 122.411941704466 138.819456087176 8
"637" 117.027919320779 75.712648181144 8
"638" 128.756529661424 71.2597576153389 9
"639" 126.956290301144 66.0720148581678 9
"640" 123.158394989786 67.9703926148017 9
"641" 127.488534324355 58.8583803534619 9
"642" 128.282108586974 64.7550226653783 9
"643" 127.86115695311 65.2855815029803 9
"644" 127.011276410794 72.5042417584119 9
"645" 124.480142921626 65.9987893957938 9
"646" 125.7620840117 69.1219327477642 9
"647" 126.530953516876 62.855173301643 9
"648" 128.423043253073 72.3907749245476 9
"649" 127.482954500884 59.0042149229117 9
"650" 125.969552281622 69.1163666413381 9
"651" 127.339028572714 58.6774023802108 9
"652" 128.747870976727 71.0573525971836 9
"653" 129.496197464404 65.6744979153019 9
"654" 129.443332003292 68.0329388094381 9
"655" 120.608769011097 88.1150321845356 9
"656" 118.237439881919 87.3661054419146 9
"657" 118.587072311687 89.3952195546231 9
"658" 120.41999234433 87.7718471427507 9
"659" 120.138722895123 87.0472277541646 9
"660" 121.852501708129 82.0915004722961 9
"661" 119.406873718847 80.5851095569259 9
"662" 121.526402342976 85.4877051666077 9
"663" 117.898259999348 83.9457563308306 9
"664" 118.855935865253 88.7185769847865 9
"665" 122.403931577715 90.2059938548793 9
"666" 121.132289301255 84.774541276242 9
"667" 119.682652333174 89.680030090305 9
"668" 118.69801321227 85.873462909873 9
"669" 122.396063767717 85.3291962308736 9
"670" 118.687662349363 91.1014314583138 9
"671" 118.240079909287 81.2589451536438 9
"672" 117.81812046902 82.9746327217199 9
"673" 121.914123242357 90.5162823756956 9
"674" 118.877622152438 90.3132286070192 9
"675" 118.58590012879 90.1647804933145 9
"676" 127.17447600664 136.934511856954 9
"677" 128.279416829696 138.579437828719 9
"678" 118.328199559138 137.092432139834 9
"679" 125.487361839396 135.432399273301 9
"680" 125.770806353372 138.161245892825 9
"681" 126.388790147412 136.492005965723 9
"682" 112.572623776174 138.527555439115 9
"683" 127.229705837416 135.932812426653 9
"684" 119.009957255871 138.688310609072 9
"685" 127.76155248614 137.677692473858 9
"686" 117.482371854553 134.889140991043 9
"687" 131.00473852916 133.35251396171 9
"688" 127.176584779322 139.40926794515 9
"689" 123.600366290308 137.772789550724 9
"690" 114.222119105318 138.020421965342 9
"691" 120.02807517413 136.29067079344 9
"692" 123.052133651871 138.608691752613 9
"693" 122.340491646013 134.021338295797 9
"694" 125.554153701325 137.761250907826 9
"695" 124.846243123421 137.24689616102 9
"696" 119.720177784585 134.77381897664 9
"697" 128.761829255525 137.894015669838 9
"698" 119.40158877825 135.208670027644 9
"699" 117.591909554733 134.925708240476 9
"700" 127.210712604348 134.363816993569 9
"701" 122.864881177399 139.60588939136 9
"702" 121.518875462334 135.483873461108 9
"703" 126.161958209105 137.001315230831 9
"704" 125.452035995582 137.976988036523 9
"705" 130.604114533254 137.102329730145 9
"706" 121.609521209123 137.652626178774 9
"707" 122.557435168754 138.898213578475 9
"708" 125.954669863205 138.362078931635 9
"709" 125.679373595587 137.836235135417 9
"710" 127.68499617339 93.9036691006269 9
"711" 120.829289653033 81.5675012084549 9
"712" 118.402776772347 87.4113107606408 9
"713" 122.06651432902 71.5410180127867 9
"714" 130.284311994636 91.0112894573865 9
"715" 137.601917677331 135.394887563608 9
"716" 118.347073119076 89.4246394448831 9
"717" 116.726758876196 119.644289485017 9
"718" 122.834085705358 137.70994431846 9
"719" 127.276771919202 65.8915045871438 10
"720" 127.745224181125 66.1724935641376 10
"721" 123.897458283179 61.2602412551164 10
"722" 126.72478415167 72.6208590611105 10
"723" 125.78596939841 72.2150571928 10
"724" 126.160640726797 61.8411040917136 10
"725" 130.036521754301 63.0260966002892 10
"726" 128.842011428066 72.7273428004762 10
"727" 127.784391794528 63.3587418903639 10
"728" 129.10759698962 71.6688855641378 10
"729" 128.159745040285 72.3011280746076 10
"730" 124.734707943882 64.4061860630837 10
"731" 128.570607598155 68.1084997225366 10
"732" 130.377585744714 62.9193412623799 10
"733" 127.095347341894 63.3125669703797 10
"734" 126.344382705289 61.6925184997932 10
"735" 126.796024113147 62.9755379130355 10
"736" 126.026511016174 61.600584750929 10
"737" 118.837586397059 72.8807539532779 10
"738" 120.794479993645 88.0934313184338 10
"739" 119.626905341551 73.8433078387141 10
"740" 120.045382908606 80.8296666060612 10
"741" 118.003433807376 90.1181548517075 10
"742" 116.323344476206 75.9803725221098 10
"743" 121.096169078125 87.3421553387176 10
"744" 118.422679915879 89.2903474914574 10
"745" 120.015940504836 80.4546332739057 10
"746" 117.230728999178 83.0161303155496 10
"747" 119.14218719388 90.5849172438238 10
"748" 121.865060395209 82.6541359062433 10
"749" 119.85208218062 85.6787044784103 10
"750" 114.25406193313 137.932179494767 10
"751" 127.33248068061 137.374640125533 10
"752" 121.892437395341 133.822399729661 10
"753" 128.354576438557 136.964296843448 10
"754" 126.058610141392 138.270436463968 10
"755" 110.993561038144 137.458505637901 10
"756" 125.362847626805 137.809550733588 10
"757" 121.659312255564 137.19717231827 10
"758" 121.42810618596 134.367291737507 10
"759" 128.887928104395 136.592353081979 10
"760" 126.220473343741 136.679429470094 10
"761" 127.726579339146 137.741142309324 10
"762" 125.867629026087 133.141780430853 10
"763" 125.10290046208 134.759549815466 10
"764" 125.890700978054 138.484774099322 10
"765" 127.552897335972 135.282868018054 10
"766" 125.265199339542 136.979855912664 10
"767" 123.31668706998 138.780569816881 10
"768" 128.657367448228 136.824562439755 10
"769" 121.993473423607 134.724091785146 10
"770" 126.365628500779 137.65878956397 10
"771" 117.365050717497 137.511330588323 10
"772" 127.331510572338 89.505322679313 10
"773" 120.929259861304 111.482115652296 10
"774" 131.624394962291 57.8989158510256 10
"775" 127.615797886193 68.1872084157404 10
"776" 127.330590104783 139.93539096135 10
"777" 108.259362064694 113.95130384014 10
"778" 126.013592067796 134.363653160007 10
"779" 123.48035108611 80.1439964471505 10
"780" 133.55645378113 125.940015472817 10
"781" 124.924518195699 61.1071664217119 11
"782" 129.671224260061 70.3678127346256 11
"783" 124.178631662568 65.8913582549186 11
"784" 131.19393231714 61.2372579611243 11
"785" 124.370720567113 66.5412254817581 11
"786" 125.866087203027 71.4778268887456 11
"787" 127.392795237198 72.4709802675859 11
"788" 131.345021093598 62.984369033048 11
"789" 125.058548421088 65.7962301129499 11
"790" 127.6019436874 67.6814716457185 11
"791" 126.244689811437 72.6515069036256 11
"792" 128.474360627707 68.8405104161716 11
"793" 125.543866287187 62.9832110321714 11
"794" 127.352063677493 68.2461912658995 11
"795" 127.271905814216 71.0313088972367 11
"796" 125.384947021988 66.8856709267088 11
"797" 124.865692007853 65.6732358298152 11
"798" 129.916140830751 72.2542419601754 11
"799" 129.62648168691 72.9995259145768 11
"800" 117.862953433903 87.4054836017828 11
"801" 120.668818636654 80.7378030510437 11
"802" 118.229086102639 87.6328173471896 11
"803" 121.083405212707 88.1867890434667 11
"804" 121.960460133768 85.8132301273571 11
"805" 118.264535650377 87.7135939295095 11
"806" 120.478683023733 81.1061369390751 11
"807" 119.031535852715 91.0378020904855 11
"808" 115.288747497578 83.3613515782459 11
"809" 120.486264364049 135.960265104401 11
"810" 130.60696100956 138.483679279138 11
"811" 127.19857604599 138.135344189647 11
"812" 125.414583366932 134.763387025413 11
"813" 139.667300299106 135.041544821926 11
"814" 120.043517635064 136.569480885569 11
"815" 125.600119231113 135.658237131663 11
"816" 124.447595847344 134.20507335943 11
"817" 125.465217800409 135.95392549169 11
"818" 120.591269495864 133.931130599956 11
"819" 123.641361547346 138.558029640561 11
"820" 125.531956199648 138.712324776832 11
"821" 117.385253599416 137.371051867403 11
"822" 127.456247563687 135.73199120301 11
"823" 128.31402784654 137.356739997962 11
"824" 125.792553085104 137.397674756547 11
"825" 127.426823203082 135.946825486115 11
"826" 125.896989334811 135.799820478852 11
"827" 121.687076828585 70.4758206422929 11
"828" 115.277696864332 96.8969956214414 11
"829" 133.460247550827 61.8161689838405 11
"830" 121.704955688919 72.7763099001275 11
"831" 120.208197736286 74.9880888123566 11
"832" 122.539038577114 119.031261036203 11
"833" 131.871896649926 135.477188829655 11
"834" 122.702021384097 118.955313203703 11
"835" 112.246160016982 134.555576510784 11
"836" 115.29971409951 108.46271305657 11
"837" 135.222003923556 127.445773354532 11
"838" 130.972589620409 63.2949130656538 12
"839" 123.789350110728 65.5090269091631 12
"840" 125.553396457716 71.9679887072745 12
"841" 127.28887350972 71.1171260790615 12
"842" 124.149682507034 61.9001619775658 12
"843" 126.520435753302 59.9491939239658 12
"844" 125.855090124218 66.9265371192768 12
"845" 133.034937521277 61.618103040476 12
"846" 128.69461992875 72.2264900967813 12
"847" 124.852093003188 66.6698433484857 12
"848" 124.346845989321 66.3893103487312 12
"849" 125.440729805499 66.8591378522949 12
"850" 129.456720668886 70.8416768045599 12
"851" 128.799197184533 65.3390509658611 12
"852" 129.49881564018 74.0591047110229 12
"853" 125.089318306092 63.7836815862701 12
"854" 125.59773050251 72.2643554732236 12
"855" 118.648973422572 89.1491404823778 12
"856" 117.877212009493 86.0372059426755 12
"857" 120.779833865542 88.289315908268 12
"858" 120.508728893356 81.731710339864 12
"859" 120.57231910549 78.9117728301436 12
"860" 119.422459872066 89.2530898742706 12
"861" 121.384481314943 81.5845084962017 12
"862" 118.634015471811 89.0754196316625 12
"863" 124.229701723747 139.088130472067 12
"864" 123.209513695732 136.1126224004 12
"865" 125.175610501667 134.485827167107 12
"866" 123.843893330055 136.408977521027 12
"867" 128.921638240522 137.828050090524 12
"868" 127.377775133569 138.234680743566 12
"869" 124.2164934365 134.088330462021 12
"870" 130.472846162649 137.452248495896 12
"871" 126.580614738744 137.333831690632 12
"872" 128.502305206288 137.259848662113 12
"873" 131.270422882468 135.072517441722 12
"874" 127.306669108802 134.721897958859 12
"875" 125.484692148348 138.923393282271 12
"876" 127.993852918538 137.815425141652 12
"877" 120.77550778974 74.7259444730246 12
"878" 135.509254957808 93.5759529303159 12
"879" 119.281921962749 107.99435516444 12
"880" 129.908944373452 136.492210249672 12
"881" 119.736514692772 69.6653881781427 12
"882" 128.697975397719 98.9577926012399 12
"883" 128.695262577251 69.7572724154473 12
"884" 125.690583954755 67.0170069987987 13
"885" 131.13974385745 64.8931223284878 13
"886" 123.006191530192 64.3177732251431 13
"887" 130.076353991589 71.4178322763212 13
"888" 124.521307782368 61.7603018089198 13
"889" 126.954965609518 61.3067809709799 13
"890" 117.897863588678 86.2848784915336 13
"891" 121.143473916328 86.7157805297671 13
"892" 122.50199588454 76.0512016268991 13
"893" 119.228719609311 86.8313778522193 13
"894" 118.331363559574 86.1877640999212 13
"895" 117.873754709466 89.1498891656515 13
"896" 127.383618882323 138.737881286796 13
"897" 123.674610905188 137.027164899034 13
"898" 129.926486604772 138.418380599891 13
"899" 127.240011216032 137.9627344802 13
"900" 123.327709619572 134.309900781183 13
"901" 130.211961463174 138.14415162544 13
"902" 131.496595441636 134.553056185253 13
"903" 123.893839114116 136.409481717235 13
"904" 132.790102666437 137.361947426541 13
"905" 111.55536120342 133.231346978704 13
"906" 124.642391303596 141.404539398042 13
"907" 115.144621241841 99.7644642346068 13
"908" 139.140451477702 136.750067160343 13
"909" 123.004244387371 65.1103942766137 13
"910" 139.201059309234 133.762121730156 13
"911" 128.983759171489 96.2690922796448 13
"912" 128.543925432919 70.6095547577388 14
"913" 125.457444087725 57.8924198066002 14
"914" 125.867753784323 67.3950457929125 14
"915" 125.380343455258 62.3801991082809 14
"916" 127.243555396875 60.2266690231734 14
"917" 126.72402099315 60.7285254834012 14
"918" 120.02680211395 79.4419876238102 14
"919" 116.550371234361 76.9364006792154 14
"920" 116.160335077284 82.9006220373978 14
"921" 117.339643636676 84.9222733384717 14
"922" 120.052346458014 79.4623562003309 14
"923" 121.701831532812 79.638392241638 14
"924" 120.902954055361 96.4041389787417 14
"925" 124.492205195637 137.733843855758 14
"926" 123.970699341787 141.379425191588 14
"927" 122.748806965172 136.436176044938 14
"928" 123.053672190078 136.906222657965 14
"929" 128.228208628919 135.458355491955 14
"930" 113.038490998857 138.251164238129 14
"931" 117.361104048815 69.030524111241 14
"932" 128.161774768635 79.7501625698321 14
"933" 111.975138347754 116.441136638403 14
"934" 115.716354486218 96.9782926928485 14
"935" 129.646286379498 62.7708441300922 15
"936" 127.414700372528 60.2114799884492 15
"937" 127.301296051488 65.5618782295076 15
"938" 128.969222470296 62.242004602402 15
"939" 117.709671071217 86.1110562703408 15
"940" 117.521996999386 84.9664116505152 15
"941" 120.648910021647 91.3541705074056 15
"942" 122.183165917012 76.8412116543608 15
"943" 122.452244544479 79.5364725251013 15
"944" 124.470610124002 135.361627779433 15
"945" 124.014296813973 134.855274581373 15
"946" 123.821540126228 137.064363594017 15
"947" 128.152082102572 135.507345233109 15
"948" 124.473546400503 135.130504721477 15
"949" 129.900889184787 139.766136112628 15
"950" 120.025084853075 98.2853784389582 15
"951" 127.358787618957 139.08988543516 15
"952" 114.468579189664 99.1654271864414 15
"953" 128.571174742343 59.1072414068575 15
"954" 139.335359237 136.04913902306 15
"955" 126.820816812852 60.3599149945218 16
"956" 129.408059370266 61.5932608044009 16
"957" 127.272109526999 61.4148701088644 16
"958" 129.627384218209 64.5459854285045 16
"959" 117.810539030117 76.166688068801 16
"960" 117.652367165978 90.4458622791162 16
"961" 124.012460572334 136.691696603431 16
"962" 120.723122038183 103.892892188851 16
"963" 139.307507016076 134.322097168573 16
"964" 123.403728175958 104.279721910517 16
"965" 122.35084864055 111.91210612712 16
"966" 109.397852821098 93.1354757985848 16
"967" 129.562227345293 64.3839229448251 17
"968" 128.997683946115 62.638581380687 17
"969" 129.476781310538 68.9553185417146 17
"970" 115.907073742142 86.9004568223211 17
"971" 116.520552960841 80.0121304815502 17
"972" 113.844337075143 83.9601699639441 17
"973" 117.906140242854 91.1760092560928 17
"974" 116.018279379449 82.2937796552394 17
"975" 133.272571344472 133.930805321524 17
"976" 127.820934569221 139.211749154392 17
"977" 132.140462630385 136.665100578123 17
"978" 118.20228268679 114.72908003386 17
"979" 126.518366780719 57.8754998822445 17
"980" 128.443601989679 105.784095147584 17
"981" 131.806200268042 133.023037618474 17
"982" 124.551152757742 114.839355546401 17
"983" 119.968304660466 106.949852380331 17
"984" 138.239569188334 123.537703803031 17
"985" 126.937189799292 112.5274156247 17
"986" 124.510133569768 59.8111439294314 18
"987" 126.982460865291 75.359886747683 18
"988" 129.753725369778 66.7114526423963 18
"989" 129.724113308907 64.7593869302262 18
"990" 130.182355523361 64.9332899931824 18
"991" 118.161423262962 90.6495869980325 18
"992" 117.004021520612 93.7446876198553 18
"993" 132.002169166034 136.372635345334 18
"994" 124.536109485206 115.017434141773 18
"995" 132.23767383434 136.282380322897 18
"996" 130.526342230209 78.8229637654745 18
"997" 124.844855201219 59.3922731077078 18
"998" 129.084164563786 66.240969782237 19
"999" 130.126049182899 66.4987654199087 19
"1000" 126.007923563606 72.0795718564743 19
"1001" 121.974696280371 83.8998199529917 19
"1002" 121.116702432287 86.1065650870449 19
"1003" 118.605101418606 92.3591149509476 19
"1004" 133.817237896027 135.911595682695 19
"1005" 133.926442394273 136.213435748822 19
"1006" 132.153512911111 137.705563183919 19
"1007" 118.501051998455 96.4260624152076 19
"1008" 123.08657427596 124.213971645553 19
"1009" 135.817738792783 77.1844611207372 19
"1010" 124.823048383262 116.307835634113 19
"1011" 134.439425033303 131.175491193592 19
"1012" 132.921802390322 130.234204020886 19
"1013" 125.181453790277 68.2074125831619 20
"1014" 130.632912930274 67.2009883384816 20
"1015" 122.126123054017 83.8635360063863 20
"1016" 116.767213313987 85.3210676799435 20
"1017" 126.393762160896 139.074712829985 20
"1018" 118.936489826024 137.083866252193 20
"1019" 135.362311468955 133.311169182132 20
"1020" 112.519161595 57.2907702451815 20
"1021" 130.394611410404 66.8295489009066 20
"1022" 132.430418536154 139.469682133686 20
"1023" 126.660319921948 63.6858200198893 21
"1024" 125.373638960794 68.4362154357179 21
"1025" 124.193821229584 67.0987782950331 21
"1026" 125.347358822702 64.3037095746226 21
"1027" 122.071419682456 83.3187563075879 21
"1028" 122.060598369949 78.411757662856 21
"1029" 121.160182272151 78.8183751957187 21
"1030" 119.819652666824 93.9894529358012 21
"1031" 119.418289228977 86.2552834622387 21
"1032" 122.109696035312 80.4506824785261 21
"1033" 119.456457050091 85.9615728539954 21
"1034" 117.601612603696 134.205708407339 21
"1035" 134.866004407517 132.732601609657 21
"1036" 135.79622177294 92.3859923088839 21
"1037" 123.226863536705 103.95990395238 21
"1038" 124.969958890863 69.4074080530699 22
"1039" 125.971945357692 64.679908466106 22
"1040" 118.724858115897 136.696305266613 22
"1041" 117.305847517227 133.491179840947 22
"1042" 119.028649134688 136.510082388581 22
"1043" 120.01198049073 83.171000303903 22
"1044" 127.491988155687 65.0512347945914 23
"1045" 126.149266593239 64.7066757956175 23
"1046" 119.820161314548 93.9206877931778 23
"1047" 122.852078764289 91.5296032830555 23
"1048" 120.660473506596 83.631079250529 23
"1049" 117.359105956722 134.712409608528 23
"1050" 119.344341856083 136.920223719971 23
"1051" 124.875669528734 137.810276910821 23
"1052" 110.386804522847 73.8469282306118 23
"1053" 125.155679751815 101.265462860417 23
"1054" 124.920376138603 80.3069602569406 23
"1055" 113.604885430058 100.361281291428 23
"1056" 109.823835898955 138.737555424661 23
"1057" 134.451225746328 98.1738632558437 23
"1058" 123.448395784661 81.5882824967767 23
"1059" 119.050094211654 95.0550653735931 24
"1060" 124.120395636502 90.6100284341263 24
"1061" 120.826146289335 85.136026766205 24
"1062" 119.595554648913 137.117501797519 24
"1063" 126.100343434715 139.382351739803 24
"1064" 135.804886406368 103.859780862572 24
"1065" 139.368303936418 91.8259275424053 24
"1066" 127.526037744067 140.359464536333 24
"1067" 125.986812321559 64.3659590454992 25
"1068" 126.290266963142 65.1874568355167 25
"1069" 122.013094838028 87.1392365090088 25
"1070" 119.516640641053 137.017392569622 25
"1071" 125.967303512641 137.877351125487 25
"1072" 125.857276975578 137.937675365089 25
"1073" 109.744001183769 109.035385613584 25
"1074" 122.822260045316 78.6074825953413 25
"1075" 120.000551432989 105.953499828969 25
"1076" 124.178630584924 63.6603270906791 26
"1077" 120.502488051534 95.9525553044858 26
"1078" 115.472213526828 81.7147773227367 26
"1079" 121.953885937837 107.766513994642 26
"1080" 136.621310970284 93.6323615523497 26
"1081" 138.927740266602 120.567969300891 26
"1082" 124.594201262573 61.0463538722994 27
"1083" 125.456002675807 65.7773060853253 27
"1084" 115.799025827352 82.9436891804688 27
"1085" 126.711932462581 139.409020756219 27
"1086" 128.451774978934 125.941868482996 27
"1087" 122.579318230253 101.044754586114 27
"1088" 111.269278854018 139.282366002054 27
"1089" 120.473728585429 57.5806260194925 27
"1090" 125.268169696194 59.7708924893831 28
"1091" 110.920744848985 135.845390546773 28
"1092" 122.602394810857 107.835435329526 28
"1093" 123.245270920053 109.000234742625 28
"1094" 111.477840709166 141.458643873341 28
"1095" 111.958397889465 142.092518607087 28
"1096" 114.837443738819 130.546904084275 28
"1097" 127.512548720894 60.5418486422761 29
"1098" 111.161309648255 135.68393457642 29
"1099" 123.639189010653 123.730952710627 29
"1100" 118.69795943254 61.1939323437322 29
"1101" 116.374788587192 67.9647358624745 29
"1102" 129.156770900528 99.5825422844419 29
"1103" 138.849913539419 67.072792357361 30
"1104" 110.924086182218 135.369648674435 31
"1105" 121.164864526424 123.606517725396 32
"1106" 111.966275634271 139.946275237555 32
"1107" 121.573005232183 124.968740153452 32
"1108" 113.14020725106 130.714059727774 33
"1109" 132.850342886315 131.058672748664 33
"1110" 108.310345395906 105.952639474393 34
"1111" 128.637566493777 93.0989443813259 34
"1112" 127.984293219492 93.1254730252253 35
"1113" 118.390627388364 73.9975974236278 37
"1114" 133.910306121761 114.884105841693 37
"1115" 137.678080994884 111.058979007325 37
"1116" 139.326622806277 113.731680155733 37
"1117" 121.450885385724 78.1218256618878 38
"1118" 121.501837020916 137.953206890071 38
"1119" 127.787264315174 89.9053979421507 38
"1120" 130.586901094589 66.1356496875886 39
"1121" 138.353542448531 57.2338107137117 39
"1122" 125.180909646931 124.736419688661 39
"1123" 115.076980031758 68.034939383315 39
"1124" 132.5498842157 106.334973209251 39
"1125" 123.197466403848 68.6447495589277 40
"1126" 126.904239739857 69.8322361964491 40
"1127" 130.083122237365 105.950586341503 40
"1128" 127.519752363322 108.638013310473 40
"1129" 130.830318379526 65.104803271395 41
"1130" 125.322974910196 70.7261871400045 41
"1131" 134.327563359401 60.236678943779 41
"1132" 129.090488916993 64.2838488366888 42
"1133" 137.272663257907 63.6095436091108 42
"1134" 130.41730903218 110.03932717072 42
"1135" 126.104541699968 63.5620229924169 43
"1136" 128.067578578267 61.5513720745401 44
"1137" 127.558266328242 60.7426922914327 45
"1138" 131.399696123468 101.447611035391 46
"1139" 119.088617275937 103.644412655632 47
"1140" 127.289097186437 94.7751163316319 47
"1141" 133.4286121092 77.5698115378626 48
