"V1" "V2" "V3"
"1" 127.313825355034 62.137909863806 1
"2" 123.288585703566 89.071493684486 1
"3" 120.12201502712 88.2779400773641 1
"4" 121.53332256818 84.9132705755549 1
"5" 119.8121917429 84.6590958128435 1
"6" 119.273964519782 82.9412428377932 1
"7" 118.690631366386 86.6384723379147 1
"8" 120.564144631815 82.4209042433312 1
"9" 119.214485328319 84.9842625551988 1
"10" 118.690238915079 84.8160265898809 1
"11" 128.153781397904 71.4083202017075 1
"12" 124.431069313401 76.1354416591339 1
"13" 121.496827742366 88.768126373974 1
"14" 130.857883090442 70.8754895341705 2
"15" 127.209829255812 62.1074133390597 2
"16" 127.763101432201 69.3390807981279 2
"17" 128.329170011943 71.6001986543612 2
"18" 128.723710476436 67.6874616498982 2
"19" 127.256597378006 71.9538105255268 2
"20" 128.885111973958 62.9958631518823 2
"21" 129.885282534024 67.3974296539456 2
"22" 124.029869236448 64.2286709482842 2
"23" 126.857481853494 71.7311960081422 2
"24" 128.021986741911 62.7198849903352 2
"25" 131.328840395565 66.2611248207724 2
"26" 121.484077437129 80.8346336059306 2
"27" 119.260842438573 83.2269891751614 2
"28" 117.15631010622 87.192902902145 2
"29" 115.616534324939 79.9831255725029 2
"30" 120.724631908025 82.5189836305606 2
"31" 119.125295072036 83.2564829352948 2
"32" 119.694456067507 88.015732838997 2
"33" 117.85880014944 83.7908312854992 2
"34" 118.502014416447 85.0799153323015 2
"35" 119.523444338484 88.0796113049933 2
"36" 118.692666958249 84.8710192315264 2
"37" 118.442997210176 82.3102621037394 2
"38" 122.118037842019 79.9005282945592 2
"39" 119.372277662258 84.3962617948603 2
"40" 119.494724485405 85.0336915608987 2
"41" 118.727425609856 85.097497501101 2
"42" 117.609651394599 87.5369699417163 2
"43" 119.494943375052 83.1014375774442 2
"44" 118.049848018508 84.4546162447265 2
"45" 118.685449916443 83.6658676384204 2
"46" 119.175925026978 84.4274579470733 2
"47" 123.205752179291 88.3507141303834 2
"48" 119.482320621376 83.1947298063065 2
"49" 119.054274042515 83.1435463214173 2
"50" 119.45568077317 86.7218257545211 2
"51" 118.398084722904 84.9556637255562 2
"52" 120.242976730064 85.6192273326347 2
"53" 120.082197858341 88.2487586555629 2
"54" 120.195697140445 82.0740129887745 2
"55" 119.394140031248 85.1108506966215 2
"56" 118.663021729447 86.6854974478652 2
"57" 120.830031902935 85.3250318698442 2
"58" 119.014818669637 81.9160951448836 2
"59" 121.328021260789 88.7328985577701 2
"60" 118.668422279402 85.0194249475755 2
"61" 121.068303198687 80.6782364878969 2
"62" 118.339016300399 82.9648785287652 2
"63" 120.269368188016 136.520605706278 2
"64" 118.950683397678 137.791936907543 2
"65" 120.662910492048 74.4526433372664 2
"66" 109.279598240017 102.804421814266 2
"67" 126.62220225111 89.3823673965197 2
"68" 118.699903140518 74.7467096663792 2
"69" 125.926223648177 65.1620607722442 2
"70" 126.78226772386 65.6103171689302 3
"71" 127.218146838293 70.1837143233768 3
"72" 128.702211508661 68.6645948355604 3
"73" 124.407396957471 65.2325730880811 3
"74" 128.623647210817 64.2080404154029 3
"75" 126.955138343354 62.3554302594276 3
"76" 127.967790772701 62.4623123472505 3
"77" 129.68401029355 67.9720341170617 3
"78" 126.733289523276 71.2374718429915 3
"79" 124.068867079706 64.1613807732056 3
"80" 127.54979633504 69.4456744992342 3
"81" 127.681127742369 65.2912678163856 3
"82" 131.331084631275 70.849033343946 3
"83" 128.135668110475 66.3035794564683 3
"84" 127.374469990123 69.2979819690533 3
"85" 127.703114989914 69.8590052463321 3
"86" 123.591127324668 63.9271639991722 3
"87" 127.371228483352 67.0180456245027 3
"88" 126.217233413994 70.9164141120416 3
"89" 124.977395548098 62.7376063694993 3
"90" 127.193881190332 62.0829316493684 3
"91" 127.799077145691 69.4757856478258 3
"92" 127.577477597515 68.7565698699457 3
"93" 128.127205558206 68.9156765981942 3
"94" 127.330228544881 63.8974871411131 3
"95" 125.579185365701 64.6601941436567 3
"96" 127.351558007922 69.0170522721435 3
"97" 122.015712117956 89.5593686098295 3
"98" 118.333467766051 83.2172880558324 3
"99" 115.418896608399 82.8940734015613 3
"100" 117.706955787724 84.7975331984537 3
"101" 120.730916761592 81.0110100473969 3
"102" 121.15410328633 79.9766138100345 3
"103" 120.168921804224 85.5121473062715 3
"104" 120.457770316261 85.483068141438 3
"105" 118.780439138774 83.708315143365 3
"106" 120.859238618343 82.1732300822984 3
"107" 118.895028940488 82.7977059797777 3
"108" 120.735528047448 89.0985235319748 3
"109" 120.656040028405 82.9906624434513 3
"110" 119.569160932948 86.7314186172386 3
"111" 117.60498526897 85.6674546255941 3
"112" 119.066786559292 87.3015899331798 3
"113" 121.206643622243 88.4239247090303 3
"114" 117.980423577037 82.4406648235547 3
"115" 118.780219384789 83.5269721133597 3
"116" 118.829931679459 82.0334363645272 3
"117" 117.18070361855 75.1527666284038 3
"118" 119.05080463989 86.416046789729 3
"119" 119.034428344961 81.3712508900068 3
"120" 122.090884050347 79.7603681573565 3
"121" 119.052122356042 79.6937821402837 3
"122" 120.36142432126 84.7428315293743 3
"123" 117.834573236909 82.1940347029431 3
"124" 119.559423446185 78.0285543549635 3
"125" 118.955433719805 81.9016124619599 3
"126" 118.236604405515 85.1572705215572 3
"127" 118.902330485033 82.597750677052 3
"128" 118.883261764868 83.8392916192139 3
"129" 121.134040391808 81.2271355128481 3
"130" 119.824811503629 82.4415955842488 3
"131" 120.21215792934 82.2588375150144 3
"132" 119.208187769975 84.3338085365355 3
"133" 118.176047912925 81.4216048950764 3
"134" 119.53114284382 84.0484149796071 3
"135" 119.450688119468 83.447212349783 3
"136" 118.332554232188 85.1068714957943 3
"137" 115.722588047419 78.9889102659414 3
"138" 116.653312935286 81.3679975539393 3
"139" 119.118441303862 75.8827351111699 3
"140" 120.123813570763 82.5309637404581 3
"141" 119.213991764909 83.3864180441816 3
"142" 121.037376665714 136.91648546933 3
"143" 114.589201316386 137.125406729226 3
"144" 120.415849485476 138.992415739272 3
"145" 117.879370585981 138.671694130238 3
"146" 118.25248814916 135.953052477295 3
"147" 116.947565611694 137.179394215952 3
"148" 120.28439535218 137.266856853695 3
"149" 120.292146798158 137.216374873736 3
"150" 115.31227528305 139.062641874572 3
"151" 124.13797386971 135.751040301368 3
"152" 119.704631576583 135.236819524225 3
"153" 118.865880496512 136.464809751966 3
"154" 120.616661259853 136.66448446278 3
"155" 119.614626499394 84.0488754350335 3
"156" 119.660921781216 84.9384209293151 3
"157" 132.755630389074 90.2098344037914 3
"158" 110.193603051095 100.012216410599 3
"159" 122.022504673025 88.826983141966 3
"160" 126.98931604291 74.44178410873 3
"161" 129.67887940541 87.7612633714155 3
"162" 123.040294865537 63.8763329734284 4
"163" 131.533891012345 65.4480943927994 4
"164" 125.57104826503 69.9923911642105 4
"165" 128.111374199149 66.2186933643819 4
"166" 127.564103253469 69.080032337002 4
"167" 128.282385284341 64.0160556454905 4
"168" 125.979258033503 68.0776937474908 4
"169" 124.248201271965 64.8620342777217 4
"170" 123.836572018497 63.9028623470155 4
"171" 128.701025601309 71.632034356332 4
"172" 130.023662989984 67.0837736069096 4
"173" 124.529072846315 68.6718532563945 4
"174" 125.58119930387 62.5962991724788 4
"175" 129.67941002145 66.3779022329465 4
"176" 128.497398125534 62.6085900558572 4
"177" 129.213498352386 69.5514542459925 4
"178" 128.138944106011 62.1314996862999 4
"179" 125.34795600569 72.120631764931 4
"180" 127.430911987378 67.7982462537424 4
"181" 130.438642645665 64.5055682596987 4
"182" 126.461920539729 69.0975644223961 4
"183" 129.742360632041 67.4008917830438 4
"184" 128.505619943263 66.1506873572621 4
"185" 126.326108045196 66.7242182492871 4
"186" 130.933270929476 61.862598574619 4
"187" 128.659288089362 64.2693215119205 4
"188" 128.26203482238 65.9598180019807 4
"189" 127.527068385265 70.0536375513307 4
"190" 127.749749502951 70.0965071229861 4
"191" 127.597386606561 69.6350543023694 4
"192" 127.840638233346 67.1794904197229 4
"193" 127.642426883187 68.8459544238002 4
"194" 122.717853859485 67.0007236501997 4
"195" 127.557519823934 67.2800499234572 4
"196" 128.41602499579 68.4553000219095 4
"197" 127.452463118513 66.8346322683373 4
"198" 126.009590392643 65.3761523964085 4
"199" 128.552177912167 68.4478003940906 4
"200" 126.823763138455 66.7364571959553 4
"201" 128.776805128299 68.7545143281704 4
"202" 127.219067865103 63.8584544639318 4
"203" 127.569605016517 64.1978792845174 4
"204" 126.714946291263 71.148658184988 4
"205" 127.161488458285 67.1203601727401 4
"206" 129.987616292785 67.8271003920695 4
"207" 127.156375879753 68.9394346047401 4
"208" 119.431672984741 84.0688603222366 4
"209" 120.088224417491 77.0507713683972 4
"210" 120.047784395493 85.5038829996652 4
"211" 119.437621380864 84.0114239446116 4
"212" 116.457173782253 89.010325380906 4
"213" 118.551980672951 85.267216608819 4
"214" 119.321096097933 75.8898980479722 4
"215" 119.09064680056 79.6539428505365 4
"216" 120.423077914981 79.3102827523528 4
"217" 118.112205981802 83.1877306407558 4
"218" 121.028779144029 81.3524478348799 4
"219" 117.529161523218 80.9039444870181 4
"220" 120.287432166814 89.946636553905 4
"221" 119.042148238485 92.3751718895836 4
"222" 119.295566903321 83.5217591823908 4
"223" 120.349241451585 84.1342531156954 4
"224" 118.821433192759 87.0148405575727 4
"225" 117.082790293078 82.1963742203678 4
"226" 119.030256394895 78.6762357465335 4
"227" 115.530919480419 79.0796384986105 4
"228" 121.802929570449 80.878500517417 4
"229" 122.229104200697 93.9763247891177 4
"230" 120.411892335652 85.931835336639 4
"231" 119.461214774265 83.5165463482109 4
"232" 117.401795186045 86.1420507134093 4
"233" 119.428534917183 83.8569678364451 4
"234" 114.32326193082 86.6896901975094 4
"235" 116.945331547535 80.6454657101181 4
"236" 120.73608947158 81.1553388315918 4
"237" 118.800807812292 82.4414709193151 4
"238" 119.018839235983 82.3224650032735 4
"239" 120.560065705957 83.9798597719531 4
"240" 120.284358405808 88.9462501100087 4
"241" 116.504293778152 85.6124260733535 4
"242" 118.877889272484 80.1348999771741 4
"243" 118.3201152788 82.4713767245327 4
"244" 119.552979545758 83.8457539240156 4
"245" 120.096965306099 82.656177793474 4
"246" 120.299767291503 88.113473367583 4
"247" 117.416414204165 86.9683232298761 4
"248" 119.944329439767 89.9568670093696 4
"249" 118.466036949652 83.8245769226317 4
"250" 118.603042109795 79.9602843894061 4
"251" 119.782939979095 84.1032851348891 4
"252" 119.492597571678 87.3492306473958 4
"253" 120.384617298734 86.2326689949711 4
"254" 116.601662780627 81.2735618186225 4
"255" 118.591486787246 78.979903425126 4
"256" 117.576989733242 78.5696726247588 4
"257" 121.761656123462 81.0666859414632 4
"258" 118.223435090572 88.7082526529359 4
"259" 120.616801117382 83.3045378470432 4
"260" 118.183843723324 86.5891567807016 4
"261" 117.723809373716 82.3862332948877 4
"262" 124.165816246236 136.13109264069 4
"263" 128.946736726024 134.628471546346 4
"264" 119.684111490944 138.713970339456 4
"265" 124.263615290463 136.173324442581 4
"266" 119.997842801416 135.336172851926 4
"267" 123.785100446818 135.697767977372 4
"268" 114.315018050546 137.140694651073 4
"269" 120.201445222711 134.945462641539 4
"270" 124.151726924145 135.793489424638 4
"271" 118.508430187651 135.38946434555 4
"272" 126.461454414375 135.805563491987 4
"273" 121.027017342852 134.360600609883 4
"274" 123.449339951988 135.815874709292 4
"275" 117.648598622096 136.393269639002 4
"276" 120.41484449048 137.605325652143 4
"277" 120.393929221302 136.806579590473 4
"278" 120.617789792415 136.179121992014 4
"279" 115.869894449034 134.656023820546 4
"280" 122.400801830358 135.988069302359 4
"281" 118.460827812134 136.298863541591 4
"282" 120.359360748696 137.354813463335 4
"283" 117.633576851298 138.390026623987 4
"284" 119.701401644026 135.906276460691 4
"285" 121.510012494154 136.726214963187 4
"286" 120.091050784056 137.16889088502 4
"287" 126.573854479424 136.726958823702 4
"288" 121.76061903101 138.61267690458 4
"289" 117.95156995474 136.675794487308 4
"290" 122.035880705372 136.59867362187 4
"291" 129.816196345118 87.7646889931746 4
"292" 123.547901897341 132.729804566989 4
"293" 131.075667341389 71.1391240584578 4
"294" 123.387783509097 67.0467091998683 4
"295" 116.197758708035 78.5462019730536 4
"296" 131.780462360267 91.6319738582832 4
"297" 128.548536234312 102.985916879747 4
"298" 118.980340160464 133.67057202545 4
"299" 123.330742113478 117.475681631501 4
"300" 108.415408510123 85.9196225062874 4
"301" 129.308849804751 80.0282379224533 4
"302" 124.894259485728 79.6316370835431 4
"303" 111.235616800722 81.0394810638673 4
"304" 127.444193286849 80.9051553533048 4
"305" 128.59007615927 63.2167268825973 5
"306" 128.607295309844 65.3797696857152 5
"307" 129.17471926378 69.5776626496071 5
"308" 126.708490571226 67.2028027689748 5
"309" 125.526151285496 65.1649817944156 5
"310" 130.493188442188 63.9689842483368 5
"311" 126.470207102355 64.8045765381813 5
"312" 127.968330148047 68.0227528807253 5
"313" 126.059025210804 73.3903941359517 5
"314" 127.545718497832 64.1704585509442 5
"315" 126.686519342457 70.1659675220062 5
"316" 128.988166093661 69.5069863659191 5
"317" 124.641927569425 68.8827605479321 5
"318" 127.12256476313 68.4351545516278 5
"319" 129.772958284495 59.8987993669515 5
"320" 126.912505640312 67.1309806240479 5
"321" 127.720814247354 67.3969094857894 5
"322" 124.363448238026 69.0972743456411 5
"323" 128.818338204226 66.6541502738721 5
"324" 126.354182656496 66.4119281559717 5
"325" 126.678733254925 66.675531467821 5
"326" 123.364028223331 66.5711775141894 5
"327" 127.890825792744 64.1768819340752 5
"328" 130.01442280529 68.1052746115484 5
"329" 128.407435194758 64.2814522502776 5
"330" 127.071641826409 69.4400471988479 5
"331" 126.376765887218 66.0793134342423 5
"332" 127.71166733776 67.3330789949557 5
"333" 128.390261214221 73.1068501241781 5
"334" 127.833818070402 62.1001014973706 5
"335" 128.343801916017 68.3560367529937 5
"336" 128.808783613453 68.3557231825651 5
"337" 127.622479919077 67.2804855529271 5
"338" 122.353410899929 60.8675018580466 5
"339" 128.948138542315 65.1605525133132 5
"340" 128.121909197606 69.0685901094426 5
"341" 126.401796995738 68.3391574138588 5
"342" 125.951138666961 70.1042817567544 5
"343" 127.995830147148 62.1807280217728 5
"344" 126.985426829182 67.1551867326108 5
"345" 129.720801511986 71.3270470438662 5
"346" 118.432434832652 85.2828949377334 5
"347" 119.509643689772 82.3763642492386 5
"348" 117.631743887392 81.3215075498842 5
"349" 118.653774938711 79.8866651009567 5
"350" 117.463300997223 86.2957768444412 5
"351" 118.808263056479 80.2298568515542 5
"352" 118.785694496949 79.2515438560821 5
"353" 117.6321727236 85.3964046519972 5
"354" 118.458554696326 77.8605069401549 5
"355" 119.320052973145 87.1377809945228 5
"356" 119.470545352586 90.0920479657345 5
"357" 118.820282944735 78.4252158118188 5
"358" 121.854254361073 89.7324186607542 5
"359" 120.241990792178 89.8283167166664 5
"360" 119.719786297737 80.025912910881 5
"361" 117.274418991872 86.1631674466894 5
"362" 120.308786883022 86.2285332263482 5
"363" 117.617563585994 80.3077334354336 5
"364" 120.014232778287 87.4859412863794 5
"365" 119.357505288776 79.4647017084158 5
"366" 119.619795075332 81.337946335055 5
"367" 120.74107444087 79.3864530278123 5
"368" 120.606109924411 87.6350375703252 5
"369" 116.925418199464 82.4564214211872 5
"370" 119.953764693303 88.5134292166669 5
"371" 121.010409921281 90.3651054168669 5
"372" 116.74511665804 80.2052620345782 5
"373" 120.945415098554 89.3859927726991 5
"374" 120.381452177077 91.3411562415975 5
"375" 120.24189535018 85.0290896056484 5
"376" 116.739911179027 80.6202410287223 5
"377" 118.568743078978 78.7958910193366 5
"378" 118.437902024083 84.0032646521715 5
"379" 117.686804785037 86.5334562472738 5
"380" 119.11226287214 83.8949688722677 5
"381" 120.060342556766 82.8121563102732 5
"382" 119.363678883038 83.7802008043288 5
"383" 120.360697958577 84.2528667318804 5
"384" 121.026738884157 92.4890161847933 5
"385" 118.649000020991 94.1030966840815 5
"386" 120.355270252625 80.3905818625815 5
"387" 117.08475519272 82.0582303028182 5
"388" 120.321184526795 86.4290231948566 5
"389" 118.219350466278 78.9524128076237 5
"390" 118.061963682058 136.635276187388 5
"391" 128.613296260917 138.990631877121 5
"392" 130.324012120304 134.49649991155 5
"393" 121.517378075497 135.669738649743 5
"394" 120.932510684788 137.281820360856 5
"395" 118.376882870434 137.241519354394 5
"396" 124.377656476967 138.455554955343 5
"397" 120.9721646692 133.349234342819 5
"398" 119.845837740708 138.282809369889 5
"399" 122.100621117265 135.884101349603 5
"400" 124.068542385083 138.107153814582 5
"401" 119.678154111951 138.675671406798 5
"402" 126.732193454001 136.908946625981 5
"403" 125.282420082107 136.208218788071 5
"404" 115.778360849575 135.335437448722 5
"405" 122.023560641932 137.403978074246 5
"406" 122.861663238794 135.958794794443 5
"407" 127.492832117018 137.300839817892 5
"408" 120.941529956636 135.154661484866 5
"409" 118.426351764459 135.359108692168 5
"410" 126.268662882668 134.882652650254 5
"411" 116.514151045327 134.354076330102 5
"412" 122.230975192945 136.228156259588 5
"413" 124.310720873396 137.067905194568 5
"414" 127.972504068341 136.429035411651 5
"415" 121.821404802143 138.79693196019 5
"416" 127.025621912903 136.506376220505 5
"417" 117.736248397329 136.271624646137 5
"418" 113.333067564388 138.366701568402 5
"419" 123.887758788354 139.43524968142 5
"420" 122.244835034961 137.464127759327 5
"421" 126.411411829657 135.798000286575 5
"422" 121.545200960553 131.950897546903 5
"423" 126.580656391177 135.579175540091 5
"424" 126.50193296291 136.827497102246 5
"425" 124.818207524239 136.843965581461 5
"426" 120.172658961366 134.043589300845 5
"427" 117.269238218867 136.58631243342 5
"428" 119.333229728675 135.43797322819 5
"429" 125.632476855478 136.809719351893 5
"430" 119.663922931551 137.580167800775 5
"431" 122.203665248234 136.116982012616 5
"432" 120.003163168757 135.97546926427 5
"433" 117.799105513466 136.952787916579 5
"434" 121.944142818497 136.454597538396 5
"435" 121.237749086873 137.317348306753 5
"436" 122.642759342168 135.961227240319 5
"437" 123.173639882271 85.5456392939588 5
"438" 121.841695427609 136.384776662674 5
"439" 122.554628480439 74.0142681405945 5
"440" 129.731315780619 59.2465775065381 5
"441" 119.32347630898 133.447770629525 5
"442" 126.419402589481 135.23067198715 5
"443" 132.597886920028 133.98022355485 5
"444" 121.415507961087 71.466066675604 5
"445" 115.724717301271 135.117605957467 5
"446" 131.348824077326 103.217170301937 5
"447" 130.168603011623 91.6026757261408 5
"448" 125.025183953079 87.8428945178378 5
"449" 124.586797874133 68.7637973815881 5
"450" 120.861370058062 66.8980327471301 5
"451" 121.689239753411 94.1987185159001 5
"452" 132.664537508743 109.971427259452 5
"453" 128.941928235107 64.9809666413902 6
"454" 126.026289590294 69.4921041288093 6
"455" 123.440854930141 66.5517938487632 6
"456" 128.888104077239 66.0074387098749 6
"457" 128.311827109256 72.30821577076 6
"458" 124.157197839113 69.0660058036316 6
"459" 130.349265769111 67.8720422777943 6
"460" 126.999842177283 64.8944081546695 6
"461" 128.022615457231 73.0401454065317 6
"462" 127.997326412133 65.9050344017303 6
"463" 129.136924691133 66.5860299520298 6
"464" 127.093971743992 69.5073700087587 6
"465" 127.76442973409 65.493038530272 6
"466" 126.778385906131 67.5090849160462 6
"467" 126.345436893419 66.0698810374596 6
"468" 128.221955567015 72.4134597581148 6
"469" 126.639204554988 70.4393378214569 6
"470" 129.00086642814 67.9916810247242 6
"471" 126.648058449811 66.4939522015829 6
"472" 128.221102941397 64.4490837643836 6
"473" 126.199065901622 66.1447382338724 6
"474" 118.252143715414 92.5403935027549 6
"475" 119.050945968282 84.7063130878842 6
"476" 119.780779422136 89.5904865482362 6
"477" 119.029543366416 91.9165904995557 6
"478" 119.46650133742 89.8840584949401 6
"479" 121.522042530877 80.4852841666276 6
"480" 122.508326856259 81.7795197837674 6
"481" 119.601755684714 87.6206232869969 6
"482" 121.883942040951 81.99348490566 6
"483" 118.986617390601 91.6206647176824 6
"484" 120.471419724845 90.4585302953032 6
"485" 119.751446159643 76.0004348512898 6
"486" 119.989333645034 80.0290517561507 6
"487" 121.752303216974 90.4779792502012 6
"488" 116.70741431103 85.9268544525016 6
"489" 119.728657068591 85.1989078740637 6
"490" 121.2312464569 92.2502060617102 6
"491" 117.631555755586 85.2389335588179 6
"492" 117.453854641424 82.2576323712789 6
"493" 121.593398535031 90.4456934055446 6
"494" 119.819000232126 80.3061940527118 6
"495" 120.80390684761 79.9364326158904 6
"496" 119.488335048423 82.3639204525906 6
"497" 121.132289301255 84.774541276242 6
"498" 118.995595856558 89.9692001876839 6
"499" 118.619736560947 77.4702906958423 6
"500" 119.679460087552 82.8248276524212 6
"501" 117.251607302748 85.5612164026648 6
"502" 121.51492676964 85.4416174972025 6
"503" 120.480072521839 79.7484377338838 6
"504" 121.815544302983 93.9936255157303 6
"505" 126.777599159123 135.560750551141 6
"506" 124.95820336189 137.415968714066 6
"507" 125.870101380938 135.623904391345 6
"508" 115.923365484918 135.464329607158 6
"509" 118.328199559138 137.092432139834 6
"510" 122.356007094373 137.427764015844 6
"511" 118.837916616656 135.887975407682 6
"512" 126.388790147412 136.492005965723 6
"513" 129.612004302626 134.874798728281 6
"514" 127.070372088786 136.35878583572 6
"515" 127.675441144036 135.318672251432 6
"516" 125.515018371249 136.265688862076 6
"517" 123.227488861159 137.432817262196 6
"518" 125.24028927008 136.868613581842 6
"519" 127.229705837416 135.932812426653 6
"520" 127.676561407617 132.995893013109 6
"521" 126.955373162852 136.890097794545 6
"522" 129.17333602598 136.171815621026 6
"523" 127.712796739087 136.204158278837 6
"524" 125.789789538687 136.901071478372 6
"525" 120.855353397516 135.22547333487 6
"526" 121.590149649481 137.613560801374 6
"527" 126.745267100798 135.688543249682 6
"528" 126.8571389186 136.001223788013 6
"529" 125.447747994337 134.339176058622 6
"530" 124.259687851185 135.512710570176 6
"531" 122.446803673154 137.7884483061 6
"532" 123.840858731181 137.348991620187 6
"533" 122.821251947633 137.477292699966 6
"534" 123.052133651871 138.608691752613 6
"535" 121.537052644757 135.25305379074 6
"536" 126.551767063534 135.448172630235 6
"537" 123.251881471644 138.24646821345 6
"538" 124.338868984356 137.122136452933 6
"539" 123.463978661122 137.482746732684 6
"540" 119.546352583536 135.688423008965 6
"541" 130.672328994728 137.106561597871 6
"542" 124.344921229116 137.049969770324 6
"543" 127.319760780594 137.139585979009 6
"544" 121.941311116071 136.350677294154 6
"545" 116.689207350056 136.267816245286 6
"546" 123.086953388226 138.131034782202 6
"547" 121.79413416341 136.99315019874 6
"548" 126.804982001698 133.953552639099 6
"549" 126.961719636643 135.917600858841 6
"550" 119.86300223753 137.449218022011 6
"551" 121.593931181329 138.695817699636 6
"552" 124.768561244572 136.541535430106 6
"553" 127.97369832137 136.041093385512 6
"554" 128.075583766967 137.055983373066 6
"555" 121.16712303785 135.93210052071 6
"556" 128.078654131006 136.187974967258 6
"557" 122.047204872978 137.531363283243 6
"558" 125.138650879888 136.770028067986 6
"559" 121.692255822009 137.823087997904 6
"560" 128.332084393 139.243146605922 6
"561" 122.06651432902 71.5410180127867 6
"562" 129.237201263523 66.6588058702869 6
"563" 126.709699842478 120.058558857551 6
"564" 119.791130272855 139.230774788692 6
"565" 137.204664550064 61.2302428879075 6
"566" 116.298608680057 127.637240694504 6
"567" 113.479400230537 87.8997500189208 6
"568" 126.016662666079 67.6239008416592 6
"569" 123.162458356426 85.7464418342122 6
"570" 115.478857083156 123.052666809907 6
"571" 120.158350382432 135.164533489982 6
"572" 126.276762273182 140.543739992458 6
"573" 122.411941704466 138.819456087176 6
"574" 124.930737530333 120.565729534024 6
"575" 131.059817156289 102.344248740114 6
"576" 126.956290301144 66.0720148581678 7
"577" 127.276771919202 65.8915045871438 7
"578" 129.426509250771 70.0393223834087 7
"579" 125.490999696289 61.8081065061459 7
"580" 127.86115695311 65.2855815029803 7
"581" 130.036521754301 63.0260966002892 7
"582" 126.902509984116 62.8191951746823 7
"583" 127.209513803029 70.497460684613 7
"584" 123.157422651636 67.8852802820512 7
"585" 126.897188386183 66.5287331062634 7
"586" 128.410476583318 56.8748136664931 7
"587" 126.190135834296 69.664013976671 7
"588" 125.7620840117 69.1219327477642 7
"589" 127.875135097875 66.7483112048491 7
"590" 126.530953516876 62.855173301643 7
"591" 127.354109732207 66.220049790546 7
"592" 128.423043253073 72.3907749245476 7
"593" 125.969552281622 69.1163666413381 7
"594" 127.339028572714 58.6774023802108 7
"595" 128.747870976727 71.0573525971836 7
"596" 130.478015457149 68.2483060451575 7
"597" 127.76906267257 72.9941507281091 7
"598" 129.496197464404 65.6744979153019 7
"599" 118.237439881919 87.3661054419146 7
"600" 122.074684204685 81.9896270587965 7
"601" 119.953641719543 86.2866911367388 7
"602" 120.178070511656 87.7552631004697 7
"603" 119.585832496746 73.5256283347942 7
"604" 118.587072311687 89.3952195546231 7
"605" 118.568924327016 77.4460825585376 7
"606" 120.41999234433 87.7718471427507 7
"607" 119.921315430626 90.8665361604343 7
"608" 121.852501708129 82.0915004722961 7
"609" 116.162550497064 89.1630745783585 7
"610" 119.406873718847 80.5851095569259 7
"611" 121.526402342976 85.4877051666077 7
"612" 121.775399870704 88.2859077703884 7
"613" 118.855935865253 88.7185769847865 7
"614" 119.809678211926 80.4754129320957 7
"615" 122.403931577715 90.2059938548793 7
"616" 119.682652333174 89.680030090305 7
"617" 117.230728999178 83.0161303155496 7
"618" 118.69801321227 85.873462909873 7
"619" 122.396063767717 85.3291962308736 7
"620" 118.708911305198 77.5348081407295 7
"621" 118.240079909287 81.2589451536438 7
"622" 121.914123242357 90.5162823756956 7
"623" 118.877622152438 90.3132286070192 7
"624" 123.426078571486 138.573302110732 7
"625" 127.33248068061 137.374640125533 7
"626" 126.848467506698 136.343194187709 7
"627" 127.17447600664 136.934511856954 7
"628" 121.539233213156 137.463967446439 7
"629" 128.279416829696 138.579437828719 7
"630" 126.911164835793 136.807363889815 7
"631" 122.523512223061 137.663813389319 7
"632" 125.487361839396 135.432399273301 7
"633" 127.393341463502 139.32277649423 7
"634" 132.83215145277 138.611915725723 7
"635" 122.263535557266 136.982282388881 7
"636" 122.333428415563 138.748179767193 7
"637" 127.980918581109 135.819809617916 7
"638" 123.318862683506 137.420741347788 7
"639" 126.737430004736 136.041456529173 7
"640" 117.380963276539 137.67482158504 7
"641" 131.00473852916 133.35251396171 7
"642" 118.636878084744 135.806658409758 7
"643" 123.464605368373 138.415717679256 7
"644" 126.058932916666 136.807063232329 7
"645" 118.72023475754 137.214476677018 7
"646" 121.499597827191 138.71649987422 7
"647" 119.846201689349 136.674770912927 7
"648" 122.606240735473 138.90716528366 7
"649" 120.77892850145 137.837528129417 7
"650" 122.373431982774 138.623630401802 7
"651" 127.552897335972 135.282868018054 7
"652" 119.379983284977 135.716293413297 7
"653" 125.265199339542 136.979855912664 7
"654" 112.595090790521 138.341152731027 7
"655" 125.738303792434 138.294587079039 7
"656" 119.40158877825 135.208670027644 7
"657" 117.591909554733 134.925708240476 7
"658" 126.986325934759 136.933886616906 7
"659" 121.061034883028 135.392839128612 7
"660" 116.920066236381 136.364214039604 7
"661" 123.534899912592 138.244039491993 7
"662" 126.96553833695 136.187244480397 7
"663" 120.234977674063 137.794489180549 7
"664" 127.898024954047 135.647945142161 7
"665" 130.604114533254 137.102329730145 7
"666" 121.609521209123 137.652626178774 7
"667" 122.557435168754 138.898213578475 7
"668" 126.626525716 136.353512583301 7
"669" 127.68499617339 93.9036691006269 7
"670" 121.03489149483 131.003523632411 7
"671" 114.50160184759 88.5374120237601 7
"672" 131.624394962291 57.8989158510256 7
"673" 118.575152267691 138.787982568036 7
"674" 115.560503939361 123.69282460897 7
"675" 121.038957858652 111.04301258113 7
"676" 111.681129162827 124.07601181477 7
"677" 132.167629448968 73.1119185926742 7
"678" 116.726758876196 119.644289485017 7
"679" 122.834085705358 137.70994431846 7
"680" 116.094065424589 136.484554436854 7
"681" 126.013592067796 134.363653160007 7
"682" 120.490899650609 134.914387660138 7
"683" 116.637279349323 82.4968629257136 7
"684" 138.508329942916 63.9342906459443 7
"685" 117.027919320779 75.712648181144 7
"686" 128.756529661424 71.2597576153389 8
"687" 123.158394989786 67.9703926148017 8
"688" 127.488534324355 58.8583803534619 8
"689" 128.282108586974 64.7550226653783 8
"690" 126.160640726797 61.8411040917136 8
"691" 127.011276410794 72.5042417584119 8
"692" 124.480142921626 65.9987893957938 8
"693" 127.784391794528 63.3587418903639 8
"694" 127.6019436874 67.6814716457185 8
"695" 128.159745040285 72.3011280746076 8
"696" 124.734707943882 64.4061860630837 8
"697" 128.570607598155 68.1084997225366 8
"698" 130.377585744714 62.9193412623799 8
"699" 127.482954500884 59.0042149229117 8
"700" 126.796024113147 62.9755379130355 8
"701" 129.443332003292 68.0329388094381 8
"702" 126.026511016174 61.600584750929 8
"703" 120.608769011097 88.1150321845356 8
"704" 118.837586397059 72.8807539532779 8
"705" 119.626905341551 73.8433078387141 8
"706" 120.138722895123 87.0472277541646 8
"707" 116.323344476206 75.9803725221098 8
"708" 117.898259999348 83.9457563308306 8
"709" 118.422679915879 89.2903474914574 8
"710" 120.015940504836 80.4546332739057 8
"711" 119.14218719388 90.5849172438238 8
"712" 118.687662349363 91.1014314583138 8
"713" 117.81812046902 82.9746327217199 8
"714" 118.58590012879 90.1647804933145 8
"715" 125.770806353372 138.161245892825 8
"716" 112.572623776174 138.527555439115 8
"717" 110.993561038144 137.458505637901 8
"718" 119.009957255871 138.688310609072 8
"719" 127.76155248614 137.677692473858 8
"720" 117.482371854553 134.889140991043 8
"721" 120.043517635064 136.569480885569 8
"722" 121.659312255564 137.19717231827 8
"723" 127.176584779322 139.40926794515 8
"724" 123.600366290308 137.772789550724 8
"725" 114.222119105318 138.020421965342 8
"726" 128.887928104395 136.592353081979 8
"727" 120.02807517413 136.29067079344 8
"728" 122.340491646013 134.021338295797 8
"729" 125.890700978054 138.484774099322 8
"730" 125.465217800409 135.95392549169 8
"731" 125.554153701325 137.761250907826 8
"732" 124.846243123421 137.24689616102 8
"733" 119.720177784585 134.77381897664 8
"734" 128.761829255525 137.894015669838 8
"735" 123.31668706998 138.780569816881 8
"736" 127.210712604348 134.363816993569 8
"737" 128.657367448228 136.824562439755 8
"738" 122.864881177399 139.60588939136 8
"739" 121.518875462334 135.483873461108 8
"740" 125.792553085104 137.397674756547 8
"741" 126.161958209105 137.001315230831 8
"742" 125.452035995582 137.976988036523 8
"743" 125.954669863205 138.362078931635 8
"744" 125.679373595587 137.836235135417 8
"745" 127.331510572338 89.505322679313 8
"746" 120.829289653033 81.5675012084549 8
"747" 118.402776772347 87.4113107606408 8
"748" 120.929259861304 111.482115652296 8
"749" 133.460247550827 61.8161689838405 8
"750" 130.284311994636 91.0112894573865 8
"751" 137.601917677331 135.394887563608 8
"752" 118.347073119076 89.4246394448831 8
"753" 135.222003923556 127.445773354532 8
"754" 123.48035108611 80.1439964471505 8
"755" 124.178631662568 65.8913582549186 9
"756" 131.19393231714 61.2372579611243 9
"757" 127.745224181125 66.1724935641376 9
"758" 123.897458283179 61.2602412551164 9
"759" 126.72478415167 72.6208590611105 9
"760" 125.78596939841 72.2150571928 9
"761" 125.553396457716 71.9679887072745 9
"762" 124.370720567113 66.5412254817581 9
"763" 128.842011428066 72.7273428004762 9
"764" 125.058548421088 65.7962301129499 9
"765" 129.10759698962 71.6688855641378 9
"766" 128.474360627707 68.8405104161716 9
"767" 125.543866287187 62.9832110321714 9
"768" 128.799197184533 65.3390509658611 9
"769" 127.095347341894 63.3125669703797 9
"770" 126.344382705289 61.6925184997932 9
"771" 117.862953433903 87.4054836017828 9
"772" 120.794479993645 88.0934313184338 9
"773" 120.045382908606 80.8296666060612 9
"774" 118.003433807376 90.1181548517075 9
"775" 121.096169078125 87.3421553387176 9
"776" 121.384481314943 81.5845084962017 9
"777" 121.865060395209 82.6541359062433 9
"778" 119.85208218062 85.6787044784103 9
"779" 114.25406193313 137.932179494767 9
"780" 120.486264364049 135.960265104401 9
"781" 121.892437395341 133.822399729661 9
"782" 128.354576438557 136.964296843448 9
"783" 126.058610141392 138.270436463968 9
"784" 125.362847626805 137.809550733588 9
"785" 125.600119231113 135.658237131663 9
"786" 121.42810618596 134.367291737507 9
"787" 126.220473343741 136.679429470094 9
"788" 127.726579339146 137.741142309324 9
"789" 125.867629026087 133.141780430853 9
"790" 125.10290046208 134.759549815466 9
"791" 123.641361547346 138.558029640561 9
"792" 121.993473423607 134.724091785146 9
"793" 127.993852918538 137.815425141652 9
"794" 126.365628500779 137.65878956397 9
"795" 127.426823203082 135.946825486115 9
"796" 125.896989334811 135.799820478852 9
"797" 117.365050717497 137.511330588323 9
"798" 127.615797886193 68.1872084157404 9
"799" 121.704955688919 72.7763099001275 9
"800" 127.330590104783 139.93539096135 9
"801" 108.259362064694 113.95130384014 9
"802" 131.871896649926 135.477188829655 9
"803" 129.908944373452 136.492210249672 9
"804" 122.702021384097 118.955313203703 9
"805" 115.29971409951 108.46271305657 9
"806" 133.55645378113 125.940015472817 9
"807" 124.924518195699 61.1071664217119 10
"808" 129.671224260061 70.3678127346256 10
"809" 124.149682507034 61.9001619775658 10
"810" 125.866087203027 71.4778268887456 10
"811" 133.034937521277 61.618103040476 10
"812" 127.392795237198 72.4709802675859 10
"813" 131.345021093598 62.984369033048 10
"814" 128.69461992875 72.2264900967813 10
"815" 126.244689811437 72.6515069036256 10
"816" 124.346845989321 66.3893103487312 10
"817" 127.352063677493 68.2461912658995 10
"818" 127.271905814216 71.0313088972367 10
"819" 125.384947021988 66.8856709267088 10
"820" 124.865692007853 65.6732358298152 10
"821" 129.916140830751 72.2542419601754 10
"822" 129.62648168691 72.9995259145768 10
"823" 125.59773050251 72.2643554732236 10
"824" 120.668818636654 80.7378030510437 10
"825" 118.229086102639 87.6328173471896 10
"826" 121.083405212707 88.1867890434667 10
"827" 121.960460133768 85.8132301273571 10
"828" 118.648973422572 89.1491404823778 10
"829" 118.264535650377 87.7135939295095 10
"830" 120.478683023733 81.1061369390751 10
"831" 119.031535852715 91.0378020904855 10
"832" 115.288747497578 83.3613515782459 10
"833" 130.60696100956 138.483679279138 10
"834" 125.175610501667 134.485827167107 10
"835" 127.19857604599 138.135344189647 10
"836" 125.414583366932 134.763387025413 10
"837" 139.667300299106 135.041544821926 10
"838" 128.921638240522 137.828050090524 10
"839" 124.447595847344 134.20507335943 10
"840" 126.580614738744 137.333831690632 10
"841" 120.591269495864 133.931130599956 10
"842" 125.531956199648 138.712324776832 10
"843" 117.385253599416 137.371051867403 10
"844" 127.456247563687 135.73199120301 10
"845" 128.31402784654 137.356739997962 10
"846" 121.687076828585 70.4758206422929 10
"847" 115.277696864332 96.8969956214414 10
"848" 120.208197736286 74.9880888123566 10
"849" 122.539038577114 119.031261036203 10
"850" 112.246160016982 134.555576510784 10
"851" 130.972589620409 63.2949130656538 11
"852" 123.789350110728 65.5090269091631 11
"853" 127.28887350972 71.1171260790615 11
"854" 126.520435753302 59.9491939239658 11
"855" 125.855090124218 66.9265371192768 11
"856" 124.852093003188 66.6698433484857 11
"857" 125.440729805499 66.8591378522949 11
"858" 129.456720668886 70.8416768045599 11
"859" 124.521307782368 61.7603018089198 11
"860" 129.49881564018 74.0591047110229 11
"861" 125.089318306092 63.7836815862701 11
"862" 121.143473916328 86.7157805297671 11
"863" 117.877212009493 86.0372059426755 11
"864" 120.779833865542 88.289315908268 11
"865" 120.508728893356 81.731710339864 11
"866" 117.873754709466 89.1498891656515 11
"867" 120.57231910549 78.9117728301436 11
"868" 119.422459872066 89.2530898742706 11
"869" 118.634015471811 89.0754196316625 11
"870" 124.229701723747 139.088130472067 11
"871" 123.209513695732 136.1126224004 11
"872" 127.240011216032 137.9627344802 11
"873" 123.843893330055 136.408977521027 11
"874" 123.327709619572 134.309900781183 11
"875" 127.377775133569 138.234680743566 11
"876" 124.2164934365 134.088330462021 11
"877" 130.472846162649 137.452248495896 11
"878" 122.748806965172 136.436176044938 11
"879" 128.502305206288 137.259848662113 11
"880" 130.211961463174 138.14415162544 11
"881" 131.270422882468 135.072517441722 11
"882" 127.306669108802 134.721897958859 11
"883" 125.484692148348 138.923393282271 11
"884" 120.77550778974 74.7259444730246 11
"885" 111.55536120342 133.231346978704 11
"886" 124.642391303596 141.404539398042 11
"887" 135.509254957808 93.5759529303159 11
"888" 119.281921962749 107.99435516444 11
"889" 115.716354486218 96.9782926928485 11
"890" 139.201059309234 133.762121730156 11
"891" 119.736514692772 69.6653881781427 11
"892" 128.697975397719 98.9577926012399 11
"893" 128.695262577251 69.7572724154473 11
"894" 125.690583954755 67.0170069987987 12
"895" 129.646286379498 62.7708441300922 12
"896" 131.13974385745 64.8931223284878 12
"897" 123.006191530192 64.3177732251431 12
"898" 125.867753784323 67.3950457929125 12
"899" 130.076353991589 71.4178322763212 12
"900" 126.954965609518 61.3067809709799 12
"901" 117.897863588678 86.2848784915336 12
"902" 122.50199588454 76.0512016268991 12
"903" 117.339643636676 84.9222733384717 12
"904" 120.052346458014 79.4623562003309 12
"905" 119.228719609311 86.8313778522193 12
"906" 118.331363559574 86.1877640999212 12
"907" 127.383618882323 138.737881286796 12
"908" 123.674610905188 137.027164899034 12
"909" 129.926486604772 138.418380599891 12
"910" 123.053672190078 136.906222657965 12
"911" 131.496595441636 134.553056185253 12
"912" 123.893839114116 136.409481717235 12
"913" 132.790102666437 137.361947426541 12
"914" 117.361104048815 69.030524111241 12
"915" 115.144621241841 99.7644642346068 12
"916" 139.140451477702 136.750067160343 12
"917" 123.004244387371 65.1103942766137 12
"918" 128.983759171489 96.2690922796448 12
"919" 128.543925432919 70.6095547577388 13
"920" 125.457444087725 57.8924198066002 13
"921" 127.301296051488 65.5618782295076 13
"922" 125.380343455258 62.3801991082809 13
"923" 127.243555396875 60.2266690231734 13
"924" 126.72402099315 60.7285254834012 13
"925" 117.709671071217 86.1110562703408 13
"926" 120.02680211395 79.4419876238102 13
"927" 116.550371234361 76.9364006792154 13
"928" 116.160335077284 82.9006220373978 13
"929" 120.648910021647 91.3541705074056 13
"930" 122.183165917012 76.8412116543608 13
"931" 121.701831532812 79.638392241638 13
"932" 117.652367165978 90.4458622791162 13
"933" 120.902954055361 96.4041389787417 13
"934" 124.470610124002 135.361627779433 13
"935" 124.492205195637 137.733843855758 13
"936" 123.821540126228 137.064363594017 13
"937" 123.970699341787 141.379425191588 13
"938" 129.900889184787 139.766136112628 13
"939" 128.228208628919 135.458355491955 13
"940" 113.038490998857 138.251164238129 13
"941" 139.307507016076 134.322097168573 13
"942" 128.161774768635 79.7501625698321 13
"943" 111.975138347754 116.441136638403 13
"944" 114.468579189664 99.1654271864414 13
"945" 139.335359237 136.04913902306 13
"946" 127.414700372528 60.2114799884492 14
"947" 128.969222470296 62.242004602402 14
"948" 117.521996999386 84.9664116505152 14
"949" 117.810539030117 76.166688068801 14
"950" 122.452244544479 79.5364725251013 14
"951" 124.014296813973 134.855274581373 14
"952" 128.152082102572 135.507345233109 14
"953" 124.473546400503 135.130504721477 14
"954" 120.723122038183 103.892892188851 14
"955" 120.025084853075 98.2853784389582 14
"956" 127.358787618957 139.08988543516 14
"957" 128.571174742343 59.1072414068575 14
"958" 109.397852821098 93.1354757985848 14
"959" 126.820816812852 60.3599149945218 15
"960" 129.408059370266 61.5932608044009 15
"961" 127.272109526999 61.4148701088644 15
"962" 129.627384218209 64.5459854285045 15
"963" 118.161423262962 90.6495869980325 15
"964" 116.520552960841 80.0121304815502 15
"965" 113.844337075143 83.9601699639441 15
"966" 117.906140242854 91.1760092560928 15
"967" 133.272571344472 133.930805321524 15
"968" 124.012460572334 136.691696603431 15
"969" 127.820934569221 139.211749154392 15
"970" 118.501051998455 96.4260624152076 15
"971" 126.518366780719 57.8754998822445 15
"972" 124.551152757742 114.839355546401 15
"973" 123.403728175958 104.279721910517 15
"974" 122.35084864055 111.91210612712 15
"975" 119.968304660466 106.949852380331 15
"976" 138.239569188334 123.537703803031 15
"977" 129.562227345293 64.3839229448251 16
"978" 128.997683946115 62.638581380687 16
"979" 129.476781310538 68.9553185417146 16
"980" 126.007923563606 72.0795718564743 16
"981" 129.724113308907 64.7593869302262 16
"982" 115.907073742142 86.9004568223211 16
"983" 118.605101418606 92.3591149509476 16
"984" 117.004021520612 93.7446876198553 16
"985" 116.018279379449 82.2937796552394 16
"986" 132.140462630385 136.665100578123 16
"987" 124.536109485206 115.017434141773 16
"988" 118.20228268679 114.72908003386 16
"989" 128.443601989679 105.784095147584 16
"990" 131.806200268042 133.023037618474 16
"991" 124.844855201219 59.3922731077078 16
"992" 126.937189799292 112.5274156247 16
"993" 124.510133569768 59.8111439294314 17
"994" 126.982460865291 75.359886747683 17
"995" 129.753725369778 66.7114526423963 17
"996" 129.084164563786 66.240969782237 17
"997" 130.182355523361 64.9332899931824 17
"998" 122.126123054017 83.8635360063863 17
"999" 133.817237896027 135.911595682695 17
"1000" 132.002169166034 136.372635345334 17
"1001" 135.817738792783 77.1844611207372 17
"1002" 132.23767383434 136.282380322897 17
"1003" 130.526342230209 78.8229637654745 17
"1004" 124.823048383262 116.307835634113 17
"1005" 134.439425033303 131.175491193592 17
"1006" 132.921802390322 130.234204020886 17
"1007" 125.181453790277 68.2074125831619 18
"1008" 130.126049182899 66.4987654199087 18
"1009" 121.974696280371 83.8998199529917 18
"1010" 121.116702432287 86.1065650870449 18
"1011" 133.926442394273 136.213435748822 18
"1012" 132.153512911111 137.705563183919 18
"1013" 123.08657427596 124.213971645553 18
"1014" 135.362311468955 133.311169182132 18
"1015" 130.394611410404 66.8295489009066 18
"1016" 126.660319921948 63.6858200198893 19
"1017" 125.373638960794 68.4362154357179 19
"1018" 124.193821229584 67.0987782950331 19
"1019" 130.632912930274 67.2009883384816 19
"1020" 121.160182272151 78.8183751957187 19
"1021" 116.767213313987 85.3210676799435 19
"1022" 119.456457050091 85.9615728539954 19
"1023" 126.393762160896 139.074712829985 19
"1024" 118.936489826024 137.083866252193 19
"1025" 112.519161595 57.2907702451815 19
"1026" 123.226863536705 103.95990395238 19
"1027" 132.430418536154 139.469682133686 19
"1028" 124.969958890863 69.4074080530699 20
"1029" 125.347358822702 64.3037095746226 20
"1030" 122.071419682456 83.3187563075879 20
"1031" 122.060598369949 78.411757662856 20
"1032" 119.819652666824 93.9894529358012 20
"1033" 119.418289228977 86.2552834622387 20
"1034" 122.109696035312 80.4506824785261 20
"1035" 119.028649134688 136.510082388581 20
"1036" 117.601612603696 134.205708407339 20
"1037" 134.866004407517 132.732601609657 20
"1038" 135.79622177294 92.3859923088839 20
"1039" 120.01198049073 83.171000303903 20
"1040" 126.149266593239 64.7066757956175 21
"1041" 125.971945357692 64.679908466106 21
"1042" 119.820161314548 93.9206877931778 21
"1043" 120.660473506596 83.631079250529 21
"1044" 118.724858115897 136.696305266613 21
"1045" 117.305847517227 133.491179840947 21
"1046" 124.920376138603 80.3069602569406 21
"1047" 123.448395784661 81.5882824967767 21
"1048" 139.368303936418 91.8259275424053 21
"1049" 127.491988155687 65.0512347945914 22
"1050" 122.852078764289 91.5296032830555 22
"1051" 117.359105956722 134.712409608528 22
"1052" 119.344341856083 136.920223719971 22
"1053" 124.875669528734 137.810276910821 22
"1054" 110.386804522847 73.8469282306118 22
"1055" 125.155679751815 101.265462860417 22
"1056" 113.604885430058 100.361281291428 22
"1057" 109.823835898955 138.737555424661 22
"1058" 134.451225746328 98.1738632558437 22
"1059" 125.986812321559 64.3659590454992 23
"1060" 120.502488051534 95.9525553044858 23
"1061" 119.050094211654 95.0550653735931 23
"1062" 124.120395636502 90.6100284341263 23
"1063" 122.013094838028 87.1392365090088 23
"1064" 120.826146289335 85.136026766205 23
"1065" 119.595554648913 137.117501797519 23
"1066" 126.100343434715 139.382351739803 23
"1067" 119.516640641053 137.017392569622 23
"1068" 125.857276975578 137.937675365089 23
"1069" 135.804886406368 103.859780862572 23
"1070" 120.000551432989 105.953499828969 23
"1071" 127.526037744067 140.359464536333 23
"1072" 124.178630584924 63.6603270906791 24
"1073" 126.290266963142 65.1874568355167 24
"1074" 125.967303512641 137.877351125487 24
"1075" 126.711932462581 139.409020756219 24
"1076" 136.621310970284 93.6323615523497 24
"1077" 109.744001183769 109.035385613584 24
"1078" 122.822260045316 78.6074825953413 24
"1079" 138.927740266602 120.567969300891 24
"1080" 125.456002675807 65.7773060853253 25
"1081" 115.472213526828 81.7147773227367 25
"1082" 121.953885937837 107.766513994642 25
"1083" 122.579318230253 101.044754586114 25
"1084" 111.269278854018 139.282366002054 25
"1085" 120.473728585429 57.5806260194925 25
"1086" 124.594201262573 61.0463538722994 26
"1087" 115.799025827352 82.9436891804688 26
"1088" 128.451774978934 125.941868482996 26
"1089" 122.602394810857 107.835435329526 26
"1090" 111.477840709166 141.458643873341 26
"1091" 125.268169696194 59.7708924893831 27
"1092" 110.920744848985 135.845390546773 27
"1093" 118.69795943254 61.1939323437322 27
"1094" 123.245270920053 109.000234742625 27
"1095" 129.156770900528 99.5825422844419 27
"1096" 111.958397889465 142.092518607087 27
"1097" 114.837443738819 130.546904084275 27
"1098" 127.512548720894 60.5418486422761 28
"1099" 111.161309648255 135.68393457642 28
"1100" 138.849913539419 67.072792357361 28
"1101" 123.639189010653 123.730952710627 28
"1102" 116.374788587192 67.9647358624745 28
"1103" 110.924086182218 135.369648674435 29
"1104" 121.164864526424 123.606517725396 29
"1105" 111.966275634271 139.946275237555 31
"1106" 121.573005232183 124.968740153452 31
"1107" 113.14020725106 130.714059727774 31
"1108" 132.850342886315 131.058672748664 32
"1109" 108.310345395906 105.952639474393 32
"1110" 128.637566493777 93.0989443813259 33
"1111" 127.984293219492 93.1254730252253 34
"1112" 127.787264315174 89.9053979421507 35
"1113" 139.326622806277 113.731680155733 35
"1114" 118.390627388364 73.9975974236278 36
"1115" 133.910306121761 114.884105841693 36
"1116" 137.678080994884 111.058979007325 36
"1117" 121.450885385724 78.1218256618878 37
"1118" 121.501837020916 137.953206890071 37
"1119" 125.180909646931 124.736419688661 37
"1120" 115.076980031758 68.034939383315 37
"1121" 130.586901094589 66.1356496875886 38
"1122" 134.327563359401 60.236678943779 38
"1123" 138.353542448531 57.2338107137117 38
"1124" 132.5498842157 106.334973209251 38
"1125" 130.830318379526 65.104803271395 39
"1126" 123.197466403848 68.6447495589277 39
"1127" 126.904239739857 69.8322361964491 39
"1128" 130.083122237365 105.950586341503 39
"1129" 127.519752363322 108.638013310473 39
"1130" 129.090488916993 64.2838488366888 40
"1131" 125.322974910196 70.7261871400045 40
"1132" 130.41730903218 110.03932717072 40
"1133" 126.104541699968 63.5620229924169 41
"1134" 137.272663257907 63.6095436091108 41
"1135" 127.558266328242 60.7426922914327 42
"1136" 128.067578578267 61.5513720745401 43
"1137" 131.399696123468 101.447611035391 45
"1138" 119.088617275937 103.644412655632 46
"1139" 127.289097186437 94.7751163316319 46
"1140" 133.4286121092 77.5698115378626 47
