"V1" "V2" "V3" "V4" "V5"
"1" 2.13161732313657 63.928702532044 0 1 0
"2" 1.69220340839943 65.6515363052117 0 2 0
"3" 1.78901895657872 77.4970745836707 0 3 0
"4" 0.91378725498085 79.2608973982866 0 4 0
"5" 2.9512534498159 76.4805706057483 0 5 0
"6" 1.78920767363865 69.7597654912731 0 6 0
"7" 1.89309582653622 69.369571852597 0 7 0
"8" 2.6540906925892 61.2586383156816 0 8 0
"9" 2.09113523933464 76.6464822329336 0 9 0
"10" 2.2041303503401 68.1331767120122 0 10 0
"11" 2.39775359124267 62.0114871395221 0 11 0
"12" 2.54727019396242 68.386592827265 0 12 0
"13" 2.70160995919165 65.9660122625302 0 13 0
"14" 3.20285489212791 63.5337776265742 0 14 0
"15" 3.33147253815729 73.0630322857659 0 15 0
"16" 2.45361988183542 70.9837400727197 0 16 0
"17" 1.94794448638058 65.9275459088488 0 17 0
"18" 1.71776972782951 76.6333861172381 0 18 0
"19" 2.30108362288127 71.4401777605371 0 19 0
"20" 1.73910566903076 70.4210330069068 0 20 0
"21" 2.40723446462096 71.8729763076053 0 21 0
"22" 2.13480173199077 67.9269776632843 0 22 0
"23" 2.71943714553191 69.2755091073053 0 23 0
"24" 2.48859771235242 74.4067623630138 0 24 0
"25" 1.70923204078165 67.8463233055074 0 25 0
"26" 1.23119441761661 72.2370204906674 0 26 0
"27" 2.22184105800198 69.0580243837512 0 27 0
"28" 1.68802258095322 67.1258206395243 0 28 0
"29" 2.06757927721872 74.3646019552989 0 29 0
"30" 2.56567353871989 70.7265251915906 0 30 0
"31" 1.74613835834902 64.6861546628654 0 31 0
"32" 1.95277378586686 72.8509811512191 0 32 0
"33" 2.07234337864572 73.7136718889849 0 33 0
"34" 2.60339378070395 71.1881884445141 0 34 0
"35" 1.97833840516414 67.4202963786556 0 35 0
"36" 2.60998907949437 72.6545720346663 0 36 0
"37" 2.20682087671579 66.3324643702784 0 37 0
"38" 1.4391233228522 67.5979405533095 0 38 0
"39" 3.26216512644936 63.5760643901386 0 39 0
"40" 1.44490515892847 68.6172841591721 0 40 0
"41" 2.56792782048241 75.7369117032267 0 41 0
"42" 2.1821492041502 70.5378369170293 0 42 0
"43" 2.08643199628711 65.2669306510471 0 43 0
"44" 1.325173034865 65.835754476557 0 44 0
"45" 1.36341662407712 68.6289454215336 0 45 0
"46" 1.74379415488274 66.1817299562647 0 46 0
"47" 1.26059549694622 79.6162763195761 0 47 0
"48" 2.41609199021558 72.2812357847137 0 48 0
"49" 2.55760113133013 71.1183507590335 0 49 0
"50" 0.641744221158233 64.7983709824454 0 50 0
"51" 2.45753015832122 70.270827096257 0 51 0
"52" 2.43009647434363 72.3277815002569 0 52 0
"53" 1.89543955460331 68.2625591596747 0 53 0
"54" 3.29963941976063 67.2289214735038 0 54 0
"55" 2.08815059846832 71.1484950530299 0 55 0
"56" 2.18217003691318 69.0117138133675 0 56 0
"57" 1.18510560700708 69.1551475697584 0 57 0
"58" 2.19735800783303 68.4081996591861 0 58 0
"59" 2.69978660941608 77.2237571494761 0 59 0
"60" 3.00762144290228 66.6630413175281 0 60 0
"61" 1.7013685978816 77.1193972907319 0 61 0
"62" 3.88342207528818 65.4839368402661 0 62 0
"63" 1.81341525974806 75.1060107841493 0 63 0
"64" 2.10467474731205 69.4687504395842 0 64 0
"65" 1.78334933227006 80.2519492318187 0 65 0
"66" 1.83309095223205 70.5831582368192 0 66 0
"67" 2.5413525857348 64.0480228360814 0 67 0
"68" 3.41822983511425 70.0788243013228 0 68 0
"69" 1.33339036350134 71.7292666040153 0 69 0
"70" 0.960705236392767 71.7424978265454 0 70 0
"71" 2.64018817242348 66.0886634019666 0 71 0
"72" 1.86492988773987 75.0781800071778 0 72 0
"73" 2.42049698757075 73.8942243977734 0 73 0
"74" 1.67765659056382 66.6448881381031 0 74 0
"75" 1.56871276295773 76.7160205526271 0 75 0
"76" 2.10968408217518 70.5645115968459 0 76 0
"77" 2.70030679754656 65.6164015299624 0 77 0
"78" 3.02670218432018 71.4973853471131 0 78 0
"79" 0.456394201513071 68.7625047897842 0 79 0
"80" 2.42426619855758 75.6496465580991 0 80 0
"81" 2.62666050000684 63.3004053555809 0 81 0
"82" 3.33557246062591 65.8621467633997 0 82 0
"83" 2.00064645980077 74.6290184594252 0 83 0
"84" 2.52575371010605 75.1925547466938 0 84 0
"85" 1.89379644755696 70.4935311878164 0 85 0
"86" 1.71338946281522 63.2505432314373 0 86 0
"87" 0.432127917319684 72.00780422221 0 87 0
"88" 2.17067508730679 65.3982225445066 0 88 0
"89" 1.64061982228908 71.5009438627467 0 89 0
"90" 2.56035315019585 69.8982599056922 0 90 0
"91" 3.23398403563042 68.5265010104115 0 91 0
"92" 1.48487355046602 73.5860526538628 0 92 0
"93" 2.68348449968883 72.0034444147808 0 93 0
"94" 2.93352131325191 73.0749680897223 0 94 0
"95" 2.88464030528873 72.2884360094667 0 95 0
"96" 2.41181547119196 67.7890131095265 0 96 0
"97" 1.49346681967333 67.5187138254805 0 97 0
"98" 1.09573544952704 61.4592115877123 0 98 0
"99" 1.96837372738725 67.5047715606308 0 99 0
"100" 1.94588824871863 77.2831438612294 0 100 0
"101" 1.70329495267391 71.722362279802 0 101 0
"102" 2.27231028038584 70.3525962219041 0 102 0
"103" 2.75724075311343 68.2463794407639 0 103 0
"104" 2.52838410610272 74.939101493369 0 104 0
"105" 1.01117881520901 68.7057171782363 0 105 0
"106" 3.13259429525923 73.4665225893443 0 106 0
"107" 1.61356509447989 64.2778925062417 0 107 0
"108" 2.01111311973265 72.779266609323 0 108 0
"109" 2.43302299879874 69.914364476598 0 109 0
"110" 1.83340544342815 64.8458016097083 0 110 0
"111" 1.68751187679343 70.0779325756802 0 111 0
"112" 1.31162836157347 67.9534627959253 0 112 0
"113" 1.7976228961498 67.4039784556 0 113 0
"114" 2.32932865175241 69.7515221742528 0 114 0
"115" 1.81016936970788 76.9939287167926 0 115 0
"116" 1.47667027858269 69.4587206373791 0 116 0
"117" 2.66716828008469 66.0941144406707 0 117 0
"118" 1.67525807448793 68.2664898150602 0 118 0
"119" 2.17959240785853 68.5438409753071 0 119 0
"120" 1.75545678075948 72.077872114264 0 120 0
"121" 1.53637064319296 69.3517467639322 0 121 0
"122" 2.61550716062538 73.8636774482689 0 122 0
"123" 0.050823136914572 75.4858642509528 0 123 0
"124" 2.78883424547365 69.9387240465884 0 124 0
"125" 2.20397582218014 76.0257648443101 0 125 0
"126" 2.24793941502053 70.623157205805 0 126 0
"127" 1.81364671918912 66.0781363116994 0 127 0
"128" 1.88499989881495 76.5443811039721 0 128 0
"129" 2.22731666652449 68.3570202689533 0 129 0
"130" 2.42989711957288 72.3802550365673 0 130 0
"131" 2.58387045203102 71.789782325908 0 131 0
"132" 1.55835917905489 75.3824365648552 0 132 0
"133" 2.09531234698157 66.7943887137406 0 133 0
"134" 1.85462248605936 69.035078718817 0 134 0
"135" 2.50561200916552 74.5994902051886 0 135 0
"136" 0.797782682523585 73.0307115666441 0 136 0
"137" 2.56097046223004 68.0159247887153 0 137 0
"138" 1.0957707101566 76.7777188611452 0 138 0
"139" 0.921051625261611 74.4769491150637 0 139 0
"140" 3.17989405275175 68.5031117738087 0 140 0
"141" 1.43814200119104 68.9655699306019 0 141 0
"142" 2.31132569955398 75.7283997610049 0 142 0
"143" 1.66251570062353 72.9429973122134 0 143 0
"144" 2.7813693169272 69.2990278287078 0 144 0
"145" 1.79100724805188 65.1839605510358 0 145 0
"146" 3.2040327587806 72.9859494247581 0 146 0
"147" 2.34310962540554 71.8875899567307 0 147 0
"148" 2.27849975254143 69.0866177433062 0 148 0
"149" 1.65905740124574 75.4129062591908 0 149 0
"150" 1.73991638454142 70.0942199092902 0 150 0
"151" 2.32206929044241 69.6919728263965 0 151 0
"152" 2.52531583619006 70.3559097653622 0 152 0
"153" 2.1999112368555 70.8491443584776 0 153 0
"154" 2.11962586364703 66.7376843776273 0 154 0
"155" 2.1877506805142 69.3395467877129 0 155 0
"156" 1.80334546489666 72.0795008706195 0 156 0
"157" 1.91979175213683 70.7354380112343 0 157 0
"158" 2.11939764513456 69.7732445400492 0 158 0
"159" 2.82538578371924 71.5626570789611 0 159 0
"160" 2.32049396512808 69.2300113055797 0 160 0
"161" 2.44336662952005 67.7786958784817 0 161 0
"162" 1.80576025698098 75.6513041807032 0 162 0
"163" 2.05283546101133 72.7137904862182 0 163 0
"164" 2.37292400733426 62.5390798964632 0 164 0
"165" 2.34126085011935 73.1943100569905 0 165 0
"166" 2.45987781351446 72.3762088550428 0 166 0
"167" 2.24674850716413 70.4377685953757 0 167 0
"168" 1.2932586352586 73.5751264934103 0 168 0
"169" 1.50084110145461 75.8576094744021 0 169 0
"170" 1.97859566324191 74.4888028906253 0 170 0
"171" 1.42555822681927 69.2735993612416 0 171 0
"172" 1.70702486387417 69.0697848822379 0 172 0
"173" 1.99666967725304 72.3480708908205 0 173 0
"174" 2.01618133311573 70.5341348918804 0 174 0
"175" 2.7916419752256 66.0271063401034 0 175 0
"176" 1.5881160761546 74.1647530433231 0 176 0
"177" 2.2486424689589 73.7615576786627 0 177 0
"178" 1.71785009871838 66.3081534268975 0 178 0
"179" 2.38257355516081 74.1497286580625 0 179 0
"180" 2.27448852078675 72.7142962754231 0 180 0
"181" 2.01311334800461 70.2669761040871 0 181 0
"182" 1.72608548513023 75.5039594623807 0 182 0
"183" 1.49646461780535 63.0774303250694 0 183 0
"184" 0.702863574868798 80.2872810086772 0 184 0
"185" 2.02448342065108 69.0618512204808 0 185 0
"186" 1.88769778783964 67.2920156080298 0 186 0
"187" 2.28030740908283 63.749600366469 0 187 0
"188" 1.96409394586897 67.0366618628676 0 188 0
"189" 1.70671860577261 69.7884923527515 0 189 0
"190" 1.77999371067927 67.8592969952106 0 190 0
"191" 1.45229571072268 72.5448651360895 0 191 0
"192" 2.08447234804353 68.6076456389664 0 192 0
"193" 2.22516863551662 58.5189082692959 0 193 0
"194" 2.22506203307207 67.0737814044501 0 194 0
"195" 2.17937707630086 71.7012976485537 0 195 0
"196" 1.34580918245794 68.283834223453 0 196 0
"197" 0.955450513984615 68.9836533421483 0 197 0
"198" 2.72265540099452 73.159969972645 0 198 0
"199" 2.39913035272481 73.674726406273 0 199 0
"200" 1.64733248528731 76.3934400115054 0 200 0
"201" 2.11196262493455 74.2966726815452 0 201 0
"202" 2.04574981950302 72.8719076514574 0 202 0
"203" 2.60165861387491 68.6514895085609 0 203 0
"204" 2.4726505523497 71.167474237014 0 204 0
"205" 1.27487565644656 76.3800890517819 0 205 0
"206" 2.3753112968165 68.17256225642 0 206 0
"207" 2.33513809633776 68.9622745288153 0 207 0
"208" 2.01364999475257 73.7280448727168 0 208 0
"209" 1.782738573437 62.6097153862491 0 209 0
"210" 2.92964332690917 65.6245464892604 0 210 0
"211" 2.79911577184333 66.8553380013484 0 211 0
"212" 3.02243498548596 68.9691561786505 0 212 0
"213" 2.47835275337986 67.6556701959726 0 213 0
"214" 2.91079679791832 69.7972631856717 0 214 0
"215" 1.94927501957478 69.252956933656 0 215 0
"216" 3.00922428347686 68.1185692374331 0 216 0
"217" 1.25721649435045 70.8878795732569 0 217 0
"218" 2.54562076435453 73.3814288165079 0 218 0
"219" 2.52380598775131 66.2732067697621 0 219 0
"220" 1.94658833441452 70.0231812504827 0 220 0
"221" 1.46638670208759 66.4725408208371 0 221 0
"222" 1.09826159193338 66.6014147213714 0 222 0
"223" 2.58701719051078 62.8009980254519 0 223 0
"224" 2.66983687364557 71.4352549859243 0 224 0
"225" 2.14599940179809 71.5300818986849 0 225 0
"226" 2.51539356242476 67.3342769061964 0 226 0
"227" 2.49640663350584 71.3212340472794 0 227 0
"228" 2.59004705553314 67.4876584934528 0 228 0
"229" 1.63174271234594 69.368246176422 0 229 0
"230" 1.66488739653637 72.6825477554124 0 230 0
"231" 2.3952907597435 71.2508345600406 0 231 0
"232" 1.01978720314347 71.3689906816609 0 232 0
"233" 2.09184448234067 73.9669614615295 0 233 0
"234" 1.00001071713525 68.7786430074368 0 234 0
"235" 0.740945167027618 70.7474161190836 0 235 0
"236" 1.86818720597639 74.9010237522941 0 236 0
"237" 1.92098844389056 65.7875021280083 0 237 0
"238" 2.82264084299897 68.4685282330212 0 238 0
"239" 1.9416010336283 69.9965066869533 0 239 0
"240" 2.730598927439 76.3409474148138 0 240 0
"241" 1.91205046430545 79.4616253314394 0 241 0
"242" 2.4908084779887 73.0874712782 0 242 0
"243" 3.23195276066808 75.7655729629743 0 243 0
"244" 3.07531938631536 69.0580924247736 0 244 0
"245" 2.47939536756113 70.1829301574587 0 245 0
"246" 2.17237717393848 79.9879134137628 0 246 0
"247" 1.57418558959624 69.5199461415402 0 247 0
"248" 2.78044899615551 67.8978768182251 0 248 0
"249" 2.80861286192112 63.009803490201 0 249 0
"250" 2.90598451834759 66.1014293021831 0 250 0
"251" 1.97153698248126 66.7974375581148 0 251 0
"252" 0.914321260905301 65.9402109994677 0 252 0
"253" 2.82116993089681 70.9325946874219 0 253 0
"254" 1.19779282388098 70.7207282351551 0 254 0
"255" 2.22439663029983 71.782372826752 0 255 0
"256" 2.37417663978151 77.8739924206851 0 256 0
"257" 2.23355010010991 73.9264817088864 0 257 0
"258" 1.5667070795468 74.6430933861734 0 258 0
"259" 1.78260464825866 68.4960574232081 0 259 0
"260" 2.24774511430297 65.7881148284288 0 260 0
"261" 1.88705997559311 75.3642610629457 0 261 0
"262" 2.65522527043134 73.7282400824719 0 262 0
"263" 1.86576535903902 74.1489958536519 0 263 0
"264" 1.69230091236557 70.7150523031577 0 264 0
"265" 1.89647839404636 70.9656862656519 0 265 0
"266" 2.23208495886096 74.1955109473974 0 266 0
"267" 2.00214132913487 69.2071392888118 0 267 0
"268" 2.19373654392157 71.4747237476751 0 268 0
"269" 2.03016822046727 75.1975727957907 0 269 0
"270" 2.0643295826969 75.8676687225716 0 270 0
"271" 2.40204172092807 71.2680088399616 0 271 0
"272" 2.83826030500846 69.7386209230399 0 272 0
"273" 2.12946600144185 71.0740053245487 0 273 0
"274" 2.19036868492414 69.3909006485499 0 274 0
"275" 2.62355533747252 73.8473864827643 0 275 0
"276" 2.03163078086093 66.8034159043265 0 276 0
"277" 2.12989454203574 70.1278761031551 0 277 0
"278" 2.89600187445022 74.6632262954951 0 278 0
"279" 2.49422756913384 71.7562302553456 0 279 0
"280" 1.55010468158332 77.222279501952 0 280 0
"281" 2.42802313593837 69.7538709079164 0 281 0
"282" 1.30123138197182 63.4504459189488 0 282 0
"283" 1.74611447798538 68.133372993648 0 283 0
"284" 1.97121909119538 73.9379692566786 0 284 0
"285" 1.60303452787553 66.7421292328189 0 285 0
"286" 2.84165086619727 72.9939998402336 0 286 0
"287" 2.42123822513081 66.6106351466797 0 287 0
"288" 2.82377493849649 79.3163049426732 0 288 0
"289" 2.11977560946087 69.5712697351037 0 289 0
"290" 0.806592761935685 69.8155547759826 0 290 0
"291" 1.76325536260747 73.7289730903503 0 291 0
"292" 2.14824634579349 77.5685314617815 0 292 0
"293" 2.2553647711833 72.7364729122308 0 293 0
"294" 1.71248042791703 62.8012176951766 0 294 0
"295" 2.70430907718247 73.5409425553852 0 295 0
"296" 2.54169360696907 65.7160168898272 0 296 0
"297" 2.66013363998415 69.3483596582372 0 297 0
"298" 1.96677405743994 70.8994212671053 0 298 0
"299" 1.97750598192523 59.7103909634204 0 299 0
"300" 3.67362132825869 74.7388464952219 0 300 0
"301" 2.57118178200817 75.2816547890628 0 301 0
"302" 1.49302969355997 70.3127795859244 0 302 0
"303" 3.52871510387402 66.5794879518089 0 303 0
"304" 1.6357578070067 68.0845003337773 0 304 0
"305" 1.53967755447114 65.2223678573946 0 305 0
"306" 2.53501078440562 69.8577096885023 0 306 0
"307" 1.9691568973332 79.4503223797766 0 307 0
"308" 29.7747194851 28.5061667272812 0 308 0
"309" 34.1406652430638 36.9197336935615 0 309 0
"310" 32.1474442884774 28.4456633281262 0 310 0
"311" 37.1047375651704 30.966792802387 0 311 0
"312" 28.0406427678107 36.2078882479675 0 312 0
"313" 30.153611316779 37.1278109960803 0 313 0
"314" 33.4306138862703 35.8525544015377 0 314 0
"315" 31.4641187172656 33.2708502762064 0 315 0
"316" 37.3224320453886 29.8211445006784 0 316 0
"317" 34.4261909071713 30.2743572790102 0 317 0
"318" 35.7025394170121 31.1290396554081 0 318 0
"319" 34.4857903883116 29.5896927250373 0 319 0
"320" 32.4592923789452 34.3831667390753 0 320 0
"321" 27.5013370971866 35.2775387438824 0 321 0
"322" 28.9062571526951 36.7099829950744 0 322 0
"323" 32.2462886171761 31.0426171816312 0 323 0
"324" 28.1060565967578 37.4278530336577 0 324 0
"325" 35.3574552466103 31.9979155141349 0 325 0
"326" 41.1268422772356 33.8948903372159 0 326 0
"327" 30.5937012025972 30.898148467588 0 327 0
"328" 25.3316954331459 32.0660884650745 0 328 0
"329" 31.9608769199839 36.1543259402468 0 329 0
"330" 28.3530989023174 26.5280751478839 0 330 0
"331" 28.4356838339745 34.6305640898418 0 331 0
"332" 31.3726811970327 33.3918534121621 0 332 0
"333" 31.3489111476563 28.2637105236863 0 333 0
"334" 28.4884963068201 33.1066389062423 0 334 0
"335" 31.6693485569983 36.5265649811044 0 335 0
"336" 35.8540147732979 31.3853673358416 0 336 0
"337" 32.2433916092278 31.7341781477205 0 337 0
"338" 28.3647013009758 42.6575279548661 0 338 0
"339" 33.088913517773 30.1468206620874 0 339 0
"340" 26.4244588650931 28.1925083871079 0 340 0
"341" 32.6613697576665 32.6262331580674 0 341 0
"342" 33.1608345609028 33.615667020814 0 342 0
"343" 32.4444925798142 33.0622954222553 0 343 0
"344" 26.0077985134316 31.4643720413594 0 344 0
"345" 30.0053815799469 33.7183142920192 0 345 0
"346" 35.3400340085387 28.0952973074651 0 346 0
"347" 34.9148358894889 35.5704393470762 0 347 0
"348" 31.3991390116996 30.3050925849511 0 348 0
"349" 27.9222959804597 30.4732288774401 0 349 0
"350" 33.6869233750272 31.6368941289528 0 350 0
"351" 32.1916473960689 30.0745709421141 0 351 0
"352" 26.507448952927 30.4484759415307 0 352 0
"353" 31.4804866591341 35.7460303372728 0 353 0
"354" 34.3395060008996 33.0769606879936 0 354 0
"355" 32.7869104075345 30.6451202698516 0 355 0
"356" 29.3130344272148 34.8187238634096 0 356 0
"357" 33.9658542727584 30.9480135405102 0 357 0
"358" 31.9776792718314 38.3786415894116 0 358 0
"359" 32.4584894747556 29.3156030797828 0 359 0
"360" 31.3064654867692 34.5154829445516 0 360 0
"361" 29.1297317096558 37.6815992243197 0 361 0
"362" 28.5449931500489 35.3076465689968 0 362 0
"363" 31.7005893414624 29.9765702835176 0 363 0
"364" 29.727271884766 32.7610025732044 0 364 0
"365" 36.2298802501224 33.8351711318058 0 365 0
"366" 35.1077375744654 30.2560450892762 0 366 0
"367" 32.1456364082544 31.3150170886168 0 367 0
"368" 25.445144813124 36.813182098215 0 368 0
"369" 29.0578781900736 34.9520086378177 0 369 0
"370" 29.8828172882864 32.3599394909631 0 370 0
"371" 32.4916806820854 31.4932791297851 0 371 0
"372" 34.8196810257695 33.8946623465999 0 372 0
"373" 32.2774276142337 33.8405116966303 0 373 0
"374" 27.7414467860394 40.5149948824405 0 374 0
"375" 38.3012664554794 38.3295234777898 0 375 0
"376" 30.3323471519832 36.3946392405542 0 376 0
"377" 31.4447726772129 33.4027089083452 0 377 0
"378" 31.1580817500369 34.101253880279 0 378 0
"379" 32.9846649016039 30.5339428118895 0 379 0
"380" 23.9533330433588 34.1679808871164 0 380 0
"381" 33.7125777362961 30.0465147592127 0 381 0
"382" 32.4335699331558 33.7439628088221 0 382 0
"383" 27.5920573552049 33.1547937130817 0 383 0
"384" 29.8332867720849 32.6419103937391 0 384 0
"385" 30.4214844422674 35.8029447459285 0 385 0
"386" 31.8743010127885 37.578769535287 0 386 0
"387" 32.7194384014257 34.1338461595576 0 387 0
"388" 31.4454548441293 39.3687274331805 0 388 0
"389" 32.6552858048098 32.8595956785119 0 389 0
"390" 28.8366889171801 33.150001428439 0 390 0
"391" 29.3952202415708 34.0758300662853 0 391 0
"392" 32.4441011003821 34.8612846313992 0 392 0
"393" 32.9339344137145 30.7961198363441 0 393 0
"394" 29.4977922687157 28.615519751994 0 394 0
"395" 29.271083144091 35.5034333446429 0 395 0
"396" 25.7009915226876 35.871683656302 0 396 0
"397" 33.6488858839816 34.7028362035813 0 397 0
"398" 32.3738943338456 26.4671949658635 0 398 0
"399" 32.314314498527 32.1211712161287 0 399 0
"400" 33.4924756881421 31.0128570358515 0 400 0
"401" 30.9423903017099 35.1475893259479 0 401 0
"402" 33.5316553554333 33.4870852920384 0 402 0
"403" 31.7748492724843 30.6885550350261 0 403 0
"404" 26.4882897014461 28.7222199763619 0 404 0
"405" 32.1644757070062 30.1094096974282 0 405 0
"406" 34.952271072567 37.8510225736655 0 406 0
"407" 32.9728321140813 35.5690829045462 0 407 0
"408" 33.5369667492423 35.8223064422301 0 408 0
"409" 34.9639488766716 29.0742336903806 0 409 0
"410" 28.9878367739987 34.690169664071 0 410 0
"411" 31.2015045920669 39.1693667496299 0 411 0
"412" 36.1388048326738 31.2726255881826 0 412 0
"413" 26.4335709267899 32.8347993807845 0 413 0
"414" 30.6034459004667 32.129581423469 0 414 0
"415" 31.9407369299256 33.1216016078041 0 415 0
"416" 33.34747522364 30.4388807136107 0 416 0
"417" 37.7640091013719 37.716948590598 0 417 0
"418" 32.6907139013697 28.7710813913333 0 418 0
"419" 33.9030077460584 31.8790464562748 0 419 0
"420" 32.9344051720392 36.4836902791582 0 420 0
"421" 32.8199174042836 34.1107724787931 0 421 0
"422" 28.940283866833 34.3944692756956 0 422 0
"423" 28.6004004329246 34.5732820356126 0 423 0
"424" 30.2339892254736 29.0325239888702 0 424 0
"425" 30.7055052828755 31.758443106166 0 425 0
"426" 28.4492723760773 35.0928682850542 0 426 0
"427" 33.5617312555194 35.1041261102019 0 427 0
"428" 35.3489613244449 30.4050958290543 0 428 0
"429" 33.1170484946173 30.5075756952481 0 429 0
"430" 32.8109653553695 32.142400743662 0 430 0
"431" 34.6621385092331 37.9442108170491 0 431 0
"432" 31.3897137815522 29.4225210852851 0 432 0
"433" 28.3602620592436 33.9004623207955 0 433 0
"434" 28.0815532111935 31.3371947273318 0 434 0
"435" 33.8447983114912 30.406686386188 0 435 0
"436" 29.3444617897915 30.1809422232485 0 436 0
"437" 30.3444607850931 33.167726232238 0 437 0
"438" 26.3320965785836 30.1176628414941 0 438 0
"439" 31.9545366737648 35.0763086929505 0 439 0
"440" 35.4728789698112 26.2761221063169 0 440 0
"441" 33.7269471290767 27.8907775839345 0 441 0
"442" 28.5285300134432 28.3115036336019 0 442 0
"443" 30.5947552831289 37.498533894412 0 443 0
"444" 33.8993649966276 34.0941322677017 0 444 0
"445" 31.0195267946648 30.2479357402527 0 445 0
"446" 30.4536161986285 32.8128380415149 0 446 0
"447" 31.8249908600361 36.3781521269272 0 447 0
"448" 26.8303280927324 28.9481927640562 0 448 0
"449" 30.4755441056429 33.7538421826636 0 449 0
"450" 28.6459984279703 25.3305083938597 0 450 0
"451" 31.6678926694709 34.8073883335737 0 451 0
"452" 30.8525434736283 32.2519645619732 0 452 0
"453" 29.6200256116825 27.4896277539171 0 453 0
"454" 28.4310559516387 28.7845857988376 0 454 0
"455" 35.9486350691746 37.0469789200241 0 455 0
"456" 29.0476725021211 30.9205033508215 0 456 0
"457" 30.3092128886437 28.728190531395 0 457 0
"458" 29.1356951279623 30.7240472016617 0 458 0
"459" 37.1871608970782 30.8544309246424 0 459 0
"460" 35.3134161915021 30.6906573285356 0 460 0
"461" 26.684026684624 40.1268899038362 0 461 0
"462" 32.5549731939179 32.2325125727176 0 462 0
"463" 29.2491758094059 35.7851131638643 0 463 0
"464" 33.2863231471816 27.9259331360722 0 464 0
"465" 33.3909823024044 32.0681284725631 0 465 0
"466" 30.9426932856278 29.5552186305689 0 466 0
"467" 27.6810880663249 34.9932343268714 0 467 0
"468" 33.5396901570451 31.0394131948617 0 468 0
"469" 31.6728973296817 28.8070876855255 0 469 0
"470" 31.3201328347285 33.6566966516751 0 470 0
"471" 31.6198107647441 27.9551297216763 0 471 0
"472" 30.0664621727269 36.3235547285151 0 472 0
"473" 30.1626565276875 36.1190090248649 0 473 0
"474" 31.1738682197295 34.7360422338293 0 474 0
"475" 35.9319076402419 34.3601572182149 0 475 0
"476" 31.5119797579868 32.842445388025 0 476 0
"477" 33.0717232553596 30.8965573820876 0 477 0
"478" 29.9041853681102 28.4233393850144 0 478 0
"479" 31.8254616861853 37.1160487867282 0 479 0
"480" 36.3436195371537 31.0240687362357 0 480 0
"481" 31.4363882881059 32.3019700763933 0 481 0
"482" 28.3013295628823 32.7151460440488 0 482 0
"483" 32.0850433404173 36.0164054359007 0 483 0
"484" 30.5981376370432 28.6431988130281 0 484 0
"485" 33.7518781477953 37.2023616604807 0 485 0
"486" 27.679536024087 30.0626840029643 0 486 0
"487" 28.5305129783199 36.5963419645884 0 487 0
"488" 28.3589178430932 39.9393283662292 0 488 0
"489" 36.7139621695794 32.5701990340923 0 489 0
"490" 33.4859935005489 38.9397282779316 0 490 0
"491" 35.3075652189769 32.1160715547641 0 491 0
"492" 30.8819357860935 30.8600432842044 0 492 0
"493" 32.8549654513988 31.6761605245018 0 493 0
"494" 24.8476557556875 35.6712894758807 0 494 0
"495" 33.5811857996733 34.6749275578263 0 495 0
"496" 33.8209738583186 42.8550703964159 0 496 0
"497" 33.9923673470618 33.7976849038052 0 497 0
"498" 26.7021632482276 32.1986089110862 0 498 0
"499" 32.0718080085192 28.5965407679034 0 499 0
"500" 33.3865481995354 32.9325412689636 0 500 0
"501" 33.8219719688329 31.1824639414971 0 501 0
"502" 34.9235233918376 30.8942438694408 0 502 0
"503" 27.7464486557625 31.4461749882063 0 503 0
"504" 26.0376747705644 34.2819681123332 0 504 0
"505" 32.0264357556143 30.086652043091 0 505 0
"506" 31.1605846624168 33.08452114213 0 506 0
"507" 34.6095106786522 35.0442155790182 0 507 0
"508" 35.2247268241429 32.0234224939417 0 508 0
"509" 37.4632348018269 30.174862734472 0 509 0
"510" 33.935853089864 33.1267026024909 0 510 0
"511" 26.9485005635632 28.7020272140282 0 511 0
"512" 31.4893566356054 35.0600318795181 0 512 0
"513" 35.1050001992696 35.1130538236061 0 513 0
"514" 32.5600067905432 34.5849658929276 0 514 0
"515" 30.6630507105245 34.6159450162534 0 515 0
"516" 32.4094148898107 33.2682504826905 0 516 0
"517" 33.4721678708011 34.263766897913 0 517 0
"518" 34.4503563905894 33.8248481556549 0 518 0
"519" 34.8053902388411 28.9077573801559 0 519 0
"520" 31.1711772451807 33.5972770152518 0 520 0
"521" 27.5085364604181 38.5355767562382 0 521 0
"522" 29.1064430940908 29.4053686929903 0 522 0
"523" 30.5451301751684 37.6313980510042 0 523 0
"524" 27.8140427601235 32.5150660221331 0 524 0
"525" 31.3628894226765 33.7194159134068 0 525 0
"526" 35.5491701497009 35.0786653419383 0 526 0
"527" 30.9530063586055 35.6348318580453 0 527 0
"528" 29.8534591038935 36.3141828974565 0 528 0
"529" 32.3084416461411 32.4903578563011 0 529 0
"530" 27.0487421994265 29.6781700557593 0 530 0
"531" 27.4597300564539 34.3773771229466 0 531 0
"532" 34.8685245892982 33.1336921751362 0 532 0
"533" 33.2667903344983 32.0663548332847 0 533 0
"534" 23.1550734910586 36.5935089933993 0 534 0
"535" 35.1958822900054 33.121953225869 0 535 0
"536" 33.7429417862586 29.5542679564458 0 536 0
"537" 32.8483032340591 31.6353163711484 0 537 0
"538" 27.9459844409569 31.0527908164711 0 538 0
"539" 32.1325576594407 28.0174743912495 0 539 0
"540" 29.9661828239456 35.9449006290078 0 540 0
"541" 26.3053818443235 31.9986792242384 0 541 0
"542" 35.4337523547737 29.143370129415 0 542 0
"543" 29.892363515468 27.2983005416012 0 543 0
"544" 33.868205397237 31.7428996005294 0 544 0
"545" 29.216435509674 30.5709620654987 0 545 0
"546" 27.8996042147963 31.9233309917987 0 546 0
"547" 38.1834125019568 33.073200787671 0 547 0
"548" 33.9374158871585 33.7788241343036 0 548 0
"549" 30.7274273249985 26.9584444073138 0 549 0
"550" 34.8740713734677 36.0416398146135 0 550 0
"551" 34.8578439694281 27.3273092320642 0 551 0
"552" 32.7398010673642 35.3930139430459 0 552 0
"553" 33.2544069631111 32.4430250599833 0 553 0
"554" 36.5061466133747 36.1696614595952 0 554 0
"555" 30.8184103250935 31.1281422399602 0 555 0
"556" 29.2881154320234 37.3052588820839 0 556 0
"557" 31.6060824890851 30.511090523308 0 557 0
"558" 32.3130898297638 32.5530805365471 0 558 0
"559" 34.7219455184269 31.8608198111682 0 559 0
"560" 31.0097606163931 36.9389575141054 0 560 0
"561" 28.0758336889644 32.6503969041268 0 561 0
"562" 29.5013718821246 38.4402416773864 0 562 0
"563" 32.5654331823042 31.2443405788537 0 563 0
"564" 29.3784870236644 35.3604700184562 0 564 0
"565" 34.2620206914661 32.2412395869721 0 565 0
"566" 34.2293730939073 33.0409279096086 0 566 0
"567" 35.9439615394051 33.7527674040177 0 567 0
"568" 35.3683595844366 34.5195055753214 0 568 0
"569" 33.5218545637633 30.9772402250882 0 569 0
"570" 33.3584302807994 34.9497629309896 0 570 0
"571" 33.8557746273856 36.3678297214927 0 571 0
"572" 30.3490320376384 32.7053637069109 0 572 0
"573" 31.7543906825085 30.8417034777145 0 573 0
"574" 33.6613580415533 36.0793200940615 0 574 0
"575" 30.0913868151398 30.4549042206911 0 575 0
"576" 31.3625367712814 35.2182874882148 0 576 0
"577" 27.8030483303047 34.048004314175 0 577 0
"578" 28.9887019040244 33.6255833781805 0 578 0
"579" 28.7959503981867 32.9693932648395 0 579 0
"580" 34.7903987486852 35.997863097443 0 580 0
"581" 33.3830657746931 38.0375503589644 0 581 0
"582" 31.4747122389307 32.3846314158906 0 582 0
"583" 31.6870624072374 35.5913619814138 0 583 0
"584" 30.8878518026626 33.6700253676148 0 584 0
"585" 25.9140772110527 28.1512520301378 0 585 0
"586" 34.8794091015723 31.9685469251459 0 586 0
"587" 33.5473592915078 31.0188414088604 0 587 0
"588" 34.2110995202377 30.6771018464602 0 588 0
"589" 31.5805170471439 37.6221293499933 0 589 0
"590" 29.9728764954955 37.3002338676251 0 590 0
"591" 28.572167174715 34.0551408028799 0 591 0
"592" 27.5092301192029 24.1551188852677 0 592 0
"593" 30.3032253265622 39.2379983137786 0 593 0
"594" 30.7800724121102 36.4971311543406 0 594 0
"595" 34.9274679542592 32.7897940414787 0 595 0
"596" 32.3872595028306 32.4754209451722 0 596 0
"597" 31.8477291683815 37.3041643624931 0 597 0
"598" 30.6882763649368 35.4193289302629 0 598 0
"599" 28.666891978849 31.137183554491 0 599 0
"600" 30.6745190564307 32.7237715698357 0 600 0
"601" 33.0357738041318 32.8660542565956 0 601 0
"602" 33.2989536556184 32.4743443372218 0 602 0
"603" 33.9488779489394 33.124061361902 0 603 0
"604" 34.7839247171361 32.222485453467 0 604 0
"605" 32.6913025220735 31.9440030323182 0 605 0
"606" 32.5146032042251 30.1966494376433 0 606 0
"607" 25.5435593778521 32.3249630386112 0 607 0
"608" 30.8698443101793 32.0795004820999 0 608 0
"609" 30.266029253075 28.6801861645579 0 609 0
"610" 28.9215744121249 32.859726986527 0 610 0
"611" 28.6735249186822 36.8836466228081 0 611 0
"612" 30.8308216294891 30.0946349659422 0 612 0
"613" 31.7569960652013 31.3189967036487 0 613 0
"614" 34.628332878084 23.5390982595998 0 614 0
"615" 28.0285669744519 32.0363577029917 0 615 0
"616" 30.3921842806154 35.8746415656058 0 616 0
"617" 33.1679471085208 36.8803182221246 0 617 0
"618" 30.2510613917084 32.3004654200117 0 618 0
"619" 29.446692106073 27.1210120294782 0 619 0
"620" 32.6322662566773 31.1522041972462 0 620 0
"621" 37.6097624192321 33.3624669310192 0 621 0
"622" 31.842075739164 30.5986921719468 0 622 0
"623" 34.4075487641141 32.7416326788356 0 623 0
"624" 30.7227759416879 39.6808038935354 0 624 0
"625" 35.8924618130378 35.7825298981156 0 625 0
"626" 28.1423083490619 35.2134552655858 0 626 0
"627" 38.2109707535099 29.5863379788681 0 627 0
"628" 32.4430095749566 30.6607722387954 0 628 0
"629" 32.4351109851315 30.1941673972211 0 629 0
"630" 30.1038392938379 34.7486974994974 0 630 0
"631" 30.9616297152669 30.9625906803724 0 631 0
"632" 31.8222413173997 33.7566610569473 0 632 0
"633" 28.3976370632751 32.0223357271954 0 633 0
"634" 35.6018228066004 42.7595109629569 0 634 0
"635" 31.8335100354641 33.3573168214992 0 635 0
"636" 28.6370600894966 32.1705257902126 0 636 0
"637" 34.128821929814 35.088931581076 0 637 0
"638" 34.3066578347703 30.8220688226797 0 638 0
"639" 34.9338713116003 35.7760588721001 0 639 0
"640" 28.6914916142241 28.0188757814956 0 640 0
"641" 34.6233425828278 33.3040387212236 0 641 0
"642" 32.2746268393124 29.526951628653 0 642 0
"643" 27.5730059921998 29.2827053808028 0 643 0
"644" 30.0664240222952 32.3824248205596 0 644 0
"645" 31.4276251387678 38.6373063181871 0 645 0
"646" 23.6888819875458 34.8966456188878 0 646 0
"647" 33.2121578626078 29.7143242163865 0 647 0
"648" 30.3276649822773 34.3600050289501 0 648 0
"649" 30.8410048291384 38.3900087474785 0 649 0
"650" 29.8761882731007 29.4904369470007 0 650 0
"651" 34.6476592546584 37.100529240474 0 651 0
"652" 34.2852257637343 30.0198762592754 0 652 0
"653" 37.1789774878637 38.5414073502756 0 653 0
"654" 33.2072488955629 29.8130977736814 0 654 0
"655" 29.5198513105696 29.70102507625 0 655 0
"656" 29.754043051126 36.1027912677316 0 656 0
"657" 32.7375002918409 32.2163224785411 0 657 0
"658" 29.9276565218913 32.7639220339491 0 658 0
"659" 30.1255462122923 34.6706331880892 0 659 0
"660" 31.8519419534096 39.5483748963795 0 660 0
"661" 31.2751611099698 33.7714615082535 0 661 0
"662" 29.0322943967636 26.4259656090165 0 662 0
"663" 27.3116556804357 36.5504356658443 0 663 0
"664" 33.3607225549275 27.9695680373105 0 664 0
"665" 29.4753132107706 33.4765093301209 0 665 0
"666" 31.526622071257 36.1860334835822 0 666 0
"667" 35.192901503545 30.5513817409025 0 667 0
"668" 31.1885565439415 33.913851771386 0 668 0
"669" 31.4032672508483 31.6787112294758 0 669 0
"670" 31.3839762815084 33.6802972068431 0 670 0
"671" 23.7315009381644 30.0179867555232 0 671 0
"672" 29.3659615040371 28.0568635681135 0 672 0
"673" 33.4672006637854 34.5269828538405 0 673 0
"674" 30.7499844495403 32.7665252786781 0 674 0
"675" 27.2164323797067 28.659500535581 0 675 0
"676" 26.7685408971688 34.2817112730814 0 676 0
"677" 27.9583118447935 32.0691604614048 0 677 0
"678" 33.988394584156 33.7693263233632 0 678 0
"679" 37.1012667934833 31.9246657839717 0 679 0
"680" 35.1890544194637 37.2617815212009 0 680 0
"681" 33.2254893911076 28.6768428812942 0 681 0
"682" 34.9798214280218 31.461748308079 0 682 0
"683" 31.7201080656245 34.7864158621452 0 683 0
"684" 29.8267778223513 32.8862102388075 0 684 0
"685" 31.8247111980932 30.2646992715084 0 685 0
"686" 35.8318302980059 31.8646248527309 0 686 0
"687" 32.6803145141239 34.5203818823043 0 687 0
"688" 32.7422300817228 36.692194760491 0 688 0
"689" 30.8532567276679 28.805747937531 0 689 0
"690" 30.6478854660214 30.1165578531965 0 690 0
"691" 32.4638382331616 33.2973329960962 0 691 0
"692" 30.1262521696501 37.6540614863126 0 692 0
"693" 31.9672220888501 32.5641638659093 0 693 0
"694" 36.7317964914083 40.5810857739437 1 694 0
"695" 31.5284649015255 30.5946737160596 0 695 0
"696" 33.2852416619926 30.0294126632167 0 696 0
"697" 29.1295525518808 27.7133615539906 0 697 0
"698" 37.3691150568413 32.6722033752478 0 698 0
"699" 34.6024010092619 37.4881684420594 0 699 0
"700" 30.4337421565897 38.6935317870415 0 700 0
"701" 33.098994557102 33.2398118224101 0 701 0
"702" 35.6180917183007 36.9190946655004 0 702 0
"703" 31.0711179733029 28.3202021239171 0 703 0
"704" 31.8490214864032 27.2507109329972 0 704 0
"705" 34.0664520279347 33.5593458179174 0 705 0
"706" 26.0884921609879 30.5214075526466 0 706 0
"707" 30.919336680508 33.77812736763 0 707 0
"708" 108.648735463548 24.4345024707053 0 708 0
"709" 110.227320144472 24.8345802794653 0 709 0
"710" 127.674772789991 24.3832022708837 0 710 0
"711" 113.784382582965 24.6474115123574 0 711 0
"712" 111.313393095811 24.5021519798131 0 712 0
"713" 115.818129920743 24.4944145959067 0 713 0
"714" 113.736410640327 24.3492692164513 0 714 0
"715" 119.397319636248 24.9237764333753 0 715 0
"716" 104.959926068532 24.3650109676067 0 716 0
"717" 111.481957436991 24.1801911271841 0 717 0
"718" 114.545651384527 24.9429868223651 0 718 0
"719" 112.134485033783 24.7542655872438 0 719 0
"720" 111.567104132138 24.2740033265445 0 720 0
"721" 110.841293461325 24.6787222617925 0 721 0
"722" 108.710793471109 24.7387127203628 0 722 0
"723" 114.142796320082 24.5613862564388 0 723 0
"724" 116.828194040317 24.09839662488 0 724 0
"725" 116.92201526195 24.4195916517575 0 725 0
"726" 118.767933573485 24.6764085308199 0 726 0
"727" 118.207897752007 24.9088855419982 0 727 0
"728" 116.686961355275 24.7205415076147 0 728 0
"729" 114.809159513293 24.6387610056709 0 729 0
"730" 118.715201156113 24.7740389232495 0 730 0
"731" 113.55129273247 24.9015595187261 0 731 0
"732" 121.189069649923 24.5503352555871 0 732 0
"733" 111.317757542804 24.2988697567042 0 733 0
"734" 114.363479264424 24.3265519318293 0 734 0
"735" 121.016039452433 24.2587807908069 0 735 0
"736" 111.343656484436 24.2405343481085 0 736 0
"737" 111.607822167747 24.8457143143243 0 737 0
"738" 112.043277867755 24.2478810602136 0 738 0
"739" 109.541564437887 24.4954842919817 0 739 0
"740" 124.259921730314 24.3317538949303 0 740 0
"741" 116.612227232007 25.0019046329167 0 741 0
"742" 119.170155596776 24.7232423192211 0 742 0
"743" 115.678110941556 24.3749874199373 0 743 0
"744" 114.464900340525 24.7034964182485 0 744 0
"745" 112.410729306515 24.7627780898498 0 745 0
"746" 114.633916089561 24.2238061091257 0 746 0
"747" 124.598120392935 24.253762272105 0 747 0
"748" 113.79079258179 24.454785848878 0 748 0
"749" 120.547325819312 24.761930619088 0 749 0
"750" 113.587719959762 24.4031800759662 0 750 0
"751" 116.439856710362 24.4230068510218 0 751 0
"752" 108.268135588874 24.169971327488 0 752 0
"753" 111.27188017557 24.5542497418503 0 753 0
"754" 111.028617741917 24.7412764883944 0 754 0
"755" 116.221058345171 24.3238808099469 0 755 0
"756" 119.161737309587 24.6512472199463 0 756 0
"757" 120.171973745567 24.5080446708182 0 757 0
"758" 112.678572935535 24.4934861428569 0 758 0
"759" 113.733776127029 24.1834222107926 0 759 0
"760" 114.703119740844 24.4298564519002 0 760 0
"761" 123.678863664206 24.5544792189731 0 761 0
"762" 115.143615988472 24.2203496932054 0 762 0
"763" 116.266051007796 24.5163196301974 0 763 0
"764" 116.591265195949 24.3275869804363 0 764 0
"765" 115.468554577117 24.5428087411851 0 765 0
"766" 119.1542449693 24.6034704243497 0 766 0
"767" 121.856303379665 24.3570009347837 0 767 0
"768" 118.879506826728 24.6392908196843 0 768 0
"769" 123.511250463229 24.0930889543616 0 769 0
"770" 118.748154229788 24.7449281370144 0 770 0
"771" 119.502174528527 24.4890962405762 0 771 0
"772" 120.14445160657 24.4464000394443 0 772 0
"773" 117.691467806766 24.5091714198174 0 773 0
"774" 117.285510692441 24.7470373677586 0 774 0
"775" 114.366371153774 24.1331745155095 0 775 0
"776" 112.638603012657 24.53491898493 0 776 0
"777" 117.97500716341 24.9905793435723 0 777 0
"778" 109.974348223413 24.449910823677 0 778 0
"779" 124.29890464721 24.3583379176385 0 779 0
"780" 114.167655430589 24.4945283985458 0 780 0
"781" 121.807947949453 24.3575837220924 0 781 0
"782" 121.933425048635 24.8562936667559 0 782 0
"783" 112.178906131067 24.2785184022278 0 783 0
"784" 115.757788792132 24.6724055441793 0 784 0
"785" 112.931542371159 24.7001961897982 0 785 0
"786" 108.723382668388 24.300082105063 0 786 0
"787" 112.949964110607 24.5505904389199 0 787 0
"788" 119.395090944382 24.1657570249501 0 788 0
"789" 112.485812048336 24.5646043437348 0 789 0
"790" 109.047573023165 24.6345498288861 0 790 0
"791" 123.114888843587 25.0041506594963 0 791 0
"792" 116.956996498461 24.4350959815843 0 792 0
"793" 114.999566135364 24.8815309287825 0 793 0
"794" 118.055803788765 24.5392656534615 0 794 0
"795" 115.231119953009 24.7961721371629 0 795 0
"796" 117.912649343875 24.422084144002 0 796 0
"797" 104.255732307936 23.969723596812 0 797 0
"798" 114.846134263329 24.204926189855 0 798 0
"799" 106.808495069512 24.5198634452794 0 799 0
"800" 116.153390610646 24.4170883902338 0 800 0
"801" 109.417799008987 24.073174058648 0 801 0
"802" 115.855145543798 24.8785315203824 0 802 0
"803" 115.081315769829 24.1494101194787 0 803 0
"804" 113.440818982161 24.3191915902142 0 804 0
"805" 101.727871896122 24.7642077171188 0 805 0
"806" 115.05291908399 24.4573223673256 0 806 0
"807" 114.307456469507 24.6142980997946 0 807 0
"808" 115.499556582772 24.5203283678099 0 808 0
"809" 116.788717953921 24.6006209080946 0 809 0
"810" 109.631592928324 24.0361036786402 0 810 0
"811" 110.909446514861 24.9846142566285 0 811 0
"812" 111.838425120165 24.4546449746958 0 812 0
"813" 111.991489503897 24.9515080901946 0 813 0
"814" 113.596809316939 24.1629531084685 0 814 0
"815" 106.057327626096 24.1357401879259 0 815 0
"816" 114.827105936995 24.4625090889633 0 816 0
"817" 110.024743734067 24.5603515046042 0 817 0
"818" 121.670073609976 24.6953165642248 0 818 0
"819" 121.06471558514 24.82403572709 0 819 0
"820" 116.594998490414 24.5464721748266 0 820 0
"821" 115.663371917992 24.5295306715631 0 821 0
"822" 118.206938990166 24.5744721047743 0 822 0
"823" 109.032007795379 24.6215407213058 0 823 0
"824" 116.853467862566 24.6364948510928 0 824 0
"825" 111.784649913808 24.6637708906627 0 825 0
"826" 121.400712102567 24.9969134217568 0 826 0
"827" 117.984285548335 24.7512215174521 0 827 0
"828" 113.112216087109 24.4629382061168 0 828 0
"829" 118.099859714001 24.9322264449822 0 829 0
"830" 115.892665023591 25.0845950811389 0 830 0
"831" 105.114358368366 24.1680733711824 0 831 0
"832" 119.413677836292 24.7723264869668 0 832 0
"833" 127.923724414571 24.3926778582082 0 833 0
"834" 120.192011854623 24.2331499834669 0 834 0
"835" 115.516886748524 24.309774706352 0 835 0
"836" 114.558671297009 24.4583274724223 0 836 0
"837" 107.807761100601 24.5659832216067 0 837 0
"838" 118.471771421461 24.5425177827457 0 838 0
"839" 119.772866790284 24.7853092304634 0 839 0
"840" 116.53092032417 24.4069040064485 0 840 0
"841" 122.366894512315 24.4236439392439 0 841 0
"842" 115.096038660198 24.1758240119261 0 842 0
"843" 112.863867306627 24.8104386591739 0 843 0
"844" 116.580035014155 24.5361876269985 0 844 0
"845" 113.841926498581 24.5212770949439 0 845 0
"846" 110.355016237138 24.1504538690288 0 846 0
"847" 113.428425113647 24.7386124090509 0 847 0
"848" 111.963256920944 24.5172717934905 0 848 0
"849" 114.217685557115 24.6445143734877 0 849 0
"850" 119.944601305613 24.5376685078741 0 850 0
"851" 121.614296145464 24.392237103536 0 851 0
"852" 117.865154989923 25.1563458466877 0 852 0
"853" 120.196601772317 24.2371344948759 0 853 0
"854" 116.378171478089 24.4862107699111 0 854 0
"855" 112.515021607504 24.3900768270881 0 855 0
"856" 120.140568004766 24.3956243879338 0 856 0
"857" 116.914740732877 24.8204953344754 0 857 0
"858" 116.118896863807 24.9641488324455 0 858 0
"859" 110.315589724895 24.5989978283616 0 859 0
"860" 113.850510926054 23.9143855185029 0 860 0
"861" 111.697955302794 24.3759365638006 0 861 0
"862" 118.603973205089 25.0477081791184 0 862 0
"863" 111.068079448207 25.0019912740518 0 863 0
"864" 115.837254073762 24.4682060038833 0 864 0
"865" 110.58435046584 24.8118095990898 0 865 0
"866" 119.206971218358 24.3408980565234 0 866 0
"867" 122.114972045732 24.7003965210196 0 867 0
"868" 118.414976727597 24.5623746800784 0 868 0
"869" 109.173379630531 24.6811460764445 0 869 0
"870" 115.083942110836 24.4171493371051 0 870 0
"871" 113.65585762902 24.7516300555234 0 871 0
"872" 115.306294387327 24.2188858301783 0 872 0
"873" 116.090793810449 24.2456435100501 0 873 0
"874" 112.871757035932 25.0787114453834 0 874 0
"875" 116.299321400573 24.3149111547638 0 875 0
"876" 109.941594769188 24.5697031235915 0 876 0
"877" 114.937724932116 24.9586938528326 0 877 0
"878" 117.969559836913 24.5137425542116 0 878 0
"879" 115.531631226904 24.0175982460004 0 879 0
"880" 114.222914281645 24.6463923415962 0 880 0
"881" 112.468823110524 24.8660397300062 0 881 0
"882" 117.041761875771 24.0861528269849 0 882 0
"883" 115.586870143453 23.9782231630062 0 883 0
"884" 112.304841693182 24.4462177669171 0 884 0
"885" 117.245259066034 24.6474785169952 0 885 0
"886" 118.04035488954 24.3334599336922 0 886 0
"887" 115.947206850071 24.7984055917187 0 887 0
"888" 113.056271148912 24.5435652738544 0 888 0
"889" 115.232129308182 24.3509908374804 0 889 0
"890" 115.087762803864 24.7221371896103 0 890 0
"891" 114.285077367101 24.7099013648998 0 891 0
"892" 119.819765703796 24.3416046887561 0 892 0
"893" 120.309226042367 24.5348529379583 0 893 0
"894" 116.139567113731 23.818443740882 0 894 0
"895" 118.71996082666 24.1384009013998 0 895 0
"896" 126.457223933853 24.2777519327234 0 896 0
"897" 112.273689828669 24.9010983422371 0 897 0
"898" 123.786784298443 24.8043201820732 0 898 0
"899" 115.657138697745 24.7394054523117 0 899 0
"900" 119.406787136581 24.2529124053296 0 900 0
"901" 113.655720836347 24.5836878030105 0 901 0
"902" 110.9171490984 24.2207604560519 0 902 0
"903" 114.155963433914 24.5035600075771 0 903 0
"904" 109.309227388026 24.4269012028445 0 904 0
"905" 118.227880383167 24.6155954740592 0 905 0
"906" 117.075926837513 24.1995483660504 0 906 0
"907" 121.782474708084 24.4781487266366 0 907 0
"908" 112.038903551195 24.1517985980803 0 908 0
"909" 117.301632280351 24.169968222204 0 909 0
"910" 121.537884684326 23.943004404203 0 910 0
"911" 114.915287899571 24.5490148632508 0 911 0
"912" 120.479880303668 24.6935069398383 0 912 0
"913" 116.362563908648 24.8234665761636 0 913 0
"914" 123.450322915929 24.3453286780383 0 914 0
"915" 116.19087597418 24.4313342131902 0 915 0
"916" 116.555362293701 24.3228394553476 0 916 0
"917" 108.098702403852 24.6763242068926 0 917 0
"918" 117.957442865619 24.4919416511384 0 918 0
"919" 112.94223227435 24.3841118322418 0 919 0
"920" 123.340496900251 24.4017804265452 0 920 0
"921" 106.161310338625 24.117263943388 0 921 0
"922" 116.971623172803 24.0337199195573 0 922 0
"923" 116.193044519116 24.8285211297911 0 923 0
"924" 119.779325842676 24.8042870975647 0 924 0
"925" 110.063510337703 24.4526889001017 0 925 0
"926" 111.818200193989 24.0365252262156 0 926 0
"927" 118.131064514569 24.8053775547303 0 927 0
"928" 108.495614873924 24.5713910385159 0 928 0
"929" 115.420536990364 24.7571297594504 0 929 0
"930" 120.476665238788 24.7996747068594 0 930 0
"931" 109.21661258367 24.1064042507942 0 931 0
"932" 114.714620747129 24.9931240821627 0 932 0
"933" 114.939065825136 24.3802218260656 0 933 0
"934" 112.343587970906 24.2453770373842 0 934 0
"935" 107.698419187667 24.4975725565654 0 935 0
"936" 103.513125798964 24.5411782972495 0 936 0
"937" 114.585567976701 24.2922032214571 0 937 0
"938" 113.088570337487 24.6927655947974 0 938 0
"939" 115.983030990582 24.150463878612 0 939 0
"940" 120.998689747092 24.3570780772549 0 940 0
"941" 111.952818722597 24.9647381982848 0 941 0
"942" 109.985215758011 24.3039590354589 0 942 0
"943" 116.289318647509 24.4855171750032 0 943 0
"944" 123.832266144342 24.9688739365755 0 944 0
"945" 114.601203779975 24.5237599939699 0 945 0
"946" 113.82942460296 24.4926955183161 0 946 0
"947" 112.695167947777 24.4733126576167 0 947 0
"948" 115.71752423179 24.1704447763164 0 948 0
"949" 112.535501676154 24.9943613344711 0 949 0
"950" 125.932927752687 24.6636482617921 0 950 0
"951" 105.964229048209 24.4394725454654 0 951 0
"952" 121.623947858756 24.2369793144483 0 952 0
"953" 120.281385096527 24.5547980610936 0 953 0
"954" 116.239385887126 24.8137369831636 0 954 0
"955" 120.677677321074 24.7778280288779 0 955 0
"956" 119.718153444153 24.0624339386307 0 956 0
"957" 114.724034271827 24.5622985967437 0 957 0
"958" 115.713265420564 24.124081454094 0 958 0
"959" 121.788383741758 24.2325608176883 0 959 0
"960" 113.318107199013 24.9624741214609 0 960 0
"961" 115.348641676206 24.3544385234872 0 961 0
"962" 116.626252506355 24.322723849077 0 962 0
"963" 116.875467245274 24.0308769621868 0 963 0
"964" 120.294700254188 24.3262057791257 0 964 0
"965" 111.523433355637 24.3634293325372 0 965 0
"966" 110.590517648425 24.4809076095762 0 966 0
"967" 119.238132642778 24.6606635250827 0 967 0
"968" 114.969926732424 24.7183519677295 0 968 0
"969" 119.032438767538 24.5826640319213 0 969 0
"970" 107.257788578399 24.808700779832 0 970 0
"971" 118.966076651896 24.3794380502142 0 971 0
"972" 102.585150770089 24.3371779971481 0 972 0
"973" 113.063236702993 25.2057215500324 0 973 0
"974" 124.240623630636 24.6597233150053 0 974 0
"975" 115.178253964443 24.2781948151184 0 975 0
"976" 111.636528293975 24.6871780784362 0 976 0
"977" 107.842466288461 24.6042673055443 0 977 0
"978" 116.215466516213 24.3376241262475 0 978 0
"979" 122.066779256967 24.6928979708195 0 979 0
"980" 115.672184430355 24.3265101285521 0 980 0
"981" 119.811162156238 24.980862065863 0 981 0
"982" 111.174851482556 24.6609759194786 0 982 0
"983" 106.810138408452 24.3733752761546 0 983 0
"984" 116.231360962949 24.2479350783081 0 984 0
"985" 111.812763548177 24.1706016384519 0 985 0
"986" 112.743981349387 24.5931230639834 0 986 0
"987" 119.579554881851 24.4453143063991 0 987 0
"988" 119.622467566147 24.5173712719641 0 988 0
"989" 110.56328384569 24.464921292043 0 989 0
"990" 123.122879405797 24.6462460652417 0 990 0
"991" 123.43193534648 24.9382344152786 0 991 0
"992" 121.19410136315 24.4435695392275 0 992 0
"993" 110.004522394044 24.4365453867001 0 993 0
"994" 116.209382799536 24.4959506391702 0 994 0
"995" 114.080180192391 24.6067931929917 0 995 0
"996" 124.763219905286 24.9916276028664 0 996 0
"997" 110.653429931978 24.7872890961744 0 997 0
"998" 121.065760434254 24.7574629409738 0 998 0
"999" 114.07304046823 24.4141279138205 0 999 0
"1000" 112.790574389681 25.1079210807619 0 1000 0
"1001" 112.828725618808 24.4632035390402 0 1001 0
"1002" 104.653430564127 24.3954926862549 0 1002 0
"1003" 117.779959761791 24.2690291797115 0 1003 0
"1004" 116.785382827162 24.8385826988652 0 1004 0
"1005" 119.060966300012 23.9964890615038 0 1005 0
"1006" 121.672439684323 24.205955398102 0 1006 0
"1007" 111.811802109606 24.9091549048182 0 1007 0
"1008" 111.732177805261 24.6831930517074 0 1008 0
"1009" 109.313017990681 24.3120296824758 0 1009 0
"1010" 112.3912399691 24.4350639955558 0 1010 0
"1011" 118.584638423397 24.4749038077186 0 1011 0
"1012" 113.922666766197 24.306099805489 0 1012 0
"1013" 118.506347973151 24.4808270969601 0 1013 0
"1014" 117.596754314488 24.9768061655114 0 1014 0
"1015" 121.392603278549 25.279319948229 0 1015 0
"1016" 127.512986031809 24.3819645910659 0 1016 0
"1017" 123.600116264107 24.5300897639808 0 1017 0
"1018" 123.53526780558 25.0371251716642 0 1018 0
"1019" 107.642100036762 24.300727528374 0 1019 0
"1020" 117.875432666563 24.656691377968 0 1020 0
"1021" 113.952625186446 24.1503581394191 0 1021 0
"1022" 118.904704859948 24.4048194475636 0 1022 0
"1023" 124.9066323215 24.9645984523817 0 1023 0
"1024" 113.892074036951 24.6483766027842 0 1024 0
"1025" 114.533905494087 24.0522749204994 0 1025 0
"1026" 118.778406685342 24.2988023138309 0 1026 0
"1027" 113.762557890684 24.0917675519152 0 1027 0
"1028" 121.36806527642 24.7783207475989 0 1028 0
"1029" 108.630578097505 24.6891858188453 0 1029 0
"1030" 116.246117714235 24.6234301195277 0 1030 0
"1031" 124.647226776953 25.0954810862373 0 1031 0
"1032" 110.898680598627 24.6010466683861 0 1032 0
"1033" 122.274237252046 24.5682712712796 0 1033 0
"1034" 112.304606279027 24.0563246999783 0 1034 0
"1035" 123.311865565836 24.539088051981 0 1035 0
"1036" 119.330020768514 24.5907930402207 0 1036 0
"1037" 109.777795561159 24.5706629842555 0 1037 0
"1038" 114.408645174813 24.2295425671959 0 1038 0
"1039" 120.983011386798 24.6374976829446 0 1039 0
"1040" 120.366172918801 24.3616989571857 0 1040 0
"1041" 122.185550314345 24.7113012476207 0 1041 0
"1042" 121.850211750987 24.5176955078831 0 1042 0
"1043" 121.225482272579 24.916312871838 0 1043 0
"1044" 118.288920364493 24.7894734009461 0 1044 0
"1045" 117.686460994111 24.6830748902257 0 1045 0
"1046" 110.561056022769 24.5463682983926 0 1046 0
"1047" 119.666793571594 24.7761033291984 0 1047 0
"1048" 124.304141488035 24.0870067295281 0 1048 0
"1049" 114.523738497732 24.8982498761393 0 1049 0
"1050" 68.5748184998914 24.1104432082858 0 1050 0
"1051" 104.031348361752 48.9971361495377 0 1051 0
"1052" 61.5270179648281 74.4462867571565 0 1052 0
"1053" 68.9556911490884 64.3087375194137 0 1053 0
"1054" 118.225284233317 53.5095348425082 0 1054 0
"1055" 2.45358596046288 62.8164695613728 0 1055 0
"1056" 49.748806296141 75.3616673096518 0 1056 0
"1057" 13.2653244705733 67.4282653757168 0 1057 0
"1058" 4.88334359912999 69.8948622597581 0 1058 0
"1059" 109.210584321729 72.5680584813684 0 1059 0
"1060" 47.8327710682131 66.6878885667959 0 1060 0
"1061" 122.758391902643 75.3268244925303 0 1061 0
"1062" 29.0886748389925 45.3090152361686 0 1062 0
"1063" 88.6698569337951 61.6190981785481 0 1063 0
"1064" 50.8689672690151 43.5318684916298 0 1064 0
"1065" 116.545716501111 44.7298448582908 0 1065 0
"1066" 91.9700295907107 38.9496852540248 0 1066 0
"1067" 100.910692404376 79.2959246442728 0 1067 0
"1068" 87.9891782237194 61.9009519137371 0 1068 0
"1069" 31.8301029118622 42.4314442887553 0 1069 0
"1070" 93.1057757540565 55.4015474163025 0 1070 0
"1071" 1.18530127969342 43.958301762941 0 1071 0
"1072" 98.9102189157859 31.1497851698484 0 1072 0
"1073" 111.694036304698 79.2324821900652 0 1073 0
"1074" 127.42649171961 56.4278380033971 0 1074 0
"1075" 116.292208136834 66.2486441272185 0 1075 0
"1076" 47.5601027911022 61.4186268193445 0 1076 0
"1077" 14.6490772358905 45.7434451602571 0 1077 0
"1078" 33.4612602745521 31.5998688987561 0 1078 0
"1079" 43.5053762302934 41.3521714243256 0 1079 0
"1080" 102.664028059254 44.2277359019126 0 1080 0
"1081" 45.5220306616809 41.3156431667364 0 1081 0
"1082" 112.506480989402 64.5422046637555 0 1082 0
"1083" 29.4619035779668 62.7499518078976 0 1083 0
"1084" 109.939368171294 79.9600785899224 0 1084 0
"1085" 21.0683512373166 72.1663506806461 0 1085 0
"1086" 47.6232517635149 58.4039280565439 0 1086 0
"1087" 126.958379225639 50.1268860150251 0 1087 0
"1088" 54.1198269961074 78.5406259357182 0 1088 0
"1089" 121.83487013469 23.7212613265059 0 1089 0
"1090" 84.6636416720568 70.4042123526049 0 1090 0
"1091" 39.4631482317282 72.7229092128873 0 1091 0
"1092" 41.3794741903637 57.888643921576 0 1092 0
"1093" 121.658960669333 74.2446362687592 0 1093 0
"1094" 39.6604654212545 58.8761317613128 0 1094 0
"1095" 117.03135542709 45.123105967919 0 1095 0
"1096" 108.093616980274 52.483071314175 0 1096 0
"1097" 74.5907515042209 58.809252283314 0 1097 0
"1098" 126.238992185543 39.3171398947114 0 1098 0
"1099" 124.895478634246 55.1390882964882 0 1099 0
"1100" 60.5770954072631 35.3439495353537 0 1100 0
"1101" 27.3968624166108 58.0240761359171 0 1101 0
"1102" 14.5369210400452 75.2418742208025 0 1102 0
"1103" 19.0108924757232 36.3459232683119 0 1103 0
"1104" 96.1516239463954 42.298133164551 0 1104 0
"1105" 90.175207839885 28.4896053628334 0 1105 0
"1106" 28.4485370895539 27.0585579426282 0 1106 0
"1107" 20.3871492119673 29.3776587288488 0 1107 0
"1108" 14.3185157366053 78.7049250275375 0 1108 0
"1109" 126.179365386625 63.0841923629536 0 1109 0
"1110" 70.1276014435925 64.3934790830808 0 1110 0
"1111" 69.782333704368 49.4955243126251 0 1111 0
"1112" 114.323061484883 62.3293508275823 0 1112 0
"1113" 75.0987054783126 69.4831811311066 0 1113 0
"1114" 115.778966555683 74.9630604805041 0 1114 0
"1115" 51.1902135063387 39.758042173393 0 1115 0
"1116" 115.054330672622 50.4454793584071 0 1116 0
"1117" 15.3590021451481 30.3158216238669 0 1117 0
"1118" 57.5009932386075 77.5685299587075 0 1118 0
"1119" 2.10258509504869 27.6522285098859 0 1119 0
"1120" 22.375647185633 51.7133069146417 0 1120 0
"1121" 91.3445051605213 46.1780527557365 0 1121 0
"1122" 66.7820848297052 43.5198654791325 0 1122 0
"1123" 79.1890013111362 63.7019792153202 0 1123 0
"1124" 70.9254086931358 77.1314404866705 0 1124 0
"1125" 26.8714898771123 52.4700782464487 0 1125 0
"1126" 122.681422309915 33.2985462747874 0 1126 0
"1127" 125.227346709783 63.0547283103542 0 1127 0
"1128" 102.251433876338 67.0297496218199 0 1128 0
"1129" 107.624289997104 31.6500289928225 0 1129 0
"1130" 20.8918971394114 53.7981295996557 0 1130 0
"1131" 116.596693428809 63.3367377309748 0 1131 0
"1132" 39.233796954364 71.5516450468438 0 1132 0
"1133" 119.732940322793 47.30334716129 0 1133 0
"1134" 23.4131735298227 40.2838056040334 0 1134 0
"1135" 108.790969461145 66.3519077385013 0 1135 0
"1136" 28.5467720332568 72.7588346138874 0 1136 0
"1137" 86.0549805289552 28.7558929463606 0 1137 0
"1138" 74.7795319291272 78.587730034295 0 1138 0
"1139" 78.3288117369754 25.8445466107192 0 1139 0
"1140" 16.3184999401523 26.8286213548934 0 1140 0
"1141" 47.1445781081535 47.1508063956819 0 1141 0
"1142" 67.0742880667285 62.3449206127411 0 1142 0
"1143" 8.91673924941267 33.7457320058625 0 1143 0
"1144" 1.00704497890127 49.9352621018021 0 1144 0
"1145" 71.7422191616353 24.1442476248508 0 1145 0
"1146" 47.1575343963468 79.0985897459987 0 1146 0
"1147" 65.2529467628716 33.5971855367647 0 1147 0
"1148" 120.227436219102 55.0713156917443 0 1148 0
"1149" 18.563764665202 47.8490838317732 0 1149 0
"1150" 82.2718780263011 67.1653856951549 0 1150 0
"1151" 80.1249772799657 39.5587813764343 0 1151 0
"1152" 81.6783825928128 33.6106984720114 0 1152 0
"1153" 26.9269654047543 54.2078594479953 0 1153 0
"1154" 76.0673731252656 69.2395111011093 0 1154 0
"1155" 84.1532725341147 44.5453332575562 0 1155 0
"1156" 13.2965944710708 30.7399103648024 0 1156 0
"1157" 39.1393545503153 60.1563759805419 0 1157 0
"1158" 26.0607357773311 67.0558167115828 0 1158 0
"1159" 74.9243283558187 32.7108052573275 0 1159 0
"1160" 88.7092160659184 50.7504481719438 0 1160 0
"1161" 64.3160849957818 75.5244170651902 0 1161 0
"1162" 97.0933763607366 61.339510173097 0 1162 0
"1163" 2.67793890261157 46.1023616250046 0 1163 0
"1164" 2.0643631025716 68.1315508275216 0 1164 0
"1165" 97.8253971014971 24.6049847005378 0 1165 0
"1166" 88.2475360297898 68.5407036237063 0 1166 0
"1167" 9.74285679237312 54.6984085463681 0 1167 0
"1168" 86.428363758625 53.8311196372626 0 1168 0
"1169" 50.1889846751375 66.1011756175487 0 1169 0
"1170" 40.276555677199 55.1077307163581 0 1170 0
"1171" 57.3538361023887 37.8151713191979 0 1171 0
"1172" 28.0924589614172 28.8336495681208 0 1172 0
"1173" 39.310462746156 48.6539201833475 0 1173 0
"1174" 65.794116772406 78.6173669884949 0 1174 0
"1175" 113.366723380386 24.1566810547818 0 1175 0
"1176" 116.049782046039 74.5145990881328 0 1176 0
"1177" 117.781009335094 24.4870921287458 0 1177 0
"1178" 83.5160057392486 47.8848734060537 0 1178 0
"1179" 81.7280444590307 32.0737062105081 0 1179 0
"1180" 34.9850899529609 24.1938491249265 0 1180 0
"1181" 55.8717290642671 55.2896660488927 0 1181 0
"1182" 56.3626238000294 75.1772058247487 0 1182 0
"1183" 28.1461105818521 38.2550334400316 0 1183 0
"1184" 9.45758479573655 66.0800853614897 0 1184 0
"1185" 90.2268185694573 55.5858928671345 0 1185 0
"1186" 50.1800901316222 78.1155894202446 0 1186 0
"1187" 55.1838267158242 68.4780356724802 0 1187 0
"1188" 97.486203922129 54.2917031019143 0 1188 0
"1189" 54.2538830593474 62.3021873202273 0 1189 0
"1190" 35.7979736663398 75.9563427700185 0 1190 0
"1191" 85.6244772749068 40.6078633303366 0 1191 0
"1192" 93.945880168256 38.7240833752132 0 1192 0
"1193" 123.028753180232 42.7676446066868 0 1193 0
"1194" 67.9839136809508 28.4780502085548 0 1194 0
"1195" 92.160268075519 51.7737179886495 0 1195 0
"1196" 125.683663188618 45.7570916496363 0 1196 0
"1197" 33.6947805081948 47.4767410939827 0 1197 0
"1198" 95.3768830895774 33.66760899549 0 1198 0
"1199" 93.6775482297111 42.3364107460893 0 1199 0
"1200" 98.3912521875367 65.4143575699711 0 1200 0
"1201" 74.6113360124081 41.4539236330348 0 1201 0
"1202" 110.396495153155 51.4496253014999 0 1202 0
"1203" 8.40651778421093 42.1525854402447 0 1203 0
"1204" 15.4111514336318 28.4553677409516 0 1204 0
"1205" 91.9473082936978 65.3811138746441 0 1205 0
"1206" 44.8348719467129 77.1862257580067 0 1206 0
"1207" 0.548430908726103 31.1898737390809 0 1207 0
"1208" 9.53089927973166 61.7397582461776 0 1208 0
"1209" 82.8610351264505 37.4628399399356 0 1209 0
"1210" 107.805471974747 75.0272519107261 0 1210 0
"1211" 43.0508726725278 49.7851967385208 0 1211 0
"1212" 18.1521446162356 63.32738333951 0 1212 0
"1213" 54.1203772259289 29.9398111022018 0 1213 0
"1214" 32.5837552379482 78.9206001136053 0 1214 0
"1215" 72.5411038267286 38.9560138014178 0 1215 0
"1216" 23.4967327208618 55.1221991027308 0 1216 0
"1217" 94.0276769327753 70.7348944193723 0 1217 0
"1218" 125.496056910861 73.5082600059632 0 1218 0
"1219" 78.9355377845904 69.0847563996096 0 1219 0
"1220" 121.529740531067 27.7226461285907 0 1220 0
"1221" 49.7267115066836 70.4793275806882 0 1221 0
"1222" 4.3336804122522 75.6188815361817 0 1222 0
"1223" 9.9590317312973 60.7497783825173 0 1223 0
"1224" 12.8008381164688 76.3440546182383 0 1224 0
"1225" 123.503145665896 53.8560717587803 0 1225 0
"1226" 70.543444605433 55.8553863972642 0 1226 0
"1227" 109.071048140958 47.2057520693894 0 1227 0
"1228" 58.3269008838221 61.5908767158169 0 1228 0
"1229" 97.2072349910509 59.185221462391 0 1229 0
"1230" 76.4004767988669 64.9093840439315 0 1230 0
"1231" 116.420704559582 37.3180335546939 0 1231 0
"1232" 109.278604023437 44.0082463708235 0 1232 0
"1233" 108.487463394257 70.3949712733917 0 1233 0
"1234" 87.8973041642165 73.0500241106118 0 1234 0
"1235" 83.1591009712659 57.1745832224749 0 1235 0
"1236" 105.47080742314 30.6734633786337 0 1236 0
"1237" 61.6392484734073 54.4194110964675 0 1237 0
"1238" 52.0961558468256 32.8111160247938 0 1238 0
"1239" 77.8379536812164 77.1509698849602 0 1239 0
"1240" 100.239060257375 38.769291686885 0 1240 0
"1241" 32.4772037585086 71.2635247715375 0 1241 0
"1242" 32.3508921777729 55.4855256020949 0 1242 0
"1243" 4.55041034463464 25.4075189741926 0 1243 0
"1244" 92.2145081837333 36.0571852456857 0 1244 0
"1245" 16.392019945302 50.5398201055268 0 1245 0
"1246" 111.15242836808 46.2205814493444 0 1246 0
"1247" 16.3498013211072 61.2156314218068 0 1247 0
"1248" 73.9435158764262 71.0969384793169 0 1248 0
"1249" 60.8334536172472 50.3407478936624 0 1249 0
"1250" 94.3124684570966 78.1337255772792 0 1250 0
"1251" 47.3473589211183 43.6236985981094 0 1251 0
"1252" 84.2019440700175 74.613303176131 0 1252 0
"1253" 6.58087438042738 39.9199322171448 0 1253 0
"1254" 110.75608012183 73.2352316383065 0 1254 0
"1255" 104.809287583853 73.011963944314 0 1255 0
"1256" 22.8135449735184 70.8237552454169 0 1256 0
"1257" 112.073213843518 69.5461754892667 0 1257 0
"1258" 116.032162752887 64.5228488144893 0 1258 0
"1259" 115.212498151407 39.0834236906746 0 1259 0
"1260" 88.7830279926848 57.6863317271528 0 1260 0
"1261" 12.6751783798817 72.9761234746518 0 1261 0
"1262" 58.8946417745742 54.2010803866278 0 1262 0
"1263" 24.0551148814665 70.4265269517715 0 1263 0
"1264" 7.76870141452344 49.8674876737035 0 1264 0
"1265" 83.6111689410884 70.8645227236313 0 1265 0
"1266" 64.1362582430324 39.2290343735722 0 1266 0
"1267" 86.3152732945151 33.2946730331803 0 1267 0
"1268" 83.7595406558239 34.3026203935565 0 1268 0
"1269" 11.7518861299033 63.0543234066749 0 1269 0
"1270" 72.0064117082226 54.5387026041952 0 1270 0
"1271" 76.7354546955889 41.2549218185207 0 1271 0
"1272" 24.7206878611131 33.5885662611753 0 1272 0
"1273" 112.179050658349 30.6108475383592 0 1273 0
"1274" 31.4905088129131 45.6610949264054 0 1274 0
"1275" 79.01331499239 75.8237793534078 0 1275 0
"1276" 94.6868781016301 68.5866302578916 0 1276 0
"1277" 13.8463908015968 72.1063648843254 0 1277 0
"1278" 13.8652143719008 76.3092147871906 0 1278 0
"1279" 24.4716241783661 32.2677124292616 0 1279 0
"1280" 35.5251724539899 31.1627753439898 0 1280 0
"1281" 60.3596112125411 29.9328157222493 0 1281 0
"1282" 87.46050177461 33.3714299280034 0 1282 0
"1283" 120.669218723013 64.2530640761008 0 1283 0
"1284" 48.0415593630737 48.1376643720384 0 1284 0
"1285" 75.0108105143894 45.2268528342864 0 1285 0
"1286" 8.88207060247765 74.6291704059504 0 1286 0
"1287" 20.5862727427899 79.4529579050575 0 1287 0
"1288" 37.3530850459291 74.8562888931457 0 1288 0
"1289" 4.76642644604475 51.1668097995067 0 1289 0
"1290" 85.0631339483578 80.226870740645 0 1290 0
"1291" 89.2790244345809 69.6107197518546 0 1291 0
"1292" 44.9698030007123 29.880582262376 0 1292 0
"1293" 98.1256142642305 45.0707565796762 0 1293 0
"1294" 34.7908520377984 60.6967463328813 0 1294 0
"1295" 86.5274276942195 50.6465809641599 0 1295 0
"1296" 19.2305590413204 77.0039958479708 0 1296 0
"1297" 63.5315124094565 58.7625690758027 0 1297 0
"1298" 8.39841805349336 71.8767693960648 0 1298 0
"1299" 57.9892590423187 66.9007679346651 0 1299 0
"1300" 48.6681046108536 35.4169834567879 0 1300 0
"1301" 46.9788557098354 49.5984877045768 0 1301 0
"1302" 12.8245820769814 37.0409566259026 0 1302 0
"1303" 66.3331387390229 30.6158568753443 0 1303 0
"1304" 12.4197153465679 28.871455495339 0 1304 0
"1305" 87.9786431134679 48.6348853766526 0 1305 0
"1306" 51.712386787372 33.9679692929916 0 1306 0
"1307" 32.4632746165927 60.5454303992513 0 1307 0
"1308" 25.4507009373776 67.0812584963524 0 1308 0
"1309" 126.777784931913 42.985282904149 0 1309 0
"1310" 104.4403013398 47.0408030572869 0 1310 0
"1311" 62.4200732387187 38.7142782847958 0 1311 0
"1312" 60.0789667913145 76.1827513908384 0 1312 0
"1313" 98.316571432966 48.4760642107883 0 1313 0
"1314" 82.0309815988231 42.0970193766742 0 1314 0
"1315" 77.935998942857 63.8799950749546 0 1315 0
"1316" 46.5195011323219 53.4928110191033 0 1316 0
"1317" 120.155047994507 59.9993988209489 0 1317 0
"1318" 116.903281003016 76.9668134684548 0 1318 0
"1319" 38.0065492776846 55.994776335318 0 1319 0
"1320" 16.8976426253236 32.1165602011818 0 1320 0
"1321" 44.3366362978003 69.4254856401755 0 1321 0
"1322" 90.4458112888584 73.4205463475526 0 1322 0
"1323" 27.2372929102015 27.28529972208 0 1323 0
"1324" 22.1730094008627 69.0541617084839 0 1324 0
"1325" 23.138517297763 34.5609615590523 0 1325 0
"1326" 109.493627978395 66.6417741799175 0 1326 0
"1327" 75.5665680004435 44.8018046255592 0 1327 0
"1328" 118.702195849204 40.5362153699512 0 1328 0
"1329" 49.2095387640478 32.4898131761844 0 1329 0
"1330" 16.2881638804193 72.851431850653 0 1330 0
"1331" 13.085950531273 50.6028631393323 0 1331 0
"1332" 88.4045896809763 28.979937032753 0 1332 0
"1333" 98.7676040263331 54.2800952421119 0 1333 0
"1334" 82.1979161045214 69.3054523441509 0 1334 0
"1335" 104.864903996053 25.3842696942894 0 1335 0
"1336" 98.0939364666513 68.6609714718639 0 1336 0
"1337" 57.2682823468548 34.5609342880066 0 1337 0
"1338" 101.892956006625 34.8267280594892 0 1338 0
"1339" 32.913311907599 60.759424629664 0 1339 0
"1340" 104.120928432415 61.6415343214884 0 1340 0
"1341" 96.5783022680595 55.4171676079724 0 1341 0
"1342" 110.866630495715 75.8196685471685 0 1342 0
"1343" 0.705432606498894 77.8505737720277 0 1343 0
"1344" 111.061191712951 49.0846243858021 0 1344 0
"1345" 17.4107306982793 64.0422864945906 0 1345 0
"1346" 112.555303234864 79.091933523251 0 1346 0
"1347" 112.154083812728 32.70238574479 0 1347 0
"1348" 23.0208759527954 23.7468826192339 0 1348 0
"1349" 122.317514995858 29.7939855673307 0 1349 0
"1350" 72.0632692562143 51.7830506055585 0 1350 0
"1351" 16.1075671155562 42.5193959478178 0 1351 0
"1352" 71.0253726881282 58.64814110274 0 1352 0
"1353" 117.045821698826 60.2826608863147 0 1353 0
"1354" 120.617986553702 44.4045414767692 0 1354 0
"1355" 121.307114615662 30.6004046701445 0 1355 0
"1356" 56.8863728325659 72.2128975461419 0 1356 0
"1357" 28.8582195590305 78.7709671893032 0 1357 0
"1358" 67.9733958686554 54.6804095769628 0 1358 0
"1359" 39.3992151051551 47.931338484838 0 1359 0
"1360" 73.5634914523044 36.8718339546712 0 1360 0
"1361" 92.2665825342558 41.9164670587527 0 1361 0
"1362" 18.9466047857096 36.8728056838632 0 1362 0
"1363" 100.862867604912 78.7836773463563 0 1363 0
"1364" 25.837765748714 42.4223803920626 0 1364 0
"1365" 44.4603461885328 50.3760134252042 0 1365 0
"1366" 1.55867763186263 31.3062360933918 0 1366 0
"1367" 124.656659360815 51.230097202493 0 1367 0
"1368" 121.102921890527 40.5921252151771 0 1368 0
"1369" 14.6381229553746 73.02765212862 0 1369 0
"1370" 101.689301006764 76.3341805442311 0 1370 0
"1371" 45.1766468385825 51.4104355801184 0 1371 0
"1372" 35.8035866000189 45.343858291119 0 1372 0
"1373" 32.9889258288432 39.2395390508719 0 1373 0
"1374" 16.68215248896 25.5146946196164 0 1374 0
"1375" 118.000054692682 34.4997092049967 0 1375 0
"1376" 35.0516514459032 60.3361312149503 0 1376 0
"1377" 58.3025099321158 42.7435948476026 0 1377 0
"1378" 100.533359762538 65.3577132166546 0 1378 0
"1379" 39.2881356996325 69.0251915604181 0 1379 0
"1380" 17.4415338921445 39.3766251272896 0 1380 0
"1381" 26.9847600494199 61.606483179475 0 1381 0
"1382" 75.7450373846636 55.2845730886285 0 1382 0
"1383" 114.35942518265 70.2280899676502 0 1383 0
"1384" 4.805063887195 53.7484323206024 0 1384 0
"1385" 37.6570977255895 26.4061689956113 0 1385 0
"1386" 8.84983763280388 23.681762705039 0 1386 0
"1387" 41.8483881066787 50.7136746995599 0 1387 0
"1388" 111.475031199842 34.3451551253755 0 1388 0
"1389" 122.566490819279 36.6074764582595 0 1389 0
"1390" 111.212614805003 25.581284118139 0 1390 0
"1391" 105.604280834056 26.1703289796182 0 1391 0
"1392" 52.5225269734624 31.2077790699684 0 1392 0
"1393" 33.9963947265064 57.7946789573096 0 1393 0
"1394" 25.711044137942 60.7483777949921 0 1394 0
"1395" 72.779755866735 37.2439891775974 0 1395 0
"1396" 126.830399895665 62.5755005672519 0 1396 0
"1397" 28.5732728592409 25.0208106317466 0 1397 0
"1398" 15.7996873453258 28.4941227639795 0 1398 0
"1399" 113.827229745729 38.9177524715201 0 1399 0
"1400" 86.7293422993803 37.6957398755959 0 1400 0
"1401" 22.5378142436362 68.1064915112397 0 1401 0
"1402" 111.868350964005 73.2550299021524 0 1402 0
"1403" 64.3611006488608 31.3647416955739 0 1403 0
"1404" 99.0553910743289 41.0543955076317 0 1404 0
"1405" 120.937307061082 28.1307216656214 0 1405 0
"1406" 105.306958086806 58.2526917163146 0 1406 0
"1407" 17.7493732310077 51.8948896790647 0 1407 0
"1408" 126.846891427581 42.2430163993852 0 1408 0
"1409" 78.1483960796284 59.6391423225533 0 1409 0
"1410" 81.9893452696799 43.8239645920695 0 1410 0
"1411" 81.6324728051092 70.9293865886045 0 1411 0
"1412" 107.570824694413 34.8435336299675 0 1412 0
"1413" 116.916847661945 54.6375220920543 0 1413 0
"1414" 83.1589139092039 26.0954590588185 0 1414 0
"1415" 43.8776912739595 73.0500755212895 0 1415 0
"1416" 83.9121949395752 68.5612081600688 0 1416 0
"1417" 122.567692000067 34.9619616338593 0 1417 0
"1418" 17.4269651128993 46.8092077848342 0 1418 0
"1419" 40.2034200082198 60.188684030604 0 1419 0
"1420" 72.8987380861395 69.7560911260415 0 1420 0
"1421" 3.33054288110913 55.1055350140145 0 1421 0
"1422" 30.2412847826959 68.4528608638485 0 1422 0
"1423" 72.2203836735425 31.1088335988631 0 1423 0
"1424" 53.0893701568622 59.0090839488766 0 1424 0
"1425" 88.5124464862134 76.9945995193457 0 1425 0
"1426" 17.7426826435968 45.7299184177223 0 1426 0
"1427" 66.0882350807354 38.586083216683 0 1427 0
"1428" 81.7502590241805 44.1227960726379 0 1428 0
"1429" 7.08215947142833 42.217669151598 0 1429 0
"1430" 10.9136440297323 61.3694443341287 0 1430 0
"1431" 78.8789704909426 56.1680959068455 0 1431 0
"1432" 95.2717230982156 35.5736888176017 0 1432 0
"1433" 74.8885980133351 73.6510357949594 0 1433 0
"1434" 74.1076997093807 61.8163251553586 0 1434 0
"1435" 111.524167130786 77.5672746582065 0 1435 0
"1436" 123.535636526956 25.0871892553231 0 1436 0
"1437" 36.0381944910307 59.7844818276694 0 1437 0
"1438" 95.9899064268412 75.3576068174348 0 1438 0
"1439" 90.9837912397011 65.8912950605347 0 1439 0
"1440" 92.3700384536485 40.016905214742 0 1440 0
"1441" 70.5494534271017 68.4438345044817 0 1441 0
"1442" 17.0029624664723 32.1863563994317 0 1442 0
"1443" 25.8016915014272 68.2565011168598 0 1443 0
"1444" 27.2980773919501 30.8300992537746 0 1444 0
"1445" 107.043030262427 46.9885271845955 0 1445 0
"1446" 97.6138625104841 29.6020898289032 0 1446 0
"1447" 95.1252739575141 79.8764287269078 0 1447 0
"1448" 72.7549618220384 30.5588373733849 0 1448 0
"1449" 59.8039255978571 24.3998017132641 0 1449 0
"1450" 73.9475083995072 76.2546000920168 0 1450 0
"1451" 41.4712945994074 66.7387695598554 0 1451 0
"1452" 107.358577135837 75.2448324157689 0 1452 0
"1453" 126.287254554819 66.9773479112221 0 1453 0
"1454" 40.4932231761668 73.7591966861836 0 1454 0
"1455" 46.3771136172074 34.9499871211902 0 1455 0
"1456" 76.270548397129 66.2127486133818 0 1456 0
"1457" 94.2456934341354 48.1315229827663 0 1457 0
"1458" 5.07577189799585 41.6245842908242 0 1458 0
"1459" 93.3302190564404 37.6760141495604 0 1459 0
"1460" 46.040763376273 29.2761887569644 0 1460 0
"1461" 112.960917022616 58.5081134001017 0 1461 0
"1462" 40.5177411085662 46.0423394012262 0 1462 0
"1463" 8.85584830038183 62.4375186686951 0 1463 0
"1464" 101.450901112007 69.1757535764779 0 1464 0
"1465" 42.9691084496023 27.2413696217585 0 1465 0
"1466" 23.6354082315565 48.3434499648595 0 1466 0
"1467" 92.8353246223693 51.3749804064651 0 1467 0
"1468" 86.9138102039046 69.2121981050863 0 1468 0
"1469" 13.7648433836905 60.4421633658752 0 1469 0
"1470" 82.0219895496174 60.4623302644951 0 1470 0
"1471" 21.7118238897779 43.2796442322434 0 1471 0
"1472" 118.807046591221 30.7068818781923 0 1472 0
"1473" 7.16259737878179 26.7366560426919 0 1473 0
"1474" 121.644682769659 34.1364314077035 0 1474 0
"1475" 26.3258432696812 52.779446907598 0 1475 0
"1476" 105.405695653736 63.1814661480286 0 1476 0
"1477" 74.838843792109 56.4927445454427 0 1477 0
"1478" 98.7013012881865 28.3317739483056 0 1478 0
"1479" 4.5375681753151 36.0395423193363 0 1479 0
"1480" 53.2284759430496 55.0959865541783 0 1480 0
"1481" 105.46400462231 72.2324362329709 0 1481 0
"1482" 50.8657225475913 31.2314515135243 0 1482 0
"1483" 4.58875199371323 79.2330719792782 0 1483 0
"1484" 20.8840136480311 62.4701010015269 0 1484 0
"1485" 96.2635788785865 32.5980857677089 0 1485 0
"1486" 30.8629863348194 47.8057989347954 0 1486 0
"1487" 91.6308324813423 34.7637580259391 0 1487 0
"1488" 76.3088776607519 34.2616796966364 0 1488 0
"1489" 86.3414297393324 28.4807402646643 0 1489 0
"1490" 27.5728024883341 28.7041895938625 0 1490 0
"1491" 19.0565055484006 53.4820697681251 0 1491 0
"1492" 110.095041290767 29.9982554766583 0 1492 0
"1493" 114.074639761738 60.6563225966842 0 1493 0
"1494" 7.72409990011754 74.922763573167 0 1494 0
"1495" 59.8643238379806 35.5991647440292 0 1495 0
"1496" 16.4026887946562 76.5791383912233 0 1496 0
"1497" 5.7426797379879 52.639810433478 0 1497 0
"1498" 24.3641922597575 44.9197340211904 0 1498 0
"1499" 109.303259356985 80.2561860973396 0 1499 0
"1500" 112.146096831338 45.6361944533942 0 1500 0
