"V1" "V2" "V3"
"1" 26.0077985134316 31.4643720413594 1
"2" 33.3909823024044 32.0681284725631 1
"3" 30.7499844495403 32.7665252786781 1
"4" 33.4612602745521 31.5998688987561 1
"5" 82.2718780263011 67.1653856951549 1
"6" 2.52531583619006 70.3559097653622 2
"7" 31.6693485569983 36.5265649811044 2
"8" 33.6869233750272 31.6368941289528 2
"9" 36.2298802501224 33.8351711318058 2
"10" 32.2774276142337 33.8405116966303 2
"11" 30.6034459004667 32.129581423469 2
"12" 30.3444607850931 33.167726232238 2
"13" 30.4755441056429 33.7538421826636 2
"14" 31.3201328347285 33.6566966516751 2
"15" 31.4363882881059 32.3019700763933 2
"16" 33.3865481995354 32.9325412689636 2
"17" 30.6630507105245 34.6159450162534 2
"18" 27.4597300564539 34.3773771229466 2
"19" 33.2667903344983 32.0663548332847 2
"20" 30.8184103250935 31.1281422399602 2
"21" 31.6060824890851 30.511090523308 2
"22" 33.5218545637633 30.9772402250882 2
"23" 30.6745190564307 32.7237715698357 2
"24" 25.5435593778521 32.3249630386112 2
"25" 29.3659615040371 28.0568635681135 2
"26" 34.9798214280218 31.461748308079 2
"27" 31.5284649015255 30.5946737160596 2
"28" 70.1276014435925 64.3934790830808 2
"29" 94.6868781016301 68.5866302578916 2
"30" 86.9138102039046 69.2121981050863 2
"31" 2.22184105800198 69.0580243837512 3
"32" 2.45753015832122 70.270827096257 3
"33" 2.43009647434363 72.3277815002569 3
"34" 2.27231028038584 70.3525962219041 3
"35" 0.921051625261611 74.4769491150637 3
"36" 2.7813693169272 69.2990278287078 3
"37" 1.73991638454142 70.0942199092902 3
"38" 2.1877506805142 69.3395467877129 3
"39" 2.24674850716413 70.4377685953757 3
"40" 2.01311334800461 70.2669761040871 3
"41" 1.45229571072268 72.5448651360895 3
"42" 0.955450513984615 68.9836533421483 3
"43" 3.02243498548596 68.9691561786505 3
"44" 1.94658833441452 70.0231812504827 3
"45" 2.47939536756113 70.1829301574587 3
"46" 2.82377493849649 79.3163049426732 3
"47" 27.5013370971866 35.2775387438824 3
"48" 31.3726811970327 33.3918534121621 3
"49" 31.3991390116996 30.3050925849511 3
"50" 33.9658542727584 30.9480135405102 3
"51" 32.4584894747556 29.3156030797828 3
"52" 31.3064654867692 34.5154829445516 3
"53" 31.4447726772129 33.4027089083452 3
"54" 33.7125777362961 30.0465147592127 3
"55" 29.3952202415708 34.0758300662853 3
"56" 33.4924756881421 31.0128570358515 3
"57" 30.9423903017099 35.1475893259479 3
"58" 30.4536161986285 32.8128380415149 3
"59" 31.8249908600361 36.3781521269272 3
"60" 29.6200256116825 27.4896277539171 3
"61" 28.4310559516387 28.7845857988376 3
"62" 33.5396901570451 31.0394131948617 3
"63" 26.7021632482276 32.1986089110862 3
"64" 31.1605846624168 33.08452114213 3
"65" 32.4094148898107 33.2682504826905 3
"66" 31.1711772451807 33.5972770152518 3
"67" 31.3628894226765 33.7194159134068 3
"68" 31.7543906825085 30.8417034777145 3
"69" 31.4747122389307 32.3846314158906 3
"70" 30.8878518026626 33.6700253676148 3
"71" 34.8794091015723 31.9685469251459 3
"72" 33.5473592915078 31.0188414088604 3
"73" 34.2110995202377 30.6771018464602 3
"74" 31.5805170471439 37.6221293499933 3
"75" 31.8477291683815 37.3041643624931 3
"76" 28.666891978849 31.137183554491 3
"77" 33.0357738041318 32.8660542565956 3
"78" 33.2989536556184 32.4743443372218 3
"79" 30.8698443101793 32.0795004820999 3
"80" 29.446692106073 27.1210120294782 3
"81" 35.8924618130378 35.7825298981156 3
"82" 31.8335100354641 33.3573168214992 3
"83" 32.7375002918409 32.2163224785411 3
"84" 31.2751611099698 33.7714615082535 3
"85" 31.526622071257 36.1860334835822 3
"86" 31.4032672508483 31.6787112294758 3
"87" 31.3839762815084 33.6802972068431 3
"88" 31.7201080656245 34.7864158621452 3
"89" 31.8247111980932 30.2646992715084 3
"90" 30.8532567276679 28.805747937531 3
"91" 30.6478854660214 30.1165578531965 3
"92" 29.1295525518808 27.7133615539906 3
"93" 28.4485370895539 27.0585579426282 3
"94" 35.5251724539899 31.1627753439898 3
"95" 1.94794448638058 65.9275459088488 4
"96" 2.71943714553191 69.2755091073053 4
"97" 1.70923204078165 67.8463233055074 4
"98" 2.60998907949437 72.6545720346663 4
"99" 1.4391233228522 67.5979405533095 4
"100" 2.1821492041502 70.5378369170293 4
"101" 1.36341662407712 68.6289454215336 4
"102" 2.41609199021558 72.2812357847137 4
"103" 2.18217003691318 69.0117138133675 4
"104" 2.69978660941608 77.2237571494761 4
"105" 2.56035315019585 69.8982599056922 4
"106" 2.93352131325191 73.0749680897223 4
"107" 1.01117881520901 68.7057171782363 4
"108" 1.68751187679343 70.0779325756802 4
"109" 2.17959240785853 68.5438409753071 4
"110" 2.78883424547365 69.9387240465884 4
"111" 2.24793941502053 70.623157205805 4
"112" 1.81364671918912 66.0781363116994 4
"113" 2.42989711957288 72.3802550365673 4
"114" 3.17989405275175 68.5031117738087 4
"115" 2.27849975254143 69.0866177433062 4
"116" 2.1999112368555 70.8491443584776 4
"117" 2.11939764513456 69.7732445400492 4
"118" 2.82538578371924 71.5626570789611 4
"119" 2.45987781351446 72.3762088550428 4
"120" 2.08447234804353 68.6076456389664 4
"121" 2.60165861387491 68.6514895085609 4
"122" 2.4726505523497 71.167474237014 4
"123" 2.33513809633776 68.9622745288153 4
"124" 1.25721649435045 70.8878795732569 4
"125" 1.46638670208759 66.4725408208371 4
"126" 1.66488739653637 72.6825477554124 4
"127" 2.3952907597435 71.2508345600406 4
"128" 1.00001071713525 68.7786430074368 4
"129" 1.9416010336283 69.9965066869533 4
"130" 3.07531938631536 69.0580924247736 4
"131" 1.19779282388098 70.7207282351551 4
"132" 2.19036868492414 69.3909006485499 4
"133" 0.806592761935685 69.8155547759826 4
"134" 2.2553647711833 72.7364729122308 4
"135" 1.96677405743994 70.8994212671053 4
"136" 33.4306138862703 35.8525544015377 4
"137" 31.4641187172656 33.2708502762064 4
"138" 34.4857903883116 29.5896927250373 4
"139" 35.3574552466103 31.9979155141349 4
"140" 31.9608769199839 36.1543259402468 4
"141" 28.4884963068201 33.1066389062423 4
"142" 32.7869104075345 30.6451202698516 4
"143" 31.7005893414624 29.9765702835176 4
"144" 32.1456364082544 31.3150170886168 4
"145" 29.8828172882864 32.3599394909631 4
"146" 32.4335699331558 33.7439628088221 4
"147" 27.5920573552049 33.1547937130817 4
"148" 31.8743010127885 37.578769535287 4
"149" 29.4977922687157 28.615519751994 4
"150" 31.7748492724843 30.6885550350261 4
"151" 36.1388048326738 31.2726255881826 4
"152" 26.4335709267899 32.8347993807845 4
"153" 31.9407369299256 33.1216016078041 4
"154" 32.6907139013697 28.7710813913333 4
"155" 28.6004004329246 34.5732820356126 4
"156" 32.8109653553695 32.142400743662 4
"157" 28.3602620592436 33.9004623207955 4
"158" 33.8447983114912 30.406686386188 4
"159" 31.9545366737648 35.0763086929505 4
"160" 31.6678926694709 34.8073883335737 4
"161" 29.0476725021211 30.9205033508215 4
"162" 32.5549731939179 32.2325125727176 4
"163" 31.8254616861853 37.1160487867282 4
"164" 30.5981376370432 28.6431988130281 4
"165" 27.679536024087 30.0626840029643 4
"166" 26.0376747705644 34.2819681123332 4
"167" 33.935853089864 33.1267026024909 4
"168" 31.4893566356054 35.0600318795181 4
"169" 30.9530063586055 35.6348318580453 4
"170" 27.9459844409569 31.0527908164711 4
"171" 26.3053818443235 31.9986792242384 4
"172" 33.2544069631111 32.4430250599833 4
"173" 32.3130898297638 32.5530805365471 4
"174" 34.7219455184269 31.8608198111682 4
"175" 30.3490320376384 32.7053637069109 4
"176" 25.9140772110527 28.1512520301378 4
"177" 33.9488779489394 33.124061361902 4
"178" 32.6913025220735 31.9440030323182 4
"179" 30.8308216294891 30.0946349659422 4
"180" 28.1423083490619 35.2134552655858 4
"181" 32.2746268393124 29.526951628653 4
"182" 30.8410048291384 38.3900087474785 4
"183" 31.1885565439415 33.913851771386 4
"184" 32.4638382331616 33.2973329960962 4
"185" 31.9672220888501 32.5641638659093 4
"186" 34.0664520279347 33.5593458179174 4
"187" 30.919336680508 33.77812736763 4
"188" 27.2980773919501 30.8300992537746 4
"189" 1.78920767363865 69.7597654912731 5
"190" 1.89309582653622 69.369571852597 5
"191" 2.45361988183542 70.9837400727197 5
"192" 2.13480173199077 67.9269776632843 5
"193" 2.07234337864572 73.7136718889849 5
"194" 2.60339378070395 71.1881884445141 5
"195" 1.44490515892847 68.6172841591721 5
"196" 2.08643199628711 65.2669306510471 5
"197" 2.55760113133013 71.1183507590335 5
"198" 2.19735800783303 68.4081996591861 5
"199" 2.10467474731205 69.4687504395842 5
"200" 1.83309095223205 70.5831582368192 5
"201" 2.64018817242348 66.0886634019666 5
"202" 1.67765659056382 66.6448881381031 5
"203" 2.10968408217518 70.5645115968459 5
"204" 0.456394201513071 68.7625047897842 5
"205" 3.23398403563042 68.5265010104115 5
"206" 2.68348449968883 72.0034444147808 5
"207" 1.49346681967333 67.5187138254805 5
"208" 1.96837372738725 67.5047715606308 5
"209" 2.43302299879874 69.914364476598 5
"210" 2.32932865175241 69.7515221742528 5
"211" 1.47667027858269 69.4587206373791 5
"212" 2.22731666652449 68.3570202689533 5
"213" 1.79100724805188 65.1839605510358 5
"214" 2.32206929044241 69.6919728263965 5
"215" 2.11962586364703 66.7376843776273 5
"216" 1.42555822681927 69.2735993612416 5
"217" 2.27448852078675 72.7142962754231 5
"218" 1.77999371067927 67.8592969952106 5
"219" 2.72265540099452 73.159969972645 5
"220" 2.91079679791832 69.7972631856717 5
"221" 2.54562076435453 73.3814288165079 5
"222" 2.66983687364557 71.4352549859243 5
"223" 2.49640663350584 71.3212340472794 5
"224" 2.82264084299897 68.4685282330212 5
"225" 2.730598927439 76.3409474148138 5
"226" 2.17237717393848 79.9879134137628 5
"227" 2.37417663978151 77.8739924206851 5
"228" 1.89647839404636 70.9656862656519 5
"229" 2.00214132913487 69.2071392888118 5
"230" 2.40204172092807 71.2680088399616 5
"231" 2.49422756913384 71.7562302553456 5
"232" 1.60303452787553 66.7421292328189 5
"233" 2.84165086619727 72.9939998402336 5
"234" 2.11977560946087 69.5712697351037 5
"235" 2.66013363998415 69.3483596582372 5
"236" 1.49302969355997 70.3127795859244 5
"237" 2.53501078440562 69.8577096885023 5
"238" 35.7025394170121 31.1290396554081 5
"239" 28.4356838339745 34.6305640898418 5
"240" 32.2433916092278 31.7341781477205 5
"241" 32.6613697576665 32.6262331580674 5
"242" 30.0053815799469 33.7183142920192 5
"243" 31.9776792718314 38.3786415894116 5
"244" 29.0578781900736 34.9520086378177 5
"245" 32.4916806820854 31.4932791297851 5
"246" 31.1580817500369 34.101253880279 5
"247" 32.9846649016039 30.5339428118895 5
"248" 29.8332867720849 32.6419103937391 5
"249" 28.8366889171801 33.150001428439 5
"250" 32.4441011003821 34.8612846313992 5
"251" 32.1644757070062 30.1094096974282 5
"252" 33.5369667492423 35.8223064422301 5
"253" 31.2015045920669 39.1693667496299 5
"254" 37.7640091013719 37.716948590598 5
"255" 30.2339892254736 29.0325239888702 5
"256" 35.3489613244449 30.4050958290543 5
"257" 31.0195267946648 30.2479357402527 5
"258" 35.9486350691746 37.0469789200241 5
"259" 30.3092128886437 28.728190531395 5
"260" 30.9426932856278 29.5552186305689 5
"261" 31.6728973296817 28.8070876855255 5
"262" 33.0717232553596 30.8965573820876 5
"263" 36.3436195371537 31.0240687362357 5
"264" 32.0850433404173 36.0164054359007 5
"265" 35.3075652189769 32.1160715547641 5
"266" 33.9923673470618 33.7976849038052 5
"267" 27.7464486557625 31.4461749882063 5
"268" 35.2247268241429 32.0234224939417 5
"269" 34.4503563905894 33.8248481556549 5
"270" 29.1064430940908 29.4053686929903 5
"271" 32.3084416461411 32.4903578563011 5
"272" 27.0487421994265 29.6781700557593 5
"273" 29.892363515468 27.2983005416012 5
"274" 33.9374158871585 33.7788241343036 5
"275" 32.7398010673642 35.3930139430459 5
"276" 31.3625367712814 35.2182874882148 5
"277" 28.7959503981867 32.9693932648395 5
"278" 32.3872595028306 32.4754209451722 5
"279" 32.5146032042251 30.1966494376433 5
"280" 30.266029253075 28.6801861645579 5
"281" 28.9215744121249 32.859726986527 5
"282" 31.842075739164 30.5986921719468 5
"283" 30.0664240222952 32.3824248205596 5
"284" 33.2121578626078 29.7143242163865 5
"285" 37.3691150568413 32.6722033752478 5
"286" 35.6180917183007 36.9190946655004 5
"287" 108.630578097505 24.6891858188453 5
"288" 2.0643631025716 68.1315508275216 5
"289" 2.2041303503401 68.1331767120122 6
"290" 2.70160995919165 65.9660122625302 6
"291" 2.40723446462096 71.8729763076053 6
"292" 1.23119441761661 72.2370204906674 6
"293" 2.06757927721872 74.3646019552989 6
"294" 1.97833840516414 67.4202963786556 6
"295" 1.78334933227006 80.2519492318187 6
"296" 1.33339036350134 71.7292666040153 6
"297" 2.70030679754656 65.6164015299624 6
"298" 2.52575371010605 75.1925547466938 6
"299" 1.89379644755696 70.4935311878164 6
"300" 2.17067508730679 65.3982225445066 6
"301" 1.48487355046602 73.5860526538628 6
"302" 1.31162836157347 67.9534627959253 6
"303" 1.7976228961498 67.4039784556 6
"304" 2.66716828008469 66.0941144406707 6
"305" 1.67525807448793 68.2664898150602 6
"306" 1.53637064319296 69.3517467639322 6
"307" 2.58387045203102 71.789782325908 6
"308" 2.09531234698157 66.7943887137406 6
"309" 1.0957707101566 76.7777188611452 6
"310" 3.2040327587806 72.9859494247581 6
"311" 2.34310962540554 71.8875899567307 6
"312" 2.32049396512808 69.2300113055797 6
"313" 2.44336662952005 67.7786958784817 6
"314" 2.05283546101133 72.7137904862182 6
"315" 2.34126085011935 73.1943100569905 6
"316" 1.70702486387417 69.0697848822379 6
"317" 1.99666967725304 72.3480708908205 6
"318" 2.01618133311573 70.5341348918804 6
"319" 2.7916419752256 66.0271063401034 6
"320" 2.2486424689589 73.7615576786627 6
"321" 2.38257355516081 74.1497286580625 6
"322" 2.02448342065108 69.0618512204808 6
"323" 1.88769778783964 67.2920156080298 6
"324" 1.70671860577261 69.7884923527515 6
"325" 1.34580918245794 68.283834223453 6
"326" 2.39913035272481 73.674726406273 6
"327" 2.01364999475257 73.7280448727168 6
"328" 2.92964332690917 65.6245464892604 6
"329" 2.47835275337986 67.6556701959726 6
"330" 1.94927501957478 69.252956933656 6
"331" 2.52380598775131 66.2732067697621 6
"332" 1.09826159193338 66.6014147213714 6
"333" 1.63174271234594 69.368246176422 6
"334" 1.92098844389056 65.7875021280083 6
"335" 1.57418558959624 69.5199461415402 6
"336" 1.97153698248126 66.7974375581148 6
"337" 2.23355010010991 73.9264817088864 6
"338" 1.5667070795468 74.6430933861734 6
"339" 1.86576535903902 74.1489958536519 6
"340" 1.69230091236557 70.7150523031577 6
"341" 2.83826030500846 69.7386209230399 6
"342" 2.03163078086093 66.8034159043265 6
"343" 2.12989454203574 70.1278761031551 6
"344" 2.42802313593837 69.7538709079164 6
"345" 1.76325536260747 73.7289730903503 6
"346" 2.14824634579349 77.5685314617815 6
"347" 2.70430907718247 73.5409425553852 6
"348" 1.53967755447114 65.2223678573946 6
"349" 1.9691568973332 79.4503223797766 6
"350" 30.153611316779 37.1278109960803 6
"351" 34.4261909071713 30.2743572790102 6
"352" 32.4592923789452 34.3831667390753 6
"353" 28.9062571526951 36.7099829950744 6
"354" 32.2462886171761 31.0426171816312 6
"355" 28.3530989023174 26.5280751478839 6
"356" 33.088913517773 30.1468206620874 6
"357" 32.1916473960689 30.0745709421141 6
"358" 31.4804866591341 35.7460303372728 6
"359" 28.5449931500489 35.3076465689968 6
"360" 38.3012664554794 38.3295234777898 6
"361" 32.7194384014257 34.1338461595576 6
"362" 32.6552858048098 32.8595956785119 6
"363" 32.9339344137145 30.7961198363441 6
"364" 32.314314498527 32.1211712161287 6
"365" 32.9728321140813 35.5690829045462 6
"366" 33.34747522364 30.4388807136107 6
"367" 33.1170484946173 30.5075756952481 6
"368" 31.3897137815522 29.4225210852851 6
"369" 26.3320965785836 30.1176628414941 6
"370" 37.1871608970782 30.8544309246424 6
"371" 32.8549654513988 31.6761605245018 6
"372" 32.0718080085192 28.5965407679034 6
"373" 32.0264357556143 30.086652043091 6
"374" 32.5600067905432 34.5849658929276 6
"375" 35.1958822900054 33.121953225869 6
"376" 32.8483032340591 31.6353163711484 6
"377" 28.0758336889644 32.6503969041268 6
"378" 32.5654331823042 31.2443405788537 6
"379" 34.2293730939073 33.0409279096086 6
"380" 27.8030483303047 34.048004314175 6
"381" 30.7800724121102 36.4971311543406 6
"382" 30.6882763649368 35.4193289302629 6
"383" 31.7569960652013 31.3189967036487 6
"384" 28.0285669744519 32.0363577029917 6
"385" 30.7227759416879 39.6808038935354 6
"386" 32.4430095749566 30.6607722387954 6
"387" 32.4351109851315 30.1941673972211 6
"388" 31.8222413173997 33.7566610569473 6
"389" 33.2072488955629 29.8130977736814 6
"390" 29.9276565218913 32.7639220339491 6
"391" 30.1255462122923 34.6706331880892 6
"392" 35.192901503545 30.5513817409025 6
"393" 33.988394584156 33.7693263233632 6
"394" 29.8267778223513 32.8862102388075 6
"395" 32.7422300817228 36.692194760491 6
"396" 33.2852416619926 30.0294126632167 6
"397" 108.648735463548 24.4345024707053 6
"398" 110.227320144472 24.8345802794653 6
"399" 108.710793471109 24.7387127203628 6
"400" 109.047573023165 24.6345498288861 6
"401" 116.580035014155 24.5361876269985 6
"402" 108.495614873924 24.5713910385159 6
"403" 109.985215758011 24.3039590354589 6
"404" 20.3871492119673 29.3776587288488 6
"405" 1.69220340839943 65.6515363052117 7
"406" 1.73910566903076 70.4210330069068 7
"407" 2.56792782048241 75.7369117032267 7
"408" 1.89543955460331 68.2625591596747 7
"409" 1.18510560700708 69.1551475697584 7
"410" 3.41822983511425 70.0788243013228 7
"411" 2.42049698757075 73.8942243977734 7
"412" 2.42426619855758 75.6496465580991 7
"413" 2.62666050000684 63.3004053555809 7
"414" 3.33557246062591 65.8621467633997 7
"415" 2.00064645980077 74.6290184594252 7
"416" 1.64061982228908 71.5009438627467 7
"417" 2.88464030528873 72.2884360094667 7
"418" 2.41181547119196 67.7890131095265 7
"419" 1.94588824871863 77.2831438612294 7
"420" 2.75724075311343 68.2463794407639 7
"421" 2.52838410610272 74.939101493369 7
"422" 3.13259429525923 73.4665225893443 7
"423" 2.01111311973265 72.779266609323 7
"424" 1.85462248605936 69.035078718817 7
"425" 1.65905740124574 75.4129062591908 7
"426" 1.80334546489666 72.0795008706195 7
"427" 1.91979175213683 70.7354380112343 7
"428" 1.2932586352586 73.5751264934103 7
"429" 1.97859566324191 74.4888028906253 7
"430" 1.71785009871838 66.3081534268975 7
"431" 2.17937707630086 71.7012976485537 7
"432" 1.64733248528731 76.3934400115054 7
"433" 2.11196262493455 74.2966726815452 7
"434" 2.3753112968165 68.17256225642 7
"435" 3.00922428347686 68.1185692374331 7
"436" 2.58701719051078 62.8009980254519 7
"437" 2.14599940179809 71.5300818986849 7
"438" 2.59004705553314 67.4876584934528 7
"439" 2.09184448234067 73.9669614615295 7
"440" 1.91205046430545 79.4616253314394 7
"441" 2.4908084779887 73.0874712782 7
"442" 3.23195276066808 75.7655729629743 7
"443" 2.90598451834759 66.1014293021831 7
"444" 2.22439663029983 71.782372826752 7
"445" 1.78260464825866 68.4960574232081 7
"446" 2.03016822046727 75.1975727957907 7
"447" 2.12946600144185 71.0740053245487 7
"448" 2.62355533747252 73.8473864827643 7
"449" 2.89600187445022 74.6632262954951 7
"450" 2.57118178200817 75.2816547890628 7
"451" 32.1474442884774 28.4456633281262 7
"452" 37.1047375651704 30.966792802387 7
"453" 28.0406427678107 36.2078882479675 7
"454" 32.4444925798142 33.0622954222553 7
"455" 34.3395060008996 33.0769606879936 7
"456" 29.3130344272148 34.8187238634096 7
"457" 29.727271884766 32.7610025732044 7
"458" 28.9878367739987 34.690169664071 7
"459" 32.8199174042836 34.1107724787931 7
"460" 28.4492723760773 35.0928682850542 7
"461" 33.5617312555194 35.1041261102019 7
"462" 28.0815532111935 31.3371947273318 7
"463" 29.3444617897915 30.1809422232485 7
"464" 35.3134161915021 30.6906573285356 7
"465" 31.5119797579868 32.842445388025 7
"466" 34.9235233918376 30.8942438694408 7
"467" 30.5451301751684 37.6313980510042 7
"468" 34.8685245892982 33.1336921751362 7
"469" 35.4337523547737 29.143370129415 7
"470" 27.8996042147963 31.9233309917987 7
"471" 35.9439615394051 33.7527674040177 7
"472" 30.0913868151398 30.4549042206911 7
"473" 28.9887019040244 33.6255833781805 7
"474" 34.9274679542592 32.7897940414787 7
"475" 33.1679471085208 36.8803182221246 7
"476" 30.2510613917084 32.3004654200117 7
"477" 32.6322662566773 31.1522041972462 7
"478" 30.1038392938379 34.7486974994974 7
"479" 28.6914916142241 28.0188757814956 7
"480" 34.6233425828278 33.3040387212236 7
"481" 34.2852257637343 30.0198762592754 7
"482" 37.1789774878637 38.5414073502756 7
"483" 27.9583118447935 32.0691604614048 7
"484" 32.6803145141239 34.5203818823043 7
"485" 30.1262521696501 37.6540614863126 7
"486" 33.098994557102 33.2398118224101 7
"487" 111.313393095811 24.5021519798131 7
"488" 119.397319636248 24.9237764333753 7
"489" 116.686961355275 24.7205415076147 7
"490" 109.541564437887 24.4954842919817 7
"491" 111.028617741917 24.7412764883944 7
"492" 116.266051007796 24.5163196301974 7
"493" 108.723382668388 24.300082105063 7
"494" 112.949964110607 24.5505904389199 7
"495" 114.846134263329 24.204926189855 7
"496" 116.153390610646 24.4170883902338 7
"497" 115.855145543798 24.8785315203824 7
"498" 116.594998490414 24.5464721748266 7
"499" 109.032007795379 24.6215407213058 7
"500" 116.853467862566 24.6364948510928 7
"501" 116.53092032417 24.4069040064485 7
"502" 109.173379630531 24.6811460764445 7
"503" 115.083942110836 24.4171493371051 7
"504" 116.299321400573 24.3149111547638 7
"505" 115.947206850071 24.7984055917187 7
"506" 116.555362293701 24.3228394553476 7
"507" 110.063510337703 24.4526889001017 7
"508" 116.626252506355 24.322723849077 7
"509" 116.215466516213 24.3376241262475 7
"510" 110.004522394044 24.4365453867001 7
"511" 116.209382799536 24.4959506391702 7
"512" 121.392603278549 25.279319948229 7
"513" 107.642100036762 24.300727528374 7
"514" 113.762557890684 24.0917675519152 7
"515" 116.246117714235 24.6234301195277 7
"516" 74.6113360124081 41.4539236330348 7
"517" 16.68215248896 25.5146946196164 7
"518" 1.78901895657872 77.4970745836707 8
"519" 2.09113523933464 76.6464822329336 8
"520" 2.54727019396242 68.386592827265 8
"521" 3.33147253815729 73.0630322857659 8
"522" 1.71776972782951 76.6333861172381 8
"523" 2.30108362288127 71.4401777605371 8
"524" 1.95277378586686 72.8509811512191 8
"525" 2.20682087671579 66.3324643702784 8
"526" 1.74379415488274 66.1817299562647 8
"527" 0.641744221158233 64.7983709824454 8
"528" 2.08815059846832 71.1484950530299 8
"529" 1.86492988773987 75.0781800071778 8
"530" 0.432127917319684 72.00780422221 8
"531" 1.83340544342815 64.8458016097083 8
"532" 1.75545678075948 72.077872114264 8
"533" 2.61550716062538 73.8636774482689 8
"534" 1.55835917905489 75.3824365648552 8
"535" 2.31132569955398 75.7283997610049 8
"536" 1.80576025698098 75.6513041807032 8
"537" 1.5881160761546 74.1647530433231 8
"538" 1.72608548513023 75.5039594623807 8
"539" 2.28030740908283 63.749600366469 8
"540" 2.04574981950302 72.8719076514574 8
"541" 2.51539356242476 67.3342769061964 8
"542" 1.86818720597639 74.9010237522941 8
"543" 2.78044899615551 67.8978768182251 8
"544" 2.80861286192112 63.009803490201 8
"545" 2.65522527043134 73.7282400824719 8
"546" 2.23208495886096 74.1955109473974 8
"547" 2.19373654392157 71.4747237476751 8
"548" 1.74611447798538 68.133372993648 8
"549" 1.97121909119538 73.9379692566786 8
"550" 2.42123822513081 66.6106351466797 8
"551" 34.1406652430638 36.9197336935615 8
"552" 34.8196810257695 33.8946623465999 8
"553" 25.7009915226876 35.871683656302 8
"554" 33.6488858839816 34.7028362035813 8
"555" 32.9344051720392 36.4836902791582 8
"556" 30.5947552831289 37.498533894412 8
"557" 27.6810880663249 34.9932343268714 8
"558" 33.868205397237 31.7428996005294 8
"559" 33.6613580415533 36.0793200940615 8
"560" 28.572167174715 34.0551408028799 8
"561" 28.6735249186822 36.8836466228081 8
"562" 30.3276649822773 34.3600050289501 8
"563" 29.4753132107706 33.4765093301209 8
"564" 113.736410640327 24.3492692164513 8
"565" 111.607822167747 24.8457143143243 8
"566" 112.043277867755 24.2478810602136 8
"567" 116.612227232007 25.0019046329167 8
"568" 116.439856710362 24.4230068510218 8
"569" 111.27188017557 24.5542497418503 8
"570" 116.221058345171 24.3238808099469 8
"571" 113.733776127029 24.1834222107926 8
"572" 115.143615988472 24.2203496932054 8
"573" 116.591265195949 24.3275869804363 8
"574" 109.974348223413 24.449910823677 8
"575" 114.167655430589 24.4945283985458 8
"576" 112.485812048336 24.5646043437348 8
"577" 116.956996498461 24.4350959815843 8
"578" 115.081315769829 24.1494101194787 8
"579" 115.05291908399 24.4573223673256 8
"580" 116.788717953921 24.6006209080946 8
"581" 111.838425120165 24.4546449746958 8
"582" 113.596809316939 24.1629531084685 8
"583" 114.827105936995 24.4625090889633 8
"584" 110.024743734067 24.5603515046042 8
"585" 118.206938990166 24.5744721047743 8
"586" 113.112216087109 24.4629382061168 8
"587" 105.114358368366 24.1680733711824 8
"588" 119.413677836292 24.7723264869668 8
"589" 115.516886748524 24.309774706352 8
"590" 114.558671297009 24.4583274724223 8
"591" 119.772866790284 24.7853092304634 8
"592" 115.096038660198 24.1758240119261 8
"593" 113.841926498581 24.5212770949439 8
"594" 119.944601305613 24.5376685078741 8
"595" 116.378171478089 24.4862107699111 8
"596" 112.515021607504 24.3900768270881 8
"597" 111.068079448207 25.0019912740518 8
"598" 119.206971218358 24.3408980565234 8
"599" 109.941594769188 24.5697031235915 8
"600" 114.937724932116 24.9586938528326 8
"601" 113.056271148912 24.5435652738544 8
"602" 115.232129308182 24.3509908374804 8
"603" 115.087762803864 24.7221371896103 8
"604" 119.819765703796 24.3416046887561 8
"605" 117.075926837513 24.1995483660504 8
"606" 116.362563908648 24.8234665761636 8
"607" 116.19087597418 24.4313342131902 8
"608" 112.94223227435 24.3841118322418 8
"609" 115.420536990364 24.7571297594504 8
"610" 114.939065825136 24.3802218260656 8
"611" 114.585567976701 24.2922032214571 8
"612" 116.289318647509 24.4855171750032 8
"613" 112.695167947777 24.4733126576167 8
"614" 112.535501676154 24.9943613344711 8
"615" 116.239385887126 24.8137369831636 8
"616" 115.713265420564 24.124081454094 8
"617" 119.238132642778 24.6606635250827 8
"618" 115.178253964443 24.2781948151184 8
"619" 119.811162156238 24.980862065863 8
"620" 106.810138408452 24.3733752761546 8
"621" 116.231360962949 24.2479350783081 8
"622" 119.579554881851 24.4453143063991 8
"623" 110.56328384569 24.464921292043 8
"624" 121.065760434254 24.7574629409738 8
"625" 114.07304046823 24.4141279138205 8
"626" 112.828725618808 24.4632035390402 8
"627" 111.732177805261 24.6831930517074 8
"628" 113.892074036951 24.6483766027842 8
"629" 121.36806527642 24.7783207475989 8
"630" 112.304606279027 24.0563246999783 8
"631" 109.777795561159 24.5706629842555 8
"632" 110.561056022769 24.5463682983926 8
"633" 2.45358596046288 62.8164695613728 8
"634" 4.88334359912999 69.8948622597581 8
"635" 113.366723380386 24.1566810547818 8
"636" 14.6381229553746 73.02765212862 8
"637" 2.13161732313657 63.928702532044 9
"638" 2.48859771235242 74.4067623630138 9
"639" 1.74613835834902 64.6861546628654 9
"640" 1.325173034865 65.835754476557 9
"641" 3.29963941976063 67.2289214735038 9
"642" 1.81341525974806 75.1060107841493 9
"643" 2.5413525857348 64.0480228360814 9
"644" 1.70329495267391 71.722362279802 9
"645" 1.61356509447989 64.2778925062417 9
"646" 1.88499989881495 76.5443811039721 9
"647" 2.56097046223004 68.0159247887153 9
"648" 1.66251570062353 72.9429973122134 9
"649" 1.96409394586897 67.0366618628676 9
"650" 2.79911577184333 66.8553380013484 9
"651" 1.6357578070067 68.0845003337773 9
"652" 25.3316954331459 32.0660884650745 9
"653" 33.1608345609028 33.615667020814 9
"654" 35.3400340085387 28.0952973074651 9
"655" 34.9148358894889 35.5704393470762 9
"656" 28.940283866833 34.3944692756956 9
"657" 33.8993649966276 34.0941322677017 9
"658" 26.684026684624 40.1268899038362 9
"659" 35.9319076402419 34.3601572182149 9
"660" 33.5811857996733 34.6749275578263 9
"661" 32.1325576594407 28.0174743912495 9
"662" 29.2881154320234 37.3052588820839 9
"663" 33.8557746273856 36.3678297214927 9
"664" 34.7903987486852 35.997863097443 9
"665" 28.3976370632751 32.0223357271954 9
"666" 28.6370600894966 32.1705257902126 9
"667" 29.754043051126 36.1027912677316 9
"668" 113.784382582965 24.6474115123574 9
"669" 104.959926068532 24.3650109676067 9
"670" 112.134485033783 24.7542655872438 9
"671" 114.142796320082 24.5613862564388 9
"672" 116.828194040317 24.09839662488 9
"673" 116.92201526195 24.4195916517575 9
"674" 118.767933573485 24.6764085308199 9
"675" 118.207897752007 24.9088855419982 9
"676" 121.189069649923 24.5503352555871 9
"677" 111.317757542804 24.2988697567042 9
"678" 114.363479264424 24.3265519318293 9
"679" 119.170155596776 24.7232423192211 9
"680" 114.633916089561 24.2238061091257 9
"681" 124.598120392935 24.253762272105 9
"682" 113.79079258179 24.454785848878 9
"683" 113.587719959762 24.4031800759662 9
"684" 119.161737309587 24.6512472199463 9
"685" 120.171973745567 24.5080446708182 9
"686" 112.678572935535 24.4934861428569 9
"687" 114.703119740844 24.4298564519002 9
"688" 115.468554577117 24.5428087411851 9
"689" 119.1542449693 24.6034704243497 9
"690" 119.502174528527 24.4890962405762 9
"691" 120.14445160657 24.4464000394443 9
"692" 112.638603012657 24.53491898493 9
"693" 121.807947949453 24.3575837220924 9
"694" 112.178906131067 24.2785184022278 9
"695" 115.757788792132 24.6724055441793 9
"696" 112.931542371159 24.7001961897982 9
"697" 114.999566135364 24.8815309287825 9
"698" 118.055803788765 24.5392656534615 9
"699" 115.231119953009 24.7961721371629 9
"700" 106.808495069512 24.5198634452794 9
"701" 109.417799008987 24.073174058648 9
"702" 113.440818982161 24.3191915902142 9
"703" 110.909446514861 24.9846142566285 9
"704" 121.670073609976 24.6953165642248 9
"705" 121.06471558514 24.82403572709 9
"706" 115.663371917992 24.5295306715631 9
"707" 111.784649913808 24.6637708906627 9
"708" 118.471771421461 24.5425177827457 9
"709" 122.366894512315 24.4236439392439 9
"710" 112.863867306627 24.8104386591739 9
"711" 114.217685557115 24.6445143734877 9
"712" 120.140568004766 24.3956243879338 9
"713" 113.850510926054 23.9143855185029 9
"714" 111.697955302794 24.3759365638006 9
"715" 110.58435046584 24.8118095990898 9
"716" 113.65585762902 24.7516300555234 9
"717" 115.306294387327 24.2188858301783 9
"718" 115.531631226904 24.0175982460004 9
"719" 114.222914281645 24.6463923415962 9
"720" 112.468823110524 24.8660397300062 9
"721" 117.041761875771 24.0861528269849 9
"722" 115.586870143453 23.9782231630062 9
"723" 112.304841693182 24.4462177669171 9
"724" 114.285077367101 24.7099013648998 9
"725" 112.273689828669 24.9010983422371 9
"726" 115.657138697745 24.7394054523117 9
"727" 113.655720836347 24.5836878030105 9
"728" 110.9171490984 24.2207604560519 9
"729" 114.155963433914 24.5035600075771 9
"730" 118.227880383167 24.6155954740592 9
"731" 121.782474708084 24.4781487266366 9
"732" 112.038903551195 24.1517985980803 9
"733" 114.915287899571 24.5490148632508 9
"734" 117.957442865619 24.4919416511384 9
"735" 116.971623172803 24.0337199195573 9
"736" 116.193044519116 24.8285211297911 9
"737" 119.779325842676 24.8042870975647 9
"738" 120.476665238788 24.7996747068594 9
"739" 109.21661258367 24.1064042507942 9
"740" 113.088570337487 24.6927655947974 9
"741" 114.601203779975 24.5237599939699 9
"742" 113.82942460296 24.4926955183161 9
"743" 115.71752423179 24.1704447763164 9
"744" 120.677677321074 24.7778280288779 9
"745" 114.724034271827 24.5622985967437 9
"746" 113.318107199013 24.9624741214609 9
"747" 115.348641676206 24.3544385234872 9
"748" 110.590517648425 24.4809076095762 9
"749" 114.969926732424 24.7183519677295 9
"750" 119.032438767538 24.5826640319213 9
"751" 113.063236702993 25.2057215500324 9
"752" 111.636528293975 24.6871780784362 9
"753" 115.672184430355 24.3265101285521 9
"754" 111.174851482556 24.6609759194786 9
"755" 111.812763548177 24.1706016384519 9
"756" 112.743981349387 24.5931230639834 9
"757" 119.622467566147 24.5173712719641 9
"758" 121.19410136315 24.4435695392275 9
"759" 112.790574389681 25.1079210807619 9
"760" 116.785382827162 24.8385826988652 9
"761" 111.811802109606 24.9091549048182 9
"762" 112.3912399691 24.4350639955558 9
"763" 118.584638423397 24.4749038077186 9
"764" 117.875432666563 24.656691377968 9
"765" 114.533905494087 24.0522749204994 9
"766" 119.330020768514 24.5907930402207 9
"767" 114.408645174813 24.2295425671959 9
"768" 121.850211750987 24.5176955078831 9
"769" 118.288920364493 24.7894734009461 9
"770" 119.666793571594 24.7761033291984 9
"771" 114.523738497732 24.8982498761393 9
"772" 29.0886748389925 45.3090152361686 9
"773" 28.0924589614172 28.8336495681208 9
"774" 117.781009335094 24.4870921287458 9
"775" 3.00762144290228 66.6630413175281 10
"776" 0.960705236392767 71.7424978265454 10
"777" 3.02670218432018 71.4973853471131 10
"778" 2.22506203307207 67.0737814044501 10
"779" 1.01978720314347 71.3689906816609 10
"780" 1.88705997559311 75.3642610629457 10
"781" 1.55010468158332 77.222279501952 10
"782" 3.67362132825869 74.7388464952219 10
"783" 31.3489111476563 28.2637105236863 10
"784" 29.271083144091 35.5034333446429 10
"785" 33.5316553554333 33.4870852920384 10
"786" 33.9030077460584 31.8790464562748 10
"787" 28.5285300134432 28.3115036336019 10
"788" 30.0664621727269 36.3235547285151 10
"789" 30.1626565276875 36.1190090248649 10
"790" 33.7518781477953 37.2023616604807 10
"791" 28.5305129783199 36.5963419645884 10
"792" 34.6095106786522 35.0442155790182 10
"793" 33.4721678708011 34.263766897913 10
"794" 35.5491701497009 35.0786653419383 10
"795" 29.8534591038935 36.3141828974565 10
"796" 34.8740713734677 36.0416398146135 10
"797" 29.3784870236644 35.3604700184562 10
"798" 34.9338713116003 35.7760588721001 10
"799" 27.5730059921998 29.2827053808028 10
"800" 26.7685408971688 34.2817112730814 10
"801" 115.818129920743 24.4944145959067 10
"802" 111.481957436991 24.1801911271841 10
"803" 114.545651384527 24.9429868223651 10
"804" 111.567104132138 24.2740033265445 10
"805" 114.809159513293 24.6387610056709 10
"806" 118.715201156113 24.7740389232495 10
"807" 113.55129273247 24.9015595187261 10
"808" 111.343656484436 24.2405343481085 10
"809" 115.678110941556 24.3749874199373 10
"810" 112.410729306515 24.7627780898498 10
"811" 120.547325819312 24.761930619088 10
"812" 121.856303379665 24.3570009347837 10
"813" 118.879506826728 24.6392908196843 10
"814" 118.748154229788 24.7449281370144 10
"815" 117.691467806766 24.5091714198174 10
"816" 114.366371153774 24.1331745155095 10
"817" 117.97500716341 24.9905793435723 10
"818" 124.29890464721 24.3583379176385 10
"819" 121.933425048635 24.8562936667559 10
"820" 119.395090944382 24.1657570249501 10
"821" 117.912649343875 24.422084144002 10
"822" 114.307456469507 24.6142980997946 10
"823" 115.499556582772 24.5203283678099 10
"824" 111.991489503897 24.9515080901946 10
"825" 117.984285548335 24.7512215174521 10
"826" 118.099859714001 24.9322264449822 10
"827" 115.892665023591 25.0845950811389 10
"828" 120.192011854623 24.2331499834669 10
"829" 113.428425113647 24.7386124090509 10
"830" 111.963256920944 24.5172717934905 10
"831" 121.614296145464 24.392237103536 10
"832" 117.865154989923 25.1563458466877 10
"833" 120.196601772317 24.2371344948759 10
"834" 116.914740732877 24.8204953344754 10
"835" 116.118896863807 24.9641488324455 10
"836" 118.603973205089 25.0477081791184 10
"837" 115.837254073762 24.4682060038833 10
"838" 118.414976727597 24.5623746800784 10
"839" 112.871757035932 25.0787114453834 10
"840" 117.969559836913 24.5137425542116 10
"841" 117.245259066034 24.6474785169952 10
"842" 120.309226042367 24.5348529379583 10
"843" 118.71996082666 24.1384009013998 10
"844" 117.301632280351 24.169968222204 10
"845" 120.479880303668 24.6935069398383 10
"846" 111.818200193989 24.0365252262156 10
"847" 118.131064514569 24.8053775547303 10
"848" 114.714620747129 24.9931240821627 10
"849" 112.343587970906 24.2453770373842 10
"850" 120.998689747092 24.3570780772549 10
"851" 111.952818722597 24.9647381982848 10
"852" 120.281385096527 24.5547980610936 10
"853" 121.788383741758 24.2325608176883 10
"854" 116.875467245274 24.0308769621868 10
"855" 120.294700254188 24.3262057791257 10
"856" 111.523433355637 24.3634293325372 10
"857" 118.966076651896 24.3794380502142 10
"858" 124.240623630636 24.6597233150053 10
"859" 123.122879405797 24.6462460652417 10
"860" 114.080180192391 24.6067931929917 10
"861" 110.653429931978 24.7872890961744 10
"862" 117.779959761791 24.2690291797115 10
"863" 109.313017990681 24.3120296824758 10
"864" 113.922666766197 24.306099805489 10
"865" 118.506347973151 24.4808270969601 10
"866" 118.904704859948 24.4048194475636 10
"867" 122.274237252046 24.5682712712796 10
"868" 122.185550314345 24.7113012476207 10
"869" 124.304141488035 24.0870067295281 10
"870" 115.212498151407 39.0834236906746 10
"871" 24.4716241783661 32.2677124292616 10
"872" 32.9889258288432 39.2395390508719 10
"873" 1.7013685978816 77.1193972907319 11
"874" 30.4214844422674 35.8029447459285 11
"875" 26.8303280927324 28.9481927640562 11
"876" 29.2491758094059 35.7851131638643 11
"877" 35.1050001992696 35.1130538236061 11
"878" 30.7274273249985 26.9584444073138 11
"879" 34.128821929814 35.088931581076 11
"880" 34.6476592546584 37.100529240474 11
"881" 33.3607225549275 27.9695680373105 11
"882" 33.4672006637854 34.5269828538405 11
"883" 35.8318302980059 31.8646248527309 11
"884" 121.016039452433 24.2587807908069 11
"885" 124.259921730314 24.3317538949303 11
"886" 114.464900340525 24.7034964182485 11
"887" 123.678863664206 24.5544792189731 11
"888" 117.285510692441 24.7470373677586 11
"889" 109.631592928324 24.0361036786402 11
"890" 121.400712102567 24.9969134217568 11
"891" 110.355016237138 24.1504538690288 11
"892" 122.114972045732 24.7003965210196 11
"893" 116.090793810449 24.2456435100501 11
"894" 118.04035488954 24.3334599336922 11
"895" 123.786784298443 24.8043201820732 11
"896" 119.406787136581 24.2529124053296 11
"897" 109.309227388026 24.4269012028445 11
"898" 121.537884684326 23.943004404203 11
"899" 108.098702403852 24.6763242068926 11
"900" 122.066779256967 24.6928979708195 11
"901" 123.43193534648 24.9382344152786 11
"902" 124.763219905286 24.9916276028664 11
"903" 123.53526780558 25.0371251716642 11
"904" 113.952625186446 24.1503581394191 11
"905" 118.778406685342 24.2988023138309 11
"906" 124.647226776953 25.0954810862373 11
"907" 123.311865565836 24.539088051981 11
"908" 120.366172918801 24.3616989571857 11
"909" 117.686460994111 24.6830748902257 11
"910" 123.535636526956 25.0871892553231 11
"911" 26.3258432696812 52.779446907598 11
"912" 3.20285489212791 63.5337776265742 12
"913" 2.56567353871989 70.7265251915906 12
"914" 1.81016936970788 76.9939287167926 12
"915" 0.797782682523585 73.0307115666441 12
"916" 31.4454548441293 39.3687274331805 12
"917" 26.4882897014461 28.7222199763619 12
"918" 34.6621385092331 37.9442108170491 12
"919" 33.7269471290767 27.8907775839345 12
"920" 33.2863231471816 27.9259331360722 12
"921" 29.9661828239456 35.9449006290078 12
"922" 29.5013718821246 38.4402416773864 12
"923" 31.6870624072374 35.5913619814138 12
"924" 34.7839247171361 32.222485453467 12
"925" 30.3921842806154 35.8746415656058 12
"926" 29.5198513105696 29.70102507625 12
"927" 35.1890544194637 37.2617815212009 12
"928" 31.0711179733029 28.3202021239171 12
"929" 108.268135588874 24.169971327488 12
"930" 107.807761100601 24.5659832216067 12
"931" 110.315589724895 24.5989978283616 12
"932" 123.450322915929 24.3453286780383 12
"933" 123.340496900251 24.4017804265452 12
"934" 115.983030990582 24.150463878612 12
"935" 123.832266144342 24.9688739365755 12
"936" 121.623947858756 24.2369793144483 12
"937" 119.060966300012 23.9964890615038 12
"938" 121.672439684323 24.205955398102 12
"939" 117.596754314488 24.9768061655114 12
"940" 123.600116264107 24.5300897639808 12
"941" 124.9066323215 24.9645984523817 12
"942" 122.681422309915 33.2985462747874 12
"943" 26.9269654047543 54.2078594479953 12
"944" 120.155047994507 59.9993988209489 12
"945" 0.705432606498894 77.8505737720277 12
"946" 92.2665825342558 41.9164670587527 12
"947" 45.1766468385825 51.4104355801184 12
"948" 2.9512534498159 76.4805706057483 13
"949" 3.26216512644936 63.5760643901386 13
"950" 1.09573544952704 61.4592115877123 13
"951" 34.952271072567 37.8510225736655 13
"952" 29.9041853681102 28.4233393850144 13
"953" 29.216435509674 30.5709620654987 13
"954" 33.2254893911076 28.6768428812942 13
"955" 123.511250463229 24.0930889543616 13
"956" 116.139567113731 23.818443740882 13
"957" 106.161310338625 24.117263943388 13
"958" 107.842466288461 24.6042673055443 13
"959" 51.1902135063387 39.758042173393 13
"960" 122.566490819279 36.6074764582595 13
"961" 92.3700384536485 40.016905214742 13
"962" 2.0643295826969 75.8676687225716 14
"963" 29.7747194851 28.5061667272812 14
"964" 29.1356951279623 30.7240472016617 14
"965" 30.8819357860935 30.8600432842044 14
"966" 26.9485005635632 28.7020272140282 14
"967" 34.2620206914661 32.2412395869721 14
"968" 29.8761882731007 29.4904369470007 14
"969" 34.6024010092619 37.4881684420594 14
"970" 110.841293461325 24.6787222617925 14
"971" 123.114888843587 25.0041506594963 14
"972" 104.255732307936 23.969723596812 14
"973" 106.057327626096 24.1357401879259 14
"974" 104.653430564127 24.3954926862549 14
"975" 104.864903996053 25.3842696942894 14
"976" 120.617986553702 44.4045414767692 14
"977" 1.50084110145461 75.8576094744021 15
"978" 1.782738573437 62.6097153862491 15
"979" 30.5937012025972 30.898148467588 15
"980" 34.4075487641141 32.7416326788356 15
"981" 30.9616297152669 30.9625906803724 15
"982" 34.3066578347703 30.8220688226797 15
"983" 105.964229048209 24.4394725454654 15
"984" 110.898680598627 24.6010466683861 15
"985" 25.837765748714 42.4223803920626 15
"986" 46.040763376273 29.2761887569644 15
"987" 2.20397582218014 76.0257648443101 16
"988" 1.27487565644656 76.3800890517819 16
"989" 1.71248042791703 62.8012176951766 16
"990" 33.8219719688329 31.1824639414971 16
"991" 31.4276251387678 38.6373063181871 16
"992" 116.420704559582 37.3180335546939 16
"993" 92.2145081837333 36.0571852456857 16
"994" 120.937307061082 28.1307216656214 16
"995" 27.5728024883341 28.7041895938625 16
"996" 2.6540906925892 61.2586383156816 17
"997" 2.39775359124267 62.0114871395221 17
"998" 0.914321260905301 65.9402109994677 17
"999" 31.1738682197295 34.7360422338293 17
"1000" 31.8519419534096 39.5483748963795 17
"1001" 121.307114615662 30.6004046701445 17
"1002" 118.000054692682 34.4997092049967 17
"1003" 95.2717230982156 35.5736888176017 17
"1004" 93.3302190564404 37.6760141495604 17
"1005" 31.0097606163931 36.9389575141054 18
"1006" 25.8016915014272 68.2565011168598 18
"1007" 3.88342207528818 65.4839368402661 19
"1008" 2.50561200916552 74.5994902051886 19
"1009" 33.7429417862586 29.5542679564458 19
"1010" 39.6604654212545 58.8761317613128 19
"1011" 4.3336804122522 75.6188815361817 19
"1012" 32.3508921777729 55.4855256020949 19
"1013" 23.138517297763 34.5609615590523 19
"1014" 21.7118238897779 43.2796442322434 19
"1015" 3.52871510387402 66.5794879518089 20
"1016" 27.9222959804597 30.4732288774401 20
"1017" 34.9639488766716 29.0742336903806 20
"1018" 30.4337421565897 38.6935317870415 20
"1019" 8.91673924941267 33.7457320058625 20
"1020" 26.507448952927 30.4484759415307 21
"1021" 34.8053902388411 28.9077573801559 21
"1022" 34.8578439694281 27.3273092320642 21
"1023" 29.9728764954955 37.3002338676251 21
"1024" 33.9963947265064 57.7946789573096 21
"1025" 27.8140427601235 32.5150660221331 22
"1026" 41.3794741903637 57.888643921576 22
"1027" 28.1461105818521 38.2550334400316 22
"1028" 37.3224320453886 29.8211445006784 23
"1029" 28.3013295628823 32.7151460440488 23
"1030" 38.2109707535099 29.5863379788681 23
"1031" 23.6888819875458 34.8966456188878 23
"1032" 27.3968624166108 58.0240761359171 23
"1033" 29.1297317096558 37.6815992243197 24
"1034" 27.5085364604181 38.5355767562382 24
"1035" 116.596693428809 63.3367377309748 24
"1036" 34.9850899529609 24.1938491249265 24
"1037" 40.5177411085662 46.0423394012262 24
"1038" 116.032162752887 64.5228488144893 25
"1039" 114.074639761738 60.6563225966842 25
"1040" 28.1060565967578 37.4278530336577 26
"1041" 28.3647013009758 42.6575279548661 26
"1042" 35.0516514459032 60.3361312149503 26
"1043" 30.8525434736283 32.2519645619732 27
"1044" 30.3032253265622 39.2379983137786 27
"1045" 37.1012667934833 31.9246657839717 27
"1046" 126.457223933853 24.2777519327234 27
"1047" 31.8301029118622 42.4314442887553 27
"1048" 112.960917022616 58.5081134001017 27
"1049" 32.3738943338456 26.4671949658635 28
"1050" 13.2653244705733 67.4282653757168 28
"1051" 30.7055052828755 31.758443106166 29
"1052" 23.1550734910586 36.5935089933993 29
"1053" 37.6097624192321 33.3624669310192 29
"1054" 38.1834125019568 33.073200787671 30
"1055" 35.3683595844366 34.5195055753214 30
