"V1" "V2" "V3"
"1" 33.3909823024044 32.0681284725631 2
"2" 36.7317964914083 40.5810857739437 2
"3" 36.2298802501224 33.8351711318058 3
"4" 32.2774276142337 33.8405116966303 3
"5" 30.3444607850931 33.167726232238 3
"6" 31.3201328347285 33.6566966516751 3
"7" 31.4363882881059 32.3019700763933 3
"8" 33.3865481995354 32.9325412689636 3
"9" 27.4597300564539 34.3773771229466 3
"10" 30.8184103250935 31.1281422399602 3
"11" 31.6060824890851 30.511090523308 3
"12" 30.6745190564307 32.7237715698357 3
"13" 29.3659615040371 28.0568635681135 3
"14" 30.7499844495403 32.7665252786781 3
"15" 33.4612602745521 31.5998688987561 3
"16" 82.2718780263011 67.1653856951549 3
"17" 86.9138102039046 69.2121981050863 3
"18" 2.45753015832122 70.270827096257 4
"19" 2.43009647434363 72.3277815002569 4
"20" 2.27231028038584 70.3525962219041 4
"21" 2.7813693169272 69.2990278287078 4
"22" 1.73991638454142 70.0942199092902 4
"23" 2.52531583619006 70.3559097653622 4
"24" 2.1877506805142 69.3395467877129 4
"25" 2.24674850716413 70.4377685953757 4
"26" 1.45229571072268 72.5448651360895 4
"27" 1.94658833441452 70.0231812504827 4
"28" 2.47939536756113 70.1829301574587 4
"29" 27.5013370971866 35.2775387438824 4
"30" 31.6693485569983 36.5265649811044 4
"31" 26.0077985134316 31.4643720413594 4
"32" 31.3991390116996 30.3050925849511 4
"33" 33.6869233750272 31.6368941289528 4
"34" 33.9658542727584 30.9480135405102 4
"35" 31.3064654867692 34.5154829445516 4
"36" 33.7125777362961 30.0465147592127 4
"37" 30.6034459004667 32.129581423469 4
"38" 30.4536161986285 32.8128380415149 4
"39" 31.8249908600361 36.3781521269272 4
"40" 30.4755441056429 33.7538421826636 4
"41" 28.4310559516387 28.7845857988376 4
"42" 33.5396901570451 31.0394131948617 4
"43" 31.1605846624168 33.08452114213 4
"44" 30.6630507105245 34.6159450162534 4
"45" 32.4094148898107 33.2682504826905 4
"46" 31.1711772451807 33.5972770152518 4
"47" 31.3628894226765 33.7194159134068 4
"48" 33.2667903344983 32.0663548332847 4
"49" 33.5218545637633 30.9772402250882 4
"50" 31.4747122389307 32.3846314158906 4
"51" 30.8878518026626 33.6700253676148 4
"52" 34.2110995202377 30.6771018464602 4
"53" 31.5805170471439 37.6221293499933 4
"54" 28.666891978849 31.137183554491 4
"55" 33.0357738041318 32.8660542565956 4
"56" 30.8698443101793 32.0795004820999 4
"57" 29.446692106073 27.1210120294782 4
"58" 32.7375002918409 32.2163224785411 4
"59" 31.2751611099698 33.7714615082535 4
"60" 31.4032672508483 31.6787112294758 4
"61" 31.3839762815084 33.6802972068431 4
"62" 34.9798214280218 31.461748308079 4
"63" 31.7201080656245 34.7864158621452 4
"64" 31.8247111980932 30.2646992715084 4
"65" 30.8532567276679 28.805747937531 4
"66" 30.6478854660214 30.1165578531965 4
"67" 31.5284649015255 30.5946737160596 4
"68" 29.1295525518808 27.7133615539906 4
"69" 70.1276014435925 64.3934790830808 4
"70" 94.6868781016301 68.5866302578916 4
"71" 1.94794448638058 65.9275459088488 5
"72" 2.71943714553191 69.2755091073053 5
"73" 1.70923204078165 67.8463233055074 5
"74" 2.22184105800198 69.0580243837512 5
"75" 2.60998907949437 72.6545720346663 5
"76" 2.1821492041502 70.5378369170293 5
"77" 2.69978660941608 77.2237571494761 5
"78" 2.93352131325191 73.0749680897223 5
"79" 1.81364671918912 66.0781363116994 5
"80" 0.921051625261611 74.4769491150637 5
"81" 3.17989405275175 68.5031117738087 5
"82" 2.11939764513456 69.7732445400492 5
"83" 2.82538578371924 71.5626570789611 5
"84" 2.45987781351446 72.3762088550428 5
"85" 2.01311334800461 70.2669761040871 5
"86" 2.08447234804353 68.6076456389664 5
"87" 0.955450513984615 68.9836533421483 5
"88" 2.60165861387491 68.6514895085609 5
"89" 2.4726505523497 71.167474237014 5
"90" 3.02243498548596 68.9691561786505 5
"91" 1.66488739653637 72.6825477554124 5
"92" 1.00001071713525 68.7786430074368 5
"93" 1.19779282388098 70.7207282351551 5
"94" 2.19036868492414 69.3909006485499 5
"95" 2.82377493849649 79.3163049426732 5
"96" 2.2553647711833 72.7364729122308 5
"97" 1.96677405743994 70.8994212671053 5
"98" 33.4306138862703 35.8525544015377 5
"99" 34.4857903883116 29.5896927250373 5
"100" 31.9608769199839 36.1543259402468 5
"101" 28.4884963068201 33.1066389062423 5
"102" 32.7869104075345 30.6451202698516 5
"103" 32.4584894747556 29.3156030797828 5
"104" 29.3952202415708 34.0758300662853 5
"105" 29.4977922687157 28.615519751994 5
"106" 33.4924756881421 31.0128570358515 5
"107" 30.9423903017099 35.1475893259479 5
"108" 31.7748492724843 30.6885550350261 5
"109" 32.6907139013697 28.7710813913333 5
"110" 33.8447983114912 30.406686386188 5
"111" 31.9545366737648 35.0763086929505 5
"112" 31.6678926694709 34.8073883335737 5
"113" 29.6200256116825 27.4896277539171 5
"114" 29.0476725021211 30.9205033508215 5
"115" 32.5549731939179 32.2325125727176 5
"116" 30.5981376370432 28.6431988130281 5
"117" 26.7021632482276 32.1986089110862 5
"118" 26.0376747705644 34.2819681123332 5
"119" 31.4893566356054 35.0600318795181 5
"120" 30.9530063586055 35.6348318580453 5
"121" 27.9459844409569 31.0527908164711 5
"122" 26.3053818443235 31.9986792242384 5
"123" 32.3130898297638 32.5530805365471 5
"124" 34.7219455184269 31.8608198111682 5
"125" 30.3490320376384 32.7053637069109 5
"126" 31.7543906825085 30.8417034777145 5
"127" 25.9140772110527 28.1512520301378 5
"128" 34.8794091015723 31.9685469251459 5
"129" 33.5473592915078 31.0188414088604 5
"130" 31.8477291683815 37.3041643624931 5
"131" 33.2989536556184 32.4743443372218 5
"132" 25.5435593778521 32.3249630386112 5
"133" 35.8924618130378 35.7825298981156 5
"134" 30.8410048291384 38.3900087474785 5
"135" 32.4638382331616 33.2973329960962 5
"136" 31.9672220888501 32.5641638659093 5
"137" 34.0664520279347 33.5593458179174 5
"138" 30.919336680508 33.77812736763 5
"139" 35.5251724539899 31.1627753439898 5
"140" 27.2980773919501 30.8300992537746 5
"141" 1.78920767363865 69.7597654912731 6
"142" 1.89309582653622 69.369571852597 6
"143" 2.45361988183542 70.9837400727197 6
"144" 2.13480173199077 67.9269776632843 6
"145" 2.07234337864572 73.7136718889849 6
"146" 2.60339378070395 71.1881884445141 6
"147" 1.4391233228522 67.5979405533095 6
"148" 2.08643199628711 65.2669306510471 6
"149" 1.36341662407712 68.6289454215336 6
"150" 2.18217003691318 69.0117138133675 6
"151" 2.19735800783303 68.4081996591861 6
"152" 1.83309095223205 70.5831582368192 6
"153" 2.64018817242348 66.0886634019666 6
"154" 1.67765659056382 66.6448881381031 6
"155" 0.456394201513071 68.7625047897842 6
"156" 2.56035315019585 69.8982599056922 6
"157" 2.68348449968883 72.0034444147808 6
"158" 1.01117881520901 68.7057171782363 6
"159" 2.43302299879874 69.914364476598 6
"160" 1.68751187679343 70.0779325756802 6
"161" 2.32932865175241 69.7515221742528 6
"162" 1.47667027858269 69.4587206373791 6
"163" 2.17959240785853 68.5438409753071 6
"164" 2.24793941502053 70.623157205805 6
"165" 2.22731666652449 68.3570202689533 6
"166" 2.42989711957288 72.3802550365673 6
"167" 1.79100724805188 65.1839605510358 6
"168" 2.27849975254143 69.0866177433062 6
"169" 2.32206929044241 69.6919728263965 6
"170" 2.1999112368555 70.8491443584776 6
"171" 2.11962586364703 66.7376843776273 6
"172" 1.77999371067927 67.8592969952106 6
"173" 2.33513809633776 68.9622745288153 6
"174" 1.25721649435045 70.8878795732569 6
"175" 2.54562076435453 73.3814288165079 6
"176" 1.46638670208759 66.4725408208371 6
"177" 2.66983687364557 71.4352549859243 6
"178" 2.3952907597435 71.2508345600406 6
"179" 2.82264084299897 68.4685282330212 6
"180" 1.9416010336283 69.9965066869533 6
"181" 2.730598927439 76.3409474148138 6
"182" 3.07531938631536 69.0580924247736 6
"183" 2.17237717393848 79.9879134137628 6
"184" 2.37417663978151 77.8739924206851 6
"185" 1.89647839404636 70.9656862656519 6
"186" 2.40204172092807 71.2680088399616 6
"187" 2.49422756913384 71.7562302553456 6
"188" 2.84165086619727 72.9939998402336 6
"189" 2.11977560946087 69.5712697351037 6
"190" 2.66013363998415 69.3483596582372 6
"191" 2.53501078440562 69.8577096885023 6
"192" 35.3574552466103 31.9979155141349 6
"193" 31.3726811970327 33.3918534121621 6
"194" 32.6613697576665 32.6262331580674 6
"195" 30.0053815799469 33.7183142920192 6
"196" 31.9776792718314 38.3786415894116 6
"197" 32.1456364082544 31.3150170886168 6
"198" 29.8828172882864 32.3599394909631 6
"199" 32.4916806820854 31.4932791297851 6
"200" 31.4447726772129 33.4027089083452 6
"201" 31.1580817500369 34.101253880279 6
"202" 32.9846649016039 30.5339428118895 6
"203" 32.4335699331558 33.7439628088221 6
"204" 27.5920573552049 33.1547937130817 6
"205" 29.8332867720849 32.6419103937391 6
"206" 31.8743010127885 37.578769535287 6
"207" 28.8366889171801 33.150001428439 6
"208" 32.4441011003821 34.8612846313992 6
"209" 32.1644757070062 30.1094096974282 6
"210" 31.2015045920669 39.1693667496299 6
"211" 36.1388048326738 31.2726255881826 6
"212" 26.4335709267899 32.8347993807845 6
"213" 31.9407369299256 33.1216016078041 6
"214" 37.7640091013719 37.716948590598 6
"215" 28.6004004329246 34.5732820356126 6
"216" 30.2339892254736 29.0325239888702 6
"217" 32.8109653553695 32.142400743662 6
"218" 28.3602620592436 33.9004623207955 6
"219" 31.0195267946648 30.2479357402527 6
"220" 35.9486350691746 37.0469789200241 6
"221" 32.0850433404173 36.0164054359007 6
"222" 27.679536024087 30.0626840029643 6
"223" 35.3075652189769 32.1160715547641 6
"224" 33.9923673470618 33.7976849038052 6
"225" 27.7464486557625 31.4461749882063 6
"226" 33.935853089864 33.1267026024909 6
"227" 34.4503563905894 33.8248481556549 6
"228" 32.3084416461411 32.4903578563011 6
"229" 27.0487421994265 29.6781700557593 6
"230" 32.7398010673642 35.3930139430459 6
"231" 33.2544069631111 32.4430250599833 6
"232" 32.6913025220735 31.9440030323182 6
"233" 28.9215744121249 32.859726986527 6
"234" 30.8308216294891 30.0946349659422 6
"235" 31.842075739164 30.5986921719468 6
"236" 28.1423083490619 35.2134552655858 6
"237" 31.8335100354641 33.3573168214992 6
"238" 32.2746268393124 29.526951628653 6
"239" 31.526622071257 36.1860334835822 6
"240" 31.1885565439415 33.913851771386 6
"241" 37.3691150568413 32.6722033752478 6
"242" 35.6180917183007 36.9190946655004 6
"243" 108.630578097505 24.6891858188453 6
"244" 28.4485370895539 27.0585579426282 6
"245" 2.0643631025716 68.1315508275216 6
"246" 2.70160995919165 65.9660122625302 7
"247" 2.41609199021558 72.2812357847137 7
"248" 2.55760113133013 71.1183507590335 7
"249" 2.10467474731205 69.4687504395842 7
"250" 1.33339036350134 71.7292666040153 7
"251" 2.10968408217518 70.5645115968459 7
"252" 2.70030679754656 65.6164015299624 7
"253" 2.17067508730679 65.3982225445066 7
"254" 1.48487355046602 73.5860526538628 7
"255" 1.49346681967333 67.5187138254805 7
"256" 1.96837372738725 67.5047715606308 7
"257" 2.66716828008469 66.0941144406707 7
"258" 1.67525807448793 68.2664898150602 7
"259" 1.53637064319296 69.3517467639322 7
"260" 2.78883424547365 69.9387240465884 7
"261" 2.58387045203102 71.789782325908 7
"262" 2.09531234698157 66.7943887137406 7
"263" 2.34310962540554 71.8875899567307 7
"264" 2.44336662952005 67.7786958784817 7
"265" 2.34126085011935 73.1943100569905 7
"266" 1.42555822681927 69.2735993612416 7
"267" 2.01618133311573 70.5341348918804 7
"268" 2.2486424689589 73.7615576786627 7
"269" 2.27448852078675 72.7142962754231 7
"270" 2.02448342065108 69.0618512204808 7
"271" 1.88769778783964 67.2920156080298 7
"272" 1.34580918245794 68.283834223453 7
"273" 2.72265540099452 73.159969972645 7
"274" 2.92964332690917 65.6245464892604 7
"275" 2.91079679791832 69.7972631856717 7
"276" 1.94927501957478 69.252956933656 7
"277" 2.52380598775131 66.2732067697621 7
"278" 1.09826159193338 66.6014147213714 7
"279" 2.49640663350584 71.3212340472794 7
"280" 1.63174271234594 69.368246176422 7
"281" 1.97153698248126 66.7974375581148 7
"282" 2.23355010010991 73.9264817088864 7
"283" 1.5667070795468 74.6430933861734 7
"284" 1.86576535903902 74.1489958536519 7
"285" 1.69230091236557 70.7150523031577 7
"286" 2.00214132913487 69.2071392888118 7
"287" 2.83826030500846 69.7386209230399 7
"288" 2.12989454203574 70.1278761031551 7
"289" 1.60303452787553 66.7421292328189 7
"290" 0.806592761935685 69.8155547759826 7
"291" 1.49302969355997 70.3127795859244 7
"292" 30.153611316779 37.1278109960803 7
"293" 31.4641187172656 33.2708502762064 7
"294" 35.7025394170121 31.1290396554081 7
"295" 32.4592923789452 34.3831667390753 7
"296" 28.9062571526951 36.7099829950744 7
"297" 28.3530989023174 26.5280751478839 7
"298" 28.4356838339745 34.6305640898418 7
"299" 32.2433916092278 31.7341781477205 7
"300" 32.1916473960689 30.0745709421141 7
"301" 31.4804866591341 35.7460303372728 7
"302" 28.5449931500489 35.3076465689968 7
"303" 31.7005893414624 29.9765702835176 7
"304" 29.0578781900736 34.9520086378177 7
"305" 32.9339344137145 30.7961198363441 7
"306" 32.314314498527 32.1211712161287 7
"307" 33.34747522364 30.4388807136107 7
"308" 35.3489613244449 30.4050958290543 7
"309" 33.1170484946173 30.5075756952481 7
"310" 26.3320965785836 30.1176628414941 7
"311" 30.3092128886437 28.728190531395 7
"312" 37.1871608970782 30.8544309246424 7
"313" 30.9426932856278 29.5552186305689 7
"314" 31.6728973296817 28.8070876855255 7
"315" 31.8254616861853 37.1160487867282 7
"316" 32.8549654513988 31.6761605245018 7
"317" 32.0718080085192 28.5965407679034 7
"318" 35.2247268241429 32.0234224939417 7
"319" 29.1064430940908 29.4053686929903 7
"320" 35.1958822900054 33.121953225869 7
"321" 32.8483032340591 31.6353163711484 7
"322" 29.892363515468 27.2983005416012 7
"323" 33.9374158871585 33.7788241343036 7
"324" 28.0758336889644 32.6503969041268 7
"325" 32.5654331823042 31.2443405788537 7
"326" 34.2293730939073 33.0409279096086 7
"327" 31.3625367712814 35.2182874882148 7
"328" 27.8030483303047 34.048004314175 7
"329" 30.7800724121102 36.4971311543406 7
"330" 32.3872595028306 32.4754209451722 7
"331" 30.6882763649368 35.4193289302629 7
"332" 33.9488779489394 33.124061361902 7
"333" 32.5146032042251 30.1966494376433 7
"334" 30.266029253075 28.6801861645579 7
"335" 31.7569960652013 31.3189967036487 7
"336" 28.0285669744519 32.0363577029917 7
"337" 30.7227759416879 39.6808038935354 7
"338" 32.4430095749566 30.6607722387954 7
"339" 32.4351109851315 30.1941673972211 7
"340" 31.8222413173997 33.7566610569473 7
"341" 30.0664240222952 32.3824248205596 7
"342" 33.2121578626078 29.7143242163865 7
"343" 29.9276565218913 32.7639220339491 7
"344" 35.192901503545 30.5513817409025 7
"345" 33.988394584156 33.7693263233632 7
"346" 32.7422300817228 36.692194760491 7
"347" 108.648735463548 24.4345024707053 7
"348" 110.227320144472 24.8345802794653 7
"349" 108.710793471109 24.7387127203628 7
"350" 116.580035014155 24.5361876269985 7
"351" 20.3871492119673 29.3776587288488 7
"352" 2.2041303503401 68.1331767120122 8
"353" 1.73910566903076 70.4210330069068 8
"354" 2.40723446462096 71.8729763076053 8
"355" 1.23119441761661 72.2370204906674 8
"356" 2.06757927721872 74.3646019552989 8
"357" 1.97833840516414 67.4202963786556 8
"358" 1.44490515892847 68.6172841591721 8
"359" 2.56792782048241 75.7369117032267 8
"360" 1.89543955460331 68.2625591596747 8
"361" 1.18510560700708 69.1551475697584 8
"362" 2.42049698757075 73.8942243977734 8
"363" 2.42426619855758 75.6496465580991 8
"364" 2.62666050000684 63.3004053555809 8
"365" 2.00064645980077 74.6290184594252 8
"366" 2.52575371010605 75.1925547466938 8
"367" 1.89379644755696 70.4935311878164 8
"368" 1.64061982228908 71.5009438627467 8
"369" 3.23398403563042 68.5265010104115 8
"370" 2.88464030528873 72.2884360094667 8
"371" 1.94588824871863 77.2831438612294 8
"372" 2.75724075311343 68.2463794407639 8
"373" 2.52838410610272 74.939101493369 8
"374" 2.01111311973265 72.779266609323 8
"375" 1.31162836157347 67.9534627959253 8
"376" 1.0957707101566 76.7777188611452 8
"377" 3.2040327587806 72.9859494247581 8
"378" 1.80334546489666 72.0795008706195 8
"379" 1.91979175213683 70.7354380112343 8
"380" 2.05283546101133 72.7137904862182 8
"381" 1.97859566324191 74.4888028906253 8
"382" 1.70702486387417 69.0697848822379 8
"383" 1.99666967725304 72.3480708908205 8
"384" 2.7916419752256 66.0271063401034 8
"385" 2.38257355516081 74.1497286580625 8
"386" 1.70671860577261 69.7884923527515 8
"387" 2.17937707630086 71.7012976485537 8
"388" 2.39913035272481 73.674726406273 8
"389" 1.64733248528731 76.3934400115054 8
"390" 2.01364999475257 73.7280448727168 8
"391" 2.47835275337986 67.6556701959726 8
"392" 3.00922428347686 68.1185692374331 8
"393" 2.58701719051078 62.8009980254519 8
"394" 2.14599940179809 71.5300818986849 8
"395" 2.59004705553314 67.4876584934528 8
"396" 2.09184448234067 73.9669614615295 8
"397" 3.23195276066808 75.7655729629743 8
"398" 1.57418558959624 69.5199461415402 8
"399" 2.90598451834759 66.1014293021831 8
"400" 2.22439663029983 71.782372826752 8
"401" 1.78260464825866 68.4960574232081 8
"402" 2.12946600144185 71.0740053245487 8
"403" 2.62355533747252 73.8473864827643 8
"404" 2.03163078086093 66.8034159043265 8
"405" 1.76325536260747 73.7289730903503 8
"406" 2.14824634579349 77.5685314617815 8
"407" 2.70430907718247 73.5409425553852 8
"408" 2.57118178200817 75.2816547890628 8
"409" 1.53967755447114 65.2223678573946 8
"410" 1.9691568973332 79.4503223797766 8
"411" 28.0406427678107 36.2078882479675 8
"412" 32.2462886171761 31.0426171816312 8
"413" 32.4444925798142 33.0622954222553 8
"414" 34.3395060008996 33.0769606879936 8
"415" 29.3130344272148 34.8187238634096 8
"416" 29.727271884766 32.7610025732044 8
"417" 38.3012664554794 38.3295234777898 8
"418" 32.7194384014257 34.1338461595576 8
"419" 32.6552858048098 32.8595956785119 8
"420" 33.5369667492423 35.8223064422301 8
"421" 32.8199174042836 34.1107724787931 8
"422" 33.5617312555194 35.1041261102019 8
"423" 31.3897137815522 29.4225210852851 8
"424" 28.0815532111935 31.3371947273318 8
"425" 29.3444617897915 30.1809422232485 8
"426" 35.3134161915021 30.6906573285356 8
"427" 33.0717232553596 30.8965573820876 8
"428" 36.3436195371537 31.0240687362357 8
"429" 34.9235233918376 30.8942438694408 8
"430" 32.0264357556143 30.086652043091 8
"431" 32.5600067905432 34.5849658929276 8
"432" 30.5451301751684 37.6313980510042 8
"433" 34.8685245892982 33.1336921751362 8
"434" 30.0913868151398 30.4549042206911 8
"435" 28.9887019040244 33.6255833781805 8
"436" 28.7959503981867 32.9693932648395 8
"437" 30.2510613917084 32.3004654200117 8
"438" 30.1038392938379 34.7486974994974 8
"439" 33.2072488955629 29.8130977736814 8
"440" 30.1255462122923 34.6706331880892 8
"441" 29.8267778223513 32.8862102388075 8
"442" 33.2852416619926 30.0294126632167 8
"443" 111.313393095811 24.5021519798131 8
"444" 119.397319636248 24.9237764333753 8
"445" 116.686961355275 24.7205415076147 8
"446" 109.541564437887 24.4954842919817 8
"447" 111.028617741917 24.7412764883944 8
"448" 108.723382668388 24.300082105063 8
"449" 112.949964110607 24.5505904389199 8
"450" 109.047573023165 24.6345498288861 8
"451" 116.153390610646 24.4170883902338 8
"452" 115.855145543798 24.8785315203824 8
"453" 116.594998490414 24.5464721748266 8
"454" 116.853467862566 24.6364948510928 8
"455" 116.53092032417 24.4069040064485 8
"456" 109.173379630531 24.6811460764445 8
"457" 115.083942110836 24.4171493371051 8
"458" 116.299321400573 24.3149111547638 8
"459" 115.947206850071 24.7984055917187 8
"460" 108.495614873924 24.5713910385159 8
"461" 109.985215758011 24.3039590354589 8
"462" 116.626252506355 24.322723849077 8
"463" 116.215466516213 24.3376241262475 8
"464" 110.004522394044 24.4365453867001 8
"465" 107.642100036762 24.300727528374 8
"466" 113.762557890684 24.0917675519152 8
"467" 116.246117714235 24.6234301195277 8
"468" 1.69220340839943 65.6515363052117 9
"469" 2.09113523933464 76.6464822329336 9
"470" 2.54727019396242 68.386592827265 9
"471" 3.33147253815729 73.0630322857659 9
"472" 1.71776972782951 76.6333861172381 9
"473" 0.641744221158233 64.7983709824454 9
"474" 2.08815059846832 71.1484950530299 9
"475" 1.78334933227006 80.2519492318187 9
"476" 3.41822983511425 70.0788243013228 9
"477" 1.86492988773987 75.0781800071778 9
"478" 3.33557246062591 65.8621467633997 9
"479" 0.432127917319684 72.00780422221 9
"480" 2.41181547119196 67.7890131095265 9
"481" 3.13259429525923 73.4665225893443 9
"482" 1.83340544342815 64.8458016097083 9
"483" 1.7976228961498 67.4039784556 9
"484" 1.75545678075948 72.077872114264 9
"485" 1.85462248605936 69.035078718817 9
"486" 2.32049396512808 69.2300113055797 9
"487" 1.80576025698098 75.6513041807032 9
"488" 1.2932586352586 73.5751264934103 9
"489" 1.71785009871838 66.3081534268975 9
"490" 1.72608548513023 75.5039594623807 9
"491" 2.28030740908283 63.749600366469 9
"492" 2.04574981950302 72.8719076514574 9
"493" 2.51539356242476 67.3342769061964 9
"494" 1.86818720597639 74.9010237522941 9
"495" 1.92098844389056 65.7875021280083 9
"496" 1.91205046430545 79.4616253314394 9
"497" 2.4908084779887 73.0874712782 9
"498" 2.80861286192112 63.009803490201 9
"499" 2.65522527043134 73.7282400824719 9
"500" 2.19373654392157 71.4747237476751 9
"501" 2.89600187445022 74.6632262954951 9
"502" 2.42802313593837 69.7538709079164 9
"503" 1.74611447798538 68.133372993648 9
"504" 2.42123822513081 66.6106351466797 9
"505" 32.1474442884774 28.4456633281262 9
"506" 37.1047375651704 30.966792802387 9
"507" 34.4261909071713 30.2743572790102 9
"508" 33.088913517773 30.1468206620874 9
"509" 34.8196810257695 33.8946623465999 9
"510" 32.9728321140813 35.5690829045462 9
"511" 28.9878367739987 34.690169664071 9
"512" 28.4492723760773 35.0928682850542 9
"513" 30.5947552831289 37.498533894412 9
"514" 27.6810880663249 34.9932343268714 9
"515" 31.5119797579868 32.842445388025 9
"516" 27.8996042147963 31.9233309917987 9
"517" 35.9439615394051 33.7527674040177 9
"518" 34.9274679542592 32.7897940414787 9
"519" 33.1679471085208 36.8803182221246 9
"520" 32.6322662566773 31.1522041972462 9
"521" 34.6233425828278 33.3040387212236 9
"522" 34.2852257637343 30.0198762592754 9
"523" 37.1789774878637 38.5414073502756 9
"524" 27.9583118447935 32.0691604614048 9
"525" 30.1262521696501 37.6540614863126 9
"526" 33.098994557102 33.2398118224101 9
"527" 113.736410640327 24.3492692164513 9
"528" 116.612227232007 25.0019046329167 9
"529" 116.439856710362 24.4230068510218 9
"530" 113.733776127029 24.1834222107926 9
"531" 109.974348223413 24.449910823677 9
"532" 114.167655430589 24.4945283985458 9
"533" 112.485812048336 24.5646043437348 9
"534" 116.788717953921 24.6006209080946 9
"535" 113.596809316939 24.1629531084685 9
"536" 118.206938990166 24.5744721047743 9
"537" 109.032007795379 24.6215407213058 9
"538" 114.558671297009 24.4583274724223 9
"539" 115.096038660198 24.1758240119261 9
"540" 113.841926498581 24.5212770949439 9
"541" 119.944601305613 24.5376685078741 9
"542" 116.378171478089 24.4862107699111 9
"543" 111.068079448207 25.0019912740518 9
"544" 119.206971218358 24.3408980565234 9
"545" 109.941594769188 24.5697031235915 9
"546" 114.937724932116 24.9586938528326 9
"547" 113.056271148912 24.5435652738544 9
"548" 115.087762803864 24.7221371896103 9
"549" 119.819765703796 24.3416046887561 9
"550" 117.075926837513 24.1995483660504 9
"551" 116.555362293701 24.3228394553476 9
"552" 112.94223227435 24.3841118322418 9
"553" 115.420536990364 24.7571297594504 9
"554" 114.939065825136 24.3802218260656 9
"555" 116.289318647509 24.4855171750032 9
"556" 116.239385887126 24.8137369831636 9
"557" 115.713265420564 24.124081454094 9
"558" 119.238132642778 24.6606635250827 9
"559" 119.811162156238 24.980862065863 9
"560" 110.56328384569 24.464921292043 9
"561" 112.828725618808 24.4632035390402 9
"562" 111.732177805261 24.6831930517074 9
"563" 121.392603278549 25.279319948229 9
"564" 113.892074036951 24.6483766027842 9
"565" 121.36806527642 24.7783207475989 9
"566" 109.777795561159 24.5706629842555 9
"567" 2.45358596046288 62.8164695613728 9
"568" 4.88334359912999 69.8948622597581 9
"569" 113.366723380386 24.1566810547818 9
"570" 74.6113360124081 41.4539236330348 9
"571" 14.6381229553746 73.02765212862 9
"572" 2.13161732313657 63.928702532044 10
"573" 1.78901895657872 77.4970745836707 10
"574" 2.30108362288127 71.4401777605371 10
"575" 2.48859771235242 74.4067623630138 10
"576" 1.95277378586686 72.8509811512191 10
"577" 2.20682087671579 66.3324643702784 10
"578" 1.325173034865 65.835754476557 10
"579" 1.74379415488274 66.1817299562647 10
"580" 3.29963941976063 67.2289214735038 10
"581" 1.81341525974806 75.1060107841493 10
"582" 2.5413525857348 64.0480228360814 10
"583" 1.70329495267391 71.722362279802 10
"584" 1.61356509447989 64.2778925062417 10
"585" 2.61550716062538 73.8636774482689 10
"586" 1.88499989881495 76.5443811039721 10
"587" 1.55835917905489 75.3824365648552 10
"588" 2.56097046223004 68.0159247887153 10
"589" 2.31132569955398 75.7283997610049 10
"590" 1.66251570062353 72.9429973122134 10
"591" 1.65905740124574 75.4129062591908 10
"592" 1.96409394586897 67.0366618628676 10
"593" 2.11196262493455 74.2966726815452 10
"594" 2.3753112968165 68.17256225642 10
"595" 2.79911577184333 66.8553380013484 10
"596" 2.78044899615551 67.8978768182251 10
"597" 2.23208495886096 74.1955109473974 10
"598" 2.03016822046727 75.1975727957907 10
"599" 1.97121909119538 73.9379692566786 10
"600" 25.3316954331459 32.0660884650745 10
"601" 33.1608345609028 33.615667020814 10
"602" 25.7009915226876 35.871683656302 10
"603" 33.6488858839816 34.7028362035813 10
"604" 32.9344051720392 36.4836902791582 10
"605" 28.940283866833 34.3944692756956 10
"606" 26.684026684624 40.1268899038362 10
"607" 33.5811857996733 34.6749275578263 10
"608" 35.4337523547737 29.143370129415 10
"609" 33.868205397237 31.7428996005294 10
"610" 33.8557746273856 36.3678297214927 10
"611" 33.6613580415533 36.0793200940615 10
"612" 28.572167174715 34.0551408028799 10
"613" 28.6735249186822 36.8836466228081 10
"614" 28.6914916142241 28.0188757814956 10
"615" 30.3276649822773 34.3600050289501 10
"616" 29.754043051126 36.1027912677316 10
"617" 32.6803145141239 34.5203818823043 10
"618" 113.784382582965 24.6474115123574 10
"619" 104.959926068532 24.3650109676067 10
"620" 112.134485033783 24.7542655872438 10
"621" 116.828194040317 24.09839662488 10
"622" 116.92201526195 24.4195916517575 10
"623" 111.317757542804 24.2988697567042 10
"624" 111.607822167747 24.8457143143243 10
"625" 112.043277867755 24.2478810602136 10
"626" 114.633916089561 24.2238061091257 10
"627" 124.598120392935 24.253762272105 10
"628" 113.79079258179 24.454785848878 10
"629" 113.587719959762 24.4031800759662 10
"630" 111.27188017557 24.5542497418503 10
"631" 112.678572935535 24.4934861428569 10
"632" 115.143615988472 24.2203496932054 10
"633" 116.266051007796 24.5163196301974 10
"634" 116.591265195949 24.3275869804363 10
"635" 115.468554577117 24.5428087411851 10
"636" 119.1542449693 24.6034704243497 10
"637" 120.14445160657 24.4464000394443 10
"638" 121.807947949453 24.3575837220924 10
"639" 115.757788792132 24.6724055441793 10
"640" 116.956996498461 24.4350959815843 10
"641" 114.999566135364 24.8815309287825 10
"642" 114.846134263329 24.204926189855 10
"643" 106.808495069512 24.5198634452794 10
"644" 115.081315769829 24.1494101194787 10
"645" 113.440818982161 24.3191915902142 10
"646" 115.05291908399 24.4573223673256 10
"647" 110.909446514861 24.9846142566285 10
"648" 111.838425120165 24.4546449746958 10
"649" 114.827105936995 24.4625090889633 10
"650" 110.024743734067 24.5603515046042 10
"651" 121.670073609976 24.6953165642248 10
"652" 113.112216087109 24.4629382061168 10
"653" 105.114358368366 24.1680733711824 10
"654" 119.772866790284 24.7853092304634 10
"655" 122.366894512315 24.4236439392439 10
"656" 112.863867306627 24.8104386591739 10
"657" 114.217685557115 24.6445143734877 10
"658" 120.140568004766 24.3956243879338 10
"659" 113.850510926054 23.9143855185029 10
"660" 111.697955302794 24.3759365638006 10
"661" 110.58435046584 24.8118095990898 10
"662" 115.531631226904 24.0175982460004 10
"663" 112.468823110524 24.8660397300062 10
"664" 115.586870143453 23.9782231630062 10
"665" 112.304841693182 24.4462177669171 10
"666" 115.232129308182 24.3509908374804 10
"667" 114.285077367101 24.7099013648998 10
"668" 112.273689828669 24.9010983422371 10
"669" 113.655720836347 24.5836878030105 10
"670" 110.9171490984 24.2207604560519 10
"671" 114.155963433914 24.5035600075771 10
"672" 118.227880383167 24.6155954740592 10
"673" 121.782474708084 24.4781487266366 10
"674" 114.915287899571 24.5490148632508 10
"675" 117.957442865619 24.4919416511384 10
"676" 116.971623172803 24.0337199195573 10
"677" 116.193044519116 24.8285211297911 10
"678" 119.779325842676 24.8042870975647 10
"679" 110.063510337703 24.4526889001017 10
"680" 109.21661258367 24.1064042507942 10
"681" 114.585567976701 24.2922032214571 10
"682" 112.695167947777 24.4733126576167 10
"683" 115.71752423179 24.1704447763164 10
"684" 112.535501676154 24.9943613344711 10
"685" 120.677677321074 24.7778280288779 10
"686" 113.318107199013 24.9624741214609 10
"687" 110.590517648425 24.4809076095762 10
"688" 114.969926732424 24.7183519677295 10
"689" 119.032438767538 24.5826640319213 10
"690" 115.178253964443 24.2781948151184 10
"691" 111.636528293975 24.6871780784362 10
"692" 115.672184430355 24.3265101285521 10
"693" 111.174851482556 24.6609759194786 10
"694" 106.810138408452 24.3733752761546 10
"695" 116.231360962949 24.2479350783081 10
"696" 111.812763548177 24.1706016384519 10
"697" 112.743981349387 24.5931230639834 10
"698" 116.209382799536 24.4959506391702 10
"699" 121.065760434254 24.7574629409738 10
"700" 114.07304046823 24.4141279138205 10
"701" 116.785382827162 24.8385826988652 10
"702" 111.811802109606 24.9091549048182 10
"703" 112.3912399691 24.4350639955558 10
"704" 118.584638423397 24.4749038077186 10
"705" 112.304606279027 24.0563246999783 10
"706" 114.408645174813 24.2295425671959 10
"707" 110.561056022769 24.5463682983926 10
"708" 119.666793571594 24.7761033291984 10
"709" 114.523738497732 24.8982498761393 10
"710" 29.0886748389925 45.3090152361686 10
"711" 16.68215248896 25.5146946196164 10
"712" 1.74613835834902 64.6861546628654 11
"713" 3.00762144290228 66.6630413175281 11
"714" 1.5881160761546 74.1647530433231 11
"715" 2.22506203307207 67.0737814044501 11
"716" 1.01978720314347 71.3689906816609 11
"717" 1.55010468158332 77.222279501952 11
"718" 3.67362132825869 74.7388464952219 11
"719" 1.6357578070067 68.0845003337773 11
"720" 34.1406652430638 36.9197336935615 11
"721" 35.3400340085387 28.0952973074651 11
"722" 34.9148358894889 35.5704393470762 11
"723" 29.271083144091 35.5034333446429 11
"724" 33.5316553554333 33.4870852920384 11
"725" 28.5285300134432 28.3115036336019 11
"726" 30.1626565276875 36.1190090248649 11
"727" 35.9319076402419 34.3601572182149 11
"728" 33.7518781477953 37.2023616604807 11
"729" 28.5305129783199 36.5963419645884 11
"730" 34.6095106786522 35.0442155790182 11
"731" 33.4721678708011 34.263766897913 11
"732" 35.5491701497009 35.0786653419383 11
"733" 29.8534591038935 36.3141828974565 11
"734" 32.1325576594407 28.0174743912495 11
"735" 29.2881154320234 37.3052588820839 11
"736" 29.3784870236644 35.3604700184562 11
"737" 34.7903987486852 35.997863097443 11
"738" 28.3976370632751 32.0223357271954 11
"739" 28.6370600894966 32.1705257902126 11
"740" 29.4753132107706 33.4765093301209 11
"741" 115.818129920743 24.4944145959067 11
"742" 114.545651384527 24.9429868223651 11
"743" 111.567104132138 24.2740033265445 11
"744" 114.142796320082 24.5613862564388 11
"745" 118.767933573485 24.6764085308199 11
"746" 118.715201156113 24.7740389232495 11
"747" 121.189069649923 24.5503352555871 11
"748" 112.410729306515 24.7627780898498 11
"749" 120.547325819312 24.761930619088 11
"750" 116.221058345171 24.3238808099469 11
"751" 119.161737309587 24.6512472199463 11
"752" 120.171973745567 24.5080446708182 11
"753" 114.703119740844 24.4298564519002 11
"754" 121.856303379665 24.3570009347837 11
"755" 118.879506826728 24.6392908196843 11
"756" 118.748154229788 24.7449281370144 11
"757" 119.502174528527 24.4890962405762 11
"758" 117.691467806766 24.5091714198174 11
"759" 112.638603012657 24.53491898493 11
"760" 117.97500716341 24.9905793435723 11
"761" 124.29890464721 24.3583379176385 11
"762" 112.178906131067 24.2785184022278 11
"763" 118.055803788765 24.5392656534615 11
"764" 115.231119953009 24.7961721371629 11
"765" 109.417799008987 24.073174058648 11
"766" 114.307456469507 24.6142980997946 11
"767" 115.499556582772 24.5203283678099 11
"768" 111.991489503897 24.9515080901946 11
"769" 121.06471558514 24.82403572709 11
"770" 115.663371917992 24.5295306715631 11
"771" 111.784649913808 24.6637708906627 11
"772" 117.984285548335 24.7512215174521 11
"773" 118.099859714001 24.9322264449822 11
"774" 119.413677836292 24.7723264869668 11
"775" 115.516886748524 24.309774706352 11
"776" 118.471771421461 24.5425177827457 11
"777" 113.428425113647 24.7386124090509 11
"778" 121.614296145464 24.392237103536 11
"779" 112.515021607504 24.3900768270881 11
"780" 116.914740732877 24.8204953344754 11
"781" 116.118896863807 24.9641488324455 11
"782" 115.837254073762 24.4682060038833 11
"783" 118.414976727597 24.5623746800784 11
"784" 115.306294387327 24.2188858301783 11
"785" 112.871757035932 25.0787114453834 11
"786" 117.969559836913 24.5137425542116 11
"787" 114.222914281645 24.6463923415962 11
"788" 117.041761875771 24.0861528269849 11
"789" 117.245259066034 24.6474785169952 11
"790" 120.309226042367 24.5348529379583 11
"791" 118.71996082666 24.1384009013998 11
"792" 115.657138697745 24.7394054523117 11
"793" 112.038903551195 24.1517985980803 11
"794" 117.301632280351 24.169968222204 11
"795" 120.479880303668 24.6935069398383 11
"796" 116.362563908648 24.8234665761636 11
"797" 116.19087597418 24.4313342131902 11
"798" 120.476665238788 24.7996747068594 11
"799" 114.714620747129 24.9931240821627 11
"800" 113.088570337487 24.6927655947974 11
"801" 120.998689747092 24.3570780772549 11
"802" 114.601203779975 24.5237599939699 11
"803" 113.82942460296 24.4926955183161 11
"804" 120.281385096527 24.5547980610936 11
"805" 114.724034271827 24.5622985967437 11
"806" 111.523433355637 24.3634293325372 11
"807" 113.063236702993 25.2057215500324 11
"808" 124.240623630636 24.6597233150053 11
"809" 119.579554881851 24.4453143063991 11
"810" 119.622467566147 24.5173712719641 11
"811" 121.19410136315 24.4435695392275 11
"812" 114.080180192391 24.6067931929917 11
"813" 110.653429931978 24.7872890961744 11
"814" 117.779959761791 24.2690291797115 11
"815" 113.922666766197 24.306099805489 11
"816" 118.506347973151 24.4808270969601 11
"817" 117.875432666563 24.656691377968 11
"818" 114.533905494087 24.0522749204994 11
"819" 122.274237252046 24.5682712712796 11
"820" 119.330020768514 24.5907930402207 11
"821" 122.185550314345 24.7113012476207 11
"822" 121.850211750987 24.5176955078831 11
"823" 118.288920364493 24.7894734009461 11
"824" 28.0924589614172 28.8336495681208 11
"825" 32.9889258288432 39.2395390508719 11
"826" 1.7013685978816 77.1193972907319 12
"827" 3.02670218432018 71.4973853471131 12
"828" 1.88705997559311 75.3642610629457 12
"829" 31.3489111476563 28.2637105236863 12
"830" 33.9030077460584 31.8790464562748 12
"831" 33.8993649966276 34.0941322677017 12
"832" 26.8303280927324 28.9481927640562 12
"833" 35.1050001992696 35.1130538236061 12
"834" 30.7274273249985 26.9584444073138 12
"835" 34.128821929814 35.088931581076 12
"836" 34.9338713116003 35.7760588721001 12
"837" 27.5730059921998 29.2827053808028 12
"838" 33.4672006637854 34.5269828538405 12
"839" 26.7685408971688 34.2817112730814 12
"840" 35.8318302980059 31.8646248527309 12
"841" 118.207897752007 24.9088855419982 12
"842" 113.55129273247 24.9015595187261 12
"843" 114.363479264424 24.3265519318293 12
"844" 121.016039452433 24.2587807908069 12
"845" 111.343656484436 24.2405343481085 12
"846" 119.170155596776 24.7232423192211 12
"847" 115.678110941556 24.3749874199373 12
"848" 114.464900340525 24.7034964182485 12
"849" 123.678863664206 24.5544792189731 12
"850" 117.285510692441 24.7470373677586 12
"851" 114.366371153774 24.1331745155095 12
"852" 112.931542371159 24.7001961897982 12
"853" 117.912649343875 24.422084144002 12
"854" 121.400712102567 24.9969134217568 12
"855" 120.192011854623 24.2331499834669 12
"856" 110.355016237138 24.1504538690288 12
"857" 111.963256920944 24.5172717934905 12
"858" 120.196601772317 24.2371344948759 12
"859" 122.114972045732 24.7003965210196 12
"860" 113.65585762902 24.7516300555234 12
"861" 116.090793810449 24.2456435100501 12
"862" 118.04035488954 24.3334599336922 12
"863" 119.406787136581 24.2529124053296 12
"864" 109.309227388026 24.4269012028445 12
"865" 121.537884684326 23.943004404203 12
"866" 111.818200193989 24.0365252262156 12
"867" 118.131064514569 24.8053775547303 12
"868" 112.343587970906 24.2453770373842 12
"869" 111.952818722597 24.9647381982848 12
"870" 121.788383741758 24.2325608176883 12
"871" 115.348641676206 24.3544385234872 12
"872" 116.875467245274 24.0308769621868 12
"873" 120.294700254188 24.3262057791257 12
"874" 118.966076651896 24.3794380502142 12
"875" 122.066779256967 24.6928979708195 12
"876" 123.43193534648 24.9382344152786 12
"877" 124.763219905286 24.9916276028664 12
"878" 112.790574389681 25.1079210807619 12
"879" 109.313017990681 24.3120296824758 12
"880" 123.53526780558 25.0371251716642 12
"881" 113.952625186446 24.1503581394191 12
"882" 118.904704859948 24.4048194475636 12
"883" 124.647226776953 25.0954810862373 12
"884" 123.311865565836 24.539088051981 12
"885" 117.686460994111 24.6830748902257 12
"886" 124.304141488035 24.0870067295281 12
"887" 117.781009335094 24.4870921287458 12
"888" 115.212498151407 39.0834236906746 12
"889" 24.4716241783661 32.2677124292616 12
"890" 123.535636526956 25.0871892553231 12
"891" 26.3258432696812 52.779446907598 12
"892" 3.20285489212791 63.5337776265742 13
"893" 2.56567353871989 70.7265251915906 13
"894" 0.960705236392767 71.7424978265454 13
"895" 1.81016936970788 76.9939287167926 13
"896" 0.797782682523585 73.0307115666441 13
"897" 30.4214844422674 35.8029447459285 13
"898" 31.4454548441293 39.3687274331805 13
"899" 34.6621385092331 37.9442108170491 13
"900" 29.2491758094059 35.7851131638643 13
"901" 33.2863231471816 27.9259331360722 13
"902" 30.0664621727269 36.3235547285151 13
"903" 29.9661828239456 35.9449006290078 13
"904" 34.8740713734677 36.0416398146135 13
"905" 29.5013718821246 38.4402416773864 13
"906" 31.6870624072374 35.5913619814138 13
"907" 30.3921842806154 35.8746415656058 13
"908" 34.6476592546584 37.100529240474 13
"909" 33.3607225549275 27.9695680373105 13
"910" 35.1890544194637 37.2617815212009 13
"911" 31.0711179733029 28.3202021239171 13
"912" 111.481957436991 24.1801911271841 13
"913" 114.809159513293 24.6387610056709 13
"914" 124.259921730314 24.3317538949303 13
"915" 121.933425048635 24.8562936667559 13
"916" 119.395090944382 24.1657570249501 13
"917" 109.631592928324 24.0361036786402 13
"918" 115.892665023591 25.0845950811389 13
"919" 107.807761100601 24.5659832216067 13
"920" 117.865154989923 25.1563458466877 13
"921" 118.603973205089 25.0477081791184 13
"922" 123.786784298443 24.8043201820732 13
"923" 108.098702403852 24.6763242068926 13
"924" 123.340496900251 24.4017804265452 13
"925" 115.983030990582 24.150463878612 13
"926" 123.832266144342 24.9688739365755 13
"927" 123.600116264107 24.5300897639808 13
"928" 124.9066323215 24.9645984523817 13
"929" 118.778406685342 24.2988023138309 13
"930" 120.366172918801 24.3616989571857 13
"931" 122.681422309915 33.2985462747874 13
"932" 0.705432606498894 77.8505737720277 13
"933" 92.2665825342558 41.9164670587527 13
"934" 45.1766468385825 51.4104355801184 13
"935" 1.09573544952704 61.4592115877123 14
"936" 26.4882897014461 28.7222199763619 14
"937" 34.952271072567 37.8510225736655 14
"938" 33.7269471290767 27.8907775839345 14
"939" 29.9041853681102 28.4233393850144 14
"940" 29.216435509674 30.5709620654987 14
"941" 29.5198513105696 29.70102507625 14
"942" 33.2254893911076 28.6768428812942 14
"943" 123.511250463229 24.0930889543616 14
"944" 110.315589724895 24.5989978283616 14
"945" 123.450322915929 24.3453286780383 14
"946" 106.161310338625 24.117263943388 14
"947" 121.623947858756 24.2369793144483 14
"948" 107.842466288461 24.6042673055443 14
"949" 123.122879405797 24.6462460652417 14
"950" 119.060966300012 23.9964890615038 14
"951" 121.672439684323 24.205955398102 14
"952" 26.9269654047543 54.2078594479953 14
"953" 120.155047994507 59.9993988209489 14
"954" 122.566490819279 36.6074764582595 14
"955" 3.26216512644936 63.5760643901386 15
"956" 2.0643295826969 75.8676687225716 15
"957" 26.9485005635632 28.7020272140282 15
"958" 34.2620206914661 32.2412395869721 15
"959" 34.7839247171361 32.222485453467 15
"960" 29.8761882731007 29.4904369470007 15
"961" 34.6024010092619 37.4881684420594 15
"962" 108.268135588874 24.169971327488 15
"963" 123.114888843587 25.0041506594963 15
"964" 106.057327626096 24.1357401879259 15
"965" 116.139567113731 23.818443740882 15
"966" 104.653430564127 24.3954926862549 15
"967" 117.596754314488 24.9768061655114 15
"968" 51.1902135063387 39.758042173393 15
"969" 120.617986553702 44.4045414767692 15
"970" 92.3700384536485 40.016905214742 15
"971" 1.782738573437 62.6097153862491 16
"972" 29.7747194851 28.5061667272812 16
"973" 30.5937012025972 30.898148467588 16
"974" 29.1356951279623 30.7240472016617 16
"975" 30.8819357860935 30.8600432842044 16
"976" 34.3066578347703 30.8220688226797 16
"977" 110.841293461325 24.6787222617925 16
"978" 104.255732307936 23.969723596812 16
"979" 25.837765748714 42.4223803920626 16
"980" 46.040763376273 29.2761887569644 16
"981" 2.9512534498159 76.4805706057483 17
"982" 2.20397582218014 76.0257648443101 17
"983" 1.50084110145461 75.8576094744021 17
"984" 1.27487565644656 76.3800890517819 17
"985" 1.71248042791703 62.8012176951766 17
"986" 33.8219719688329 31.1824639414971 17
"987" 30.9616297152669 30.9625906803724 17
"988" 31.4276251387678 38.6373063181871 17
"989" 105.964229048209 24.4394725454654 17
"990" 110.898680598627 24.6010466683861 17
"991" 116.420704559582 37.3180335546939 17
"992" 104.864903996053 25.3842696942894 17
"993" 120.937307061082 28.1307216656214 17
"994" 2.6540906925892 61.2586383156816 18
"995" 2.39775359124267 62.0114871395221 18
"996" 34.4075487641141 32.7416326788356 18
"997" 92.2145081837333 36.0571852456857 18
"998" 118.000054692682 34.4997092049967 18
"999" 95.2717230982156 35.5736888176017 18
"1000" 27.5728024883341 28.7041895938625 18
"1001" 0.914321260905301 65.9402109994677 19
"1002" 31.0097606163931 36.9389575141054 19
"1003" 121.307114615662 30.6004046701445 19
"1004" 2.50561200916552 74.5994902051886 20
"1005" 31.1738682197295 34.7360422338293 20
"1006" 31.8519419534096 39.5483748963795 20
"1007" 39.6604654212545 58.8761317613128 20
"1008" 25.8016915014272 68.2565011168598 20
"1009" 93.3302190564404 37.6760141495604 20
"1010" 21.7118238897779 43.2796442322434 20
"1011" 3.88342207528818 65.4839368402661 21
"1012" 3.52871510387402 66.5794879518089 21
"1013" 30.4337421565897 38.6935317870415 21
"1014" 8.91673924941267 33.7457320058625 21
"1015" 4.3336804122522 75.6188815361817 21
"1016" 32.3508921777729 55.4855256020949 21
"1017" 23.138517297763 34.5609615590523 21
"1018" 27.9222959804597 30.4732288774401 22
"1019" 34.9639488766716 29.0742336903806 22
"1020" 33.7429417862586 29.5542679564458 22
"1021" 33.9963947265064 57.7946789573096 22
"1022" 26.507448952927 30.4484759415307 23
"1023" 34.8053902388411 28.9077573801559 23
"1024" 27.8140427601235 32.5150660221331 23
"1025" 34.8578439694281 27.3273092320642 23
"1026" 29.9728764954955 37.3002338676251 23
"1027" 41.3794741903637 57.888643921576 23
"1028" 37.3224320453886 29.8211445006784 24
"1029" 28.3013295628823 32.7151460440488 24
"1030" 38.2109707535099 29.5863379788681 24
"1031" 23.6888819875458 34.8966456188878 24
"1032" 27.3968624166108 58.0240761359171 24
"1033" 28.1461105818521 38.2550334400316 24
"1034" 116.596693428809 63.3367377309748 25
"1035" 34.9850899529609 24.1938491249265 25
"1036" 40.5177411085662 46.0423394012262 25
"1037" 29.1297317096558 37.6815992243197 26
"1038" 27.5085364604181 38.5355767562382 26
"1039" 28.1060565967578 37.4278530336577 27
"1040" 35.0516514459032 60.3361312149503 27
"1041" 114.074639761738 60.6563225966842 27
"1042" 28.3647013009758 42.6575279548661 28
"1043" 30.3032253265622 39.2379983137786 28
"1044" 37.1012667934833 31.9246657839717 28
"1045" 126.457223933853 24.2777519327234 28
"1046" 31.8301029118622 42.4314442887553 28
"1047" 116.032162752887 64.5228488144893 28
"1048" 112.960917022616 58.5081134001017 28
"1049" 32.3738943338456 26.4671949658635 29
"1050" 30.8525434736283 32.2519645619732 29
"1051" 13.2653244705733 67.4282653757168 29
"1052" 30.7055052828755 31.758443106166 30
"1053" 23.1550734910586 36.5935089933993 30
"1054" 38.1834125019568 33.073200787671 31
"1055" 35.3683595844366 34.5195055753214 31
"1056" 37.6097624192321 33.3624669310192 31
