0.12083333333333333
0.11458333333333333
0.11875
0.13125
0.1125
0.125
0.1125
0.12291666666666666
0.125
0.1125
0.10833333333333334
0.11875
0.11875
0.11458333333333333
0.11458333333333333
0.12291666666666666
0.12083333333333333
0.11666666666666667
0.12708333333333333
0.12083333333333333
0.11875
0.11458333333333333
0.11666666666666667
0.125
0.12708333333333333
0.11458333333333333
0.11666666666666667
0.12083333333333333
0.12708333333333333
0.125
0.12916666666666668
0.11666666666666667
0.13541666666666666
0.12083333333333333
0.13125
0.11875
0.11041666666666666
0.125
0.11875
0.12291666666666666
