0.15833333333333333
0.15208333333333332
0.1625
0.15416666666666667
0.15625
0.15
0.16041666666666668
0.1625
0.15416666666666667
0.14791666666666667
0.15
0.14583333333333334
0.15
0.14791666666666667
0.15
0.15416666666666667
0.15416666666666667
0.16041666666666668
0.15208333333333332
0.15
0.14791666666666667
0.14791666666666667
0.15416666666666667
0.15
0.15
0.15833333333333333
0.15833333333333333
0.15416666666666667
0.14583333333333334
0.15208333333333332
0.14791666666666667
0.14791666666666667
0.15625
0.15208333333333332
0.16041666666666668
0.16041666666666668
0.16041666666666668
0.1625
0.15
0.15208333333333332
