0.10625
0.11875
0.10625
0.12083333333333333
0.11458333333333333
0.11875
0.10833333333333334
0.11041666666666666
0.10833333333333334
0.10208333333333333
0.11875
0.11666666666666667
0.11875
0.10833333333333334
0.11875
0.11041666666666666
0.11458333333333333
0.10833333333333334
0.11041666666666666
0.10416666666666667
0.10833333333333334
0.11666666666666667
0.1125
0.11458333333333333
0.11875
0.1125
0.11875
0.11041666666666666
0.10416666666666667
0.1125
0.11666666666666667
0.11458333333333333
0.11041666666666666
0.1125
0.10416666666666667
0.11041666666666666
0.11041666666666666
0.11666666666666667
0.11458333333333333
0.10833333333333334
