0.125
0.12291666666666666
0.12291666666666666
0.125
0.12708333333333333
0.125
0.12083333333333333
0.12291666666666666
0.12291666666666666
0.11666666666666667
0.12291666666666666
0.125
0.11666666666666667
0.125
0.12291666666666666
0.125
0.11041666666666666
0.125
0.125
0.11875
0.11666666666666667
0.1375
0.125
0.12291666666666666
0.10625
0.12708333333333333
0.12291666666666666
0.12916666666666668
0.12708333333333333
0.13333333333333333
0.12083333333333333
0.125
0.12708333333333333
0.11875
0.125
0.12708333333333333
0.125
0.11875
0.11458333333333333
0.125
