0.175
0.16875
0.16666666666666666
0.175
0.16458333333333333
0.16875
0.16875
0.17916666666666667
0.16666666666666666
0.17708333333333334
0.18125
0.1625
0.16875
0.16666666666666666
0.17083333333333334
0.16875
0.18125
0.1875
0.16666666666666666
0.17083333333333334
0.17708333333333334
0.175
0.1625
0.15625
0.16666666666666666
0.15416666666666667
0.1625
0.16041666666666668
0.17291666666666666
0.16875
0.16458333333333333
0.17291666666666666
0.16458333333333333
0.17291666666666666
0.16458333333333333
0.17083333333333334
0.16875
0.16458333333333333
0.16458333333333333
0.16666666666666666
