0.16458333333333333
0.15833333333333333
0.1625
0.14791666666666667
0.16041666666666668
0.16458333333333333
0.16458333333333333
0.16666666666666666
0.17708333333333334
0.15416666666666667
0.15625
0.15833333333333333
0.16458333333333333
0.16666666666666666
0.16458333333333333
0.14791666666666667
0.16666666666666666
0.1625
0.15
0.15833333333333333
0.16041666666666668
0.15833333333333333
0.15833333333333333
0.15625
0.15416666666666667
0.15208333333333332
0.1625
0.16875
0.1625
0.16041666666666668
0.15208333333333332
0.15625
0.16666666666666666
0.17708333333333334
0.1625
0.16666666666666666
0.15833333333333333
0.15416666666666667
0.1625
0.16458333333333333
