0.20833333333333334
0.21666666666666667
0.21875
0.2125
0.2125
0.21875
0.21041666666666667
0.20416666666666666
0.21458333333333332
0.2125
0.2125
0.20833333333333334
0.21666666666666667
0.2
0.22083333333333333
0.22083333333333333
0.2125
0.21041666666666667
0.2125
0.21875
0.2125
0.21041666666666667
0.21666666666666667
0.21458333333333332
0.22291666666666668
0.22291666666666668
0.20625
0.2125
0.2125
0.21875
0.20416666666666666
0.22291666666666668
0.20625
0.2125
0.2125
0.20833333333333334
0.22291666666666668
0.21666666666666667
0.21666666666666667
0.23125
