0.18333333333333332
0.20208333333333334
0.2
0.2
0.20208333333333334
0.20416666666666666
0.2
0.20416666666666666
0.20625
0.19791666666666666
0.20416666666666666
0.19791666666666666
0.20625
0.19583333333333333
0.20416666666666666
0.20416666666666666
0.2
0.19583333333333333
0.2
0.19791666666666666
0.20625
0.2
0.20416666666666666
0.2125
0.19791666666666666
0.19166666666666668
0.2
0.19166666666666668
0.20833333333333334
0.20208333333333334
0.20208333333333334
0.19791666666666666
0.21041666666666667
0.20625
0.19375
0.20208333333333334
0.2
0.2
0.19791666666666666
0.2
