0.13958333333333334
0.13125
0.12916666666666668
0.13541666666666666
0.14166666666666666
0.14166666666666666
0.14375
0.14166666666666666
0.13958333333333334
0.13125
0.14166666666666666
0.13958333333333334
0.13958333333333334
0.14375
0.13541666666666666
0.13958333333333334
0.15
0.14375
0.14166666666666666
0.14583333333333334
0.1375
0.13125
0.1375
0.14375
0.13958333333333334
0.14166666666666666
0.13958333333333334
0.13958333333333334
0.14375
0.13958333333333334
0.13541666666666666
0.13958333333333334
0.13125
0.1375
0.1375
0.15208333333333332
0.1375
0.14583333333333334
0.1375
0.13541666666666666
