0.11666666666666667
0.12708333333333333
0.12916666666666668
0.125
0.12708333333333333
0.12083333333333333
0.13333333333333333
0.12291666666666666
0.12083333333333333
0.12916666666666668
0.125
0.125
0.11666666666666667
0.13333333333333333
0.125
0.12916666666666668
0.125
0.12291666666666666
0.12916666666666668
0.1375
0.12291666666666666
0.12708333333333333
0.13541666666666666
0.13125
0.12916666666666668
0.12916666666666668
0.13333333333333333
0.13125
0.13125
0.12916666666666668
0.1375
0.13125
0.125
0.14166666666666666
0.125
0.12916666666666668
0.125
0.13958333333333334
0.12291666666666666
0.12916666666666668
