0.14791666666666667
0.15208333333333332
0.14583333333333334
0.15625
0.15625
0.15625
0.15208333333333332
0.14791666666666667
0.15833333333333333
0.15625
0.15
0.14166666666666666
0.15416666666666667
0.1375
0.15416666666666667
0.15833333333333333
0.14583333333333334
0.15208333333333332
0.15625
0.15208333333333332
0.13958333333333334
0.15625
0.1375
0.15833333333333333
0.14791666666666667
0.13958333333333334
0.15208333333333332
0.14375
0.15208333333333332
0.15208333333333332
0.13958333333333334
0.14375
0.15416666666666667
0.16041666666666668
0.14583333333333334
0.15208333333333332
0.15416666666666667
0.16041666666666668
0.15
0.17083333333333334
