0.17083333333333334
0.17291666666666666
0.17708333333333334
0.17083333333333334
0.17916666666666667
0.175
0.17291666666666666
0.17708333333333334
0.17083333333333334
0.17291666666666666
0.17291666666666666
0.17083333333333334
0.17708333333333334
0.17291666666666666
0.17291666666666666
0.17708333333333334
0.16875
0.17708333333333334
0.16875
0.175
0.18333333333333332
0.17083333333333334
0.175
0.17916666666666667
0.17291666666666666
0.17708333333333334
0.175
0.16666666666666666
0.17708333333333334
0.175
0.17291666666666666
0.18125
0.16875
0.17916666666666667
0.17708333333333334
0.18125
0.16875
0.17708333333333334
0.17708333333333334
0.17083333333333334
