0.19791666666666666
0.20833333333333334
0.20416666666666666
0.20416666666666666
0.21041666666666667
0.21041666666666667
0.20416666666666666
0.20833333333333334
0.2
0.20208333333333334
0.19583333333333333
0.20208333333333334
0.20625
0.20416666666666666
0.20208333333333334
0.20833333333333334
0.2125
0.20208333333333334
0.19583333333333333
0.20833333333333334
0.2125
0.21041666666666667
0.19583333333333333
0.20208333333333334
0.2125
0.21666666666666667
0.22083333333333333
0.20416666666666666
0.2125
0.20416666666666666
0.19583333333333333
0.19583333333333333
0.20416666666666666
0.21041666666666667
0.20625
0.20208333333333334
0.20625
0.2125
0.19791666666666666
0.21041666666666667
