0.17916666666666667
0.19166666666666668
0.18541666666666667
0.17708333333333334
0.18958333333333333
0.17916666666666667
0.18125
0.17083333333333334
0.175
0.18333333333333332
0.18333333333333332
0.17708333333333334
0.1875
0.18958333333333333
0.2
0.1875
0.17083333333333334
0.18333333333333332
0.1875
0.17083333333333334
0.18125
0.18333333333333332
0.18333333333333332
0.18333333333333332
0.17291666666666666
0.17916666666666667
0.175
0.1875
0.175
0.18541666666666667
0.18125
0.1875
0.17916666666666667
0.17916666666666667
0.1875
0.17916666666666667
0.17708333333333334
0.18541666666666667
0.18958333333333333
0.19375
