300.0 228.26923076923077 131.0
333.0 232.07407407407408 150.0
333.0 255.51724137931035 186.0
336.0 272.0967741935484 155.0
336.0 282.4848484848485 211.0
336.0 287.1714285714286 194.0
336.0 287.3243243243243 189.0
342.0 282.7692307692308 182.0
363.0 282.6585365853659 171.0
363.0 288.4186046511628 171.0
363.0 291.3777777777778 170.0
363.0 296.74468085106383 188.0
368.0 311.55102040816325 201.0
378.0 318.03921568627453 225.0
381.0 345.9056603773585 281.0
381.0 353.0181818181818 261.0
384.0 355.63157894736844 304.0
384.0 344.4406779661017 270.0
384.0 348.4918032786885 268.0
384.0 346.74603174603175 288.0
384.0 341.55384615384617 282.0
384.0 347.910447761194 282.0
384.0 353.28985507246375 279.0
384.0 360.3380281690141 291.0
386.0 358.8767123287671 293.0
386.0 362.4533333333333 310.0
387.0 361.36842105263156 310.0
387.0 358.3246753246753 274.0
387.0 361.0632911392405 303.0
389.0 362.5432098765432 291.0
389.0 360.9277108433735 284.0
389.0 361.9647058823529 318.0
389.0 363.6666666666667 303.0
389.0 367.0674157303371 281.0
389.0 365.35164835164835 267.0
390.0 368.7741935483871 325.0
390.0 368.94736842105266 336.0
390.0 361.7216494845361 313.0
392.0 362.8484848484849 290.0
392.0 363.43564356435644 310.0
392.0 365.3398058252427 293.0
392.0 365.84761904761905 318.0
392.0 366.5700934579439 287.0
392.0 370.6238532110092 314.0
392.0 365.27027027027026 286.0
392.0 370.2300884955752 306.0
393.0 368.55652173913046 281.0
393.0 369.35897435897436 299.0
393.0 369.5798319327731 318.0
393.0 364.4876033057851 293.0
393.0 365.650406504065 292.0
393.0 360.56 295.0
393.0 362.26190476190476 292.0
393.0 365.59055118110234 277.0
393.0 363.50387596899225 265.0
393.0 364.5267175572519 295.0
393.0 365.3383458646617 265.0
396.0 365.4222222222222 270.0
396.0 366.7153284671533 291.0
396.0 370.0 276.0
396.0 370.7163120567376 308.0
396.0 371.958041958042 305.0
396.0 369.28275862068966 314.0
396.0 365.72108843537416 260.0
396.0 365.5570469798658 270.0
396.0 364.5960264900662 223.0
396.0 361.078431372549 184.0
396.0 360.63870967741934 172.0
397.0 364.29936305732485 174.0
397.0 365.25786163522014 252.0
397.0 365.6583850931677 249.0
397.0 365.2453987730061 236.0
397.0 368.07272727272726 265.0
397.0 367.7544910179641 255.0
397.0 368.7810650887574 248.0
397.0 371.8362573099415 285.0
397.0 373.7514450867052 255.0
397.0 375.18285714285713 287.0
397.0 371.3636363636364 228.0
397.0 373.49717514124296 246.0
397.0 374.98324022346367 217.0
397.0 377.2817679558011 207.0
397.0 377.40983606557376 286.0
397.0 375.7351351351351 299.0
397.0 373.06951871657753 306.0
397.0 374.97354497354496 242.0
397.0 374.21989528795814 301.0
397.0 375.6580310880829 286.0
397.0 371.9025641025641 294.0
397.0 370.39086294416245 291.0
397.0 373.5778894472362 299.0
397.0 374.5273631840796 301.0
397.0 371.89162561576353 303.0
397.0 370.5853658536585 284.0
397.0 370.7971014492754 270.0
397.0 371.88038277511964 273.0
397.0 370.61137440758296 270.0
397.0 370.2206572769953 255.0
397.0 370.3255813953488 291.0
397.0 367.6774193548387 291.0
397.0 371.9086757990868 309.0
397.0 371.8099547511312 281.0
397.0 370.8834080717489 275.0
397.0 369.8488888888889 279.0
397.0 372.4867256637168 259.0
397.0 372.0484581497797 267.0
399.0 374.13100436681225 279.0
399.0 373.0952380952381 268.0
399.0 374.6137339055794 285.0
399.0 372.63829787234044 255.0
399.0 374.0759493670886 288.0
399.0 371.06276150627616 257.0
399.0 372.14522821576764 244.0
399.0 369.81481481481484 243.0
399.0 373.5265306122449 262.0
399.0 372.085020242915 302.0
399.0 374.6305220883534 294.0
399.0 373.42231075697214 287.0
399.0 372.5217391304348 250.0
399.0 373.0627450980392 306.0
399.0 372.7081712062257 281.0
399.0 377.05405405405406 287.0
399.0 374.6475095785441 276.0
399.0 372.1977186311787 258.0
399.0 372.51698113207544 290.0
399.0 371.8951310861423 270.0
399.0 372.1598513011152 274.0
399.0 372.76752767527677 248.0
399.0 371.85714285714283 278.0
399.0 373.46909090909094 295.0
399.0 370.6340579710145 307.0
399.0 371.4765342960289 240.0
399.0 370.93548387096774 265.0
399.0 369.0427046263345 286.0
399.0 373.08480565371025 286.0
399.0 376.64912280701753 304.0
399.0 375.25783972125436 292.0
399.0 376.560553633218 311.0
399.0 375.10996563573883 298.0
400.0 376.2013651877133 323.0
400.0 377.73559322033896 288.0
400.0 378.2255892255892 322.0
400.0 379.17725752508363 315.0
400.0 378.0232558139535 303.0
400.0 377.34983498349834 303.0
400.0 376.61639344262295 292.0
400.0 378.114006514658 313.0
400.0 377.0355987055016 287.0
400.0 376.459807073955 241.0
400.0 376.7092651757188 290.0
400.0 376.4793650793651 253.0
400.0 376.42586750788644 292.0
400.0 375.30094043887146 274.0
400.0 377.10280373831773 299.0
400.0 375.6780185758514 297.0
400.0 377.12307692307695 270.0
400.0 375.9631901840491 261.0
400.0 375.8073394495413 265.0
400.0 378.4255319148936 275.0
400.0 378.9335347432024 313.0
400.0 379.53453453453454 315.0
400.0 380.0089552238806 294.0
400.0 379.9940652818991 318.0
400.0 379.24778761061947 293.0
400.0 381.07624633431084 297.0
401.0 383.12827988338194 338.0
401.0 380.74202898550726 299.0
401.0 380.6023054755043 291.0
401.0 380.4699140401146 312.0
401.0 382.26210826210826 303.0
401.0 380.8753541076487 244.0
401.0 380.7943661971831 305.0
401.0 382.18767507002804 319.0
401.0 381.5988857938719 311.0
401.0 381.1523545706371 331.0
401.0 381.6143250688705 299.0
401.0 382.3205479452055 311.0
401.0 381.9209809264305 313.0
401.0 381.48238482384824 297.0
401.0 381.7601078167116 321.0
401.0 381.42091152815016 262.0
401.0 379.8933333333333 308.0
401.0 379.2898936170213 307.0
401.0 377.57824933687004 292.0
401.0 378.86807387862797 280.0
402.0 380.16010498687666 306.0
402.0 380.0104438642298 311.0
402.0 380.18701298701296 303.0
402.0 379.4625322997416 309.0
402.0 382.12339331619535 283.0
402.0 382.76726342711 266.0
402.0 382.7022900763359 281.0
402.0 378.5392405063291 278.0
402.0 377.94962216624685 237.0
402.0 380.7518796992481 304.0
402.0 381.7655860349127 318.0
402.0 381.62531017369724 282.0
402.0 381.58765432098767 312.0
402.0 382.3808353808354 314.0
403.0 381.7408312958435 275.0
403.0 379.7080291970803 277.0
403.0 379.92493946731236 299.0
403.0 380.255421686747 251.0
403.0 380.58273381294964 298.0
403.0 382.7398568019093 271.0
403.0 380.8836104513064 268.0
403.0 380.54373522458627 273.0
403.0 380.48 306.0
403.0 381.94600938967136 267.0
403.0 382.25526932084307 252.0
403.0 383.38927738927737 301.0
403.0 383.07424593967517 295.0
403.0 380.6674364896074 290.0
403.0 382.1609195402299 225.0
403.0 382.42562929061785 318.0
403.0 382.26651480637815 289.0
403.0 381.8390022675737 293.0
403.0 381.6568848758465 284.0
403.0 382.9011235955056 254.0
403.0 383.2729306487696 318.0
403.0 384.086859688196 308.0
403.0 383.98226164079824 324.0
403.0 382.35099337748346 317.0
403.0 382.0241758241758 304.0
403.0 381.9759299781182 318.0
403.0 383.2309368191721 326.0
403.0 382.96312364425165 326.0
403.0 382.1058315334773 306.0
403.0 383.23655913978496 296.0
404.0 382.4796573875803 282.0
404.0 384.57569296375266 331.0
404.0 383.1698513800425 310.0
404.0 383.2748414376321 314.0
404.0 382.5305263157895 326.0
404.0 381.95168067226894 292.0
404.0 383.4675052410901 286.0
404.0 382.1858037578288 278.0
404.0 382.25571725571723 261.0
404.0 383.5010351966874 333.0
404.0 383.29484536082475 313.0
404.0 384.6262833675565 320.0
404.0 385.1635991820041 340.0
405.0 385.7067209775967 292.0
405.0 386.0811359026369 297.0
405.0 385.8686868686869 314.0
405.0 385.2635814889336 319.0
405.0 385.09018036072143 329.0
405.0 385.4191616766467 307.0
405.0 385.24652087475147 303.0
405.0 384.3940594059406 285.0
405.0 383.7613412228797 293.0
405.0 384.6876227897839 318.0
405.0 385.51076320939336 326.0
405.0 384.3879142300195 321.0
405.0 382.6776699029126 311.0
405.0 383.3829787234043 314.0
405.0 384.19845857418113 314.0
405.0 385.54318618042225 322.0
405.0 384.8260038240918 331.0
405.0 384.51428571428573 320.0
405.0 383.7794676806084 316.0
405.0 384.94876660341555 313.0
405.0 384.14555765595463 295.0
405.0 384.31826741996235 320.0
405.0 383.81801125703566 319.0
405.0 383.93084112149535 311.0
405.0 384.49162011173183 326.0
405.0 384.0 292.0
405.0 384.7153419593346 308.0
405.0 386.10313075506446 278.0
405.0 386.15045871559636 305.0
405.0 385.77696526508225 280.0
405.0 384.1402550091075 304.0
405.0 384.7259528130671 305.0
405.0 385.6437613019892 329.0
405.0 385.16396396396397 310.0
405.0 384.3716337522442 294.0
405.0 383.76565295169945 304.0
405.0 385.58288770053474 300.0
405.0 385.5115452930728 291.0
405.0 386.1504424778761 320.0
406.0 385.87301587301585 298.0
406.0 386.6449912126538 323.0
406.0 387.03327495621716 321.0
406.0 386.0680628272251 332.0
406.0 386.56695652173914 317.0
406.0 385.1857638888889 313.0
406.0 385.5164644714038 309.0
406.0 385.33678756476684 313.0
406.0 385.9500860585198 269.0
406.0 385.72727272727275 276.0
406.0 385.7692307692308 317.0
406.0 385.91311754684835 327.0
406.0 386.75551782682516 320.0
406.0 386.507614213198 312.0
406.0 387.0404721753794 344.0
406.0 386.0453781512605 280.0
406.0 387.0385259631491 324.0
406.0 386.9031719532554 274.0
406.0 387.96339434276206 293.0
406.0 386.8557213930348 323.0
406.0 387.26280991735536 311.0
406.0 387.87149917627676 334.0
406.0 386.2758620689655 316.0
406.0 385.1849427168576 328.0
406.0 386.1223491027732 294.0
406.0 386.8536585365854 334.0
406.0 385.9092382495948 309.0
406.0 385.8529886914378 283.0
406.0 385.8760064412238 301.0
407.0 386.09791332263245 306.0
407.0 386.1152 248.0
407.0 385.8130990415335 234.0
407.0 386.3620414673046 167.0
407.0 386.5007949125596 233.0
408.0 386.67353407290017 271.0
408.0 387.32385466034754 288.0
408.0 387.0787401574803 274.0
408.0 386.5557299843014 287.0
408.0 385.0453834115806 230.0
408.0 386.90327613104523 278.0
408.0 386.9688958009331 278.0
408.0 387.6589147286822 309.0
408.0 387.5115919629057 284.0
408.0 387.88906009244994 329.0
408.0 387.937019969278 332.0
408.0 387.7733537519142 295.0
408.0 387.78320610687024 313.0
408.0 388.5646879756469 320.0
408.0 388.90895295902885 335.0
408.0 388.13464447806354 336.0
408.0 387.0437405731523 321.0
408.0 387.81052631578945 313.0
408.0 386.51874062968517 309.0
408.0 386.4708520179372 317.0
408.0 386.0953800298063 319.0
408.0 386.1292719167905 291.0
408.0 387.36 303.0
408.0 387.844674556213 316.0
408.0 388.86262924667653 312.0
408.0 389.6480117820324 314.0
409.0 390.0234948604993 342.0
409.0 388.6705710102489 247.0
409.0 387.4379562043796 237.0
409.0 387.59679767103347 218.0
409.0 386.8490566037736 236.0
409.0 388.0028943560058 291.0
409.0 387.84559884559883 305.0
409.0 387.71223021582733 310.0
409.0 388.37302725968436 321.0
409.0 388.48640915593705 316.0
409.0 387.435092724679 328.0
409.0 387.9886201991465 315.0
409.0 388.1404255319149 316.0
409.0 389.1739745403112 316.0
409.0 390.3836389280677 346.0
409.0 389.3052039381153 329.0
409.0 389.57784011220195 284.0
409.0 389.25734265734263 333.0
409.0 388.78242677824267 318.0
409.0 387.78303198887346 315.0
409.0 388.4632454923717 299.0
409.0 388.01521438450897 328.0
409.0 387.5448275862069 333.0
409.0 388.72038567493115 313.0
409.0 388.6685006877579 260.0
409.0 388.3731138545953 316.0
409.0 388.32694938440494 310.0
409.0 388.10914051841746 298.0
409.0 387.7360544217687 285.0
409.0 388.35820895522386 285.0
409.0 387.7767253044655 299.0
409.0 388.48582995951415 315.0
409.0 388.26244952893677 310.0
409.0 388.85503355704697 302.0
409.0 388.56626506024094 316.0
409.0 388.4766355140187 302.0
409.0 388.19041278295606 297.0
409.0 389.2124833997344 310.0
409.0 388.7523178807947 304.0
409.0 386.8758256274769 309.0
409.0 387.4861660079051 320.0
409.0 387.8423127463863 330.0
409.0 386.96985583224114 280.0
409.0 388.21176470588233 305.0
409.0 388.60104302477185 303.0
409.0 388.8634590377113 292.0
409.0 388.69260700389106 325.0
409.0 390.2496765847348 329.0
409.0 390.1858064516129 306.0
409.0 389.54896907216494 320.0
409.0 389.96138996138995 293.0
409.0 389.97817715019255 308.0
409.0 389.0973111395647 313.0
409.0 389.2286079182631 286.0
409.0 389.5923566878981 326.0
409.0 389.73316391359594 330.0
409.0 389.98352344740175 324.0
409.0 389.3615676359039 312.0
409.0 388.4981084489281 290.0
409.0 388.4440251572327 286.0
409.0 388.8720200752823 272.0
409.0 388.244055068836 300.0
409.0 388.69662921348316 330.0
409.0 388.3250311332503 310.0
409.0 388.2583850931677 293.0
409.0 389.20446096654274 263.0
409.0 389.4079110012361 320.0
409.0 389.4278668310728 236.0
409.0 389.91143911439116 302.0
409.0 390.55582822085887 313.0
409.0 389.39902080783355 315.0
409.0 387.7838827838828 292.0
409.0 387.20706455542023 288.0
409.0 385.62575941676795 250.0
409.0 386.9030303030303 275.0
409.0 387.28329297820824 265.0
409.0 387.5235792019347 245.0
409.0 389.10373944511457 216.0
409.0 387.8375451263538 244.0
409.0 388.187274909964 227.0
409.0 388.1437125748503 248.0
409.0 388.34886499402626 302.0
409.0 388.7985697258641 338.0
409.0 388.9381688466112 288.0
409.0 388.4317912218268 294.0
409.0 388.15739644970415 309.0
409.0 388.56198347107437 322.0
409.0 389.5288574793875 322.0
409.0 390.06227967097533 326.0
411.0 388.9237983587339 316.0
411.0 388.73216374269003 330.0
411.0 388.9848308051342 337.0
411.0 389.0756693830035 316.0
411.0 388.1672473867596 271.0
411.0 388.8991888760139 307.0
411.0 388.4473988439306 296.0
411.0 388.7381776239908 301.0
411.0 389.24050632911394 284.0
411.0 389.55109070034445 308.0
411.0 389.1729667812142 308.0
411.0 388.74514285714287 296.0
411.0 389.4931506849315 329.0
411.0 389.84378563283923 317.0
411.0 390.1399317406143 327.0
411.0 389.5130533484676 320.0
411.0 388.90147225368065 303.0
411.0 388.8824858757062 308.0
411.0 389.01127395715895 262.0
411.0 389.91901012373455 263.0
411.0 389.90011223344555 284.0
411.0 389.8309070548712 314.0
411.0 389.4167597765363 331.0
411.0 389.4659977703456 324.0
411.0 389.38709677419354 323.0
411.0 390.5016648168701 321.0
411.0 389.6821705426357 312.0
411.0 389.4585635359116 311.0
412.0 389.5909592061742 253.0
412.0 389.8140814081408 321.0
412.0 389.95609220636663 302.0
412.0 390.43592552026286 307.0
412.0 390.26775956284155 313.0
412.0 389.25954198473283 281.0
412.0 389.92491838955385 333.0
412.0 389.56677524429966 330.0
412.0 388.9653304442037 321.0
412.0 389.19243243243244 295.0
412.0 389.317494600432 282.0
412.0 389.32362459546925 293.0
412.0 389.3735199138859 303.0
412.0 388.656283566058 318.0
412.0 387.406216505895 306.0
412.0 387.9475935828877 306.0
412.0 387.7812166488794 315.0
412.0 387.91586794462194 287.0
412.0 388.90435706695007 297.0
412.0 388.36691410392365 307.0
412.0 388.410582010582 312.0
412.0 389.12143611404434 301.0
412.0 388.795574288725 292.0
412.0 388.25236593059935 315.0
412.0 388.2906610703043 257.0
412.0 388.6523560209424 299.0
412.0 389.3458725182863 313.0
412.0 389.22732012513035 309.0
412.0 388.7544224765869 297.0
412.0 389.1214953271028 306.0
412.0 389.6860103626943 328.0
412.0 388.7569803516029 276.0
412.0 388.8524251805986 318.0
412.0 388.0236869207003 323.0
412.0 388.76156217882834 306.0
412.0 389.16410256410256 318.0
412.0 389.11270491803276 326.0
412.0 389.73797338792224 299.0
412.0 389.4034729315628 310.0
412.0 390.20183486238534 292.0
412.0 389.6714140386572 316.0
412.0 389.36142131979693 298.0
