"V1" "V2" "V3" "V4" "V5"
"1" 67.2530709390138 30.440742704219 2 1 9
"2" 70.1704410847132 27.466793231274 2 2 48
"3" 61.3124332380505 31.1643517453624 2 3 9
"4" 68.3070036021494 32.7789339746788 0 4 0
"5" 59.4781445303075 31.4780305997972 2 5 14
"6" 61.8241633904023 33.0390495380258 0 6 0
"7" 64.0044375594605 32.4477448720981 2 7 7
"8" 58.1678240964192 29.2759647946014 2 8 5
"9" 60.9656838600142 30.1651611921456 2 9 8
"10" 59.2650692225661 26.4794534429194 2 10 4
"11" 53.4354097033507 40.3884512959259 0 11 0
"12" 65.6448251837048 28.5578735736061 2 12 6
"13" 59.0051001045603 26.0064970824322 2 13 5
"14" 52.5827534240146 36.5856256926191 0 14 0
"15" 62.6670623077337 35.9257361039136 2 15 3
"16" 62.3225255380774 28.8767086516779 2 16 7
"17" 65.2367664895419 36.4315037877206 2 17 11
"18" 64.2974009626292 41.9099158770659 2 18 24
"19" 67.2913766777962 36.6066573722458 2 19 6
"20" 68.9053859666473 40.8803325062605 2 20 10
"21" 60.8513565874698 30.0476877123121 2 21 10
"22" 60.6255212778478 35.8967468989013 2 22 3
"23" 63.1198272234168 35.8320804862337 0 23 0
"24" 67.4969171359932 35.1466638651248 2 24 13
"25" 55.7085647597861 28.0298938119712 0 25 0
"26" 65.1544602914601 37.7418078053039 2 26 30
"27" 64.744648049874 28.9348848927686 2 27 6
"28" 59.2431232408617 34.4089695294578 2 28 3
"29" 62.2573667789894 27.5620968187009 2 29 12
"30" 60.799573348334 28.965559319847 2 30 6
"31" 73.5262002064174 29.0469999780293 2 31 49
"32" 60.1851518742434 41.7648565278624 0 32 0
"33" 66.1989156622575 27.7227153598815 2 33 40
"34" 65.5257105679728 30.6065908619135 2 34 10
"35" 58.6852690721533 32.1159172402568 2 35 5
"36" 64.2434400859716 39.2666503550805 2 36 6
"37" 59.644125660493 28.0629349775235 2 37 3
"38" 62.5533867698465 36.7087944365512 2 38 4
"39" 61.5840126911315 43.1645132364941 2 39 21
"40" 63.6429672229147 44.0970364845888 0 40 0
"41" 58.6257093330393 31.4400805710457 2 41 8
"42" 54.4719544371646 37.3002030867505 0 42 0
"43" 67.2716075392265 36.8327005290338 2 43 6
"44" 56.5765537608863 30.1378096803462 0 44 0
"45" 63.8506254483577 35.2388536572212 2 45 8
"46" 61.3657663570857 31.2678668402561 2 46 10
"47" 62.0935039225247 38.5739912024642 2 47 4
"48" 65.1729044004777 33.536096546331 2 48 10
"49" 61.8471430924461 34.2600240163265 2 49 4
"50" 64.5617293854887 28.3870198022748 2 50 47
"51" 63.3185968361224 30.2320231433152 2 51 3
"52" 60.0554920817103 42.7676445658641 0 52 0
"53" 64.4643969434712 43.2024521520434 2 53 48
"54" 65.0402724356614 28.9863414916085 2 54 41
"55" 62.818365241449 32.9089561610137 2 55 4
"56" 57.5273085771789 31.0120708076648 2 56 8
"57" 66.0839598178435 34.6920949837612 2 57 12
"58" 55.0914358139005 38.7869577274215 0 58 0
"59" 67.3581375300666 32.3366094921641 2 59 12
"60" 58.2799738365341 30.8021189894514 0 60 0
"61" 63.1373138639331 33.0589002810791 0 61 0
"62" 72.6393100108088 32.7658373136376 0 62 0
"63" 69.2923825347049 29.2718510669316 0 63 0
"64" 58.9739284233726 39.7875982994126 2 64 5
"65" 64.0765530842924 29.7050973120261 2 65 5
"66" 61.9023982993186 38.5072294707924 2 66 3
"67" 62.7729041324535 31.2338030860284 2 67 7
"68" 65.3888820125551 34.5239338839645 2 68 6
"69" 63.6515394952061 27.0889178844536 1 69 49
"70" 63.3839626342408 34.690987488439 2 70 4
"71" 60.7101693199337 42.2503595104013 2 71 22
"72" 60.2122303611799 32.5910185174956 2 72 10
"73" 66.3792247930624 39.8488727346043 0 73 0
"74" 65.1386222340676 37.0116594810699 2 74 13
"75" 59.1363247738582 31.0486492366636 2 75 12
"76" 69.9256707206336 30.0723270678606 2 76 42
"77" 60.4521621071174 40.3542702021093 0 77 0
"78" 65.2090713596582 30.5853096284072 2 78 7
"79" 57.9247544014525 35.6228313632875 2 79 1
"80" 61.8911875861295 36.8006620797025 0 80 0
"81" 71.3611765350518 32.1627810081346 2 81 2
"82" 67.4253730857419 32.0975261421552 2 82 16
"83" 67.8013741903042 36.0173270393229 2 83 13
"84" 57.2433993398658 34.35959676145 2 84 3
"85" 61.0458703795865 35.8002963579402 2 85 9
"86" 68.0985289853918 33.7037039860321 2 86 17
"87" 69.9153228084126 39.6729870376947 0 87 0
"88" 67.6192131763494 37.7754928619503 2 88 7
"89" 62.1842694360636 41.8573083587427 2 89 14
"90" 60.4036660826739 30.1573344871589 2 90 5
"91" 57.0908946382123 37.013032554489 0 91 0
"92" 51.2021274856223 35.2551151331245 0 92 0
"93" 63.1257251916308 32.1767138083717 2 93 5
"94" 62.6777210966872 34.2628321638181 2 94 3
"95" 66.9048848144973 38.7801358182437 2 95 17
"96" 59.5189571868079 32.3523739172375 0 96 0
"97" 72.7903914300021 30.0302812669935 0 97 0
"98" 54.6211547661952 31.8602499319297 0 98 0
"99" 61.6070756776438 38.7719352350578 2 99 7
"100" 63.0836504279505 37.8528248892419 2 100 10
"101" 60.4114739934531 34.2829128894648 2 101 11
"102" 63.7014572785459 33.3459503012189 2 102 5
"103" 61.0500317229075 39.5065830638679 2 103 11
"104" 64.6408523758046 30.2973874316943 2 104 5
"105" 69.8738958805725 24.4458370869753 2 105 9
"106" 59.2645502980111 34.4286789148634 2 106 2
"107" 61.3081422952151 34.5104140014804 2 107 9
"108" 59.7710325077495 29.6523065829666 0 108 0
"109" 66.8860542238859 30.3645176287203 2 109 11
"110" 62.9573657387472 42.0288166109032 2 110 9
"111" 59.0638881056849 28.6412425152974 2 111 8
"112" 60.681397412135 42.2462046328688 2 112 23
"113" 67.7052033346411 27.7968480150754 2 113 10
"114" 57.0380577477873 29.575094760383 2 114 3
"115" 68.5382481724482 37.529808033748 0 115 0
"116" 64.3172922832564 32.1588162236681 2 116 4
"117" 57.8111417152098 31.3032766756379 2 117 7
"118" 62.2350633113126 33.2776106341924 2 118 5
"119" 63.4250466251416 36.4703190029883 2 119 6
"120" 63.0306530602384 40.6418558334325 2 120 10
"121" 54.7491256274699 34.8364968025947 2 121 10
"122" 64.2378428760759 31.8490515164406 2 122 9
"123" 57.4469996889059 26.4686131887077 2 123 3
"124" 63.0412335936638 42.0201633760405 2 124 10
"125" 68.753057840318 35.0685148292513 0 125 0
"126" 59.8495943515093 37.6831121140621 2 126 12
"127" 53.3324960512149 27.903836599386 0 127 0
"128" 66.5910682110169 19.6357712352611 2 128 5
"129" 60.1219814140105 38.436139272787 2 129 8
"130" 60.162055722912 35.6938615649172 2 130 5
"131" 62.1997995297623 36.2090449951387 2 131 47
"132" 58.8966598124581 39.0845360288627 2 132 10
"133" 64.6979381791894 39.7724197391991 2 133 7
"134" 60.4166671478287 30.7791069682651 2 134 7
"135" 60.11429459662 30.6127632515589 2 135 6
"136" 64.4670881407663 32.3064250380239 2 136 6
"137" 63.3418577465957 34.1630340213651 2 137 5
"138" 68.035745285368 27.7876094359024 2 138 11
"139" 63.2657203369385 34.8431562707756 2 139 4
"140" 65.476790117476 39.6891522235466 2 140 18
"141" 66.4874277827437 31.3511778036673 2 141 17
"142" 64.6400836138078 36.023933860803 2 142 16
"143" 64.9519235578575 28.1543776116927 2 143 7
"144" 61.3855039359258 35.0927670247416 2 144 8
"145" 66.1976756806101 40.4032877569157 2 145 18
"146" 62.4637977184258 32.9610193637519 2 146 3
"147" 60.2822651002295 37.5035967839413 2 147 9
"148" 63.5812998076808 40.484862112173 2 148 11
"149" 57.0503292458554 28.8164443558165 2 149 2
"150" 67.9669850560993 35.6779529726322 2 150 12
"151" 66.8145127620254 44.0714354268243 0 151 0
"152" 60.4346810505602 32.4967018642918 2 152 11
"153" 63.3959830108767 27.5652892452788 2 153 48
"154" 55.741659932596 29.2618836326492 0 154 0
"155" 56.2926158102505 37.3877145302803 0 155 0
"156" 64.6281070393974 23.6534203806497 2 156 8
"157" 59.85908419227 34.431408003704 2 157 4
"158" 64.7635615417074 29.013481266572 2 158 7
"159" 68.908549469807 32.2787862496494 2 159 13
"160" 65.8041053032013 36.7938903551924 2 160 12
"161" 57.8692966223292 34.7372149782506 2 161 6
"162" 57.5054649905063 27.3570556554184 0 162 0
"163" 73.2189617985582 24.8802843731387 2 163 6
"164" 64.6382829671325 29.9721772693605 2 164 6
"165" 68.1131431886679 30.9531244239818 2 165 12
"166" 64.8069612169773 38.89278486295 2 166 6
"167" 64.4895806296545 37.7350119823884 2 167 14
"168" 64.5537582639577 39.0399310747135 2 168 10
"169" 59.9313578201321 37.6103776356054 2 169 11
"170" 61.7715154787064 40.7059462817945 1 170 49
"171" 68.7217166837948 33.3725554697995 0 171 0
"172" 61.8903320402855 34.3717647555144 2 172 3
"173" 57.2774190627733 31.5415932869288 2 173 6
"174" 67.5102987416065 28.6097875621357 2 174 34
"175" 56.1065193218285 41.3929205948978 0 175 0
"176" 68.0970467127593 38.513113998181 0 176 0
"177" 55.3133956932422 32.8383936301775 2 177 48
"178" 65.0944639365338 31.2339692958959 2 178 15
"179" 62.2583683568671 33.3178247676876 2 179 4
"180" 67.1545183856938 41.5577478652086 0 180 0
"181" 63.0157540183211 29.7857859433006 2 181 2
"182" 58.5877564860712 34.832661445653 2 182 2
"183" 66.2042580761995 40.8981305922453 2 183 48
"184" 64.9201958005779 34.0792871615347 2 184 9
"185" 57.1581570806779 28.8183109732823 2 185 3
"186" 62.3022404747326 28.6119772639706 2 186 9
"187" 61.0100905615253 28.1056719082853 2 187 4
"188" 61.2104465238531 26.2173067518646 2 188 45
"189" 59.0170784664294 27.922773159007 2 189 7
"190" 67.0416076873713 27.4370389431776 2 190 4
"191" 59.0407689504094 26.8080438749472 0 191 0
"192" 65.8100353443664 34.2357115715671 2 192 5
"193" 63.5894761588567 44.8520022255453 0 193 0
"194" 58.6339777352009 40.2461593333966 0 194 0
"195" 64.7805613457546 39.8670404477408 2 195 8
"196" 65.9547181803678 46.0633648858129 2 196 49
"197" 63.8145324596952 38.2614377151149 2 197 11
"198" 64.3055920919105 39.1053033216261 2 198 19
"199" 60.0440891278373 39.2531981457898 2 199 13
"200" 63.2487634870594 34.4458783390415 2 200 6
"201" 58.6868715074245 42.7505501058871 2 201 23
"202" 58.761611896329 34.5900432483171 2 202 11
"203" 60.3307102384267 34.1877794802887 2 203 12
"204" 61.3736096586999 32.8336412379769 2 204 8
"205" 71.995681421178 32.9300431257837 0 205 0
"206" 60.8371127999934 42.4324896270801 2 206 21
"207" 64.4294457907198 30.339181046939 2 207 4
"208" 56.8196932664086 30.0477662632313 2 208 5
"209" 64.6067124153334 26.9567495799767 0 209 0
"210" 70.3381435241601 31.7793921162053 0 210 0
"211" 59.1289128068304 41.1500587657825 2 211 6
"212" 61.6338159444548 38.8895581648829 2 212 8
"213" 59.5043798998476 34.7878034033188 2 213 46
"214" 62.7866847986509 36.6181799504503 2 214 3
"215" 59.8399833238518 33.8458498995334 0 215 0
"216" 64.5216833703443 40.1866420870062 2 216 8
"217" 63.7814764128213 39.2560810878034 0 217 0
"218" 61.6217366351555 35.8549136759738 2 218 6
"219" 67.7080932760335 35.7348609681793 2 219 13
"220" 64.6321031239938 35.1776263800922 2 220 5
"221" 63.3075241263379 31.1533123494407 0 221 0
"222" 62.0926264259847 27.8962856196141 2 222 4
"223" 57.582863723517 34.8449446275656 0 223 0
"224" 60.6528741887349 34.1234514762264 0 224 0
"225" 61.1233168050798 38.5889519800365 2 225 5
"226" 67.2886732049112 31.68265733127 2 226 42
"227" 60.6104989022196 38.2690893248789 2 227 4
"228" 62.7991679825532 35.3405104852451 2 228 2
"229" 65.3947285428962 33.1189876453364 2 229 10
"230" 69.2591732228879 33.1192674123513 2 230 7
"231" 63.8473259743207 29.1114740288885 2 231 4
"232" 65.1432941679882 34.9207898916175 2 232 11
"233" 55.4008572173198 27.8653359263446 0 233 0
"234" 68.41884444909 44.6539396245676 2 234 3
"235" 57.3679111663778 37.2260689569884 2 235 2
"236" 66.2226836777732 32.1107696948238 2 236 8
"237" 66.0488681579256 36.024402858195 0 237 0
"238" 65.9060773550923 40.8186204171533 2 238 5
"239" 65.1171319714907 32.3132835621673 2 239 16
"240" 63.2306765382447 42.4016545788414 2 240 10
"241" 59.0820938130842 37.2653165271209 2 241 14
"242" 63.0448565230045 29.1887364478808 2 242 5
"243" 62.0838418660964 28.5246546076658 2 243 6
"244" 67.2587426282785 32.879271771951 2 244 18
"245" 58.0411486197713 38.6264491368109 0 245 0
"246" 63.247568464595 25.9432523803241 2 246 15
"247" 64.0382839275743 33.534634534518 2 247 5
"248" 61.0540604657007 32.4991682704816 2 248 12
"249" 72.4350488223603 37.9867076441156 2 249 10
"250" 61.8828747884209 25.0645502971529 0 250 0
"251" 63.9377403176747 34.5174302466963 2 251 4
"252" 63.1747731082311 41.685613319534 2 252 11
"253" 64.2233873451928 33.7510933963668 2 253 4
"254" 64.6824795758174 37.3853880719125 2 254 11
"255" 64.7546184490322 30.0010176626641 2 255 6
"256" 67.6526967766308 40.0394412662376 2 256 12
"257" 66.1682877241909 26.9714936011709 0 257 0
"258" 68.6047565373843 28.1644387476399 2 258 13
"259" 65.4098717266995 29.0648967260559 0 259 0
"260" 67.7861014005188 37.5522275573004 2 260 8
"261" 63.6941195709332 37.9102600319268 2 261 13
"262" 61.5313428495406 40.5420583303913 2 262 10
"263" 61.1515706427378 37.089920599661 2 263 7
"264" 67.2029772833065 38.2433326470518 0 264 0
"265" 59.3897712728401 35.3816803679669 2 265 4
"266" 67.5118889352265 34.5627676835088 0 266 0
"267" 60.0617371598827 37.8031426810708 0 267 0
"268" 69.9638095446013 43.2696851241703 2 268 10
"269" 66.6276898437524 36.1250593921273 0 269 0
"270" 64.4078928821274 34.8840740758817 2 270 20
"271" 63.3275799323315 34.7446717486779 2 271 3
"272" 68.0304401821513 30.5001261693618 2 272 10
"273" 67.4171658811991 36.515461199842 2 273 5
"274" 66.4891797678074 35.328853534515 2 274 10
"275" 65.1890778577453 45.5665553595535 1 275 50
"276" 64.3370728902208 35.5782721684282 2 276 4
"277" 65.2830329308186 30.0970019823303 2 277 9
"278" 62.6616895209009 32.3178101060039 2 278 5
"279" 59.6539235150733 31.5600481495133 2 279 13
"280" 54.0062421353695 29.1138957409742 0 280 0
"281" 66.2855451366802 36.2988897943687 2 281 7
"282" 65.4477482736738 38.2940979280387 0 282 0
"283" 64.5150872338553 39.376424594272 0 283 0
"284" 59.93650145463 31.6585457727889 0 284 0
"285" 63.2341778818505 35.2333064112323 2 285 3
"286" 61.7530828300122 37.9871325916427 2 286 5
"287" 60.33980687167 37.7466391134029 2 287 5
"288" 59.7997596691729 22.4094030043505 2 288 11
"289" 64.7361752374146 41.5328514809438 2 289 8
"290" 60.5440589410017 35.9216990884505 2 290 4
"291" 60.8258379220933 35.1639285826969 2 291 11
"292" 64.1791083256627 34.2906364584033 2 292 6
"293" 55.9498831312708 39.0129676991477 0 293 0
"294" 57.3509615094769 36.9607181771096 0 294 0
"295" 56.7662202206348 32.3584424603895 0 295 0
"296" 67.731633876413 33.3168476120272 2 296 18
"297" 66.0422815998745 37.8582957913355 2 297 11
"298" 63.3874183785693 37.8179776030757 2 298 14
"299" 61.1197835200585 38.5682688343901 2 299 4
"300" 64.4904090011457 43.2026174289126 2 300 47
"301" 61.0267687040323 37.9013098394759 2 301 6
"302" 63.5744469974566 36.0883684595841 2 302 16
"303" 53.5132021915866 39.69848934179 2 303 5
"304" 66.3585073732857 35.7777307727261 2 304 5
"305" 64.2003789738489 35.8924472592028 2 305 5
"306" 63.1718964492264 38.8168712764774 0 306 0
"307" 71.4379057587177 29.3748258921458 2 307 23
"308" 63.8513690770433 39.6245700259396 2 308 18
"309" 61.257961984925 33.5724206487386 2 309 9
"310" 60.2509016262582 37.1410424240325 2 310 11
"311" 54.2493866294064 34.4262720346184 0 311 0
"312" 64.5772028879952 35.6962697392261 2 312 5
"313" 58.8892474645481 39.3997622071694 2 313 4
"314" 63.1412628526621 27.1141098361683 2 314 10
"315" 64.3619076901198 32.4091066208374 2 315 5
"316" 61.7779220660617 32.8679548457028 2 316 7
"317" 61.3819497085803 29.9257856805821 2 317 31
"318" 64.7012045838387 38.6726658976165 2 318 7
"319" 59.0128348864935 35.8756177157394 2 319 13
"320" 62.2913047616607 33.8639331430676 0 320 0
"321" 64.0510402960468 34.4033030586121 2 321 5
"322" 60.2472541284068 35.1083179540003 2 322 5
"323" 59.8390621527471 30.6276460970166 2 323 7
"324" 62.248196908772 38.5998677841992 2 324 5
"325" 65.7377435689885 40.8787208106138 2 325 5
"326" 55.042012775818 26.9600771675423 0 326 0
"327" 61.5168577875528 50.8457217454407 0 327 0
"328" 61.9510431129296 38.4321857889099 2 328 4
"329" 67.1190888337642 38.7671658337652 0 329 0
"330" 55.3430711194024 32.6981116157621 2 330 47
"331" 59.5803384437277 30.5584472161883 2 331 10
"332" 60.3923520767725 28.0925645515497 2 332 7
"333" 68.9492320235926 31.7278830752744 2 333 33
"334" 60.2182715504612 36.2218074508567 2 334 4
"335" 69.5903553994643 36.0711639257368 2 335 22
"336" 64.8856625241555 38.9562448386847 2 336 5
"337" 65.1229958262311 30.5664941558959 2 337 8
"338" 64.7602546859748 33.2816993541619 2 338 8
"339" 58.417171052347 29.4768584308393 2 339 6
"340" 60.5526261554598 35.2222099439772 2 340 11
"341" 63.5225004509388 27.1639731918176 1 341 50
"342" 66.2888427577118 38.2082823602442 2 342 7
"343" 50.5746876016735 40.7302265068108 0 343 0
"344" 65.1131127019556 32.9255196886441 2 344 9
"345" 60.6402061561302 33.3002161988051 2 345 13
"346" 56.3066680971552 33.1892845208396 2 346 1
"347" 55.2876133036979 31.5980383050265 2 347 26
"348" 63.2644811208473 34.5403396070466 2 348 7
"349" 65.299612495534 33.9427308496807 2 349 9
"350" 71.4503183814368 30.4089149839345 2 350 12
"351" 62.3656308835887 32.4749348476784 2 351 6
"352" 60.1818795982477 27.8471580345424 0 352 0
"353" 61.5704842506943 30.7738069297655 2 353 10
"354" 66.4988178513988 29.5062988317748 2 354 6
"355" 62.3786661817553 32.5428147636247 2 355 7
"356" 67.0068692782625 36.4215092539342 2 356 5
"357" 62.5652746344712 34.6066586271082 2 357 5
"358" 65.7713638848906 38.2611523749228 2 358 10
"359" 64.4598190485231 40.052183775338 2 359 8
"360" 61.1214446272254 35.7274421349965 2 360 8
"361" 65.1244114072617 30.4655039752099 2 361 8
"362" 61.525923912196 29.1969130535389 2 362 6
"363" 63.0450015637807 41.7927991043192 0 363 0
"364" 61.7992745870448 31.5140188877657 2 364 9
"365" 66.2725551878827 34.0690134359145 2 365 14
"366" 61.1621882658739 31.6494990437695 2 366 11
"367" 61.2475671630194 38.2036309015437 2 367 24
"368" 57.6362073352216 32.7029206977058 2 368 6
"369" 61.5066612432055 42.2287423089423 2 369 20
"370" 54.0936587972118 31.0939562084209 2 370 48
"371" 65.537437120477 36.3377565969221 2 371 15
"372" 64.2078258434671 31.6792518668085 2 372 11
"373" 59.1378031336487 36.5435911041321 2 373 13
"374" 63.0307319982793 42.9040397062958 0 374 0
"375" 58.3743420358271 33.852290120314 0 375 0
"376" 57.9223437646691 30.4521157291039 0 376 0
"377" 66.8233712939311 38.5283767704236 2 377 16
"378" 62.3344673044026 38.0968231457316 0 378 0
"379" 62.8116605002359 33.741773408152 2 379 5
"380" 66.5007768219582 30.7765549312694 2 380 29
"381" 67.4656570438589 25.2011980000464 2 381 10
"382" 70.5557641424651 24.090551791757 2 382 9
"383" 71.4508553521497 21.96513274577 2 383 6
"384" 65.5880436114465 18.2491662925078 2 384 9
"385" 68.8242955157519 21.8096882229705 2 385 15
"386" 73.7035157993054 20.7255351637747 2 386 17
"387" 65.173931479779 23.1928274233378 2 387 14
"388" 69.0851871151783 21.338107932828 2 388 39
"389" 67.8100989998964 23.0890349184452 2 389 8
"390" 68.3396660375229 18.2911203914924 2 390 9
"391" 71.1296402227949 21.736350534097 2 391 5
"392" 62.8762748884087 19.3000323384464 2 392 22
"393" 70.9324694665236 20.7173866122007 2 393 4
"394" 65.7060749193374 21.4034668886049 2 394 6
"395" 69.4149804210117 20.6628321988607 2 395 4
"396" 68.3718744983231 25.5054719413 2 396 42
"397" 70.2874110249464 24.9349827654743 2 397 11
"398" 69.610122042132 23.361982857875 2 398 6
"399" 65.024845011589 23.7168443542255 2 399 10
"400" 66.7355821854321 18.7343141489994 2 400 13
"401" 72.3376929862955 17.4988793271306 2 401 5
"402" 72.556439193081 18.4994691316894 2 402 5
"403" 66.7669968379629 17.1878409719206 2 403 5
"404" 67.7098838803243 17.5188939698263 2 404 7
"405" 77.299701947349 23.6668923995744 2 405 11
"406" 73.2827306297396 21.6703040519196 2 406 18
"407" 65.9262246069371 23.6540203740715 2 407 10
"408" 71.273614544413 25.8209545522816 2 408 19
"409" 77.2577430489346 20.8715959041995 0 409 0
"410" 66.8832924521268 24.8087286031618 2 410 17
"411" 71.5192040080412 28.0602043045177 0 411 0
"412" 65.666403327809 23.3227476246002 0 412 0
"413" 67.0796186472387 17.2057227718202 2 413 6
"414" 64.6535932323769 22.5317188943371 2 414 8
"415" 70.4819631499228 20.5095336228145 2 415 6
"416" 77.0529424795666 17.3783942629526 0 416 0
"417" 65.7116281574955 22.3793972486487 2 417 12
"418" 70.6165547903699 21.3493169651403 2 418 6
"419" 70.9759497997471 22.4414047846213 2 419 6
"420" 64.0418849511009 23.472415819085 2 420 11
"421" 72.6940062955846 16.4478024466376 2 421 15
"422" 65.5230030242824 20.0793119667066 2 422 22
"423" 69.3231848162988 19.3672852461448 2 423 8
"424" 69.6283122993119 21.4334271258614 2 424 41
"425" 72.5148252297752 19.0536207288473 2 425 9
"426" 64.1245114495361 25.615901188776 2 426 13
"427" 71.8093327182949 19.2832714127779 2 427 14
"428" 71.6143017016737 24.4981134685613 2 428 15
"429" 65.5400928970738 24.2495764353721 2 429 7
"430" 65.0110458989397 20.9486649255728 2 430 45
"431" 69.1839779581724 18.1172416022197 2 431 7
"432" 67.1042726455722 19.3571373576506 2 432 4
"433" 67.811189332271 28.9800060348948 1 433 48
"434" 66.7677756371677 20.8590461237646 2 434 10
"435" 64.9091202149248 20.09144119536 2 435 30
"436" 68.7752549007662 23.0205329891631 2 436 7
"437" 72.3399717069396 19.7457836402092 2 437 5
"438" 73.0111209454733 24.2404391623039 2 438 42
"439" 73.9358505451175 21.9682430348905 2 439 17
"440" 72.9382407894481 19.0272467523153 2 440 17
"441" 73.040086240592 21.7733579644026 2 441 18
"442" 68.4950546054889 21.222636409894 2 442 8
"443" 72.924251221365 19.5283658735812 0 443 0
"444" 65.8834819994867 21.2680724920941 2 444 6
"445" 69.8484735986046 25.3199942601634 2 445 11
"446" 72.3173705966719 23.579796938695 2 446 8
"447" 65.3457531805404 23.3859223090296 2 447 11
"448" 70.8007002629311 25.1712630125115 2 448 5
"449" 67.293521817784 19.4592826291634 2 449 12
"450" 58.2764856289267 21.1718835514263 1 450 50
"451" 68.3458942587996 19.6054764432858 2 451 13
"452" 69.6123530042397 23.8141165694088 2 452 6
"453" 61.7671869632156 24.88901877174 0 453 0
"454" 65.6570932483449 27.1543019328586 0 454 0
"455" 65.1413946014485 21.7461689893526 2 455 7
"456" 60.603282436689 17.0759829966284 2 456 8
"457" 65.358677503556 22.9183733862466 2 457 12
"458" 68.845899355041 23.2658540197217 2 458 7
"459" 74.130447390874 15.1374631194181 0 459 0
"460" 71.2676385050427 21.8112659420141 2 460 6
"461" 64.391388338593 20.5146770416773 2 461 23
"462" 69.5045003758461 24.6141979151857 2 462 8
"463" 70.7176205098506 24.394586072547 0 463 0
"464" 66.4371231544287 25.7786223035102 2 464 3
"465" 62.8933241557984 19.8013278112068 2 465 18
"466" 73.5448999141368 15.9134095634284 2 466 17
"467" 76.684288577789 23.7516201988689 2 467 10
"468" 65.0372370170234 23.1562933084919 2 468 13
"469" 73.2001354724177 22.4762416683625 2 469 13
"470" 64.5139291404145 23.3666423346494 2 470 8
"471" 73.4833475659182 21.3258618757481 2 471 10
"472" 72.2726936450013 25.4496496363302 2 472 6
"473" 67.8741681021138 22.9048109594636 2 473 9
"474" 67.7847271673321 23.2293024426099 2 474 9
"475" 70.7039463871803 23.907403830592 2 475 7
"476" 75.7240748666956 17.8031802455164 0 476 0
"477" 72.782562670134 24.8546934174459 2 477 10
"478" 65.9805509042429 25.9029358811637 2 478 21
"479" 65.8087393047384 20.8814515479069 2 479 6
"480" 69.6856369821717 22.1183804195733 2 480 7
"481" 74.7479033497443 23.9398386447546 2 481 6
"482" 73.1129567941614 23.5562950931146 2 482 11
"483" 70.8471671571711 18.3475863249316 2 483 6
"484" 61.2576322127575 22.0294613769228 2 484 11
"485" 68.5670636493897 22.7657646450289 2 485 8
"486" 64.7746131777336 18.7112766800792 0 486 0
"487" 67.2860473310186 19.4380097147601 2 487 11
"488" 66.2983818378745 21.8471007569416 2 488 10
"489" 69.8354183707119 23.1893516128521 2 489 8
"490" 67.6191007787627 17.1600803854831 2 490 9
"491" 70.1443390248562 22.7005328398278 0 491 0
"492" 74.8999456837904 24.5342097914591 2 492 9
"493" 67.8350953929676 17.6759417636683 2 493 9
"494" 66.5821596315524 20.9560551245624 2 494 11
"495" 58.186037730451 23.0481296925194 0 495 0
"496" 68.6092223483475 21.1424206051105 2 496 8
"497" 80.8984482418719 17.6512739799867 2 497 8
"498" 67.9628536852463 21.1570006320973 0 498 0
"499" 66.4404326605011 24.747438856769 2 499 11
"500" 72.9038635490314 25.7906825056772 2 500 7
"501" 68.5352909559556 21.0583483376572 2 501 8
"502" 67.4998934914712 20.2591556022899 2 502 10
"503" 67.6072192859558 21.6780194433844 2 503 9
"504" 58.1029221440687 21.2033790186037 2 504 49
"505" 68.9134656522352 25.008930161475 2 505 46
"506" 66.2842130840494 25.1717018296276 2 506 20
"507" 73.7229932679517 24.9760432043896 2 507 8
"508" 70.9612544701173 21.2269485219411 2 508 7
"509" 74.6210752202021 23.9852452194714 2 509 5
"510" 66.9050560387834 21.4747558615821 2 510 11
"511" 66.1998899731317 21.7120487107007 2 511 9
"512" 71.8376124380687 21.2376894535858 2 512 8
"513" 68.3571261014031 18.2740153732638 2 513 10
"514" 67.5788204724206 23.5660656218836 2 514 10
"515" 68.6099814551313 19.8920185735368 2 515 5
"516" 68.7600525094975 19.7632744879289 2 516 5
"517" 68.2749642748867 24.8354913240536 2 517 13
"518" 62.9256157107801 21.3060157815027 2 518 17
"519" 69.083499041936 23.2547752099282 2 519 8
"520" 72.6297352842655 23.4689748198007 2 520 9
"521" 60.4400916331535 20.1680936856199 2 521 25
"522" 64.9356254852409 17.5822991277219 2 522 6
"523" 69.4663434518368 23.5928075611459 2 523 5
"524" 67.7432779528832 21.7419146166405 2 524 8
"525" 64.5458382121848 25.3670648572061 2 525 6
"526" 73.5766308117131 22.9048485405518 0 526 0
"527" 73.7560582008362 26.8643145887411 2 527 9
"528" 70.2222208964094 18.8995509799611 2 528 8
"529" 69.8596867683988 22.9382284865781 2 529 6
"530" 77.8780144829282 20.1068438773058 0 530 0
"531" 67.3268158034665 19.2442884004425 2 531 3
"532" 68.9251417811249 22.2080874248065 2 532 16
"533" 73.3960629940088 16.4182833552225 0 533 0
"534" 75.9940493235328 24.3483258389598 0 534 0
"535" 66.9338724973279 24.1892360066008 2 535 16
"536" 64.8140312850104 20.8795150211026 2 536 46
"537" 73.1410797804857 21.45440540573 2 537 17
"538" 65.931360072624 23.1510569858409 2 538 8
"539" 66.0108673945367 21.1213250282489 2 539 5
"540" 70.1882416849339 18.3137179969675 2 540 8
"541" 74.1857751549059 24.2621858326305 0 541 0
"542" 68.1956937836697 19.3590407623191 2 542 10
"543" 62.3534834885787 19.697461596752 2 543 28
"544" 66.936715837359 29.1300110175251 2 544 34
"545" 67.6761310521512 18.7430328520074 2 545 40
"546" 68.2934204478417 23.5910596460851 2 546 8
"547" 77.8832150214711 24.0436311111131 2 547 19
"548" 69.095554434559 18.2499449845643 2 548 6
"549" 70.7020051387088 18.9699753057702 2 549 6
"550" 63.9492575092329 19.6513166560649 2 550 23
"551" 67.4197711039295 25.4684797938869 2 551 13
"552" 70.2510884749534 23.6516221145289 2 552 7
"553" 69.7554597352499 19.8946773346002 2 553 7
"554" 68.0418963301858 18.2300553900453 2 554 10
"555" 70.4275460958419 21.5589447955972 2 555 7
"556" 69.2345380541819 23.8598078637257 2 556 7
"557" 68.0641879219379 25.324454952319 2 557 11
"558" 72.3172108294272 20.5102036923676 2 558 9
"559" 71.6607410050496 18.43594008201 2 559 4
"560" 72.8201201766935 25.5877539300728 2 560 8
"561" 73.5864631054498 20.5743796550893 2 561 16
"562" 65.7396212497586 19.2366495344545 2 562 6
"563" 74.8993763928435 20.0862541559979 0 563 0
"564" 65.5208403872327 28.0879682633014 2 564 7
"565" 73.8185026840426 20.2066320649216 2 565 18
"566" 76.351675548501 21.306244513796 0 566 0
"567" 69.3382356373065 23.9743644346903 2 567 10
"568" 65.6696796523188 19.5993799843489 2 568 6
"569" 71.7091518750909 23.209418765142 2 569 6
"570" 74.310994303883 19.7373555502442 0 570 0
"571" 74.6542040300902 24.1341870825315 2 571 6
"572" 70.5032074520844 21.93056596146 2 572 7
"573" 69.6970091874182 23.2748077339682 2 573 7
"574" 68.2931945999101 22.577498877493 2 574 9
"575" 65.0457812507255 18.9654934349153 2 575 5
"576" 70.811233726043 22.6204801656629 2 576 9
"577" 75.960130827949 28.1887349733373 2 577 47
"578" 73.3817868617968 21.5943120588094 2 578 18
"579" 69.4714753300986 25.0585721788898 2 579 19
"580" 74.0129350921615 22.0222431509281 2 580 18
"581" 66.967957008721 22.1573864732335 2 581 7
"582" 62.870034228017 27.1559768646023 2 582 11
"583" 68.9403227845084 26.0298357771554 2 583 6
"584" 71.9678555531752 20.8019355974688 2 584 7
"585" 70.2165486794081 26.0489957391996 2 585 6
"586" 72.477785855598 22.7591507097301 2 586 10
"587" 67.3164473026044 19.9124415224522 2 587 10
"588" 70.6429482355283 23.8352834110731 2 588 8
"589" 77.5173788609079 22.4260121832642 0 589 0
"590" 70.3670429604178 24.4684547404845 2 590 10
"591" 67.9748015145327 22.7270567609805 0 591 0
"592" 68.1785374775342 23.2529340129819 2 592 12
"593" 70.3493501308392 21.1009030822721 2 593 8
"594" 68.7352401654429 20.8407043977119 2 594 8
"595" 73.7134606508254 24.6119125433427 0 595 0
"596" 67.9682216844422 24.6720111635235 2 596 12
"597" 70.3260349999933 19.5820329497227 2 597 5
"598" 65.7944874945849 24.0758856138577 2 598 5
"599" 65.9805324744519 22.117796479062 2 599 11
"600" 76.8808045772575 19.6013192287721 2 600 12
"601" 65.2899817929372 24.2620214000466 2 601 5
"602" 67.4917105264204 17.0413109335094 2 602 8
"603" 63.2172147967172 19.7897662218007 2 603 21
"604" 78.3626914661799 19.0326330984841 0 604 0
"605" 67.4478391903805 24.2635292398498 2 605 12
"606" 68.7508340599549 24.1043675715863 2 606 44
"607" 64.1191535257905 21.3911455869947 2 607 19
"608" 74.6894507375624 20.9012973857552 2 608 11
"609" 70.1010189464792 23.9743269802557 2 609 4
"610" 65.9334868711104 23.5485704882712 2 610 9
"611" 62.3797001443221 21.790385268692 2 611 11
"612" 62.9601801351349 23.6367145850539 0 612 0
"613" 68.6517137917561 20.1741889414249 2 613 37
"614" 63.3203558192406 20.5304746737675 2 614 20
"615" 70.5865295009371 22.3512132763479 2 615 11
"616" 71.1876990784329 19.4053854793807 2 616 9
"617" 64.5544269665009 24.1750566116602 0 617 0
"618" 67.6704396292886 22.9848325577949 2 618 7
"619" 72.3079567999767 21.3418762269001 2 619 11
"620" 65.8387957323295 22.1134675645434 2 620 10
"621" 67.237998987441 22.9923395129099 2 621 6
"622" 68.9878055791369 19.6313630153786 2 622 6
"623" 73.0970925483601 20.680187790293 2 623 18
"624" 74.9976832194852 21.4279136971267 2 624 4
"625" 74.2016310621703 22.7079501530831 2 625 4
"626" 69.3087947399408 19.9013801267912 2 626 6
"627" 70.7881809782054 26.5396831177909 2 627 9
"628" 69.221798163574 23.0982116995823 2 628 5
"629" 72.7246984572205 18.0275196040863 0 629 0
"630" 70.6380248751096 18.995707774326 2 630 7
"631" 74.7852991104419 19.2482864222236 0 631 0
"632" 70.5872376899747 21.6985343498834 2 632 5
"633" 69.1134822775491 21.468135448659 2 633 40
"634" 67.0415996349515 21.2916919190115 2 634 9
"635" 70.8147004745482 22.6031928746814 2 635 10
"636" 64.8351124274815 27.4725907442894 2 636 7
"637" 71.0504659776442 25.1765555017775 2 637 6
"638" 71.4536090851367 17.1986103668467 2 638 6
"639" 69.6031753922254 19.2744896956158 2 639 4
"640" 68.5138115467213 20.9036568894905 2 640 7
"641" 68.6007556850582 23.8172429504079 2 641 9
"642" 68.0909374801987 17.1280226809743 2 642 6
"643" 70.7979311250126 21.2935166928037 2 643 5
"644" 64.6882723302271 17.4500651773019 2 644 7
"645" 71.3311602257675 20.0957683023849 2 645 31
"646" 73.0607790811782 22.2356702322556 2 646 12
"647" 65.6651720946794 24.1272763168962 2 647 4
"648" 71.521488973006 22.2598370696612 2 648 5
"649" 66.7987026912447 25.0202777506694 2 649 14
"650" 67.2078794108469 25.5583620943241 2 650 11
"651" 67.4340927268827 21.7249023091936 2 651 9
"652" 71.738438749221 23.872994089241 2 652 18
"653" 64.1463109602646 25.0460403633673 2 653 14
"654" 71.1332234547666 22.0468038961603 2 654 7
"655" 72.609819182326 22.4446225768281 2 655 10
"656" 67.6816810865126 28.1745067170662 2 656 11
"657" 54.5804061892065 18.4769795541803 2 657 26
"658" 66.9676671078127 17.8032461481572 2 658 5
"659" 69.8044672038102 20.9960190090077 2 659 13
"660" 83.6634868891551 19.9825758836893 0 660 0
"661" 68.9223965090592 18.403060094007 2 661 6
"662" 74.5868652227219 23.5087185896506 2 662 3
"663" 70.2550479349397 27.0476373170362 0 663 0
"664" 65.0904988952441 18.9231403051591 2 664 6
"665" 66.728017335366 17.1932659622515 2 665 6
"666" 68.4626866321553 16.6567746295482 2 666 44
"667" 73.3473739092554 20.1473350746088 2 667 17
"668" 70.9462633910639 17.3922356486898 2 668 5
"669" 146.086737695277 138.214806123004 2 669 14
"670" 142.883710842647 133.335297619292 2 670 22
"671" 139.830773208493 133.122618406745 2 671 9
"672" 147.65531513754 131.264888702723 2 672 10
"673" 143.16155222075 134.65615971441 2 673 29
"674" 144.678614622331 136.67651152648 2 674 25
"675" 144.770749662577 140.063684254835 2 675 14
"676" 143.313290410933 133.510397445883 2 676 6
"677" 142.347941405174 132.251077702946 2 677 12
"678" 137.675361263881 130.437642992366 2 678 7
"679" 137.866908111174 134.825976238601 2 679 10
"680" 150.238560056633 135.948203213342 2 680 11
"681" 141.872147591951 129.34928904159 2 681 7
"682" 147.97776372377 128.627605509964 2 682 11
"683" 148.994597795718 138.163411544651 2 683 12
"684" 146.038456071022 135.59068221518 0 684 0
"685" 140.329222724711 136.66165698145 2 685 7
"686" 144.574865906864 133.258273358073 2 686 8
"687" 147.509819598968 125.243188550242 0 687 0
"688" 140.135584736034 137.569903981675 2 688 8
"689" 150.691200830446 135.650568895377 2 689 10
"690" 140.958862785598 131.726575168536 2 690 6
"691" 144.741602196968 132.498664512266 2 691 9
"692" 143.499069288577 138.938804156258 2 692 8
"693" 146.430052830749 134.418873863336 2 693 9
"694" 147.95637849208 131.342896664601 2 694 8
"695" 147.537404502546 130.730334986616 2 695 5
"696" 141.451414064478 132.200255052706 2 696 11
"697" 145.563596625218 132.988080249893 2 697 7
"698" 141.029735868156 134.453325102704 2 698 12
"699" 150.503552364093 130.193101623696 2 699 38
"700" 140.174851115939 131.010041829644 2 700 5
"701" 141.50906270633 143.183255246789 2 701 33
"702" 139.465537404884 132.848264261012 2 702 5
"703" 142.192706337643 131.95036822188 2 703 10
"704" 143.228748944909 131.379009344632 2 704 25
"705" 140.260287412534 136.58777335188 2 705 7
"706" 143.632718178399 140.403639639675 2 706 17
"707" 147.368669985124 136.116292477056 2 707 14
"708" 144.630761509232 135.380368114408 2 708 14
"709" 137.779566978942 134.468581319531 2 709 8
"710" 136.707266502897 143.434189248161 2 710 20
"711" 139.254781254999 140.255332938522 0 711 0
"712" 146.263842475597 142.608730147642 0 712 0
"713" 144.869337897595 139.643691551468 2 713 8
"714" 141.866691254243 136.170105181995 2 714 7
"715" 146.100883281765 124.252530613296 2 715 11
"716" 142.971402569193 129.172723699387 2 716 8
"717" 136.037909788767 129.944092603853 0 717 0
"718" 144.47383539879 138.335833404069 2 718 19
"719" 141.126798765079 139.833275999717 2 719 26
"720" 138.113210465294 137.746813759891 2 720 9
"721" 141.221061999576 135.823046145632 2 721 31
"722" 151.447922714909 135.42101933424 2 722 17
"723" 143.544589856723 139.759466807078 2 723 25
"724" 151.281914557777 138.986057938914 2 724 19
"725" 144.802103780987 124.811340964236 2 725 11
"726" 141.636595926044 129.40964415607 2 726 6
"727" 142.625010496818 131.820246143744 2 727 7
"728" 142.884797309395 129.377217424323 2 728 9
"729" 151.849276330311 130.611037575074 0 729 0
"730" 144.641747031226 132.688258521528 2 730 9
"731" 136.369635129806 143.849130220126 2 731 10
"732" 153.330919882742 132.655647189134 2 732 22
"733" 143.304307325959 136.378195343376 2 733 8
"734" 144.68787667648 127.981779751273 0 734 0
"735" 141.299813287562 136.997784355714 2 735 15
"736" 147.163642601797 133.005315087744 2 736 7
"737" 147.099182346518 139.400878108832 2 737 19
"738" 140.057142083906 137.255643008078 2 738 7
"739" 145.05510894581 137.954135244995 2 739 9
"740" 144.266647853601 137.330464262895 2 740 10
"741" 140.570897175538 136.551534810345 2 741 7
"742" 143.379409400351 134.217334600733 2 742 21
"743" 146.246375832926 134.57473516753 2 743 8
"744" 146.260935507855 134.968297030119 2 744 20
"745" 137.932113594977 139.336273966069 2 745 16
"746" 152.836474245096 133.256874113988 0 746 0
"747" 143.415684351265 137.220022698131 0 747 0
"748" 134.656851938395 130.792397649417 0 748 0
"749" 142.7027174598 135.769171667124 2 749 8
"750" 143.039866257802 130.34663385095 2 750 6
"751" 146.082955456512 133.160979888054 2 751 7
"752" 140.845243832998 141.336475001031 2 752 32
"753" 138.379528641659 136.541338284137 0 753 0
"754" 137.104085325104 137.785252127054 2 754 38
"755" 136.844287166733 132.558078622378 2 755 7
"756" 139.930089712484 139.623917276267 2 756 12
"757" 146.604423208612 125.070994586057 0 757 0
"758" 144.016045137488 139.184322790794 2 758 20
"759" 144.99163902288 135.476759060508 2 759 14
"760" 144.796950166975 134.039769652063 2 760 11
"761" 144.744790493971 145.973616263905 2 761 33
"762" 138.386818387997 137.183183747505 2 762 7
"763" 145.52428245843 140.49452532512 2 763 21
"764" 141.34216246564 138.968342424099 2 764 9
"765" 142.769963841571 127.619976244851 2 765 9
"766" 146.445685086675 134.371273353777 2 766 10
"767" 147.010791222885 130.346189464537 2 767 7
"768" 141.535567973927 136.557101721816 2 768 14
"769" 141.374933140833 131.232714476786 0 769 0
"770" 131.848729468702 138.338847924249 0 770 0
"771" 138.510870591461 129.570761265336 2 771 8
"772" 142.847898946961 128.711683720892 2 772 8
"773" 143.831686876771 133.687497067307 2 773 8
"774" 146.454484287107 127.414157004024 2 774 11
"775" 140.001399148705 141.964730830655 0 775 0
"776" 140.774124399713 136.768380776113 2 776 7
"777" 145.608890147508 132.165640164972 2 777 6
"778" 144.737155233323 132.258201374791 2 778 8
"779" 142.65720708255 137.452209360054 2 779 14
"780" 145.890718884723 134.932090579486 0 780 0
"781" 136.955238749241 128.827280261093 0 781 0
"782" 145.191010257674 135.411735683604 2 782 13
"783" 143.105630333658 133.35359540711 2 783 6
"784" 142.821797992697 139.488930362947 0 784 0
"785" 142.647480163921 131.828163324293 2 785 8
"786" 144.26989666003 134.285670940066 2 786 15
"787" 139.526245841948 136.527109579992 2 787 11
"788" 151.004161351947 135.419761030775 2 788 11
"789" 144.897807540193 136.860401815412 2 789 9
"790" 144.33319773409 140.03665679681 2 790 15
"791" 145.217373360913 132.959654431742 2 791 6
"792" 140.844634664253 134.818830423296 2 792 13
"793" 148.615002731007 132.986148906408 0 793 0
"794" 140.596490889374 133.572855339992 0 794 0
"795" 148.148760575139 133.162387709203 2 795 6
"796" 146.263317757085 134.106831444125 2 796 8
"797" 149.817802267128 129.850731864838 2 797 9
"798" 138.790504315537 125.801189959598 2 798 22
"799" 142.841683450304 133.762396197703 2 799 7
"800" 136.654182599174 138.559525022625 2 800 39
"801" 142.562862783469 138.594190143196 2 801 10
"802" 145.061516958493 135.840784521806 2 802 22
"803" 147.867965223594 130.778069536204 0 803 0
"804" 142.887674007334 128.490203257137 2 804 8
"805" 142.755761994298 136.008018635169 2 805 7
"806" 140.387440889832 136.567211428408 2 806 6
"807" 138.224283827503 133.84941654447 2 807 6
"808" 144.013924658654 137.770776173927 2 808 24
"809" 147.731096106543 139.847184612353 2 809 21
"810" 133.184666950209 132.908036872603 0 810 0
"811" 151.758018779394 136.794479142755 2 811 40
"812" 140.018061679827 140.079546506121 0 812 0
"813" 147.32993827009 129.459359234521 2 813 9
"814" 144.522275453911 142.810220065444 0 814 0
"815" 136.341171809627 136.513499840128 2 815 11
"816" 139.80305536328 137.101191530368 2 816 7
"817" 143.474040271805 131.622674443857 2 817 12
"818" 136.608041197841 134.462938534562 2 818 31
"819" 142.605450687099 146.063850239995 2 819 5
"820" 155.680191396414 133.375485433649 0 820 0
"821" 140.055531985632 136.174394669086 2 821 9
"822" 145.613370083839 133.801047424009 2 822 6
"823" 144.009413238147 130.358598552594 0 823 0
"824" 145.475799365738 133.940729885792 2 824 6
"825" 153.416492376469 131.097946363999 2 825 15
"826" 145.998861962994 140.054073073983 0 826 0
"827" 143.50586031312 134.473917780642 2 827 10
"828" 147.252644225351 129.668327000551 2 828 8
"829" 155.680454518785 138.281168118834 0 829 0
"830" 141.575732089847 138.394998700584 2 830 15
"831" 144.581159721011 133.031184637091 2 831 8
"832" 142.523473761665 133.886607421904 2 832 7
"833" 146.145780733905 128.936858902263 2 833 12
"834" 143.884587026295 136.132337264814 2 834 10
"835" 141.221435549873 134.463828019979 2 835 35
"836" 142.472460465023 144.704591308523 2 836 22
"837" 144.359164403258 130.575530021922 0 837 0
"838" 143.706935188702 144.850541716706 2 838 21
"839" 143.4743683774 134.770866637633 2 839 20
"840" 142.698736297299 132.455744401724 2 840 24
"841" 151.949850077493 136.236921051917 2 841 39
"842" 142.79320097519 129.272095658227 2 842 8
"843" 137.485237000334 133.367657776882 0 843 0
"844" 147.685522219943 132.156947115447 2 844 22
"845" 140.828669803888 137.544620731009 2 845 10
"846" 144.757395379627 137.190459053308 2 846 11
"847" 147.65642018947 132.977981200256 2 847 8
"848" 136.390341117551 134.206188143255 2 848 28
"849" 147.622067505279 140.40025592064 0 849 0
"850" 147.35668302607 134.459063115085 2 850 21
"851" 143.02192926924 131.007920434638 2 851 9
"852" 140.047354077949 136.191256625579 2 852 8
"853" 143.65467615617 130.118104964747 2 853 10
"854" 141.334504014991 135.685735440098 2 854 8
"855" 137.308880952034 127.787071100334 2 855 21
"856" 144.451493283259 141.656216004486 2 856 10
"857" 144.567141977569 126.941129725098 2 857 9
"858" 145.349323728026 139.058270856742 2 858 11
"859" 146.163005944135 128.210454075698 2 859 10
"860" 151.311686970181 131.672546289486 0 860 0
"861" 139.671204761854 136.234652901318 2 861 7
"862" 149.827686679229 130.678829501572 0 862 0
"863" 145.021501336156 131.641000303248 2 863 13
"864" 140.246853064585 133.642186476564 2 864 6
"865" 151.83964287797 134.630801798443 0 865 0
"866" 157.281752451617 139.130040862919 0 866 0
"867" 144.296072811272 132.782357821915 2 867 7
"868" 138.29149566655 128.363339396337 2 868 23
"869" 138.423633463658 140.363141431283 2 869 17
"870" 138.163619851944 139.076226599361 2 870 17
"871" 149.014825584695 142.092354131564 2 871 10
"872" 140.290977499595 139.360128138257 2 872 19
"873" 150.703978651809 133.364183299309 2 873 14
"874" 141.936066178961 134.559118657381 2 874 8
"875" 140.778541237433 131.569027641845 2 875 4
"876" 145.631806809441 130.770672191114 2 876 16
"877" 141.622880165408 135.639862562099 2 877 7
"878" 134.692533289548 135.128354749944 2 878 29
"879" 145.875472635144 136.221151721057 2 879 34
"880" 147.444079607224 131.090194150451 2 880 8
"881" 144.344102844814 130.166687148867 0 881 0
"882" 138.019719312336 138.017964586059 2 882 8
"883" 146.809182785685 142.893702148233 2 883 12
"884" 141.347681192159 135.090791375537 2 884 13
"885" 147.705205451855 126.678006870121 2 885 18
"886" 144.625157978963 134.468906554272 2 886 11
"887" 138.350833521115 127.170687726551 0 887 0
"888" 138.18805403433 142.195064110134 0 888 0
"889" 143.39503410703 126.802956930086 2 889 6
"890" 151.357349669304 136.925943637561 2 890 20
"891" 149.455428034756 137.618103644192 2 891 13
"892" 148.358873434159 134.161453860284 0 892 0
"893" 145.028654626901 138.099882199909 2 893 8
"894" 145.049957039562 137.483147684747 2 894 12
"895" 148.366753989967 132.821722947721 0 895 0
"896" 149.546361686619 139.277073382819 2 896 11
"897" 141.035407747524 141.92192061321 2 897 39
"898" 136.49524811045 130.267328503903 2 898 9
"899" 143.086953984197 127.704424969477 2 899 8
"900" 139.580441294353 130.792974936046 2 900 6
"901" 143.534586949553 133.693082085131 2 901 5
"902" 143.46138484437 139.235024745083 2 902 10
"903" 145.725270337891 141.827600670613 2 903 18
"904" 140.817914047263 138.229497274472 2 904 11
"905" 144.171850689315 138.420436179871 2 905 31
"906" 139.381687779286 138.798604477974 2 906 20
"907" 141.466950439281 138.027343809925 0 907 0
"908" 139.255952249135 131.040091901486 2 908 7
"909" 145.429063450355 138.62319702863 2 909 12
"910" 139.088984735221 125.965511526604 0 910 0
"911" 145.727300307059 130.007078788779 2 911 11
"912" 138.147043231038 131.897716881839 0 912 0
"913" 141.203230214837 136.779161751547 2 913 16
"914" 144.580912808325 131.981206476441 2 914 11
"915" 142.944777092478 138.311631727729 2 915 11
"916" 146.785056447236 142.023113285138 0 916 0
"917" 144.175064303013 143.192013787314 2 917 18
"918" 136.210410446718 129.257126346541 2 918 24
"919" 147.104650884606 133.073592800635 2 919 6
"920" 147.079212960102 138.525099992766 0 920 0
"921" 145.915221231085 129.328353900871 2 921 9
"922" 136.629979342327 133.688853030954 2 922 7
"923" 150.839855264247 127.009179897518 2 923 21
"924" 144.915507502359 132.404892088757 2 924 11
"925" 144.994749312236 133.398515962732 2 925 11
"926" 144.383448568871 131.604526169292 2 926 11
"927" 144.31987612939 133.599250764075 2 927 6
"928" 140.422747488355 127.308819579034 0 928 0
"929" 147.173162431976 132.560037895888 2 929 9
"930" 139.074637238538 135.738265628592 2 930 30
"931" 151.922370123655 142.973912072429 2 931 21
"932" 146.654999368974 138.65917248459 2 932 12
"933" 143.548452522162 132.456120156061 2 933 6
"934" 137.240851897529 139.176248450565 2 934 15
"935" 144.956890889851 134.984147801223 0 935 0
"936" 152.332930142213 140.220484039419 0 936 0
"937" 147.264073602446 133.286242487754 2 937 7
"938" 145.745879606111 131.861086262093 2 938 10
"939" 140.181296740083 131.312404161836 0 939 0
"940" 143.762978265932 134.493165943322 2 940 9
"941" 147.738456728088 129.82278228467 2 941 9
"942" 141.322686049901 131.498095775169 2 942 5
"943" 150.267808096528 132.357434756681 2 943 41
"944" 145.689639574838 133.853508367438 2 944 7
"945" 147.35624430426 134.767039512442 2 945 9
"946" 141.72470647151 127.646974589107 2 946 8
"947" 144.32154464744 140.796419465824 2 947 27
"948" 142.028228875166 131.058190030236 2 948 9
"949" 148.895473215552 131.635238120324 2 949 22
"950" 146.943407541441 136.852742857425 2 950 18
"951" 144.194278134154 146.558699136471 0 951 0
"952" 145.298349750007 136.716412231392 2 952 7
"953" 141.07996062049 136.562542985962 2 953 9
"954" 145.525136026963 136.892184328222 2 954 8
"955" 144.071501166659 141.45098007754 2 955 16
"956" 136.275576141058 131.065851428677 2 956 12
"957" 139.706282116931 133.503040247212 2 957 8
"958" 141.37878902498 136.681033117016 2 958 12
"959" 141.632432377645 145.54786657555 0 959 0
"960" 142.52959391761 135.99145571153 2 960 6
"961" 153.090023165103 139.412812907993 2 961 27
"962" 151.35943537357 131.116857667583 0 962 0
"963" 147.113954033029 130.067344974135 2 963 9
"964" 142.75773235982 144.14291589059 2 964 23
"965" 149.28516039943 130.90287267562 2 965 8
"966" 144.737879565045 137.27375037043 2 966 12
"967" 138.100004773235 133.516052649818 2 967 8
"968" 138.057308999159 139.170345350765 2 968 16
"969" 147.707185669896 135.341339285709 0 969 0
"970" 148.179970370824 136.695943715839 2 970 13
"971" 144.661866518854 133.146252581462 2 971 7
"972" 135.685835541748 141.577512495219 2 972 21
"973" 141.704548307246 132.2789033958 0 973 0
"974" 138.008772174987 143.61234440618 2 974 35
"975" 139.088020150203 134.309875694196 2 975 9
"976" 151.263365425611 124.520547639175 0 976 0
"977" 144.09393482603 136.528890541633 0 977 0
"978" 145.196975608186 141.335656756913 2 978 9
"979" 144.859577976031 132.60802380432 2 979 10
"980" 139.126045392446 143.594353372797 0 980 0
"981" 150.965537425315 132.650675295937 0 981 0
"982" 144.376329317166 133.055280998217 2 982 9
"983" 144.544645146378 142.551334392921 2 983 18
"984" 143.699487185627 129.599460918805 0 984 0
"985" 146.115799038695 129.717987218501 2 985 10
"986" 146.196254919252 136.083137067604 2 986 32
"987" 143.530906465793 132.877852552469 2 987 6
"988" 143.128169561237 136.700632429105 2 988 23
"989" 145.903736742449 144.40386833211 2 989 15
"990" 137.130999883587 135.237434066641 2 990 37
"991" 147.403936473737 138.861770688181 2 991 13
"992" 148.925194864509 132.691560005753 0 992 0
"993" 135.435352086713 141.754844537595 2 993 23
"994" 143.75586687004 127.891627177181 2 994 9
"995" 145.295490645342 137.445072234969 2 995 9
"996" 138.540780003462 140.076016828127 2 996 19
"997" 143.116085685557 129.147786651746 2 997 7
"998" 138.09147454664 139.022465052229 2 998 17
"999" 146.29650055124 133.410463100074 2 999 6
"1000" 134.789548736855 130.539825697851 2 1000 37
"1001" 146.781672303302 134.165372583877 2 1001 19
"1002" 140.304446488427 136.662223747645 2 1002 7
"1003" 137.141287846104 133.929690870481 2 1003 8
"1004" 143.155786731364 133.24945956081 2 1004 7
"1005" 141.846048311431 136.667513384452 2 1005 13
"1006" 146.542871662394 136.38547756027 2 1006 8
"1007" 140.831018723913 143.97401195139 0 1007 0
"1008" 147.578711555118 141.526975045444 2 1008 11
"1009" 140.377625612521 134.924312293345 2 1009 42
"1010" 140.944076681498 135.729557912466 2 1010 10
"1011" 143.719361381152 132.881930221355 2 1011 5
"1012" 139.714687472858 132.497805452423 2 1012 10
"1013" 140.990000451988 128.775255433897 2 1013 7
"1014" 137.371289156271 135.822090958889 2 1014 36
"1015" 146.958203609505 137.887975943453 2 1015 16
"1016" 144.439249845554 139.601896593406 2 1016 7
"1017" 144.251726761451 133.368650603353 2 1017 6
"1018" 147.503176215088 129.757475588674 2 1018 8
"1019" 140.528356915855 134.525879633089 2 1019 41
"1020" 136.220951679922 140.277517166712 2 1020 16
"1021" 149.583744414328 138.64936175614 2 1021 14
"1022" 136.035090530299 136.352168885113 0 1022 0
"1023" 142.542042488993 129.931467216458 0 1023 0
"1024" 145.52435196856 134.928778664823 0 1024 0
"1025" 142.786982640376 134.537642728074 0 1025 0
"1026" 142.179171116973 138.379652537433 2 1026 17
"1027" 139.580442960831 135.708011908583 2 1027 9
"1028" 141.839874839761 141.988407152982 0 1028 0
"1029" 144.225883957932 131.595879484949 2 1029 8
"1030" 140.085096659684 134.19072326596 2 1030 7
"1031" 149.230651424369 138.83693852511 0 1031 0
"1032" 137.671415035071 136.798897472786 2 1032 19
"1033" 149.692112462634 135.096019108907 2 1033 16
"1034" 149.436390215191 137.597087789853 2 1034 14
"1035" 140.346769308718 131.834370729225 2 1035 6
"1036" 149.451281384933 137.923044005459 2 1036 14
"1037" 147.706824921461 137.572440544332 0 1037 0
"1038" 144.621133352107 127.895161819063 0 1038 0
"1039" 147.36398680985 134.188695910874 0 1039 0
"1040" 150.057838617961 140.114304753693 2 1040 16
"1041" 145.944639309657 134.291362620365 0 1041 0
"1042" 147.081393902324 133.92685915322 2 1042 8
"1043" 143.470388025096 142.922225818069 0 1043 0
"1044" 145.663200661156 124.391494664572 0 1044 0
"1045" 145.368090057965 139.530945944479 2 1045 14
"1046" 142.854499304649 138.00068186464 2 1046 12
"1047" 140.510018554841 140.232954233066 0 1047 0
"1048" 142.431479187898 140.529349943621 2 1048 22
"1049" 148.486015759386 131.45530123469 2 1049 6
"1050" 66.9709338777831 144.901191819883 2 1050 14
"1051" 139.654534959287 23.7008279890178 0 1051 0
"1052" 77.9347927503127 142.72772438199 0 1052 0
"1053" 67.445064753285 145.623300586322 2 1053 12
"1054" 90.2003261121504 94.8256537282173 0 1054 0
"1055" 108.818325450832 50.9776522010772 0 1055 0
"1056" 80.4925497386348 116.664227712402 0 1056 0
"1057" 144.2622747934 124.782851226438 2 1057 19
"1058" 119.665885780482 92.0602829957091 0 1058 0
"1059" 139.318580126615 74.3276996827094 0 1059 0
"1060" 91.9065489968321 61.5968313138005 0 1060 0
"1061" 113.850177495102 123.930698152534 0 1061 0
"1062" 92.7425025826767 15.6857966225799 0 1062 0
"1063" 101.534125916048 106.187766080416 0 1063 0
"1064" 141.904399299111 39.0349652122667 0 1064 0
"1065" 135.571602180335 74.8416946514395 2 1065 25
"1066" 86.7436099898027 128.424658129132 0 1066 0
"1067" 142.252136296349 81.4405329076803 0 1067 0
"1068" 109.429530880515 101.45668449627 0 1068 0
"1069" 155.62828840113 65.2379014869963 0 1069 0
"1070" 147.466573170959 56.0651664966503 0 1070 0
"1071" 94.7696100918517 15.3711277254616 0 1071 0
"1072" 123.136407790365 90.1346229100691 0 1072 0
"1073" 107.016757077724 19.951381133834 0 1073 0
"1074" 100.923148510788 112.015025670008 0 1074 0
"1075" 125.851443444605 35.1314465152737 0 1075 0
"1076" 127.362817198626 108.19711890629 0 1076 0
"1077" 91.266778377693 43.8876193113293 0 1077 0
"1078" 124.242828926156 31.9334286694581 0 1078 0
"1079" 152.861161066742 131.829566092408 2 1079 15
"1080" 91.0288029664681 54.287768930973 0 1080 0
"1081" 81.9456692648882 51.4153573722601 0 1081 0
"1082" 69.9889314070238 42.3393356234325 2 1082 8
"1083" 139.44594731985 37.5063373033645 0 1083 0
"1084" 108.452844908739 33.3152598676707 2 1084 44
"1085" 114.110908764902 26.9674746492458 0 1085 0
"1086" 123.599983654313 37.5318357875956 0 1086 0
"1087" 122.302720287289 69.5544889640953 0 1087 0
"1088" 95.7136648941069 104.747599381719 0 1088 0
"1089" 78.4902742332672 73.5152842563514 0 1089 0
"1090" 65.6528384001826 49.9522149148985 0 1090 0
"1091" 136.476225751099 41.3131547230054 0 1091 0
"1092" 75.6751145155788 35.0135394109071 0 1092 0
"1093" 57.4045887212061 68.4128205666053 0 1093 0
"1094" 155.774018989006 135.3374504312 0 1094 0
"1095" 91.9866394327 124.796465713394 0 1095 0
"1096" 126.9481205984 66.1224512285131 0 1096 0
"1097" 110.647932952257 43.2781313542538 2 1097 0
"1098" 83.7650259281104 120.019536097368 0 1098 0
"1099" 133.740068943338 22.638172231388 2 1099 18
"1100" 90.7662788055709 121.752753454316 0 1100 0
"1101" 119.040612600395 76.9876091649625 0 1101 0
"1102" 113.627563819468 79.3556219955385 0 1102 0
"1103" 82.3368553247031 101.136592527106 0 1103 0
"1104" 120.013158778578 78.0417795135381 0 1104 0
"1105" 53.2865359326104 101.270881941111 0 1105 0
"1106" 140.466759545498 52.5080170560255 0 1106 0
"1107" 133.400888750165 44.7451515478705 0 1107 0
"1108" 61.3608234982338 58.960549927969 0 1108 0
"1109" 65.5048685120956 130.633597729169 0 1109 0
"1110" 68.141266572504 107.566126232233 0 1110 0
"1111" 79.4809376947454 115.08882661415 0 1111 0
"1112" 73.9948241295656 109.736554955462 0 1112 0
"1113" 51.1448003370969 124.548541932361 0 1113 0
"1114" 58.6999436197064 72.1717370441713 0 1114 0
"1115" 101.86956122173 92.6248486291525 0 1115 0
"1116" 155.024470113077 102.576848788757 0 1116 0
"1117" 89.532652414133 61.1440353509693 0 1117 0
"1118" 104.920082740566 52.0425292851971 0 1118 0
"1119" 86.1172701284563 120.21906136776 0 1119 0
"1120" 99.7431375730801 127.593132685599 2 1120 37
"1121" 152.872466809827 87.6942592771807 0 1121 0
"1122" 93.9920741123546 90.2127954573778 0 1122 0
"1123" 135.729132448272 45.0227426978372 0 1123 0
"1124" 109.532952875758 31.6215509419764 0 1124 0
"1125" 123.468486182995 104.5347154311 0 1125 0
"1126" 157.050789996378 94.5481727954558 0 1126 0
"1127" 136.294592720243 66.1677075696391 0 1127 0
"1128" 119.33560171994 115.120737952753 0 1128 0
"1129" 54.1932844932373 31.1222680730199 2 1129 49
"1130" 83.6859615027691 92.0119044049462 0 1130 0
"1131" 122.339626479967 61.5021823652636 0 1131 0
"1132" 130.259938653072 68.8566190785407 0 1132 0
"1133" 95.8087071284354 140.212604720964 0 1133 0
"1134" 137.204934764913 46.0260140250005 0 1134 0
"1135" 61.1637509431098 120.854224823651 0 1135 0
"1136" 115.468804342877 71.9651479891996 0 1136 0
"1137" 71.3130327120366 67.5504388648285 0 1137 0
"1138" 93.0346135460493 62.0479057218278 0 1138 0
"1139" 62.863579852028 32.2699811590259 2 1139 4
"1140" 153.797793944822 137.416710125965 2 1140 29
"1141" 103.544693132803 75.0548871000774 0 1141 0
"1142" 104.145857115201 80.037841986509 0 1142 0
"1143" 99.1943971956825 111.592100589335 2 1143 34
"1144" 114.512948146278 96.7383823859449 0 1144 0
"1145" 75.1863261764763 55.4868929272383 0 1145 0
"1146" 135.831792084675 26.4728477687374 0 1146 0
"1147" 143.203357917661 56.4614263879788 0 1147 0
"1148" 102.656965058771 37.3964932821589 0 1148 0
"1149" 104.424900723836 41.5354731990789 0 1149 0
"1150" 131.841190265558 123.200246445478 0 1150 0
"1151" 139.336619944214 61.5314126902377 0 1151 0
"1152" 90.770087096671 35.2877432024456 0 1152 0
"1153" 112.205764707394 40.276704345186 0 1153 0
"1154" 157.053832028024 69.5510051273638 0 1154 0
"1155" 64.654814306342 27.819829155649 2 1155 48
"1156" 84.6237384035805 83.4167814665882 0 1156 0
"1157" 89.1924940861213 18.049187368279 2 1157 15
"1158" 138.50108740107 31.012922324155 0 1158 0
"1159" 139.813859956828 36.4629441595792 0 1159 0
"1160" 145.958410069391 60.3893260365069 0 1160 0
"1161" 84.9650557853513 36.9385790428349 0 1161 0
"1162" 111.092606987776 112.092469871915 0 1162 0
"1163" 148.99252545705 58.2882047192961 0 1163 0
"1164" 68.2440376372725 49.5268909729695 0 1164 0
"1165" 81.7416666604571 132.130867894604 0 1165 0
"1166" 57.9800097698028 111.409486346818 0 1166 0
"1167" 104.246232730979 133.260844364057 0 1167 0
"1168" 96.2767319531077 117.999635252396 0 1168 0
"1169" 112.835692065217 108.652086503013 0 1169 0
"1170" 79.2350472173998 125.889749522738 0 1170 0
"1171" 101.644805438253 100.401426724308 0 1171 0
"1172" 120.372651182668 138.185401726053 0 1172 0
"1173" 119.204199055901 132.533989617832 0 1173 0
"1174" 77.0491442997675 65.6473243174464 0 1174 0
"1175" 70.6920318470366 101.061262800362 2 1175 24
"1176" 130.136623949244 106.786004691813 0 1176 0
"1177" 68.9210879887721 113.53722496611 0 1177 0
"1178" 66.7229848949243 76.5918266163331 0 1178 0
"1179" 109.703220461776 81.2982364676825 0 1179 0
"1180" 154.8928247911 35.5869796712979 0 1180 0
"1181" 84.173206416152 35.1236766612848 0 1181 0
"1182" 71.6046842476867 123.350086858451 0 1182 0
"1183" 97.0851163725005 142.96124532624 2 1183 23
"1184" 136.297941658154 145.466064819186 0 1184 0
"1185" 154.053609546686 144.921041595846 0 1185 0
"1186" 131.802126362581 42.0885393103118 0 1186 0
"1187" 156.398155301629 98.9733150094893 0 1187 0
"1188" 145.026151642855 112.459811118573 0 1188 0
"1189" 102.713130569901 146.154907450525 0 1189 0
"1190" 116.521671714266 23.8509761656367 0 1190 0
"1191" 59.3467850083895 67.5608084617921 2 1191 45
"1192" 142.098330915939 73.2373971845101 0 1192 0
"1193" 52.8832810503746 129.163686276944 0 1193 0
"1194" 97.97771723256 18.9375442544094 0 1194 0
"1195" 81.1367237285198 116.696092907877 0 1195 0
"1196" 89.840657335716 22.2004035675063 0 1196 0
"1197" 106.845652549153 97.0481670880863 0 1197 0
"1198" 156.182639277477 51.3682790507701 0 1198 0
"1199" 66.8031085978115 94.5505191184155 0 1199 0
"1200" 62.9895317435304 34.3374315790071 2 1200 4
"1201" 138.123752172806 15.3625672573278 0 1201 0
"1202" 76.8124404638329 77.5479836683095 0 1202 0
"1203" 114.89592686722 123.69114625867 0 1203 0
"1204" 74.6316488162596 80.9771325319962 0 1204 0
"1205" 91.0226365927686 57.450082277265 0 1205 0
"1206" 79.0534474287178 122.721639216552 0 1206 0
"1207" 52.6052393777764 116.143225475243 0 1207 0
"1208" 153.358159999369 32.2156318678654 0 1208 0
"1209" 51.9013358088127 136.680402556149 0 1209 0
"1210" 118.335958821637 107.165123665799 0 1210 0
"1211" 64.6391881985683 23.5791607399341 2 1211 9
"1212" 73.2864526930808 85.2774432350318 2 1212 43
"1213" 54.5206809566304 59.1697066888766 0 1213 0
"1214" 78.9972045761159 16.0970252465807 2 1214 20
"1215" 92.239731362578 56.7117650640862 0 1215 0
"1216" 150.254427473261 84.6658353561909 0 1216 0
"1217" 85.8906870936973 138.27588472738 0 1217 0
"1218" 131.672344788713 85.8132947773907 2 1218 38
"1219" 102.235222011938 139.811382485091 0 1219 0
"1220" 103.31743163967 40.186653339001 0 1220 0
"1221" 135.89813265775 116.65393201176 2 1221 22
"1222" 156.907155553697 76.9950904102118 0 1222 0
"1223" 113.550682644751 144.159297841141 0 1223 0
"1224" 67.8814662823503 36.9317075416861 2 1224 16
"1225" 97.5629809305447 37.267901351054 0 1225 0
"1226" 126.678125320873 75.7273391294786 0 1226 0
"1227" 124.187425624798 108.887597629731 2 1227 8
"1228" 66.5997500915691 131.010917549563 0 1228 0
"1229" 123.110344956533 95.2544229216764 0 1229 0
"1230" 146.956699106842 54.9561960128547 0 1230 0
"1231" 130.402875680893 24.5240078604285 0 1231 0
"1232" 64.7291485789325 137.047576641065 0 1232 0
"1233" 92.3939435000007 119.753999411098 0 1233 0
"1234" 148.270566741322 67.9487271566395 0 1234 0
"1235" 71.6902219778375 52.0647528313253 2 1235 44
"1236" 84.9838215643424 36.0288773801261 0 1236 0
"1237" 109.453480177879 98.7789651437195 2 1237 20
"1238" 114.077540056371 41.8594321642873 0 1238 0
"1239" 61.5984762765144 135.052143954468 0 1239 0
"1240" 64.7927098776395 127.561422871292 0 1240 0
"1241" 58.4715408367569 131.442343093945 0 1241 0
"1242" 115.527513103966 38.6242560962369 2 1242 22
"1243" 85.8379130794065 130.762797140057 0 1243 0
"1244" 74.1288154844744 131.665989623085 0 1244 0
"1245" 110.517893913027 28.9921618339407 0 1245 0
"1246" 128.267654334213 131.557665142805 2 1246 13
"1247" 51.3230378462771 109.469904714352 0 1247 0
"1248" 81.2435391833309 135.561874386363 0 1248 0
"1249" 133.723965569365 120.241952520491 2 1249 5
"1250" 91.9395300042161 57.2008177752252 0 1250 0
"1251" 111.491231617698 68.7328591713035 0 1251 0
"1252" 53.0576716349857 142.300609364577 0 1252 0
"1253" 76.147752896944 61.5481075675474 0 1253 0
"1254" 88.9243210660962 130.863566937749 0 1254 0
"1255" 100.055837293442 63.8418680889293 0 1255 0
"1256" 117.651110745415 127.155675243037 0 1256 0
"1257" 122.862852693327 28.1594248579184 0 1257 0
"1258" 132.81808572763 141.827961667453 2 1258 21
"1259" 106.804009619885 18.8490989862259 0 1259 0
"1260" 99.654360594256 132.827792121433 0 1260 0
"1261" 103.771091969144 125.259663922205 0 1261 0
"1262" 132.143662824692 55.6664077162916 0 1262 0
"1263" 141.196697998034 85.9055500052857 0 1263 0
"1264" 155.94235949784 68.9157198878868 0 1264 0
"1265" 63.3610168708025 133.242773974802 2 1265 24
"1266" 72.037350777442 128.9997903246 2 1266 42
"1267" 75.0783495064194 77.6485994311847 0 1267 0
"1268" 149.062569203406 131.139794080953 0 1268 0
"1269" 142.085675908266 75.8353321013737 0 1269 0
"1270" 152.756853408539 78.2152476251476 0 1270 0
"1271" 82.1268797872087 127.42256186058 0 1271 0
"1272" 74.193855314611 146.091711285611 0 1272 0
"1273" 142.945569275964 133.717985400005 2 1273 6
"1274" 102.178095558484 119.941914146503 0 1274 0
"1275" 83.997474368181 23.3198210328608 0 1275 0
"1276" 117.038459852565 100.821179893344 0 1276 0
"1277" 63.8379708715229 15.4177506436573 0 1277 0
"1278" 62.6526403411594 81.9691700271193 0 1278 0
"1279" 82.2176036444231 109.816420814798 0 1279 0
"1280" 83.6413267032532 47.2539077105352 0 1280 0
"1281" 92.8409573821284 140.894625972138 0 1281 0
"1282" 72.1699567436062 131.005228083573 0 1282 0
"1283" 143.741020352794 129.25890277371 2 1283 6
"1284" 84.8873582891613 30.1713946845421 0 1284 0
"1285" 58.5171408021913 54.2854732797767 0 1285 0
"1286" 98.4460618081943 37.7682690730909 0 1286 0
"1287" 126.833110376122 16.0925337883694 0 1287 0
"1288" 114.737594041759 40.825871637528 0 1288 0
"1289" 55.0167261767343 16.5142217252821 1 1289 50
"1290" 114.590487580648 59.9478718586033 0 1290 0
"1291" 119.032723124289 134.12646257173 0 1291 0
"1292" 131.770847140872 97.6861414192996 0 1292 0
"1293" 52.4711036256188 71.6890608359219 0 1293 0
"1294" 151.139866955249 100.293894265722 0 1294 0
"1295" 121.186704411462 32.4567714769844 0 1295 0
"1296" 148.461884623849 60.6081197345327 0 1296 0
"1297" 68.7522689218168 19.9726400193255 2 1297 6
"1298" 149.334815135161 23.5867166158784 0 1298 0
"1299" 124.165377690381 109.572871787806 0 1299 0
"1300" 153.575282306267 118.46863185925 0 1300 0
"1301" 50.7365230790478 44.160481525092 2 1301 20
"1302" 82.124435592967 111.849974946118 0 1302 0
"1303" 73.7744688845417 90.577945578651 0 1303 0
"1304" 98.3796644153487 145.357582571024 0 1304 0
"1305" 141.39479616617 45.5060370648821 0 1305 0
"1306" 118.50240209174 39.9947237231116 0 1306 0
"1307" 125.568461656911 108.70369364396 2 1307 9
"1308" 69.1367154412892 41.2997530513366 2 1308 7
"1309" 136.574956202215 97.2435961767406 0 1309 0
"1310" 116.281021724132 34.702895002325 0 1310 0
"1311" 100.863142584394 17.0432485827953 0 1311 0
"1312" 153.665060475788 36.8461967377457 0 1312 0
"1313" 90.6833609463557 136.82093530667 0 1313 0
"1314" 57.3000219578923 89.4551135830531 0 1314 0
"1315" 101.019664431835 127.863211563041 2 1315 38
"1316" 75.457215191483 130.142235566734 0 1316 0
"1317" 95.5964528870769 102.242817219421 0 1317 0
"1318" 69.1845495640863 66.3427270450209 0 1318 0
"1319" 98.9258402260563 61.5523305204904 0 1319 0
"1320" 92.5944446699077 142.057209017596 2 1320 26
"1321" 68.1796733338381 45.4347300519385 2 1321 4
"1322" 133.887914831654 124.940247790746 0 1322 0
"1323" 141.062171712436 39.8211410492543 0 1323 0
"1324" 98.6661570288539 113.074421452393 2 1324 32
"1325" 67.3153679991367 72.6118693193861 0 1325 0
"1326" 96.2417509991084 41.2140201300466 0 1326 0
"1327" 101.753271200574 25.9583050798589 0 1327 0
"1328" 76.8122668492468 118.826852892262 0 1328 0
"1329" 69.4750551391209 89.6960523716506 0 1329 0
"1330" 124.894971671504 55.7823613568597 2 1330 39
"1331" 131.012626082209 130.194102737057 2 1331 12
"1332" 124.65773752599 35.3768740387812 0 1332 0
"1333" 129.055031065714 35.6477217745568 0 1333 0
"1334" 120.767674254026 28.1585773604352 0 1334 0
"1335" 91.0688711905708 86.910723298314 0 1335 0
"1336" 151.905722509123 15.4827448606023 0 1336 0
"1337" 60.7974660049871 79.7535847763474 0 1337 0
"1338" 134.727110746911 143.693271101447 2 1338 11
"1339" 124.964655691817 75.6878478336039 0 1339 0
"1340" 138.252966542752 15.7673571708936 0 1340 0
"1341" 65.5427244421493 16.4090045011826 2 1341 38
"1342" 85.0937562432038 44.4112980028819 0 1342 0
"1343" 52.1135581992984 85.0630062988993 0 1343 0
"1344" 56.7197211916038 33.1858913673117 2 1344 2
"1345" 123.189142723982 95.0986978217879 0 1345 0
"1346" 83.0342918745599 141.256744967272 0 1346 0
"1347" 65.1554231950323 16.4648188366438 0 1347 0
"1348" 131.201174330102 93.7445348139674 2 1348 36
"1349" 116.808162563799 69.7970849274301 0 1349 0
"1350" 112.736641863139 124.431490893167 0 1350 0
"1351" 145.673539067797 33.5602056728376 0 1351 0
"1352" 60.7810069049637 136.907614529262 0 1352 0
"1353" 136.94948365927 42.4267277695854 0 1353 0
"1354" 68.8423819478617 36.9984559318527 0 1354 0
"1355" 106.052696697526 75.1437770925422 0 1355 0
"1356" 121.088698455902 70.8304910827846 0 1356 0
"1357" 67.8969969865735 73.8922279245785 0 1357 0
"1358" 60.6666134268874 28.2830429698948 2 1358 5
"1359" 91.5588962230405 107.784529121224 2 1359 21
"1360" 121.643849281082 100.178181132437 0 1360 0
"1361" 51.7143316326009 119.381254583888 0 1361 0
"1362" 111.032395571078 89.8725100561059 0 1362 0
"1363" 57.4767180786161 32.6306120382949 2 1363 7
"1364" 86.1105216688757 58.268910863984 2 1364 8
"1365" 54.0016213442674 21.510024168066 0 1365 0
"1366" 154.627138747847 146.352359156472 0 1366 0
"1367" 73.3267235255047 117.276156145224 0 1367 0
"1368" 67.4903062100651 30.6997012441619 2 1368 7
"1369" 141.998505510324 88.851845003562 2 1369 23
"1370" 121.02887059129 98.7447368570919 0 1370 0
"1371" 96.4530748819375 71.0265662670217 0 1371 0
"1372" 78.2774347259093 131.702647033271 0 1372 0
"1373" 102.197190728171 142.352068284496 0 1373 0
"1374" 83.2298067182764 73.9083248383608 0 1374 0
"1375" 105.310437075209 92.6066671659227 0 1375 0
"1376" 155.202904491459 47.9898845981369 0 1376 0
"1377" 114.120426883961 31.3155467022157 0 1377 0
"1378" 151.738146619994 77.3896071133205 0 1378 0
"1379" 152.82220710145 93.5219617245222 0 1379 0
"1380" 134.517840027991 69.0960535644603 0 1380 0
"1381" 115.847313730462 63.7922897156513 0 1381 0
"1382" 126.49676836404 57.5389343883028 0 1382 0
"1383" 139.915580514221 80.2884264329087 2 1383 8
"1384" 143.926335438959 123.779237528284 2 1384 33
"1385" 155.510034309068 53.6823061356092 2 1385 24
"1386" 80.2260786036639 81.6930600470689 0 1386 0
"1387" 147.76099309901 45.5879960413552 2 1387 45
"1388" 121.155762158075 58.2833984596945 0 1388 0
"1389" 94.5332181808066 106.821923016387 2 1389 19
"1390" 60.4694074310162 32.0459503690137 0 1390 0
"1391" 122.799011395138 106.309216107972 0 1391 0
"1392" 122.407028367851 120.020785511284 0 1392 0
"1393" 126.774800322371 64.729041654748 0 1393 0
"1394" 63.532436454692 74.046333669959 0 1394 0
"1395" 148.710225208469 56.0797221748932 0 1395 0
"1396" 58.488349327439 135.317846517326 2 1396 43
"1397" 124.993188359594 40.9511647633951 0 1397 0
"1398" 129.760875848482 85.4679787348497 0 1398 0
"1399" 123.031012308085 78.0277289005895 0 1399 0
"1400" 62.3085656725579 48.0584201165308 2 1400 20
"1401" 142.829975949173 24.5248924743664 0 1401 0
"1402" 61.2111136382065 67.1442198300598 2 1402 43
"1403" 156.850988079837 38.7388235458462 0 1403 0
"1404" 62.1550359686568 20.5853168092247 2 1404 8
"1405" 85.3592121005475 131.135338851829 0 1405 0
"1406" 131.075924772705 73.8061958685304 0 1406 0
"1407" 153.958662467461 107.934694341425 0 1407 0
"1408" 56.0248459537845 81.1796451721138 0 1408 0
"1409" 100.546074921792 132.908983861314 2 1409 22
"1410" 101.98340357039 49.7469256702164 0 1410 0
"1411" 153.048012820875 54.33715364387 0 1411 0
"1412" 99.3546810485946 126.647808008213 2 1412 35
"1413" 84.3821858312633 108.834940732631 0 1413 0
"1414" 147.927939796754 63.0708712295938 0 1414 0
"1415" 101.318004849536 82.3324357462909 0 1415 0
"1416" 120.734650488957 71.0466084488115 2 1416 21
"1417" 98.0030509000368 106.834916713043 0 1417 0
"1418" 132.487985070476 37.8451189221396 0 1418 0
"1419" 135.528522210244 37.7855408312921 0 1419 0
"1420" 58.2446821254886 106.804704775646 0 1420 0
"1421" 88.9765508329454 18.2039798751685 0 1421 0
"1422" 106.402094760018 27.2464739601751 0 1422 0
"1423" 58.4117954316204 103.350968570905 0 1423 0
"1424" 132.097575680033 85.3878713278682 0 1424 0
"1425" 69.6767535987411 104.081103120457 0 1425 0
"1426" 85.9984796150261 76.7689411977798 0 1426 0
"1427" 71.8145273630655 71.6546935997304 0 1427 0
"1428" 118.998404057266 62.1293200686405 0 1428 0
"1429" 50.5940795906876 137.410555862821 0 1429 0
"1430" 146.675240471613 118.020749252139 0 1430 0
"1431" 62.8815048126969 118.720611064298 0 1431 0
"1432" 149.03207430323 29.297592558688 0 1432 0
"1433" 153.923283675688 140.756336426314 2 1433 9
"1434" 79.7200786441893 130.151101748388 0 1434 0
"1435" 89.3489359337099 92.7717558630364 0 1435 0
"1436" 127.766536527208 92.4079870368993 0 1436 0
"1437" 127.321580156807 140.587440737581 0 1437 0
"1438" 135.772915920169 29.9573101864357 0 1438 0
"1439" 134.406798096517 86.0359551654719 0 1439 0
"1440" 53.6956128165112 119.219970920064 0 1440 0
"1441" 123.338941354032 138.387799773324 0 1441 0
"1442" 147.23910564094 55.9034183110629 0 1442 0
"1443" 105.224524289851 75.0107262604459 0 1443 0
"1444" 155.119230111902 69.2116653848173 0 1444 0
"1445" 79.4606429993246 73.9839785767614 0 1445 0
"1446" 139.922677296139 104.31075437596 0 1446 0
"1447" 155.644423551441 97.7016023351331 0 1447 0
"1448" 83.0594943373101 66.3882385808975 0 1448 0
"1449" 103.611868313031 90.1935074464538 2 1449 40
"1450" 55.9339840098688 54.9249358186514 0 1450 0
"1451" 73.4442243021875 56.3906403517529 2 1451 1
"1452" 146.365007032408 45.4583263561124 2 1452 9
"1453" 142.712539023304 97.6111128162416 2 1453 6
"1454" 66.1849219884811 21.2367157306763 2 1454 7
"1455" 110.07185260053 86.2835291705822 0 1455 0
"1456" 60.5538809395308 81.7321909798046 2 1456 45
"1457" 96.6433924184868 22.9469122567927 0 1457 0
"1458" 145.218855907914 108.790134286999 2 1458 3
"1459" 130.763983286967 32.9000900147161 0 1459 0
"1460" 116.949219446025 71.4130212639196 0 1460 0
"1461" 98.1623812888721 136.67384200093 0 1461 0
"1462" 131.749066659377 103.163734110044 0 1462 0
"1463" 55.9326256272855 144.362063381092 0 1463 0
"1464" 101.743345529473 141.997339319318 0 1464 0
"1465" 62.963224139965 99.8563524314187 0 1465 0
"1466" 130.659279604652 79.1329239708214 0 1466 0
"1467" 153.917821499445 46.293941035435 0 1467 0
"1468" 149.920654847736 134.074846557104 2 1468 8
"1469" 73.64677006459 58.0056293771768 0 1469 0
"1470" 138.7257829859 60.066273165658 0 1470 0
"1471" 136.1558214487 79.1081255280179 2 1471 22
"1472" 95.4412361800817 135.342702761434 0 1472 0
"1473" 126.856828419255 39.2985345428413 0 1473 0
"1474" 72.4492743641575 84.8410165467115 0 1474 0
"1475" 148.043795359085 24.2134498937133 0 1475 0
"1476" 63.9409432030003 116.984313102804 0 1476 0
"1477" 66.6594515961656 140.15074367746 0 1477 0
"1478" 126.963677662823 81.1469446575136 0 1478 0
"1479" 150.633298624153 16.1070284524238 0 1479 0
"1480" 93.4667020147609 145.525933844289 0 1480 0
"1481" 135.502887748292 122.299249769465 2 1481 7
"1482" 127.444055582683 118.96349958363 0 1482 0
"1483" 100.92178324623 59.9125592084775 0 1483 0
"1484" 78.394851527592 25.8326665231116 2 1484 6
"1485" 69.2825162899056 132.088261845821 2 1485 43
"1486" 108.948009981401 78.8292285091811 0 1486 0
"1487" 97.6116375611388 139.064472674943 0 1487 0
"1488" 62.6302939228216 112.58532443406 0 1488 0
"1489" 114.874839527301 89.0539271172836 0 1489 0
"1490" 146.015587181136 29.741932548598 0 1490 0
"1491" 101.966772843355 68.0698143731459 0 1491 0
"1492" 83.3667569745504 141.849953671774 0 1492 0
"1493" 126.365925649276 120.252448184886 0 1493 0
"1494" 72.0454352842434 90.2925142890428 0 1494 0
"1495" 82.3586782657473 82.3718387949641 0 1495 0
"1496" 144.963360529061 18.9406680339909 0 1496 0
"1497" 108.899010171316 104.497142287904 0 1497 0
"1498" 156.51181817236 144.746165690461 0 1498 0
"1499" 70.9155839557189 97.8381873697355 0 1499 0
"1500" 83.598482235833 31.4573920533628 0 1500 0
