"V1" "V2" "V3" "V4" "V5"
"1" 67.2530709390138 30.440742704219 0 1 0
"2" 70.1704410847132 27.466793231274 0 2 0
"3" 61.3124332380505 31.1643517453624 0 3 0
"4" 68.3070036021494 32.7789339746788 0 4 0
"5" 59.4781445303075 31.4780305997972 0 5 0
"6" 61.8241633904023 33.0390495380258 0 6 0
"7" 64.0044375594605 32.4477448720981 0 7 0
"8" 58.1678240964192 29.2759647946014 0 8 0
"9" 60.9656838600142 30.1651611921456 0 9 0
"10" 59.2650692225661 26.4794534429194 0 10 0
"11" 53.4354097033507 40.3884512959259 0 11 0
"12" 65.6448251837048 28.5578735736061 0 12 0
"13" 59.0051001045603 26.0064970824322 0 13 0
"14" 52.5827534240146 36.5856256926191 0 14 0
"15" 62.6670623077337 35.9257361039136 0 15 0
"16" 62.3225255380774 28.8767086516779 0 16 0
"17" 65.2367664895419 36.4315037877206 0 17 0
"18" 64.2974009626292 41.9099158770659 0 18 0
"19" 67.2913766777962 36.6066573722458 0 19 0
"20" 68.9053859666473 40.8803325062605 0 20 0
"21" 60.8513565874698 30.0476877123121 0 21 0
"22" 60.6255212778478 35.8967468989013 0 22 0
"23" 63.1198272234168 35.8320804862337 0 23 0
"24" 67.4969171359932 35.1466638651248 0 24 0
"25" 55.7085647597861 28.0298938119712 0 25 0
"26" 65.1544602914601 37.7418078053039 0 26 0
"27" 64.744648049874 28.9348848927686 0 27 0
"28" 59.2431232408617 34.4089695294578 0 28 0
"29" 62.2573667789894 27.5620968187009 0 29 0
"30" 60.799573348334 28.965559319847 0 30 0
"31" 73.5262002064174 29.0469999780293 0 31 0
"32" 60.1851518742434 41.7648565278624 0 32 0
"33" 66.1989156622575 27.7227153598815 0 33 0
"34" 65.5257105679728 30.6065908619135 0 34 0
"35" 58.6852690721533 32.1159172402568 0 35 0
"36" 64.2434400859716 39.2666503550805 0 36 0
"37" 59.644125660493 28.0629349775235 0 37 0
"38" 62.5533867698465 36.7087944365512 0 38 0
"39" 61.5840126911315 43.1645132364941 0 39 0
"40" 63.6429672229147 44.0970364845888 0 40 0
"41" 58.6257093330393 31.4400805710457 0 41 0
"42" 54.4719544371646 37.3002030867505 0 42 0
"43" 67.2716075392265 36.8327005290338 0 43 0
"44" 56.5765537608863 30.1378096803462 0 44 0
"45" 63.8506254483577 35.2388536572212 0 45 0
"46" 61.3657663570857 31.2678668402561 0 46 0
"47" 62.0935039225247 38.5739912024642 0 47 0
"48" 65.1729044004777 33.536096546331 0 48 0
"49" 61.8471430924461 34.2600240163265 0 49 0
"50" 64.5617293854887 28.3870198022748 0 50 0
"51" 63.3185968361224 30.2320231433152 0 51 0
"52" 60.0554920817103 42.7676445658641 0 52 0
"53" 64.4643969434712 43.2024521520434 0 53 0
"54" 65.0402724356614 28.9863414916085 0 54 0
"55" 62.818365241449 32.9089561610137 0 55 0
"56" 57.5273085771789 31.0120708076648 0 56 0
"57" 66.0839598178435 34.6920949837612 0 57 0
"58" 55.0914358139005 38.7869577274215 0 58 0
"59" 67.3581375300666 32.3366094921641 0 59 0
"60" 58.2799738365341 30.8021189894514 0 60 0
"61" 63.1373138639331 33.0589002810791 0 61 0
"62" 72.6393100108088 32.7658373136376 0 62 0
"63" 69.2923825347049 29.2718510669316 0 63 0
"64" 58.9739284233726 39.7875982994126 0 64 0
"65" 64.0765530842924 29.7050973120261 0 65 0
"66" 61.9023982993186 38.5072294707924 0 66 0
"67" 62.7729041324535 31.2338030860284 0 67 0
"68" 65.3888820125551 34.5239338839645 0 68 0
"69" 63.6515394952061 27.0889178844536 0 69 0
"70" 63.3839626342408 34.690987488439 0 70 0
"71" 60.7101693199337 42.2503595104013 0 71 0
"72" 60.2122303611799 32.5910185174956 0 72 0
"73" 66.3792247930624 39.8488727346043 0 73 0
"74" 65.1386222340676 37.0116594810699 0 74 0
"75" 59.1363247738582 31.0486492366636 0 75 0
"76" 69.9256707206336 30.0723270678606 0 76 0
"77" 60.4521621071174 40.3542702021093 0 77 0
"78" 65.2090713596582 30.5853096284072 0 78 0
"79" 57.9247544014525 35.6228313632875 0 79 0
"80" 61.8911875861295 36.8006620797025 0 80 0
"81" 71.3611765350518 32.1627810081346 0 81 0
"82" 67.4253730857419 32.0975261421552 0 82 0
"83" 67.8013741903042 36.0173270393229 0 83 0
"84" 57.2433993398658 34.35959676145 0 84 0
"85" 61.0458703795865 35.8002963579402 0 85 0
"86" 68.0985289853918 33.7037039860321 0 86 0
"87" 69.9153228084126 39.6729870376947 0 87 0
"88" 67.6192131763494 37.7754928619503 0 88 0
"89" 62.1842694360636 41.8573083587427 0 89 0
"90" 60.4036660826739 30.1573344871589 0 90 0
"91" 57.0908946382123 37.013032554489 0 91 0
"92" 51.2021274856223 35.2551151331245 0 92 0
"93" 63.1257251916308 32.1767138083717 0 93 0
"94" 62.6777210966872 34.2628321638181 0 94 0
"95" 66.9048848144973 38.7801358182437 0 95 0
"96" 59.5189571868079 32.3523739172375 0 96 0
"97" 72.7903914300021 30.0302812669935 0 97 0
"98" 54.6211547661952 31.8602499319297 0 98 0
"99" 61.6070756776438 38.7719352350578 0 99 0
"100" 63.0836504279505 37.8528248892419 0 100 0
"101" 60.4114739934531 34.2829128894648 0 101 0
"102" 63.7014572785459 33.3459503012189 0 102 0
"103" 61.0500317229075 39.5065830638679 0 103 0
"104" 64.6408523758046 30.2973874316943 0 104 0
"105" 69.8738958805725 24.4458370869753 0 105 0
"106" 59.2645502980111 34.4286789148634 0 106 0
"107" 61.3081422952151 34.5104140014804 0 107 0
"108" 59.7710325077495 29.6523065829666 0 108 0
"109" 66.8860542238859 30.3645176287203 0 109 0
"110" 62.9573657387472 42.0288166109032 0 110 0
"111" 59.0638881056849 28.6412425152974 0 111 0
"112" 60.681397412135 42.2462046328688 0 112 0
"113" 67.7052033346411 27.7968480150754 0 113 0
"114" 57.0380577477873 29.575094760383 0 114 0
"115" 68.5382481724482 37.529808033748 0 115 0
"116" 64.3172922832564 32.1588162236681 0 116 0
"117" 57.8111417152098 31.3032766756379 0 117 0
"118" 62.2350633113126 33.2776106341924 0 118 0
"119" 63.4250466251416 36.4703190029883 0 119 0
"120" 63.0306530602384 40.6418558334325 0 120 0
"121" 54.7491256274699 34.8364968025947 0 121 0
"122" 64.2378428760759 31.8490515164406 0 122 0
"123" 57.4469996889059 26.4686131887077 0 123 0
"124" 63.0412335936638 42.0201633760405 0 124 0
"125" 68.753057840318 35.0685148292513 0 125 0
"126" 59.8495943515093 37.6831121140621 0 126 0
"127" 53.3324960512149 27.903836599386 0 127 0
"128" 66.5910682110169 19.6357712352611 0 128 0
"129" 60.1219814140105 38.436139272787 0 129 0
"130" 60.162055722912 35.6938615649172 0 130 0
"131" 62.1997995297623 36.2090449951387 0 131 0
"132" 58.8966598124581 39.0845360288627 0 132 0
"133" 64.6979381791894 39.7724197391991 0 133 0
"134" 60.4166671478287 30.7791069682651 0 134 0
"135" 60.11429459662 30.6127632515589 0 135 0
"136" 64.4670881407663 32.3064250380239 0 136 0
"137" 63.3418577465957 34.1630340213651 0 137 0
"138" 68.035745285368 27.7876094359024 0 138 0
"139" 63.2657203369385 34.8431562707756 0 139 0
"140" 65.476790117476 39.6891522235466 0 140 0
"141" 66.4874277827437 31.3511778036673 0 141 0
"142" 64.6400836138078 36.023933860803 0 142 0
"143" 64.9519235578575 28.1543776116927 0 143 0
"144" 61.3855039359258 35.0927670247416 0 144 0
"145" 66.1976756806101 40.4032877569157 0 145 0
"146" 62.4637977184258 32.9610193637519 0 146 0
"147" 60.2822651002295 37.5035967839413 0 147 0
"148" 63.5812998076808 40.484862112173 0 148 0
"149" 57.0503292458554 28.8164443558165 0 149 0
"150" 67.9669850560993 35.6779529726322 0 150 0
"151" 66.8145127620254 44.0714354268243 0 151 0
"152" 60.4346810505602 32.4967018642918 0 152 0
"153" 63.3959830108767 27.5652892452788 0 153 0
"154" 55.741659932596 29.2618836326492 0 154 0
"155" 56.2926158102505 37.3877145302803 0 155 0
"156" 64.6281070393974 23.6534203806497 0 156 0
"157" 59.85908419227 34.431408003704 0 157 0
"158" 64.7635615417074 29.013481266572 0 158 0
"159" 68.908549469807 32.2787862496494 0 159 0
"160" 65.8041053032013 36.7938903551924 0 160 0
"161" 57.8692966223292 34.7372149782506 0 161 0
"162" 57.5054649905063 27.3570556554184 0 162 0
"163" 73.2189617985582 24.8802843731387 0 163 0
"164" 64.6382829671325 29.9721772693605 0 164 0
"165" 68.1131431886679 30.9531244239818 0 165 0
"166" 64.8069612169773 38.89278486295 0 166 0
"167" 64.4895806296545 37.7350119823884 0 167 0
"168" 64.5537582639577 39.0399310747135 0 168 0
"169" 59.9313578201321 37.6103776356054 0 169 0
"170" 61.7715154787064 40.7059462817945 0 170 0
"171" 68.7217166837948 33.3725554697995 0 171 0
"172" 61.8903320402855 34.3717647555144 0 172 0
"173" 57.2774190627733 31.5415932869288 0 173 0
"174" 67.5102987416065 28.6097875621357 0 174 0
"175" 56.1065193218285 41.3929205948978 0 175 0
"176" 68.0970467127593 38.513113998181 0 176 0
"177" 55.3133956932422 32.8383936301775 0 177 0
"178" 65.0944639365338 31.2339692958959 0 178 0
"179" 62.2583683568671 33.3178247676876 0 179 0
"180" 67.1545183856938 41.5577478652086 0 180 0
"181" 63.0157540183211 29.7857859433006 0 181 0
"182" 58.5877564860712 34.832661445653 0 182 0
"183" 66.2042580761995 40.8981305922453 0 183 0
"184" 64.9201958005779 34.0792871615347 0 184 0
"185" 57.1581570806779 28.8183109732823 0 185 0
"186" 62.3022404747326 28.6119772639706 0 186 0
"187" 61.0100905615253 28.1056719082853 0 187 0
"188" 61.2104465238531 26.2173067518646 0 188 0
"189" 59.0170784664294 27.922773159007 0 189 0
"190" 67.0416076873713 27.4370389431776 0 190 0
"191" 59.0407689504094 26.8080438749472 0 191 0
"192" 65.8100353443664 34.2357115715671 0 192 0
"193" 63.5894761588567 44.8520022255453 0 193 0
"194" 58.6339777352009 40.2461593333966 0 194 0
"195" 64.7805613457546 39.8670404477408 0 195 0
"196" 65.9547181803678 46.0633648858129 0 196 0
"197" 63.8145324596952 38.2614377151149 0 197 0
"198" 64.3055920919105 39.1053033216261 0 198 0
"199" 60.0440891278373 39.2531981457898 0 199 0
"200" 63.2487634870594 34.4458783390415 0 200 0
"201" 58.6868715074245 42.7505501058871 0 201 0
"202" 58.761611896329 34.5900432483171 0 202 0
"203" 60.3307102384267 34.1877794802887 0 203 0
"204" 61.3736096586999 32.8336412379769 0 204 0
"205" 71.995681421178 32.9300431257837 0 205 0
"206" 60.8371127999934 42.4324896270801 0 206 0
"207" 64.4294457907198 30.339181046939 0 207 0
"208" 56.8196932664086 30.0477662632313 0 208 0
"209" 64.6067124153334 26.9567495799767 0 209 0
"210" 70.3381435241601 31.7793921162053 0 210 0
"211" 59.1289128068304 41.1500587657825 0 211 0
"212" 61.6338159444548 38.8895581648829 0 212 0
"213" 59.5043798998476 34.7878034033188 0 213 0
"214" 62.7866847986509 36.6181799504503 0 214 0
"215" 59.8399833238518 33.8458498995334 0 215 0
"216" 64.5216833703443 40.1866420870062 0 216 0
"217" 63.7814764128213 39.2560810878034 0 217 0
"218" 61.6217366351555 35.8549136759738 0 218 0
"219" 67.7080932760335 35.7348609681793 0 219 0
"220" 64.6321031239938 35.1776263800922 0 220 0
"221" 63.3075241263379 31.1533123494407 0 221 0
"222" 62.0926264259847 27.8962856196141 0 222 0
"223" 57.582863723517 34.8449446275656 0 223 0
"224" 60.6528741887349 34.1234514762264 0 224 0
"225" 61.1233168050798 38.5889519800365 0 225 0
"226" 67.2886732049112 31.68265733127 0 226 0
"227" 60.6104989022196 38.2690893248789 0 227 0
"228" 62.7991679825532 35.3405104852451 0 228 0
"229" 65.3947285428962 33.1189876453364 0 229 0
"230" 69.2591732228879 33.1192674123513 0 230 0
"231" 63.8473259743207 29.1114740288885 0 231 0
"232" 65.1432941679882 34.9207898916175 0 232 0
"233" 55.4008572173198 27.8653359263446 0 233 0
"234" 68.41884444909 44.6539396245676 0 234 0
"235" 57.3679111663778 37.2260689569884 0 235 0
"236" 66.2226836777732 32.1107696948238 0 236 0
"237" 66.0488681579256 36.024402858195 0 237 0
"238" 65.9060773550923 40.8186204171533 0 238 0
"239" 65.1171319714907 32.3132835621673 0 239 0
"240" 63.2306765382447 42.4016545788414 0 240 0
"241" 59.0820938130842 37.2653165271209 0 241 0
"242" 63.0448565230045 29.1887364478808 0 242 0
"243" 62.0838418660964 28.5246546076658 0 243 0
"244" 67.2587426282785 32.879271771951 0 244 0
"245" 58.0411486197713 38.6264491368109 0 245 0
"246" 63.247568464595 25.9432523803241 0 246 0
"247" 64.0382839275743 33.534634534518 0 247 0
"248" 61.0540604657007 32.4991682704816 0 248 0
"249" 72.4350488223603 37.9867076441156 0 249 0
"250" 61.8828747884209 25.0645502971529 0 250 0
"251" 63.9377403176747 34.5174302466963 0 251 0
"252" 63.1747731082311 41.685613319534 0 252 0
"253" 64.2233873451928 33.7510933963668 0 253 0
"254" 64.6824795758174 37.3853880719125 0 254 0
"255" 64.7546184490322 30.0010176626641 0 255 0
"256" 67.6526967766308 40.0394412662376 0 256 0
"257" 66.1682877241909 26.9714936011709 0 257 0
"258" 68.6047565373843 28.1644387476399 0 258 0
"259" 65.4098717266995 29.0648967260559 0 259 0
"260" 67.7861014005188 37.5522275573004 0 260 0
"261" 63.6941195709332 37.9102600319268 0 261 0
"262" 61.5313428495406 40.5420583303913 0 262 0
"263" 61.1515706427378 37.089920599661 0 263 0
"264" 67.2029772833065 38.2433326470518 0 264 0
"265" 59.3897712728401 35.3816803679669 0 265 0
"266" 67.5118889352265 34.5627676835088 0 266 0
"267" 60.0617371598827 37.8031426810708 0 267 0
"268" 69.9638095446013 43.2696851241703 0 268 0
"269" 66.6276898437524 36.1250593921273 0 269 0
"270" 64.4078928821274 34.8840740758817 0 270 0
"271" 63.3275799323315 34.7446717486779 0 271 0
"272" 68.0304401821513 30.5001261693618 0 272 0
"273" 67.4171658811991 36.515461199842 0 273 0
"274" 66.4891797678074 35.328853534515 0 274 0
"275" 65.1890778577453 45.5665553595535 0 275 0
"276" 64.3370728902208 35.5782721684282 0 276 0
"277" 65.2830329308186 30.0970019823303 0 277 0
"278" 62.6616895209009 32.3178101060039 0 278 0
"279" 59.6539235150733 31.5600481495133 0 279 0
"280" 54.0062421353695 29.1138957409742 0 280 0
"281" 66.2855451366802 36.2988897943687 0 281 0
"282" 65.4477482736738 38.2940979280387 0 282 0
"283" 64.5150872338553 39.376424594272 0 283 0
"284" 59.93650145463 31.6585457727889 0 284 0
"285" 63.2341778818505 35.2333064112323 0 285 0
"286" 61.7530828300122 37.9871325916427 0 286 0
"287" 60.33980687167 37.7466391134029 0 287 0
"288" 59.7997596691729 22.4094030043505 0 288 0
"289" 64.7361752374146 41.5328514809438 0 289 0
"290" 60.5440589410017 35.9216990884505 0 290 0
"291" 60.8258379220933 35.1639285826969 0 291 0
"292" 64.1791083256627 34.2906364584033 0 292 0
"293" 55.9498831312708 39.0129676991477 0 293 0
"294" 57.3509615094769 36.9607181771096 0 294 0
"295" 56.7662202206348 32.3584424603895 0 295 0
"296" 67.731633876413 33.3168476120272 0 296 0
"297" 66.0422815998745 37.8582957913355 0 297 0
"298" 63.3874183785693 37.8179776030757 0 298 0
"299" 61.1197835200585 38.5682688343901 0 299 0
"300" 64.4904090011457 43.2026174289126 0 300 0
"301" 61.0267687040323 37.9013098394759 0 301 0
"302" 63.5744469974566 36.0883684595841 0 302 0
"303" 53.5132021915866 39.69848934179 0 303 0
"304" 66.3585073732857 35.7777307727261 0 304 0
"305" 64.2003789738489 35.8924472592028 0 305 0
"306" 63.1718964492264 38.8168712764774 0 306 0
"307" 71.4379057587177 29.3748258921458 0 307 0
"308" 63.8513690770433 39.6245700259396 0 308 0
"309" 61.257961984925 33.5724206487386 0 309 0
"310" 60.2509016262582 37.1410424240325 0 310 0
"311" 54.2493866294064 34.4262720346184 0 311 0
"312" 64.5772028879952 35.6962697392261 0 312 0
"313" 58.8892474645481 39.3997622071694 0 313 0
"314" 63.1412628526621 27.1141098361683 0 314 0
"315" 64.3619076901198 32.4091066208374 0 315 0
"316" 61.7779220660617 32.8679548457028 0 316 0
"317" 61.3819497085803 29.9257856805821 0 317 0
"318" 64.7012045838387 38.6726658976165 0 318 0
"319" 59.0128348864935 35.8756177157394 0 319 0
"320" 62.2913047616607 33.8639331430676 0 320 0
"321" 64.0510402960468 34.4033030586121 0 321 0
"322" 60.2472541284068 35.1083179540003 0 322 0
"323" 59.8390621527471 30.6276460970166 0 323 0
"324" 62.248196908772 38.5998677841992 0 324 0
"325" 65.7377435689885 40.8787208106138 0 325 0
"326" 55.042012775818 26.9600771675423 0 326 0
"327" 61.5168577875528 50.8457217454407 0 327 0
"328" 61.9510431129296 38.4321857889099 0 328 0
"329" 67.1190888337642 38.7671658337652 0 329 0
"330" 55.3430711194024 32.6981116157621 0 330 0
"331" 59.5803384437277 30.5584472161883 0 331 0
"332" 60.3923520767725 28.0925645515497 0 332 0
"333" 68.9492320235926 31.7278830752744 0 333 0
"334" 60.2182715504612 36.2218074508567 0 334 0
"335" 69.5903553994643 36.0711639257368 0 335 0
"336" 64.8856625241555 38.9562448386847 0 336 0
"337" 65.1229958262311 30.5664941558959 0 337 0
"338" 64.7602546859748 33.2816993541619 0 338 0
"339" 58.417171052347 29.4768584308393 0 339 0
"340" 60.5526261554598 35.2222099439772 0 340 0
"341" 63.5225004509388 27.1639731918176 0 341 0
"342" 66.2888427577118 38.2082823602442 0 342 0
"343" 50.5746876016735 40.7302265068108 0 343 0
"344" 65.1131127019556 32.9255196886441 0 344 0
"345" 60.6402061561302 33.3002161988051 0 345 0
"346" 56.3066680971552 33.1892845208396 0 346 0
"347" 55.2876133036979 31.5980383050265 0 347 0
"348" 63.2644811208473 34.5403396070466 0 348 0
"349" 65.299612495534 33.9427308496807 0 349 0
"350" 71.4503183814368 30.4089149839345 0 350 0
"351" 62.3656308835887 32.4749348476784 0 351 0
"352" 60.1818795982477 27.8471580345424 0 352 0
"353" 61.5704842506943 30.7738069297655 0 353 0
"354" 66.4988178513988 29.5062988317748 0 354 0
"355" 62.3786661817553 32.5428147636247 0 355 0
"356" 67.0068692782625 36.4215092539342 0 356 0
"357" 62.5652746344712 34.6066586271082 0 357 0
"358" 65.7713638848906 38.2611523749228 0 358 0
"359" 64.4598190485231 40.052183775338 0 359 0
"360" 61.1214446272254 35.7274421349965 0 360 0
"361" 65.1244114072617 30.4655039752099 0 361 0
"362" 61.525923912196 29.1969130535389 0 362 0
"363" 63.0450015637807 41.7927991043192 0 363 0
"364" 61.7992745870448 31.5140188877657 0 364 0
"365" 66.2725551878827 34.0690134359145 0 365 0
"366" 61.1621882658739 31.6494990437695 0 366 0
"367" 61.2475671630194 38.2036309015437 0 367 0
"368" 57.6362073352216 32.7029206977058 0 368 0
"369" 61.5066612432055 42.2287423089423 0 369 0
"370" 54.0936587972118 31.0939562084209 0 370 0
"371" 65.537437120477 36.3377565969221 0 371 0
"372" 64.2078258434671 31.6792518668085 0 372 0
"373" 59.1378031336487 36.5435911041321 0 373 0
"374" 63.0307319982793 42.9040397062958 0 374 0
"375" 58.3743420358271 33.852290120314 0 375 0
"376" 57.9223437646691 30.4521157291039 0 376 0
"377" 66.8233712939311 38.5283767704236 0 377 0
"378" 62.3344673044026 38.0968231457316 0 378 0
"379" 62.8116605002359 33.741773408152 0 379 0
"380" 66.5007768219582 30.7765549312694 0 380 0
"381" 67.4656570438589 25.2011980000464 0 381 0
"382" 70.5557641424651 24.090551791757 0 382 0
"383" 71.4508553521497 21.96513274577 0 383 0
"384" 65.5880436114465 18.2491662925078 0 384 0
"385" 68.8242955157519 21.8096882229705 0 385 0
"386" 73.7035157993054 20.7255351637747 0 386 0
"387" 65.173931479779 23.1928274233378 0 387 0
"388" 69.0851871151783 21.338107932828 0 388 0
"389" 67.8100989998964 23.0890349184452 0 389 0
"390" 68.3396660375229 18.2911203914924 0 390 0
"391" 71.1296402227949 21.736350534097 0 391 0
"392" 62.8762748884087 19.3000323384464 0 392 0
"393" 70.9324694665236 20.7173866122007 0 393 0
"394" 65.7060749193374 21.4034668886049 0 394 0
"395" 69.4149804210117 20.6628321988607 0 395 0
"396" 68.3718744983231 25.5054719413 0 396 0
"397" 70.2874110249464 24.9349827654743 0 397 0
"398" 69.610122042132 23.361982857875 0 398 0
"399" 65.024845011589 23.7168443542255 0 399 0
"400" 66.7355821854321 18.7343141489994 0 400 0
"401" 72.3376929862955 17.4988793271306 0 401 0
"402" 72.556439193081 18.4994691316894 0 402 0
"403" 66.7669968379629 17.1878409719206 0 403 0
"404" 67.7098838803243 17.5188939698263 0 404 0
"405" 77.299701947349 23.6668923995744 0 405 0
"406" 73.2827306297396 21.6703040519196 0 406 0
"407" 65.9262246069371 23.6540203740715 0 407 0
"408" 71.273614544413 25.8209545522816 0 408 0
"409" 77.2577430489346 20.8715959041995 0 409 0
"410" 66.8832924521268 24.8087286031618 0 410 0
"411" 71.5192040080412 28.0602043045177 0 411 0
"412" 65.666403327809 23.3227476246002 0 412 0
"413" 67.0796186472387 17.2057227718202 0 413 0
"414" 64.6535932323769 22.5317188943371 0 414 0
"415" 70.4819631499228 20.5095336228145 0 415 0
"416" 77.0529424795666 17.3783942629526 0 416 0
"417" 65.7116281574955 22.3793972486487 0 417 0
"418" 70.6165547903699 21.3493169651403 0 418 0
"419" 70.9759497997471 22.4414047846213 0 419 0
"420" 64.0418849511009 23.472415819085 0 420 0
"421" 72.6940062955846 16.4478024466376 0 421 0
"422" 65.5230030242824 20.0793119667066 0 422 0
"423" 69.3231848162988 19.3672852461448 0 423 0
"424" 69.6283122993119 21.4334271258614 0 424 0
"425" 72.5148252297752 19.0536207288473 0 425 0
"426" 64.1245114495361 25.615901188776 0 426 0
"427" 71.8093327182949 19.2832714127779 0 427 0
"428" 71.6143017016737 24.4981134685613 0 428 0
"429" 65.5400928970738 24.2495764353721 0 429 0
"430" 65.0110458989397 20.9486649255728 0 430 0
"431" 69.1839779581724 18.1172416022197 0 431 0
"432" 67.1042726455722 19.3571373576506 0 432 0
"433" 67.811189332271 28.9800060348948 0 433 0
"434" 66.7677756371677 20.8590461237646 0 434 0
"435" 64.9091202149248 20.09144119536 0 435 0
"436" 68.7752549007662 23.0205329891631 0 436 0
"437" 72.3399717069396 19.7457836402092 0 437 0
"438" 73.0111209454733 24.2404391623039 0 438 0
"439" 73.9358505451175 21.9682430348905 0 439 0
"440" 72.9382407894481 19.0272467523153 0 440 0
"441" 73.040086240592 21.7733579644026 0 441 0
"442" 68.4950546054889 21.222636409894 0 442 0
"443" 72.924251221365 19.5283658735812 0 443 0
"444" 65.8834819994867 21.2680724920941 0 444 0
"445" 69.8484735986046 25.3199942601634 0 445 0
"446" 72.3173705966719 23.579796938695 0 446 0
"447" 65.3457531805404 23.3859223090296 0 447 0
"448" 70.8007002629311 25.1712630125115 0 448 0
"449" 67.293521817784 19.4592826291634 0 449 0
"450" 58.2764856289267 21.1718835514263 0 450 0
"451" 68.3458942587996 19.6054764432858 0 451 0
"452" 69.6123530042397 23.8141165694088 0 452 0
"453" 61.7671869632156 24.88901877174 0 453 0
"454" 65.6570932483449 27.1543019328586 0 454 0
"455" 65.1413946014485 21.7461689893526 0 455 0
"456" 60.603282436689 17.0759829966284 0 456 0
"457" 65.358677503556 22.9183733862466 0 457 0
"458" 68.845899355041 23.2658540197217 0 458 0
"459" 74.130447390874 15.1374631194181 0 459 0
"460" 71.2676385050427 21.8112659420141 0 460 0
"461" 64.391388338593 20.5146770416773 0 461 0
"462" 69.5045003758461 24.6141979151857 0 462 0
"463" 70.7176205098506 24.394586072547 0 463 0
"464" 66.4371231544287 25.7786223035102 0 464 0
"465" 62.8933241557984 19.8013278112068 0 465 0
"466" 73.5448999141368 15.9134095634284 0 466 0
"467" 76.684288577789 23.7516201988689 0 467 0
"468" 65.0372370170234 23.1562933084919 0 468 0
"469" 73.2001354724177 22.4762416683625 0 469 0
"470" 64.5139291404145 23.3666423346494 0 470 0
"471" 73.4833475659182 21.3258618757481 0 471 0
"472" 72.2726936450013 25.4496496363302 0 472 0
"473" 67.8741681021138 22.9048109594636 0 473 0
"474" 67.7847271673321 23.2293024426099 0 474 0
"475" 70.7039463871803 23.907403830592 0 475 0
"476" 75.7240748666956 17.8031802455164 0 476 0
"477" 72.782562670134 24.8546934174459 0 477 0
"478" 65.9805509042429 25.9029358811637 0 478 0
"479" 65.8087393047384 20.8814515479069 0 479 0
"480" 69.6856369821717 22.1183804195733 0 480 0
"481" 74.7479033497443 23.9398386447546 0 481 0
"482" 73.1129567941614 23.5562950931146 0 482 0
"483" 70.8471671571711 18.3475863249316 0 483 0
"484" 61.2576322127575 22.0294613769228 0 484 0
"485" 68.5670636493897 22.7657646450289 0 485 0
"486" 64.7746131777336 18.7112766800792 0 486 0
"487" 67.2860473310186 19.4380097147601 0 487 0
"488" 66.2983818378745 21.8471007569416 0 488 0
"489" 69.8354183707119 23.1893516128521 0 489 0
"490" 67.6191007787627 17.1600803854831 0 490 0
"491" 70.1443390248562 22.7005328398278 0 491 0
"492" 74.8999456837904 24.5342097914591 0 492 0
"493" 67.8350953929676 17.6759417636683 0 493 0
"494" 66.5821596315524 20.9560551245624 0 494 0
"495" 58.186037730451 23.0481296925194 0 495 0
"496" 68.6092223483475 21.1424206051105 0 496 0
"497" 80.8984482418719 17.6512739799867 0 497 0
"498" 67.9628536852463 21.1570006320973 0 498 0
"499" 66.4404326605011 24.747438856769 0 499 0
"500" 72.9038635490314 25.7906825056772 0 500 0
"501" 68.5352909559556 21.0583483376572 0 501 0
"502" 67.4998934914712 20.2591556022899 0 502 0
"503" 67.6072192859558 21.6780194433844 0 503 0
"504" 58.1029221440687 21.2033790186037 0 504 0
"505" 68.9134656522352 25.008930161475 0 505 0
"506" 66.2842130840494 25.1717018296276 0 506 0
"507" 73.7229932679517 24.9760432043896 0 507 0
"508" 70.9612544701173 21.2269485219411 0 508 0
"509" 74.6210752202021 23.9852452194714 0 509 0
"510" 66.9050560387834 21.4747558615821 0 510 0
"511" 66.1998899731317 21.7120487107007 0 511 0
"512" 71.8376124380687 21.2376894535858 0 512 0
"513" 68.3571261014031 18.2740153732638 0 513 0
"514" 67.5788204724206 23.5660656218836 0 514 0
"515" 68.6099814551313 19.8920185735368 0 515 0
"516" 68.7600525094975 19.7632744879289 0 516 0
"517" 68.2749642748867 24.8354913240536 0 517 0
"518" 62.9256157107801 21.3060157815027 0 518 0
"519" 69.083499041936 23.2547752099282 0 519 0
"520" 72.6297352842655 23.4689748198007 0 520 0
"521" 60.4400916331535 20.1680936856199 0 521 0
"522" 64.9356254852409 17.5822991277219 0 522 0
"523" 69.4663434518368 23.5928075611459 0 523 0
"524" 67.7432779528832 21.7419146166405 0 524 0
"525" 64.5458382121848 25.3670648572061 0 525 0
"526" 73.5766308117131 22.9048485405518 0 526 0
"527" 73.7560582008362 26.8643145887411 0 527 0
"528" 70.2222208964094 18.8995509799611 0 528 0
"529" 69.8596867683988 22.9382284865781 0 529 0
"530" 77.8780144829282 20.1068438773058 0 530 0
"531" 67.3268158034665 19.2442884004425 0 531 0
"532" 68.9251417811249 22.2080874248065 0 532 0
"533" 73.3960629940088 16.4182833552225 0 533 0
"534" 75.9940493235328 24.3483258389598 0 534 0
"535" 66.9338724973279 24.1892360066008 0 535 0
"536" 64.8140312850104 20.8795150211026 0 536 0
"537" 73.1410797804857 21.45440540573 0 537 0
"538" 65.931360072624 23.1510569858409 0 538 0
"539" 66.0108673945367 21.1213250282489 0 539 0
"540" 70.1882416849339 18.3137179969675 0 540 0
"541" 74.1857751549059 24.2621858326305 0 541 0
"542" 68.1956937836697 19.3590407623191 0 542 0
"543" 62.3534834885787 19.697461596752 0 543 0
"544" 66.936715837359 29.1300110175251 0 544 0
"545" 67.6761310521512 18.7430328520074 0 545 0
"546" 68.2934204478417 23.5910596460851 0 546 0
"547" 77.8832150214711 24.0436311111131 0 547 0
"548" 69.095554434559 18.2499449845643 0 548 0
"549" 70.7020051387088 18.9699753057702 0 549 0
"550" 63.9492575092329 19.6513166560649 0 550 0
"551" 67.4197711039295 25.4684797938869 0 551 0
"552" 70.2510884749534 23.6516221145289 0 552 0
"553" 69.7554597352499 19.8946773346002 0 553 0
"554" 68.0418963301858 18.2300553900453 0 554 0
"555" 70.4275460958419 21.5589447955972 0 555 0
"556" 69.2345380541819 23.8598078637257 0 556 0
"557" 68.0641879219379 25.324454952319 0 557 0
"558" 72.3172108294272 20.5102036923676 0 558 0
"559" 71.6607410050496 18.43594008201 0 559 0
"560" 72.8201201766935 25.5877539300728 0 560 0
"561" 73.5864631054498 20.5743796550893 0 561 0
"562" 65.7396212497586 19.2366495344545 0 562 0
"563" 74.8993763928435 20.0862541559979 0 563 0
"564" 65.5208403872327 28.0879682633014 0 564 0
"565" 73.8185026840426 20.2066320649216 0 565 0
"566" 76.351675548501 21.306244513796 0 566 0
"567" 69.3382356373065 23.9743644346903 0 567 0
"568" 65.6696796523188 19.5993799843489 0 568 0
"569" 71.7091518750909 23.209418765142 0 569 0
"570" 74.310994303883 19.7373555502442 0 570 0
"571" 74.6542040300902 24.1341870825315 0 571 0
"572" 70.5032074520844 21.93056596146 0 572 0
"573" 69.6970091874182 23.2748077339682 0 573 0
"574" 68.2931945999101 22.577498877493 0 574 0
"575" 65.0457812507255 18.9654934349153 0 575 0
"576" 70.811233726043 22.6204801656629 0 576 0
"577" 75.960130827949 28.1887349733373 0 577 0
"578" 73.3817868617968 21.5943120588094 0 578 0
"579" 69.4714753300986 25.0585721788898 0 579 0
"580" 74.0129350921615 22.0222431509281 0 580 0
"581" 66.967957008721 22.1573864732335 0 581 0
"582" 62.870034228017 27.1559768646023 0 582 0
"583" 68.9403227845084 26.0298357771554 0 583 0
"584" 71.9678555531752 20.8019355974688 0 584 0
"585" 70.2165486794081 26.0489957391996 0 585 0
"586" 72.477785855598 22.7591507097301 0 586 0
"587" 67.3164473026044 19.9124415224522 0 587 0
"588" 70.6429482355283 23.8352834110731 0 588 0
"589" 77.5173788609079 22.4260121832642 0 589 0
"590" 70.3670429604178 24.4684547404845 0 590 0
"591" 67.9748015145327 22.7270567609805 0 591 0
"592" 68.1785374775342 23.2529340129819 0 592 0
"593" 70.3493501308392 21.1009030822721 0 593 0
"594" 68.7352401654429 20.8407043977119 0 594 0
"595" 73.7134606508254 24.6119125433427 0 595 0
"596" 67.9682216844422 24.6720111635235 0 596 0
"597" 70.3260349999933 19.5820329497227 0 597 0
"598" 65.7944874945849 24.0758856138577 0 598 0
"599" 65.9805324744519 22.117796479062 0 599 0
"600" 76.8808045772575 19.6013192287721 0 600 0
"601" 65.2899817929372 24.2620214000466 0 601 0
"602" 67.4917105264204 17.0413109335094 0 602 0
"603" 63.2172147967172 19.7897662218007 0 603 0
"604" 78.3626914661799 19.0326330984841 0 604 0
"605" 67.4478391903805 24.2635292398498 0 605 0
"606" 68.7508340599549 24.1043675715863 0 606 0
"607" 64.1191535257905 21.3911455869947 0 607 0
"608" 74.6894507375624 20.9012973857552 0 608 0
"609" 70.1010189464792 23.9743269802557 0 609 0
"610" 65.9334868711104 23.5485704882712 0 610 0
"611" 62.3797001443221 21.790385268692 0 611 0
"612" 62.9601801351349 23.6367145850539 0 612 0
"613" 68.6517137917561 20.1741889414249 0 613 0
"614" 63.3203558192406 20.5304746737675 0 614 0
"615" 70.5865295009371 22.3512132763479 0 615 0
"616" 71.1876990784329 19.4053854793807 0 616 0
"617" 64.5544269665009 24.1750566116602 0 617 0
"618" 67.6704396292886 22.9848325577949 0 618 0
"619" 72.3079567999767 21.3418762269001 0 619 0
"620" 65.8387957323295 22.1134675645434 0 620 0
"621" 67.237998987441 22.9923395129099 0 621 0
"622" 68.9878055791369 19.6313630153786 0 622 0
"623" 73.0970925483601 20.680187790293 0 623 0
"624" 74.9976832194852 21.4279136971267 0 624 0
"625" 74.2016310621703 22.7079501530831 0 625 0
"626" 69.3087947399408 19.9013801267912 0 626 0
"627" 70.7881809782054 26.5396831177909 0 627 0
"628" 69.221798163574 23.0982116995823 0 628 0
"629" 72.7246984572205 18.0275196040863 0 629 0
"630" 70.6380248751096 18.995707774326 0 630 0
"631" 74.7852991104419 19.2482864222236 0 631 0
"632" 70.5872376899747 21.6985343498834 0 632 0
"633" 69.1134822775491 21.468135448659 0 633 0
"634" 67.0415996349515 21.2916919190115 0 634 0
"635" 70.8147004745482 22.6031928746814 0 635 0
"636" 64.8351124274815 27.4725907442894 0 636 0
"637" 71.0504659776442 25.1765555017775 0 637 0
"638" 71.4536090851367 17.1986103668467 0 638 0
"639" 69.6031753922254 19.2744896956158 0 639 0
"640" 68.5138115467213 20.9036568894905 0 640 0
"641" 68.6007556850582 23.8172429504079 0 641 0
"642" 68.0909374801987 17.1280226809743 0 642 0
"643" 70.7979311250126 21.2935166928037 0 643 0
"644" 64.6882723302271 17.4500651773019 0 644 0
"645" 71.3311602257675 20.0957683023849 0 645 0
"646" 73.0607790811782 22.2356702322556 0 646 0
"647" 65.6651720946794 24.1272763168962 0 647 0
"648" 71.521488973006 22.2598370696612 0 648 0
"649" 66.7987026912447 25.0202777506694 0 649 0
"650" 67.2078794108469 25.5583620943241 0 650 0
"651" 67.4340927268827 21.7249023091936 0 651 0
"652" 71.738438749221 23.872994089241 0 652 0
"653" 64.1463109602646 25.0460403633673 0 653 0
"654" 71.1332234547666 22.0468038961603 0 654 0
"655" 72.609819182326 22.4446225768281 0 655 0
"656" 67.6816810865126 28.1745067170662 0 656 0
"657" 54.5804061892065 18.4769795541803 0 657 0
"658" 66.9676671078127 17.8032461481572 0 658 0
"659" 69.8044672038102 20.9960190090077 0 659 0
"660" 83.6634868891551 19.9825758836893 0 660 0
"661" 68.9223965090592 18.403060094007 0 661 0
"662" 74.5868652227219 23.5087185896506 0 662 0
"663" 70.2550479349397 27.0476373170362 0 663 0
"664" 65.0904988952441 18.9231403051591 0 664 0
"665" 66.728017335366 17.1932659622515 0 665 0
"666" 68.4626866321553 16.6567746295482 0 666 0
"667" 73.3473739092554 20.1473350746088 0 667 0
"668" 70.9462633910639 17.3922356486898 0 668 0
"669" 146.086737695277 138.214806123004 0 669 0
"670" 142.883710842647 133.335297619292 0 670 0
"671" 139.830773208493 133.122618406745 0 671 0
"672" 147.65531513754 131.264888702723 0 672 0
"673" 143.16155222075 134.65615971441 0 673 0
"674" 144.678614622331 136.67651152648 0 674 0
"675" 144.770749662577 140.063684254835 0 675 0
"676" 143.313290410933 133.510397445883 0 676 0
"677" 142.347941405174 132.251077702946 0 677 0
"678" 137.675361263881 130.437642992366 0 678 0
"679" 137.866908111174 134.825976238601 0 679 0
"680" 150.238560056633 135.948203213342 0 680 0
"681" 141.872147591951 129.34928904159 0 681 0
"682" 147.97776372377 128.627605509964 0 682 0
"683" 148.994597795718 138.163411544651 0 683 0
"684" 146.038456071022 135.59068221518 0 684 0
"685" 140.329222724711 136.66165698145 0 685 0
"686" 144.574865906864 133.258273358073 0 686 0
"687" 147.509819598968 125.243188550242 0 687 0
"688" 140.135584736034 137.569903981675 0 688 0
"689" 150.691200830446 135.650568895377 0 689 0
"690" 140.958862785598 131.726575168536 0 690 0
"691" 144.741602196968 132.498664512266 0 691 0
"692" 143.499069288577 138.938804156258 0 692 0
"693" 146.430052830749 134.418873863336 0 693 0
"694" 147.95637849208 131.342896664601 0 694 0
"695" 147.537404502546 130.730334986616 0 695 0
"696" 141.451414064478 132.200255052706 0 696 0
"697" 145.563596625218 132.988080249893 0 697 0
"698" 141.029735868156 134.453325102704 0 698 0
"699" 150.503552364093 130.193101623696 0 699 0
"700" 140.174851115939 131.010041829644 0 700 0
"701" 141.50906270633 143.183255246789 0 701 0
"702" 139.465537404884 132.848264261012 0 702 0
"703" 142.192706337643 131.95036822188 0 703 0
"704" 143.228748944909 131.379009344632 0 704 0
"705" 140.260287412534 136.58777335188 0 705 0
"706" 143.632718178399 140.403639639675 0 706 0
"707" 147.368669985124 136.116292477056 0 707 0
"708" 144.630761509232 135.380368114408 0 708 0
"709" 137.779566978942 134.468581319531 0 709 0
"710" 136.707266502897 143.434189248161 0 710 0
"711" 139.254781254999 140.255332938522 0 711 0
"712" 146.263842475597 142.608730147642 0 712 0
"713" 144.869337897595 139.643691551468 0 713 0
"714" 141.866691254243 136.170105181995 0 714 0
"715" 146.100883281765 124.252530613296 0 715 0
"716" 142.971402569193 129.172723699387 0 716 0
"717" 136.037909788767 129.944092603853 0 717 0
"718" 144.47383539879 138.335833404069 0 718 0
"719" 141.126798765079 139.833275999717 0 719 0
"720" 138.113210465294 137.746813759891 0 720 0
"721" 141.221061999576 135.823046145632 0 721 0
"722" 151.447922714909 135.42101933424 0 722 0
"723" 143.544589856723 139.759466807078 0 723 0
"724" 151.281914557777 138.986057938914 0 724 0
"725" 144.802103780987 124.811340964236 0 725 0
"726" 141.636595926044 129.40964415607 0 726 0
"727" 142.625010496818 131.820246143744 0 727 0
"728" 142.884797309395 129.377217424323 0 728 0
"729" 151.849276330311 130.611037575074 0 729 0
"730" 144.641747031226 132.688258521528 0 730 0
"731" 136.369635129806 143.849130220126 0 731 0
"732" 153.330919882742 132.655647189134 0 732 0
"733" 143.304307325959 136.378195343376 0 733 0
"734" 144.68787667648 127.981779751273 0 734 0
"735" 141.299813287562 136.997784355714 0 735 0
"736" 147.163642601797 133.005315087744 0 736 0
"737" 147.099182346518 139.400878108832 0 737 0
"738" 140.057142083906 137.255643008078 0 738 0
"739" 145.05510894581 137.954135244995 0 739 0
"740" 144.266647853601 137.330464262895 0 740 0
"741" 140.570897175538 136.551534810345 0 741 0
"742" 143.379409400351 134.217334600733 0 742 0
"743" 146.246375832926 134.57473516753 0 743 0
"744" 146.260935507855 134.968297030119 0 744 0
"745" 137.932113594977 139.336273966069 0 745 0
"746" 152.836474245096 133.256874113988 0 746 0
"747" 143.415684351265 137.220022698131 0 747 0
"748" 134.656851938395 130.792397649417 0 748 0
"749" 142.7027174598 135.769171667124 0 749 0
"750" 143.039866257802 130.34663385095 0 750 0
"751" 146.082955456512 133.160979888054 0 751 0
"752" 140.845243832998 141.336475001031 0 752 0
"753" 138.379528641659 136.541338284137 0 753 0
"754" 137.104085325104 137.785252127054 0 754 0
"755" 136.844287166733 132.558078622378 0 755 0
"756" 139.930089712484 139.623917276267 0 756 0
"757" 146.604423208612 125.070994586057 0 757 0
"758" 144.016045137488 139.184322790794 0 758 0
"759" 144.99163902288 135.476759060508 0 759 0
"760" 144.796950166975 134.039769652063 0 760 0
"761" 144.744790493971 145.973616263905 0 761 0
"762" 138.386818387997 137.183183747505 0 762 0
"763" 145.52428245843 140.49452532512 0 763 0
"764" 141.34216246564 138.968342424099 0 764 0
"765" 142.769963841571 127.619976244851 0 765 0
"766" 146.445685086675 134.371273353777 0 766 0
"767" 147.010791222885 130.346189464537 0 767 0
"768" 141.535567973927 136.557101721816 0 768 0
"769" 141.374933140833 131.232714476786 0 769 0
"770" 131.848729468702 138.338847924249 0 770 0
"771" 138.510870591461 129.570761265336 0 771 0
"772" 142.847898946961 128.711683720892 0 772 0
"773" 143.831686876771 133.687497067307 0 773 0
"774" 146.454484287107 127.414157004024 0 774 0
"775" 140.001399148705 141.964730830655 0 775 0
"776" 140.774124399713 136.768380776113 0 776 0
"777" 145.608890147508 132.165640164972 0 777 0
"778" 144.737155233323 132.258201374791 0 778 0
"779" 142.65720708255 137.452209360054 0 779 0
"780" 145.890718884723 134.932090579486 0 780 0
"781" 136.955238749241 128.827280261093 0 781 0
"782" 145.191010257674 135.411735683604 0 782 0
"783" 143.105630333658 133.35359540711 0 783 0
"784" 142.821797992697 139.488930362947 0 784 0
"785" 142.647480163921 131.828163324293 0 785 0
"786" 144.26989666003 134.285670940066 0 786 0
"787" 139.526245841948 136.527109579992 0 787 0
"788" 151.004161351947 135.419761030775 0 788 0
"789" 144.897807540193 136.860401815412 0 789 0
"790" 144.33319773409 140.03665679681 0 790 0
"791" 145.217373360913 132.959654431742 0 791 0
"792" 140.844634664253 134.818830423296 0 792 0
"793" 148.615002731007 132.986148906408 0 793 0
"794" 140.596490889374 133.572855339992 0 794 0
"795" 148.148760575139 133.162387709203 0 795 0
"796" 146.263317757085 134.106831444125 0 796 0
"797" 149.817802267128 129.850731864838 0 797 0
"798" 138.790504315537 125.801189959598 0 798 0
"799" 142.841683450304 133.762396197703 0 799 0
"800" 136.654182599174 138.559525022625 0 800 0
"801" 142.562862783469 138.594190143196 0 801 0
"802" 145.061516958493 135.840784521806 0 802 0
"803" 147.867965223594 130.778069536204 0 803 0
"804" 142.887674007334 128.490203257137 0 804 0
"805" 142.755761994298 136.008018635169 0 805 0
"806" 140.387440889832 136.567211428408 0 806 0
"807" 138.224283827503 133.84941654447 0 807 0
"808" 144.013924658654 137.770776173927 0 808 0
"809" 147.731096106543 139.847184612353 0 809 0
"810" 133.184666950209 132.908036872603 0 810 0
"811" 151.758018779394 136.794479142755 0 811 0
"812" 140.018061679827 140.079546506121 0 812 0
"813" 147.32993827009 129.459359234521 0 813 0
"814" 144.522275453911 142.810220065444 0 814 0
"815" 136.341171809627 136.513499840128 0 815 0
"816" 139.80305536328 137.101191530368 0 816 0
"817" 143.474040271805 131.622674443857 0 817 0
"818" 136.608041197841 134.462938534562 0 818 0
"819" 142.605450687099 146.063850239995 0 819 0
"820" 155.680191396414 133.375485433649 0 820 0
"821" 140.055531985632 136.174394669086 0 821 0
"822" 145.613370083839 133.801047424009 0 822 0
"823" 144.009413238147 130.358598552594 0 823 0
"824" 145.475799365738 133.940729885792 0 824 0
"825" 153.416492376469 131.097946363999 0 825 0
"826" 145.998861962994 140.054073073983 0 826 0
"827" 143.50586031312 134.473917780642 0 827 0
"828" 147.252644225351 129.668327000551 0 828 0
"829" 155.680454518785 138.281168118834 0 829 0
"830" 141.575732089847 138.394998700584 0 830 0
"831" 144.581159721011 133.031184637091 0 831 0
"832" 142.523473761665 133.886607421904 0 832 0
"833" 146.145780733905 128.936858902263 0 833 0
"834" 143.884587026295 136.132337264814 0 834 0
"835" 141.221435549873 134.463828019979 0 835 0
"836" 142.472460465023 144.704591308523 0 836 0
"837" 144.359164403258 130.575530021922 0 837 0
"838" 143.706935188702 144.850541716706 0 838 0
"839" 143.4743683774 134.770866637633 0 839 0
"840" 142.698736297299 132.455744401724 0 840 0
"841" 151.949850077493 136.236921051917 0 841 0
"842" 142.79320097519 129.272095658227 0 842 0
"843" 137.485237000334 133.367657776882 0 843 0
"844" 147.685522219943 132.156947115447 0 844 0
"845" 140.828669803888 137.544620731009 0 845 0
"846" 144.757395379627 137.190459053308 0 846 0
"847" 147.65642018947 132.977981200256 0 847 0
"848" 136.390341117551 134.206188143255 0 848 0
"849" 147.622067505279 140.40025592064 0 849 0
"850" 147.35668302607 134.459063115085 0 850 0
"851" 143.02192926924 131.007920434638 0 851 0
"852" 140.047354077949 136.191256625579 0 852 0
"853" 143.65467615617 130.118104964747 0 853 0
"854" 141.334504014991 135.685735440098 0 854 0
"855" 137.308880952034 127.787071100334 0 855 0
"856" 144.451493283259 141.656216004486 0 856 0
"857" 144.567141977569 126.941129725098 0 857 0
"858" 145.349323728026 139.058270856742 0 858 0
"859" 146.163005944135 128.210454075698 0 859 0
"860" 151.311686970181 131.672546289486 0 860 0
"861" 139.671204761854 136.234652901318 0 861 0
"862" 149.827686679229 130.678829501572 0 862 0
"863" 145.021501336156 131.641000303248 0 863 0
"864" 140.246853064585 133.642186476564 0 864 0
"865" 151.83964287797 134.630801798443 0 865 0
"866" 157.281752451617 139.130040862919 0 866 0
"867" 144.296072811272 132.782357821915 0 867 0
"868" 138.29149566655 128.363339396337 0 868 0
"869" 138.423633463658 140.363141431283 0 869 0
"870" 138.163619851944 139.076226599361 0 870 0
"871" 149.014825584695 142.092354131564 0 871 0
"872" 140.290977499595 139.360128138257 0 872 0
"873" 150.703978651809 133.364183299309 0 873 0
"874" 141.936066178961 134.559118657381 0 874 0
"875" 140.778541237433 131.569027641845 0 875 0
"876" 145.631806809441 130.770672191114 0 876 0
"877" 141.622880165408 135.639862562099 0 877 0
"878" 134.692533289548 135.128354749944 0 878 0
"879" 145.875472635144 136.221151721057 0 879 0
"880" 147.444079607224 131.090194150451 0 880 0
"881" 144.344102844814 130.166687148867 0 881 0
"882" 138.019719312336 138.017964586059 0 882 0
"883" 146.809182785685 142.893702148233 0 883 0
"884" 141.347681192159 135.090791375537 0 884 0
"885" 147.705205451855 126.678006870121 0 885 0
"886" 144.625157978963 134.468906554272 0 886 0
"887" 138.350833521115 127.170687726551 0 887 0
"888" 138.18805403433 142.195064110134 0 888 0
"889" 143.39503410703 126.802956930086 0 889 0
"890" 151.357349669304 136.925943637561 0 890 0
"891" 149.455428034756 137.618103644192 0 891 0
"892" 148.358873434159 134.161453860284 0 892 0
"893" 145.028654626901 138.099882199909 0 893 0
"894" 145.049957039562 137.483147684747 0 894 0
"895" 148.366753989967 132.821722947721 0 895 0
"896" 149.546361686619 139.277073382819 0 896 0
"897" 141.035407747524 141.92192061321 0 897 0
"898" 136.49524811045 130.267328503903 0 898 0
"899" 143.086953984197 127.704424969477 0 899 0
"900" 139.580441294353 130.792974936046 0 900 0
"901" 143.534586949553 133.693082085131 0 901 0
"902" 143.46138484437 139.235024745083 0 902 0
"903" 145.725270337891 141.827600670613 0 903 0
"904" 140.817914047263 138.229497274472 0 904 0
"905" 144.171850689315 138.420436179871 0 905 0
"906" 139.381687779286 138.798604477974 0 906 0
"907" 141.466950439281 138.027343809925 0 907 0
"908" 139.255952249135 131.040091901486 0 908 0
"909" 145.429063450355 138.62319702863 0 909 0
"910" 139.088984735221 125.965511526604 0 910 0
"911" 145.727300307059 130.007078788779 0 911 0
"912" 138.147043231038 131.897716881839 0 912 0
"913" 141.203230214837 136.779161751547 0 913 0
"914" 144.580912808325 131.981206476441 0 914 0
"915" 142.944777092478 138.311631727729 0 915 0
"916" 146.785056447236 142.023113285138 0 916 0
"917" 144.175064303013 143.192013787314 0 917 0
"918" 136.210410446718 129.257126346541 0 918 0
"919" 147.104650884606 133.073592800635 0 919 0
"920" 147.079212960102 138.525099992766 0 920 0
"921" 145.915221231085 129.328353900871 0 921 0
"922" 136.629979342327 133.688853030954 0 922 0
"923" 150.839855264247 127.009179897518 0 923 0
"924" 144.915507502359 132.404892088757 0 924 0
"925" 144.994749312236 133.398515962732 0 925 0
"926" 144.383448568871 131.604526169292 0 926 0
"927" 144.31987612939 133.599250764075 0 927 0
"928" 140.422747488355 127.308819579034 0 928 0
"929" 147.173162431976 132.560037895888 0 929 0
"930" 139.074637238538 135.738265628592 0 930 0
"931" 151.922370123655 142.973912072429 0 931 0
"932" 146.654999368974 138.65917248459 0 932 0
"933" 143.548452522162 132.456120156061 0 933 0
"934" 137.240851897529 139.176248450565 0 934 0
"935" 144.956890889851 134.984147801223 0 935 0
"936" 152.332930142213 140.220484039419 0 936 0
"937" 147.264073602446 133.286242487754 0 937 0
"938" 145.745879606111 131.861086262093 0 938 0
"939" 140.181296740083 131.312404161836 0 939 0
"940" 143.762978265932 134.493165943322 0 940 0
"941" 147.738456728088 129.82278228467 0 941 0
"942" 141.322686049901 131.498095775169 0 942 0
"943" 150.267808096528 132.357434756681 0 943 0
"944" 145.689639574838 133.853508367438 0 944 0
"945" 147.35624430426 134.767039512442 0 945 0
"946" 141.72470647151 127.646974589107 0 946 0
"947" 144.32154464744 140.796419465824 0 947 0
"948" 142.028228875166 131.058190030236 0 948 0
"949" 148.895473215552 131.635238120324 0 949 0
"950" 146.943407541441 136.852742857425 0 950 0
"951" 144.194278134154 146.558699136471 0 951 0
"952" 145.298349750007 136.716412231392 0 952 0
"953" 141.07996062049 136.562542985962 0 953 0
"954" 145.525136026963 136.892184328222 0 954 0
"955" 144.071501166659 141.45098007754 0 955 0
"956" 136.275576141058 131.065851428677 0 956 0
"957" 139.706282116931 133.503040247212 0 957 0
"958" 141.37878902498 136.681033117016 0 958 0
"959" 141.632432377645 145.54786657555 0 959 0
"960" 142.52959391761 135.99145571153 0 960 0
"961" 153.090023165103 139.412812907993 0 961 0
"962" 151.35943537357 131.116857667583 0 962 0
"963" 147.113954033029 130.067344974135 0 963 0
"964" 142.75773235982 144.14291589059 0 964 0
"965" 149.28516039943 130.90287267562 0 965 0
"966" 144.737879565045 137.27375037043 0 966 0
"967" 138.100004773235 133.516052649818 0 967 0
"968" 138.057308999159 139.170345350765 0 968 0
"969" 147.707185669896 135.341339285709 0 969 0
"970" 148.179970370824 136.695943715839 0 970 0
"971" 144.661866518854 133.146252581462 0 971 0
"972" 135.685835541748 141.577512495219 0 972 0
"973" 141.704548307246 132.2789033958 0 973 0
"974" 138.008772174987 143.61234440618 0 974 0
"975" 139.088020150203 134.309875694196 0 975 0
"976" 151.263365425611 124.520547639175 0 976 0
"977" 144.09393482603 136.528890541633 0 977 0
"978" 145.196975608186 141.335656756913 0 978 0
"979" 144.859577976031 132.60802380432 0 979 0
"980" 139.126045392446 143.594353372797 0 980 0
"981" 150.965537425315 132.650675295937 0 981 0
"982" 144.376329317166 133.055280998217 0 982 0
"983" 144.544645146378 142.551334392921 0 983 0
"984" 143.699487185627 129.599460918805 0 984 0
"985" 146.115799038695 129.717987218501 0 985 0
"986" 146.196254919252 136.083137067604 0 986 0
"987" 143.530906465793 132.877852552469 0 987 0
"988" 143.128169561237 136.700632429105 0 988 0
"989" 145.903736742449 144.40386833211 0 989 0
"990" 137.130999883587 135.237434066641 0 990 0
"991" 147.403936473737 138.861770688181 0 991 0
"992" 148.925194864509 132.691560005753 0 992 0
"993" 135.435352086713 141.754844537595 0 993 0
"994" 143.75586687004 127.891627177181 0 994 0
"995" 145.295490645342 137.445072234969 0 995 0
"996" 138.540780003462 140.076016828127 0 996 0
"997" 143.116085685557 129.147786651746 0 997 0
"998" 138.09147454664 139.022465052229 0 998 0
"999" 146.29650055124 133.410463100074 0 999 0
"1000" 134.789548736855 130.539825697851 0 1000 0
"1001" 146.781672303302 134.165372583877 0 1001 0
"1002" 140.304446488427 136.662223747645 0 1002 0
"1003" 137.141287846104 133.929690870481 0 1003 0
"1004" 143.155786731364 133.24945956081 0 1004 0
"1005" 141.846048311431 136.667513384452 0 1005 0
"1006" 146.542871662394 136.38547756027 0 1006 0
"1007" 140.831018723913 143.97401195139 0 1007 0
"1008" 147.578711555118 141.526975045444 0 1008 0
"1009" 140.377625612521 134.924312293345 0 1009 0
"1010" 140.944076681498 135.729557912466 0 1010 0
"1011" 143.719361381152 132.881930221355 0 1011 0
"1012" 139.714687472858 132.497805452423 0 1012 0
"1013" 140.990000451988 128.775255433897 0 1013 0
"1014" 137.371289156271 135.822090958889 0 1014 0
"1015" 146.958203609505 137.887975943453 0 1015 0
"1016" 144.439249845554 139.601896593406 0 1016 0
"1017" 144.251726761451 133.368650603353 0 1017 0
"1018" 147.503176215088 129.757475588674 0 1018 0
"1019" 140.528356915855 134.525879633089 0 1019 0
"1020" 136.220951679922 140.277517166712 0 1020 0
"1021" 149.583744414328 138.64936175614 0 1021 0
"1022" 136.035090530299 136.352168885113 0 1022 0
"1023" 142.542042488993 129.931467216458 0 1023 0
"1024" 145.52435196856 134.928778664823 0 1024 0
"1025" 142.786982640376 134.537642728074 0 1025 0
"1026" 142.179171116973 138.379652537433 0 1026 0
"1027" 139.580442960831 135.708011908583 0 1027 0
"1028" 141.839874839761 141.988407152982 0 1028 0
"1029" 144.225883957932 131.595879484949 0 1029 0
"1030" 140.085096659684 134.19072326596 0 1030 0
"1031" 149.230651424369 138.83693852511 0 1031 0
"1032" 137.671415035071 136.798897472786 0 1032 0
"1033" 149.692112462634 135.096019108907 0 1033 0
"1034" 149.436390215191 137.597087789853 0 1034 0
"1035" 140.346769308718 131.834370729225 0 1035 0
"1036" 149.451281384933 137.923044005459 0 1036 0
"1037" 147.706824921461 137.572440544332 0 1037 0
"1038" 144.621133352107 127.895161819063 0 1038 0
"1039" 147.36398680985 134.188695910874 0 1039 0
"1040" 150.057838617961 140.114304753693 0 1040 0
"1041" 145.944639309657 134.291362620365 0 1041 0
"1042" 147.081393902324 133.92685915322 0 1042 0
"1043" 143.470388025096 142.922225818069 0 1043 0
"1044" 145.663200661156 124.391494664572 0 1044 0
"1045" 145.368090057965 139.530945944479 0 1045 0
"1046" 142.854499304649 138.00068186464 0 1046 0
"1047" 140.510018554841 140.232954233066 0 1047 0
"1048" 142.431479187898 140.529349943621 0 1048 0
"1049" 148.486015759386 131.45530123469 0 1049 0
"1050" 66.9709338777831 144.901191819883 0 1050 0
"1051" 139.654534959287 23.7008279890178 0 1051 0
"1052" 77.9347927503127 142.72772438199 0 1052 0
"1053" 67.445064753285 145.623300586322 0 1053 0
"1054" 90.2003261121504 94.8256537282173 0 1054 0
"1055" 108.818325450832 50.9776522010772 0 1055 0
"1056" 80.4925497386348 116.664227712402 0 1056 0
"1057" 144.2622747934 124.782851226438 0 1057 0
"1058" 119.665885780482 92.0602829957091 0 1058 0
"1059" 139.318580126615 74.3276996827094 0 1059 0
"1060" 91.9065489968321 61.5968313138005 0 1060 0
"1061" 113.850177495102 123.930698152534 0 1061 0
"1062" 92.7425025826767 15.6857966225799 0 1062 0
"1063" 101.534125916048 106.187766080416 0 1063 0
"1064" 141.904399299111 39.0349652122667 0 1064 0
"1065" 135.571602180335 74.8416946514395 0 1065 0
"1066" 86.7436099898027 128.424658129132 0 1066 0
"1067" 142.252136296349 81.4405329076803 0 1067 0
"1068" 109.429530880515 101.45668449627 0 1068 0
"1069" 155.62828840113 65.2379014869963 0 1069 0
"1070" 147.466573170959 56.0651664966503 0 1070 0
"1071" 94.7696100918517 15.3711277254616 0 1071 0
"1072" 123.136407790365 90.1346229100691 0 1072 0
"1073" 107.016757077724 19.951381133834 0 1073 0
"1074" 100.923148510788 112.015025670008 0 1074 0
"1075" 125.851443444605 35.1314465152737 0 1075 0
"1076" 127.362817198626 108.19711890629 0 1076 0
"1077" 91.266778377693 43.8876193113293 0 1077 0
"1078" 124.242828926156 31.9334286694581 0 1078 0
"1079" 152.861161066742 131.829566092408 0 1079 0
"1080" 91.0288029664681 54.287768930973 0 1080 0
"1081" 81.9456692648882 51.4153573722601 0 1081 0
"1082" 69.9889314070238 42.3393356234325 0 1082 0
"1083" 139.44594731985 37.5063373033645 0 1083 0
"1084" 108.452844908739 33.3152598676707 0 1084 0
"1085" 114.110908764902 26.9674746492458 0 1085 0
"1086" 123.599983654313 37.5318357875956 0 1086 0
"1087" 122.302720287289 69.5544889640953 0 1087 0
"1088" 95.7136648941069 104.747599381719 0 1088 0
"1089" 78.4902742332672 73.5152842563514 0 1089 0
"1090" 65.6528384001826 49.9522149148985 0 1090 0
"1091" 136.476225751099 41.3131547230054 0 1091 0
"1092" 75.6751145155788 35.0135394109071 0 1092 0
"1093" 57.4045887212061 68.4128205666053 0 1093 0
"1094" 155.774018989006 135.3374504312 0 1094 0
"1095" 91.9866394327 124.796465713394 0 1095 0
"1096" 126.9481205984 66.1224512285131 0 1096 0
"1097" 110.647932952257 43.2781313542538 1 1097 0
"1098" 83.7650259281104 120.019536097368 0 1098 0
"1099" 133.740068943338 22.638172231388 0 1099 0
"1100" 90.7662788055709 121.752753454316 0 1100 0
"1101" 119.040612600395 76.9876091649625 0 1101 0
"1102" 113.627563819468 79.3556219955385 0 1102 0
"1103" 82.3368553247031 101.136592527106 0 1103 0
"1104" 120.013158778578 78.0417795135381 0 1104 0
"1105" 53.2865359326104 101.270881941111 0 1105 0
"1106" 140.466759545498 52.5080170560255 0 1106 0
"1107" 133.400888750165 44.7451515478705 0 1107 0
"1108" 61.3608234982338 58.960549927969 0 1108 0
"1109" 65.5048685120956 130.633597729169 0 1109 0
"1110" 68.141266572504 107.566126232233 0 1110 0
"1111" 79.4809376947454 115.08882661415 0 1111 0
"1112" 73.9948241295656 109.736554955462 0 1112 0
"1113" 51.1448003370969 124.548541932361 0 1113 0
"1114" 58.6999436197064 72.1717370441713 0 1114 0
"1115" 101.86956122173 92.6248486291525 0 1115 0
"1116" 155.024470113077 102.576848788757 0 1116 0
"1117" 89.532652414133 61.1440353509693 0 1117 0
"1118" 104.920082740566 52.0425292851971 0 1118 0
"1119" 86.1172701284563 120.21906136776 0 1119 0
"1120" 99.7431375730801 127.593132685599 0 1120 0
"1121" 152.872466809827 87.6942592771807 0 1121 0
"1122" 93.9920741123546 90.2127954573778 0 1122 0
"1123" 135.729132448272 45.0227426978372 0 1123 0
"1124" 109.532952875758 31.6215509419764 0 1124 0
"1125" 123.468486182995 104.5347154311 0 1125 0
"1126" 157.050789996378 94.5481727954558 0 1126 0
"1127" 136.294592720243 66.1677075696391 0 1127 0
"1128" 119.33560171994 115.120737952753 0 1128 0
"1129" 54.1932844932373 31.1222680730199 0 1129 0
"1130" 83.6859615027691 92.0119044049462 0 1130 0
"1131" 122.339626479967 61.5021823652636 0 1131 0
"1132" 130.259938653072 68.8566190785407 0 1132 0
"1133" 95.8087071284354 140.212604720964 0 1133 0
"1134" 137.204934764913 46.0260140250005 0 1134 0
"1135" 61.1637509431098 120.854224823651 0 1135 0
"1136" 115.468804342877 71.9651479891996 0 1136 0
"1137" 71.3130327120366 67.5504388648285 0 1137 0
"1138" 93.0346135460493 62.0479057218278 0 1138 0
"1139" 62.863579852028 32.2699811590259 0 1139 0
"1140" 153.797793944822 137.416710125965 0 1140 0
"1141" 103.544693132803 75.0548871000774 0 1141 0
"1142" 104.145857115201 80.037841986509 0 1142 0
"1143" 99.1943971956825 111.592100589335 0 1143 0
"1144" 114.512948146278 96.7383823859449 0 1144 0
"1145" 75.1863261764763 55.4868929272383 0 1145 0
"1146" 135.831792084675 26.4728477687374 0 1146 0
"1147" 143.203357917661 56.4614263879788 0 1147 0
"1148" 102.656965058771 37.3964932821589 0 1148 0
"1149" 104.424900723836 41.5354731990789 0 1149 0
"1150" 131.841190265558 123.200246445478 0 1150 0
"1151" 139.336619944214 61.5314126902377 0 1151 0
"1152" 90.770087096671 35.2877432024456 0 1152 0
"1153" 112.205764707394 40.276704345186 0 1153 0
"1154" 157.053832028024 69.5510051273638 0 1154 0
"1155" 64.654814306342 27.819829155649 0 1155 0
"1156" 84.6237384035805 83.4167814665882 0 1156 0
"1157" 89.1924940861213 18.049187368279 0 1157 0
"1158" 138.50108740107 31.012922324155 0 1158 0
"1159" 139.813859956828 36.4629441595792 0 1159 0
"1160" 145.958410069391 60.3893260365069 0 1160 0
"1161" 84.9650557853513 36.9385790428349 0 1161 0
"1162" 111.092606987776 112.092469871915 0 1162 0
"1163" 148.99252545705 58.2882047192961 0 1163 0
"1164" 68.2440376372725 49.5268909729695 0 1164 0
"1165" 81.7416666604571 132.130867894604 0 1165 0
"1166" 57.9800097698028 111.409486346818 0 1166 0
"1167" 104.246232730979 133.260844364057 0 1167 0
"1168" 96.2767319531077 117.999635252396 0 1168 0
"1169" 112.835692065217 108.652086503013 0 1169 0
"1170" 79.2350472173998 125.889749522738 0 1170 0
"1171" 101.644805438253 100.401426724308 0 1171 0
"1172" 120.372651182668 138.185401726053 0 1172 0
"1173" 119.204199055901 132.533989617832 0 1173 0
"1174" 77.0491442997675 65.6473243174464 0 1174 0
"1175" 70.6920318470366 101.061262800362 0 1175 0
"1176" 130.136623949244 106.786004691813 0 1176 0
"1177" 68.9210879887721 113.53722496611 0 1177 0
"1178" 66.7229848949243 76.5918266163331 0 1178 0
"1179" 109.703220461776 81.2982364676825 0 1179 0
"1180" 154.8928247911 35.5869796712979 0 1180 0
"1181" 84.173206416152 35.1236766612848 0 1181 0
"1182" 71.6046842476867 123.350086858451 0 1182 0
"1183" 97.0851163725005 142.96124532624 0 1183 0
"1184" 136.297941658154 145.466064819186 0 1184 0
"1185" 154.053609546686 144.921041595846 0 1185 0
"1186" 131.802126362581 42.0885393103118 0 1186 0
"1187" 156.398155301629 98.9733150094893 0 1187 0
"1188" 145.026151642855 112.459811118573 0 1188 0
"1189" 102.713130569901 146.154907450525 0 1189 0
"1190" 116.521671714266 23.8509761656367 0 1190 0
"1191" 59.3467850083895 67.5608084617921 0 1191 0
"1192" 142.098330915939 73.2373971845101 0 1192 0
"1193" 52.8832810503746 129.163686276944 0 1193 0
"1194" 97.97771723256 18.9375442544094 0 1194 0
"1195" 81.1367237285198 116.696092907877 0 1195 0
"1196" 89.840657335716 22.2004035675063 0 1196 0
"1197" 106.845652549153 97.0481670880863 0 1197 0
"1198" 156.182639277477 51.3682790507701 0 1198 0
"1199" 66.8031085978115 94.5505191184155 0 1199 0
"1200" 62.9895317435304 34.3374315790071 0 1200 0
"1201" 138.123752172806 15.3625672573278 0 1201 0
"1202" 76.8124404638329 77.5479836683095 0 1202 0
"1203" 114.89592686722 123.69114625867 0 1203 0
"1204" 74.6316488162596 80.9771325319962 0 1204 0
"1205" 91.0226365927686 57.450082277265 0 1205 0
"1206" 79.0534474287178 122.721639216552 0 1206 0
"1207" 52.6052393777764 116.143225475243 0 1207 0
"1208" 153.358159999369 32.2156318678654 0 1208 0
"1209" 51.9013358088127 136.680402556149 0 1209 0
"1210" 118.335958821637 107.165123665799 0 1210 0
"1211" 64.6391881985683 23.5791607399341 0 1211 0
"1212" 73.2864526930808 85.2774432350318 0 1212 0
"1213" 54.5206809566304 59.1697066888766 0 1213 0
"1214" 78.9972045761159 16.0970252465807 0 1214 0
"1215" 92.239731362578 56.7117650640862 0 1215 0
"1216" 150.254427473261 84.6658353561909 0 1216 0
"1217" 85.8906870936973 138.27588472738 0 1217 0
"1218" 131.672344788713 85.8132947773907 0 1218 0
"1219" 102.235222011938 139.811382485091 0 1219 0
"1220" 103.31743163967 40.186653339001 0 1220 0
"1221" 135.89813265775 116.65393201176 0 1221 0
"1222" 156.907155553697 76.9950904102118 0 1222 0
"1223" 113.550682644751 144.159297841141 0 1223 0
"1224" 67.8814662823503 36.9317075416861 0 1224 0
"1225" 97.5629809305447 37.267901351054 0 1225 0
"1226" 126.678125320873 75.7273391294786 0 1226 0
"1227" 124.187425624798 108.887597629731 0 1227 0
"1228" 66.5997500915691 131.010917549563 0 1228 0
"1229" 123.110344956533 95.2544229216764 0 1229 0
"1230" 146.956699106842 54.9561960128547 0 1230 0
"1231" 130.402875680893 24.5240078604285 0 1231 0
"1232" 64.7291485789325 137.047576641065 0 1232 0
"1233" 92.3939435000007 119.753999411098 0 1233 0
"1234" 148.270566741322 67.9487271566395 0 1234 0
"1235" 71.6902219778375 52.0647528313253 0 1235 0
"1236" 84.9838215643424 36.0288773801261 0 1236 0
"1237" 109.453480177879 98.7789651437195 0 1237 0
"1238" 114.077540056371 41.8594321642873 0 1238 0
"1239" 61.5984762765144 135.052143954468 0 1239 0
"1240" 64.7927098776395 127.561422871292 0 1240 0
"1241" 58.4715408367569 131.442343093945 0 1241 0
"1242" 115.527513103966 38.6242560962369 0 1242 0
"1243" 85.8379130794065 130.762797140057 0 1243 0
"1244" 74.1288154844744 131.665989623085 0 1244 0
"1245" 110.517893913027 28.9921618339407 0 1245 0
"1246" 128.267654334213 131.557665142805 0 1246 0
"1247" 51.3230378462771 109.469904714352 0 1247 0
"1248" 81.2435391833309 135.561874386363 0 1248 0
"1249" 133.723965569365 120.241952520491 0 1249 0
"1250" 91.9395300042161 57.2008177752252 0 1250 0
"1251" 111.491231617698 68.7328591713035 0 1251 0
"1252" 53.0576716349857 142.300609364577 0 1252 0
"1253" 76.147752896944 61.5481075675474 0 1253 0
"1254" 88.9243210660962 130.863566937749 0 1254 0
"1255" 100.055837293442 63.8418680889293 0 1255 0
"1256" 117.651110745415 127.155675243037 0 1256 0
"1257" 122.862852693327 28.1594248579184 0 1257 0
"1258" 132.81808572763 141.827961667453 0 1258 0
"1259" 106.804009619885 18.8490989862259 0 1259 0
"1260" 99.654360594256 132.827792121433 0 1260 0
"1261" 103.771091969144 125.259663922205 0 1261 0
"1262" 132.143662824692 55.6664077162916 0 1262 0
"1263" 141.196697998034 85.9055500052857 0 1263 0
"1264" 155.94235949784 68.9157198878868 0 1264 0
"1265" 63.3610168708025 133.242773974802 0 1265 0
"1266" 72.037350777442 128.9997903246 0 1266 0
"1267" 75.0783495064194 77.6485994311847 0 1267 0
"1268" 149.062569203406 131.139794080953 0 1268 0
"1269" 142.085675908266 75.8353321013737 0 1269 0
"1270" 152.756853408539 78.2152476251476 0 1270 0
"1271" 82.1268797872087 127.42256186058 0 1271 0
"1272" 74.193855314611 146.091711285611 0 1272 0
"1273" 142.945569275964 133.717985400005 0 1273 0
"1274" 102.178095558484 119.941914146503 0 1274 0
"1275" 83.997474368181 23.3198210328608 0 1275 0
"1276" 117.038459852565 100.821179893344 0 1276 0
"1277" 63.8379708715229 15.4177506436573 0 1277 0
"1278" 62.6526403411594 81.9691700271193 0 1278 0
"1279" 82.2176036444231 109.816420814798 0 1279 0
"1280" 83.6413267032532 47.2539077105352 0 1280 0
"1281" 92.8409573821284 140.894625972138 0 1281 0
"1282" 72.1699567436062 131.005228083573 0 1282 0
"1283" 143.741020352794 129.25890277371 0 1283 0
"1284" 84.8873582891613 30.1713946845421 0 1284 0
"1285" 58.5171408021913 54.2854732797767 0 1285 0
"1286" 98.4460618081943 37.7682690730909 0 1286 0
"1287" 126.833110376122 16.0925337883694 0 1287 0
"1288" 114.737594041759 40.825871637528 0 1288 0
"1289" 55.0167261767343 16.5142217252821 0 1289 0
"1290" 114.590487580648 59.9478718586033 0 1290 0
"1291" 119.032723124289 134.12646257173 0 1291 0
"1292" 131.770847140872 97.6861414192996 0 1292 0
"1293" 52.4711036256188 71.6890608359219 0 1293 0
"1294" 151.139866955249 100.293894265722 0 1294 0
"1295" 121.186704411462 32.4567714769844 0 1295 0
"1296" 148.461884623849 60.6081197345327 0 1296 0
"1297" 68.7522689218168 19.9726400193255 0 1297 0
"1298" 149.334815135161 23.5867166158784 0 1298 0
"1299" 124.165377690381 109.572871787806 0 1299 0
"1300" 153.575282306267 118.46863185925 0 1300 0
"1301" 50.7365230790478 44.160481525092 0 1301 0
"1302" 82.124435592967 111.849974946118 0 1302 0
"1303" 73.7744688845417 90.577945578651 0 1303 0
"1304" 98.3796644153487 145.357582571024 0 1304 0
"1305" 141.39479616617 45.5060370648821 0 1305 0
"1306" 118.50240209174 39.9947237231116 0 1306 0
"1307" 125.568461656911 108.70369364396 0 1307 0
"1308" 69.1367154412892 41.2997530513366 0 1308 0
"1309" 136.574956202215 97.2435961767406 0 1309 0
"1310" 116.281021724132 34.702895002325 0 1310 0
"1311" 100.863142584394 17.0432485827953 0 1311 0
"1312" 153.665060475788 36.8461967377457 0 1312 0
"1313" 90.6833609463557 136.82093530667 0 1313 0
"1314" 57.3000219578923 89.4551135830531 0 1314 0
"1315" 101.019664431835 127.863211563041 0 1315 0
"1316" 75.457215191483 130.142235566734 0 1316 0
"1317" 95.5964528870769 102.242817219421 0 1317 0
"1318" 69.1845495640863 66.3427270450209 0 1318 0
"1319" 98.9258402260563 61.5523305204904 0 1319 0
"1320" 92.5944446699077 142.057209017596 0 1320 0
"1321" 68.1796733338381 45.4347300519385 0 1321 0
"1322" 133.887914831654 124.940247790746 0 1322 0
"1323" 141.062171712436 39.8211410492543 0 1323 0
"1324" 98.6661570288539 113.074421452393 0 1324 0
"1325" 67.3153679991367 72.6118693193861 0 1325 0
"1326" 96.2417509991084 41.2140201300466 0 1326 0
"1327" 101.753271200574 25.9583050798589 0 1327 0
"1328" 76.8122668492468 118.826852892262 0 1328 0
"1329" 69.4750551391209 89.6960523716506 0 1329 0
"1330" 124.894971671504 55.7823613568597 0 1330 0
"1331" 131.012626082209 130.194102737057 0 1331 0
"1332" 124.65773752599 35.3768740387812 0 1332 0
"1333" 129.055031065714 35.6477217745568 0 1333 0
"1334" 120.767674254026 28.1585773604352 0 1334 0
"1335" 91.0688711905708 86.910723298314 0 1335 0
"1336" 151.905722509123 15.4827448606023 0 1336 0
"1337" 60.7974660049871 79.7535847763474 0 1337 0
"1338" 134.727110746911 143.693271101447 0 1338 0
"1339" 124.964655691817 75.6878478336039 0 1339 0
"1340" 138.252966542752 15.7673571708936 0 1340 0
"1341" 65.5427244421493 16.4090045011826 0 1341 0
"1342" 85.0937562432038 44.4112980028819 0 1342 0
"1343" 52.1135581992984 85.0630062988993 0 1343 0
"1344" 56.7197211916038 33.1858913673117 0 1344 0
"1345" 123.189142723982 95.0986978217879 0 1345 0
"1346" 83.0342918745599 141.256744967272 0 1346 0
"1347" 65.1554231950323 16.4648188366438 0 1347 0
"1348" 131.201174330102 93.7445348139674 0 1348 0
"1349" 116.808162563799 69.7970849274301 0 1349 0
"1350" 112.736641863139 124.431490893167 0 1350 0
"1351" 145.673539067797 33.5602056728376 0 1351 0
"1352" 60.7810069049637 136.907614529262 0 1352 0
"1353" 136.94948365927 42.4267277695854 0 1353 0
"1354" 68.8423819478617 36.9984559318527 0 1354 0
"1355" 106.052696697526 75.1437770925422 0 1355 0
"1356" 121.088698455902 70.8304910827846 0 1356 0
"1357" 67.8969969865735 73.8922279245785 0 1357 0
"1358" 60.6666134268874 28.2830429698948 0 1358 0
"1359" 91.5588962230405 107.784529121224 0 1359 0
"1360" 121.643849281082 100.178181132437 0 1360 0
"1361" 51.7143316326009 119.381254583888 0 1361 0
"1362" 111.032395571078 89.8725100561059 0 1362 0
"1363" 57.4767180786161 32.6306120382949 0 1363 0
"1364" 86.1105216688757 58.268910863984 0 1364 0
"1365" 54.0016213442674 21.510024168066 0 1365 0
"1366" 154.627138747847 146.352359156472 0 1366 0
"1367" 73.3267235255047 117.276156145224 0 1367 0
"1368" 67.4903062100651 30.6997012441619 0 1368 0
"1369" 141.998505510324 88.851845003562 0 1369 0
"1370" 121.02887059129 98.7447368570919 0 1370 0
"1371" 96.4530748819375 71.0265662670217 0 1371 0
"1372" 78.2774347259093 131.702647033271 0 1372 0
"1373" 102.197190728171 142.352068284496 0 1373 0
"1374" 83.2298067182764 73.9083248383608 0 1374 0
"1375" 105.310437075209 92.6066671659227 0 1375 0
"1376" 155.202904491459 47.9898845981369 0 1376 0
"1377" 114.120426883961 31.3155467022157 0 1377 0
"1378" 151.738146619994 77.3896071133205 0 1378 0
"1379" 152.82220710145 93.5219617245222 0 1379 0
"1380" 134.517840027991 69.0960535644603 0 1380 0
"1381" 115.847313730462 63.7922897156513 0 1381 0
"1382" 126.49676836404 57.5389343883028 0 1382 0
"1383" 139.915580514221 80.2884264329087 0 1383 0
"1384" 143.926335438959 123.779237528284 0 1384 0
"1385" 155.510034309068 53.6823061356092 0 1385 0
"1386" 80.2260786036639 81.6930600470689 0 1386 0
"1387" 147.76099309901 45.5879960413552 0 1387 0
"1388" 121.155762158075 58.2833984596945 0 1388 0
"1389" 94.5332181808066 106.821923016387 0 1389 0
"1390" 60.4694074310162 32.0459503690137 0 1390 0
"1391" 122.799011395138 106.309216107972 0 1391 0
"1392" 122.407028367851 120.020785511284 0 1392 0
"1393" 126.774800322371 64.729041654748 0 1393 0
"1394" 63.532436454692 74.046333669959 0 1394 0
"1395" 148.710225208469 56.0797221748932 0 1395 0
"1396" 58.488349327439 135.317846517326 0 1396 0
"1397" 124.993188359594 40.9511647633951 0 1397 0
"1398" 129.760875848482 85.4679787348497 0 1398 0
"1399" 123.031012308085 78.0277289005895 0 1399 0
"1400" 62.3085656725579 48.0584201165308 0 1400 0
"1401" 142.829975949173 24.5248924743664 0 1401 0
"1402" 61.2111136382065 67.1442198300598 0 1402 0
"1403" 156.850988079837 38.7388235458462 0 1403 0
"1404" 62.1550359686568 20.5853168092247 0 1404 0
"1405" 85.3592121005475 131.135338851829 0 1405 0
"1406" 131.075924772705 73.8061958685304 0 1406 0
"1407" 153.958662467461 107.934694341425 0 1407 0
"1408" 56.0248459537845 81.1796451721138 0 1408 0
"1409" 100.546074921792 132.908983861314 0 1409 0
"1410" 101.98340357039 49.7469256702164 0 1410 0
"1411" 153.048012820875 54.33715364387 0 1411 0
"1412" 99.3546810485946 126.647808008213 0 1412 0
"1413" 84.3821858312633 108.834940732631 0 1413 0
"1414" 147.927939796754 63.0708712295938 0 1414 0
"1415" 101.318004849536 82.3324357462909 0 1415 0
"1416" 120.734650488957 71.0466084488115 0 1416 0
"1417" 98.0030509000368 106.834916713043 0 1417 0
"1418" 132.487985070476 37.8451189221396 0 1418 0
"1419" 135.528522210244 37.7855408312921 0 1419 0
"1420" 58.2446821254886 106.804704775646 0 1420 0
"1421" 88.9765508329454 18.2039798751685 0 1421 0
"1422" 106.402094760018 27.2464739601751 0 1422 0
"1423" 58.4117954316204 103.350968570905 0 1423 0
"1424" 132.097575680033 85.3878713278682 0 1424 0
"1425" 69.6767535987411 104.081103120457 0 1425 0
"1426" 85.9984796150261 76.7689411977798 0 1426 0
"1427" 71.8145273630655 71.6546935997304 0 1427 0
"1428" 118.998404057266 62.1293200686405 0 1428 0
"1429" 50.5940795906876 137.410555862821 0 1429 0
"1430" 146.675240471613 118.020749252139 0 1430 0
"1431" 62.8815048126969 118.720611064298 0 1431 0
"1432" 149.03207430323 29.297592558688 0 1432 0
"1433" 153.923283675688 140.756336426314 0 1433 0
"1434" 79.7200786441893 130.151101748388 0 1434 0
"1435" 89.3489359337099 92.7717558630364 0 1435 0
"1436" 127.766536527208 92.4079870368993 0 1436 0
"1437" 127.321580156807 140.587440737581 0 1437 0
"1438" 135.772915920169 29.9573101864357 0 1438 0
"1439" 134.406798096517 86.0359551654719 0 1439 0
"1440" 53.6956128165112 119.219970920064 0 1440 0
"1441" 123.338941354032 138.387799773324 0 1441 0
"1442" 147.23910564094 55.9034183110629 0 1442 0
"1443" 105.224524289851 75.0107262604459 0 1443 0
"1444" 155.119230111902 69.2116653848173 0 1444 0
"1445" 79.4606429993246 73.9839785767614 0 1445 0
"1446" 139.922677296139 104.31075437596 0 1446 0
"1447" 155.644423551441 97.7016023351331 0 1447 0
"1448" 83.0594943373101 66.3882385808975 0 1448 0
"1449" 103.611868313031 90.1935074464538 0 1449 0
"1450" 55.9339840098688 54.9249358186514 0 1450 0
"1451" 73.4442243021875 56.3906403517529 0 1451 0
"1452" 146.365007032408 45.4583263561124 0 1452 0
"1453" 142.712539023304 97.6111128162416 0 1453 0
"1454" 66.1849219884811 21.2367157306763 0 1454 0
"1455" 110.07185260053 86.2835291705822 0 1455 0
"1456" 60.5538809395308 81.7321909798046 0 1456 0
"1457" 96.6433924184868 22.9469122567927 0 1457 0
"1458" 145.218855907914 108.790134286999 0 1458 0
"1459" 130.763983286967 32.9000900147161 0 1459 0
"1460" 116.949219446025 71.4130212639196 0 1460 0
"1461" 98.1623812888721 136.67384200093 0 1461 0
"1462" 131.749066659377 103.163734110044 0 1462 0
"1463" 55.9326256272855 144.362063381092 0 1463 0
"1464" 101.743345529473 141.997339319318 0 1464 0
"1465" 62.963224139965 99.8563524314187 0 1465 0
"1466" 130.659279604652 79.1329239708214 0 1466 0
"1467" 153.917821499445 46.293941035435 0 1467 0
"1468" 149.920654847736 134.074846557104 0 1468 0
"1469" 73.64677006459 58.0056293771768 0 1469 0
"1470" 138.7257829859 60.066273165658 0 1470 0
"1471" 136.1558214487 79.1081255280179 0 1471 0
"1472" 95.4412361800817 135.342702761434 0 1472 0
"1473" 126.856828419255 39.2985345428413 0 1473 0
"1474" 72.4492743641575 84.8410165467115 0 1474 0
"1475" 148.043795359085 24.2134498937133 0 1475 0
"1476" 63.9409432030003 116.984313102804 0 1476 0
"1477" 66.6594515961656 140.15074367746 0 1477 0
"1478" 126.963677662823 81.1469446575136 0 1478 0
"1479" 150.633298624153 16.1070284524238 0 1479 0
"1480" 93.4667020147609 145.525933844289 0 1480 0
"1481" 135.502887748292 122.299249769465 0 1481 0
"1482" 127.444055582683 118.96349958363 0 1482 0
"1483" 100.92178324623 59.9125592084775 0 1483 0
"1484" 78.394851527592 25.8326665231116 0 1484 0
"1485" 69.2825162899056 132.088261845821 0 1485 0
"1486" 108.948009981401 78.8292285091811 0 1486 0
"1487" 97.6116375611388 139.064472674943 0 1487 0
"1488" 62.6302939228216 112.58532443406 0 1488 0
"1489" 114.874839527301 89.0539271172836 0 1489 0
"1490" 146.015587181136 29.741932548598 0 1490 0
"1491" 101.966772843355 68.0698143731459 0 1491 0
"1492" 83.3667569745504 141.849953671774 0 1492 0
"1493" 126.365925649276 120.252448184886 0 1493 0
"1494" 72.0454352842434 90.2925142890428 0 1494 0
"1495" 82.3586782657473 82.3718387949641 0 1495 0
"1496" 144.963360529061 18.9406680339909 0 1496 0
"1497" 108.899010171316 104.497142287904 0 1497 0
"1498" 156.51181817236 144.746165690461 0 1498 0
"1499" 70.9155839557189 97.8381873697355 0 1499 0
"1500" 83.598482235833 31.4573920533628 0 1500 0
