"V1" "V2" "V3"
"1" 57.9247544014525 35.6228313632875 1
"2" 56.3066680971552 33.1892845208396 1
"3" 73.4442243021875 56.3906403517529 1
"4" 71.3611765350518 32.1627810081346 2
"5" 59.2645502980111 34.4286789148634 2
"6" 57.0503292458554 28.8164443558165 2
"7" 63.0157540183211 29.7857859433006 2
"8" 58.5877564860712 34.832661445653 2
"9" 62.7991679825532 35.3405104852451 2
"10" 57.3679111663778 37.2260689569884 2
"11" 56.7197211916038 33.1858913673117 2
"12" 62.6670623077337 35.9257361039136 3
"13" 60.6255212778478 35.8967468989013 3
"14" 59.2431232408617 34.4089695294578 3
"15" 59.644125660493 28.0629349775235 3
"16" 63.3185968361224 30.2320231433152 3
"17" 61.9023982993186 38.5072294707924 3
"18" 57.2433993398658 34.35959676145 3
"19" 62.6777210966872 34.2628321638181 3
"20" 57.0380577477873 29.575094760383 3
"21" 57.4469996889059 26.4686131887077 3
"22" 62.4637977184258 32.9610193637519 3
"23" 61.8903320402855 34.3717647555144 3
"24" 57.1581570806779 28.8183109732823 3
"25" 62.7866847986509 36.6181799504503 3
"26" 68.41884444909 44.6539396245676 3
"27" 63.3275799323315 34.7446717486779 3
"28" 63.2341778818505 35.2333064112323 3
"29" 66.4371231544287 25.7786223035102 3
"30" 67.3268158034665 19.2442884004425 3
"31" 74.5868652227219 23.5087185896506 3
"32" 145.218855907914 108.790134286999 3
"33" 59.2650692225661 26.4794534429194 4
"34" 62.5533867698465 36.7087944365512 4
"35" 62.0935039225247 38.5739912024642 4
"36" 61.8471430924461 34.2600240163265 4
"37" 62.818365241449 32.9089561610137 4
"38" 63.3839626342408 34.690987488439 4
"39" 64.3172922832564 32.1588162236681 4
"40" 63.2657203369385 34.8431562707756 4
"41" 59.85908419227 34.431408003704 4
"42" 62.2583683568671 33.3178247676876 4
"43" 61.0100905615253 28.1056719082853 4
"44" 67.0416076873713 27.4370389431776 4
"45" 64.4294457907198 30.339181046939 4
"46" 62.0926264259847 27.8962856196141 4
"47" 60.6104989022196 38.2690893248789 4
"48" 63.8473259743207 29.1114740288885 4
"49" 63.9377403176747 34.5174302466963 4
"50" 64.2233873451928 33.7510933963668 4
"51" 59.3897712728401 35.3816803679669 4
"52" 64.3370728902208 35.5782721684282 4
"53" 60.5440589410017 35.9216990884505 4
"54" 61.1197835200585 38.5682688343901 4
"55" 58.8892474645481 39.3997622071694 4
"56" 61.9510431129296 38.4321857889099 4
"57" 60.2182715504612 36.2218074508567 4
"58" 70.9324694665236 20.7173866122007 4
"59" 69.4149804210117 20.6628321988607 4
"60" 67.1042726455722 19.3571373576506 4
"61" 71.6607410050496 18.43594008201 4
"62" 70.1010189464792 23.9743269802557 4
"63" 74.9976832194852 21.4279136971267 4
"64" 74.2016310621703 22.7079501530831 4
"65" 69.6031753922254 19.2744896956158 4
"66" 65.6651720946794 24.1272763168962 4
"67" 140.778541237433 131.569027641845 4
"68" 62.863579852028 32.2699811590259 4
"69" 62.9895317435304 34.3374315790071 4
"70" 68.1796733338381 45.4347300519385 4
"71" 58.1678240964192 29.2759647946014 5
"72" 59.0051001045603 26.0064970824322 5
"73" 58.6852690721533 32.1159172402568 5
"74" 58.9739284233726 39.7875982994126 5
"75" 64.0765530842924 29.7050973120261 5
"76" 60.4036660826739 30.1573344871589 5
"77" 63.1257251916308 32.1767138083717 5
"78" 63.7014572785459 33.3459503012189 5
"79" 64.6408523758046 30.2973874316943 5
"80" 62.2350633113126 33.2776106341924 5
"81" 66.5910682110169 19.6357712352611 5
"82" 60.162055722912 35.6938615649172 5
"83" 63.3418577465957 34.1630340213651 5
"84" 65.8100353443664 34.2357115715671 5
"85" 56.8196932664086 30.0477662632313 5
"86" 64.6321031239938 35.1776263800922 5
"87" 61.1233168050798 38.5889519800365 5
"88" 65.9060773550923 40.8186204171533 5
"89" 63.0448565230045 29.1887364478808 5
"90" 64.0382839275743 33.534634534518 5
"91" 67.4171658811991 36.515461199842 5
"92" 62.6616895209009 32.3178101060039 5
"93" 61.7530828300122 37.9871325916427 5
"94" 60.33980687167 37.7466391134029 5
"95" 53.5132021915866 39.69848934179 5
"96" 66.3585073732857 35.7777307727261 5
"97" 64.2003789738489 35.8924472592028 5
"98" 64.5772028879952 35.6962697392261 5
"99" 64.3619076901198 32.4091066208374 5
"100" 64.0510402960468 34.4033030586121 5
"101" 60.2472541284068 35.1083179540003 5
"102" 62.248196908772 38.5998677841992 5
"103" 65.7377435689885 40.8787208106138 5
"104" 64.8856625241555 38.9562448386847 5
"105" 67.0068692782625 36.4215092539342 5
"106" 62.5652746344712 34.6066586271082 5
"107" 62.8116605002359 33.741773408152 5
"108" 71.1296402227949 21.736350534097 5
"109" 72.3376929862955 17.4988793271306 5
"110" 72.556439193081 18.4994691316894 5
"111" 66.7669968379629 17.1878409719206 5
"112" 72.3399717069396 19.7457836402092 5
"113" 70.8007002629311 25.1712630125115 5
"114" 74.6210752202021 23.9852452194714 5
"115" 68.6099814551313 19.8920185735368 5
"116" 68.7600525094975 19.7632744879289 5
"117" 69.4663434518368 23.5928075611459 5
"118" 66.0108673945367 21.1213250282489 5
"119" 65.0457812507255 18.9654934349153 5
"120" 70.3260349999933 19.5820329497227 5
"121" 65.7944874945849 24.0758856138577 5
"122" 65.2899817929372 24.2620214000466 5
"123" 69.221798163574 23.0982116995823 5
"124" 70.5872376899747 21.6985343498834 5
"125" 70.7979311250126 21.2935166928037 5
"126" 71.521488973006 22.2598370696612 5
"127" 66.9676671078127 17.8032461481572 5
"128" 70.9462633910639 17.3922356486898 5
"129" 147.537404502546 130.730334986616 5
"130" 140.174851115939 131.010041829644 5
"131" 139.465537404884 132.848264261012 5
"132" 142.605450687099 146.063850239995 5
"133" 143.534586949553 133.693082085131 5
"134" 141.322686049901 131.498095775169 5
"135" 143.719361381152 132.881930221355 5
"136" 133.723965569365 120.241952520491 5
"137" 60.6666134268874 28.2830429698948 5
"138" 65.6448251837048 28.5578735736061 6
"139" 67.2913766777962 36.6066573722458 6
"140" 64.744648049874 28.9348848927686 6
"141" 60.799573348334 28.965559319847 6
"142" 64.2434400859716 39.2666503550805 6
"143" 67.2716075392265 36.8327005290338 6
"144" 65.3888820125551 34.5239338839645 6
"145" 63.4250466251416 36.4703190029883 6
"146" 60.11429459662 30.6127632515589 6
"147" 64.4670881407663 32.3064250380239 6
"148" 57.8692966223292 34.7372149782506 6
"149" 73.2189617985582 24.8802843731387 6
"150" 64.6382829671325 29.9721772693605 6
"151" 64.8069612169773 38.89278486295 6
"152" 57.2774190627733 31.5415932869288 6
"153" 63.2487634870594 34.4458783390415 6
"154" 59.1289128068304 41.1500587657825 6
"155" 61.6217366351555 35.8549136759738 6
"156" 62.0838418660964 28.5246546076658 6
"157" 64.7546184490322 30.0010176626641 6
"158" 64.1791083256627 34.2906364584033 6
"159" 61.0267687040323 37.9013098394759 6
"160" 58.417171052347 29.4768584308393 6
"161" 62.3656308835887 32.4749348476784 6
"162" 66.4988178513988 29.5062988317748 6
"163" 61.525923912196 29.1969130535389 6
"164" 57.6362073352216 32.7029206977058 6
"165" 71.4508553521497 21.96513274577 6
"166" 65.7060749193374 21.4034668886049 6
"167" 69.610122042132 23.361982857875 6
"168" 67.0796186472387 17.2057227718202 6
"169" 70.4819631499228 20.5095336228145 6
"170" 70.6165547903699 21.3493169651403 6
"171" 70.9759497997471 22.4414047846213 6
"172" 65.8834819994867 21.2680724920941 6
"173" 69.6123530042397 23.8141165694088 6
"174" 71.2676385050427 21.8112659420141 6
"175" 72.2726936450013 25.4496496363302 6
"176" 65.8087393047384 20.8814515479069 6
"177" 74.7479033497443 23.9398386447546 6
"178" 70.8471671571711 18.3475863249316 6
"179" 64.9356254852409 17.5822991277219 6
"180" 64.5458382121848 25.3670648572061 6
"181" 69.8596867683988 22.9382284865781 6
"182" 69.095554434559 18.2499449845643 6
"183" 70.7020051387088 18.9699753057702 6
"184" 65.7396212497586 19.2366495344545 6
"185" 65.6696796523188 19.5993799843489 6
"186" 71.7091518750909 23.209418765142 6
"187" 74.6542040300902 24.1341870825315 6
"188" 68.9403227845084 26.0298357771554 6
"189" 70.2165486794081 26.0489957391996 6
"190" 67.237998987441 22.9923395129099 6
"191" 68.9878055791369 19.6313630153786 6
"192" 69.3087947399408 19.9013801267912 6
"193" 71.0504659776442 25.1765555017775 6
"194" 71.4536090851367 17.1986103668467 6
"195" 68.0909374801987 17.1280226809743 6
"196" 68.9223965090592 18.403060094007 6
"197" 65.0904988952441 18.9231403051591 6
"198" 66.728017335366 17.1932659622515 6
"199" 143.313290410933 133.510397445883 6
"200" 140.958862785598 131.726575168536 6
"201" 141.636595926044 129.40964415607 6
"202" 143.039866257802 130.34663385095 6
"203" 145.608890147508 132.165640164972 6
"204" 143.105630333658 133.35359540711 6
"205" 145.217373360913 132.959654431742 6
"206" 148.148760575139 133.162387709203 6
"207" 140.387440889832 136.567211428408 6
"208" 138.224283827503 133.84941654447 6
"209" 145.613370083839 133.801047424009 6
"210" 145.475799365738 133.940729885792 6
"211" 140.246853064585 133.642186476564 6
"212" 143.39503410703 126.802956930086 6
"213" 139.580441294353 130.792974936046 6
"214" 147.104650884606 133.073592800635 6
"215" 144.31987612939 133.599250764075 6
"216" 143.548452522162 132.456120156061 6
"217" 142.52959391761 135.99145571153 6
"218" 143.530906465793 132.877852552469 6
"219" 146.29650055124 133.410463100074 6
"220" 144.251726761451 133.368650603353 6
"221" 140.346769308718 131.834370729225 6
"222" 148.486015759386 131.45530123469 6
"223" 142.945569275964 133.717985400005 6
"224" 143.741020352794 129.25890277371 6
"225" 68.7522689218168 19.9726400193255 6
"226" 142.712539023304 97.6111128162416 6
"227" 78.394851527592 25.8326665231116 6
"228" 64.0044375594605 32.4477448720981 7
"229" 62.3225255380774 28.8767086516779 7
"230" 62.7729041324535 31.2338030860284 7
"231" 65.2090713596582 30.5853096284072 7
"232" 67.6192131763494 37.7754928619503 7
"233" 61.6070756776438 38.7719352350578 7
"234" 57.8111417152098 31.3032766756379 7
"235" 64.6979381791894 39.7724197391991 7
"236" 60.4166671478287 30.7791069682651 7
"237" 64.9519235578575 28.1543776116927 7
"238" 64.7635615417074 29.013481266572 7
"239" 59.0170784664294 27.922773159007 7
"240" 69.2591732228879 33.1192674123513 7
"241" 61.1515706427378 37.089920599661 7
"242" 66.2855451366802 36.2988897943687 7
"243" 61.7779220660617 32.8679548457028 7
"244" 64.7012045838387 38.6726658976165 7
"245" 59.8390621527471 30.6276460970166 7
"246" 60.3923520767725 28.0925645515497 7
"247" 66.2888427577118 38.2082823602442 7
"248" 63.2644811208473 34.5403396070466 7
"249" 62.3786661817553 32.5428147636247 7
"250" 67.7098838803243 17.5188939698263 7
"251" 65.5400928970738 24.2495764353721 7
"252" 69.1839779581724 18.1172416022197 7
"253" 68.7752549007662 23.0205329891631 7
"254" 65.1413946014485 21.7461689893526 7
"255" 68.845899355041 23.2658540197217 7
"256" 70.7039463871803 23.907403830592 7
"257" 69.6856369821717 22.1183804195733 7
"258" 72.9038635490314 25.7906825056772 7
"259" 70.9612544701173 21.2269485219411 7
"260" 70.2510884749534 23.6516221145289 7
"261" 69.7554597352499 19.8946773346002 7
"262" 70.4275460958419 21.5589447955972 7
"263" 69.2345380541819 23.8598078637257 7
"264" 65.5208403872327 28.0879682633014 7
"265" 70.5032074520844 21.93056596146 7
"266" 69.6970091874182 23.2748077339682 7
"267" 66.967957008721 22.1573864732335 7
"268" 71.9678555531752 20.8019355974688 7
"269" 67.6704396292886 22.9848325577949 7
"270" 70.6380248751096 18.995707774326 7
"271" 64.8351124274815 27.4725907442894 7
"272" 68.5138115467213 20.9036568894905 7
"273" 64.6882723302271 17.4500651773019 7
"274" 71.1332234547666 22.0468038961603 7
"275" 137.675361263881 130.437642992366 7
"276" 141.872147591951 129.34928904159 7
"277" 140.329222724711 136.66165698145 7
"278" 145.563596625218 132.988080249893 7
"279" 140.260287412534 136.58777335188 7
"280" 141.866691254243 136.170105181995 7
"281" 142.625010496818 131.820246143744 7
"282" 147.163642601797 133.005315087744 7
"283" 140.057142083906 137.255643008078 7
"284" 140.570897175538 136.551534810345 7
"285" 146.082955456512 133.160979888054 7
"286" 136.844287166733 132.558078622378 7
"287" 138.386818387997 137.183183747505 7
"288" 147.010791222885 130.346189464537 7
"289" 140.774124399713 136.768380776113 7
"290" 142.841683450304 133.762396197703 7
"291" 142.755761994298 136.008018635169 7
"292" 139.80305536328 137.101191530368 7
"293" 142.523473761665 133.886607421904 7
"294" 139.671204761854 136.234652901318 7
"295" 144.296072811272 132.782357821915 7
"296" 141.622880165408 135.639862562099 7
"297" 139.255952249135 131.040091901486 7
"298" 136.629979342327 133.688853030954 7
"299" 147.264073602446 133.286242487754 7
"300" 145.689639574838 133.853508367438 7
"301" 145.298349750007 136.716412231392 7
"302" 144.661866518854 133.146252581462 7
"303" 143.116085685557 129.147786651746 7
"304" 140.304446488427 136.662223747645 7
"305" 143.155786731364 133.24945956081 7
"306" 140.990000451988 128.775255433897 7
"307" 144.439249845554 139.601896593406 7
"308" 140.085096659684 134.19072326596 7
"309" 69.1367154412892 41.2997530513366 7
"310" 57.4767180786161 32.6306120382949 7
"311" 67.4903062100651 30.6997012441619 7
"312" 66.1849219884811 21.2367157306763 7
"313" 135.502887748292 122.299249769465 7
"314" 60.9656838600142 30.1651611921456 8
"315" 58.6257093330393 31.4400805710457 8
"316" 63.8506254483577 35.2388536572212 8
"317" 57.5273085771789 31.0120708076648 8
"318" 59.0638881056849 28.6412425152974 8
"319" 60.1219814140105 38.436139272787 8
"320" 61.3855039359258 35.0927670247416 8
"321" 64.6281070393974 23.6534203806497 8
"322" 64.7805613457546 39.8670404477408 8
"323" 61.3736096586999 32.8336412379769 8
"324" 61.6338159444548 38.8895581648829 8
"325" 64.5216833703443 40.1866420870062 8
"326" 66.2226836777732 32.1107696948238 8
"327" 67.7861014005188 37.5522275573004 8
"328" 64.7361752374146 41.5328514809438 8
"329" 65.1229958262311 30.5664941558959 8
"330" 64.7602546859748 33.2816993541619 8
"331" 64.4598190485231 40.052183775338 8
"332" 61.1214446272254 35.7274421349965 8
"333" 65.1244114072617 30.4655039752099 8
"334" 67.8100989998964 23.0890349184452 8
"335" 64.6535932323769 22.5317188943371 8
"336" 69.3231848162988 19.3672852461448 8
"337" 68.4950546054889 21.222636409894 8
"338" 72.3173705966719 23.579796938695 8
"339" 60.603282436689 17.0759829966284 8
"340" 69.5045003758461 24.6141979151857 8
"341" 64.5139291404145 23.3666423346494 8
"342" 68.5670636493897 22.7657646450289 8
"343" 69.8354183707119 23.1893516128521 8
"344" 68.6092223483475 21.1424206051105 8
"345" 80.8984482418719 17.6512739799867 8
"346" 68.5352909559556 21.0583483376572 8
"347" 73.7229932679517 24.9760432043896 8
"348" 71.8376124380687 21.2376894535858 8
"349" 69.083499041936 23.2547752099282 8
"350" 67.7432779528832 21.7419146166405 8
"351" 70.2222208964094 18.8995509799611 8
"352" 65.931360072624 23.1510569858409 8
"353" 70.1882416849339 18.3137179969675 8
"354" 68.2934204478417 23.5910596460851 8
"355" 72.8201201766935 25.5877539300728 8
"356" 70.6429482355283 23.8352834110731 8
"357" 70.3493501308392 21.1009030822721 8
"358" 68.7352401654429 20.8407043977119 8
"359" 67.4917105264204 17.0413109335094 8
"360" 144.574865906864 133.258273358073 8
"361" 140.135584736034 137.569903981675 8
"362" 143.499069288577 138.938804156258 8
"363" 147.95637849208 131.342896664601 8
"364" 137.779566978942 134.468581319531 8
"365" 144.869337897595 139.643691551468 8
"366" 142.971402569193 129.172723699387 8
"367" 143.304307325959 136.378195343376 8
"368" 146.246375832926 134.57473516753 8
"369" 142.7027174598 135.769171667124 8
"370" 138.510870591461 129.570761265336 8
"371" 142.847898946961 128.711683720892 8
"372" 143.831686876771 133.687497067307 8
"373" 144.737155233323 132.258201374791 8
"374" 142.647480163921 131.828163324293 8
"375" 146.263317757085 134.106831444125 8
"376" 142.887674007334 128.490203257137 8
"377" 147.252644225351 129.668327000551 8
"378" 144.581159721011 133.031184637091 8
"379" 142.79320097519 129.272095658227 8
"380" 147.65642018947 132.977981200256 8
"381" 140.047354077949 136.191256625579 8
"382" 141.334504014991 135.685735440098 8
"383" 141.936066178961 134.559118657381 8
"384" 147.444079607224 131.090194150451 8
"385" 138.019719312336 138.017964586059 8
"386" 145.028654626901 138.099882199909 8
"387" 143.086953984197 127.704424969477 8
"388" 141.72470647151 127.646974589107 8
"389" 145.525136026963 136.892184328222 8
"390" 139.706282116931 133.503040247212 8
"391" 149.28516039943 130.90287267562 8
"392" 138.100004773235 133.516052649818 8
"393" 137.141287846104 133.929690870481 8
"394" 146.542871662394 136.38547756027 8
"395" 147.503176215088 129.757475588674 8
"396" 144.225883957932 131.595879484949 8
"397" 147.081393902324 133.92685915322 8
"398" 69.9889314070238 42.3393356234325 8
"399" 124.187425624798 108.887597629731 8
"400" 86.1105216688757 58.268910863984 8
"401" 139.915580514221 80.2884264329087 8
"402" 62.1550359686568 20.5853168092247 8
"403" 149.920654847736 134.074846557104 8
"404" 67.2530709390138 30.440742704219 9
"405" 61.3124332380505 31.1643517453624 9
"406" 61.0458703795865 35.8002963579402 9
"407" 69.8738958805725 24.4458370869753 9
"408" 61.3081422952151 34.5104140014804 9
"409" 62.9573657387472 42.0288166109032 9
"410" 64.2378428760759 31.8490515164406 9
"411" 60.2822651002295 37.5035967839413 9
"412" 64.9201958005779 34.0792871615347 9
"413" 62.3022404747326 28.6119772639706 9
"414" 65.2830329308186 30.0970019823303 9
"415" 61.257961984925 33.5724206487386 9
"416" 65.1131127019556 32.9255196886441 9
"417" 65.299612495534 33.9427308496807 9
"418" 61.7992745870448 31.5140188877657 9
"419" 70.5557641424651 24.090551791757 9
"420" 65.5880436114465 18.2491662925078 9
"421" 68.3396660375229 18.2911203914924 9
"422" 72.5148252297752 19.0536207288473 9
"423" 67.8741681021138 22.9048109594636 9
"424" 67.7847271673321 23.2293024426099 9
"425" 67.6191007787627 17.1600803854831 9
"426" 74.8999456837904 24.5342097914591 9
"427" 67.8350953929676 17.6759417636683 9
"428" 67.6072192859558 21.6780194433844 9
"429" 66.1998899731317 21.7120487107007 9
"430" 72.6297352842655 23.4689748198007 9
"431" 73.7560582008362 26.8643145887411 9
"432" 72.3172108294272 20.5102036923676 9
"433" 68.2931945999101 22.577498877493 9
"434" 70.811233726043 22.6204801656629 9
"435" 65.9334868711104 23.5485704882712 9
"436" 71.1876990784329 19.4053854793807 9
"437" 70.7881809782054 26.5396831177909 9
"438" 67.0415996349515 21.2916919190115 9
"439" 68.6007556850582 23.8172429504079 9
"440" 67.4340927268827 21.7249023091936 9
"441" 139.830773208493 133.122618406745 9
"442" 144.741602196968 132.498664512266 9
"443" 146.430052830749 134.418873863336 9
"444" 138.113210465294 137.746813759891 9
"445" 142.884797309395 129.377217424323 9
"446" 144.641747031226 132.688258521528 9
"447" 145.05510894581 137.954135244995 9
"448" 141.34216246564 138.968342424099 9
"449" 142.769963841571 127.619976244851 9
"450" 144.897807540193 136.860401815412 9
"451" 149.817802267128 129.850731864838 9
"452" 147.32993827009 129.459359234521 9
"453" 140.055531985632 136.174394669086 9
"454" 143.02192926924 131.007920434638 9
"455" 144.567141977569 126.941129725098 9
"456" 136.49524811045 130.267328503903 9
"457" 145.915221231085 129.328353900871 9
"458" 147.173162431976 132.560037895888 9
"459" 143.762978265932 134.493165943322 9
"460" 147.738456728088 129.82278228467 9
"461" 147.35624430426 134.767039512442 9
"462" 142.028228875166 131.058190030236 9
"463" 141.07996062049 136.562542985962 9
"464" 147.113954033029 130.067344974135 9
"465" 139.088020150203 134.309875694196 9
"466" 145.196975608186 141.335656756913 9
"467" 144.376329317166 133.055280998217 9
"468" 143.75586687004 127.891627177181 9
"469" 145.295490645342 137.445072234969 9
"470" 139.580442960831 135.708011908583 9
"471" 64.6391881985683 23.5791607399341 9
"472" 125.568461656911 108.70369364396 9
"473" 153.923283675688 140.756336426314 9
"474" 146.365007032408 45.4583263561124 9
"475" 68.9053859666473 40.8803325062605 10
"476" 60.8513565874698 30.0476877123121 10
"477" 65.5257105679728 30.6065908619135 10
"478" 61.3657663570857 31.2678668402561 10
"479" 65.1729044004777 33.536096546331 10
"480" 60.2122303611799 32.5910185174956 10
"481" 63.0836504279505 37.8528248892419 10
"482" 67.7052033346411 27.7968480150754 10
"483" 63.0306530602384 40.6418558334325 10
"484" 54.7491256274699 34.8364968025947 10
"485" 63.0412335936638 42.0201633760405 10
"486" 58.8966598124581 39.0845360288627 10
"487" 64.5537582639577 39.0399310747135 10
"488" 65.3947285428962 33.1189876453364 10
"489" 63.2306765382447 42.4016545788414 10
"490" 72.4350488223603 37.9867076441156 10
"491" 61.5313428495406 40.5420583303913 10
"492" 69.9638095446013 43.2696851241703 10
"493" 68.0304401821513 30.5001261693618 10
"494" 66.4891797678074 35.328853534515 10
"495" 63.1412628526621 27.1141098361683 10
"496" 59.5803384437277 30.5584472161883 10
"497" 61.5704842506943 30.7738069297655 10
"498" 65.7713638848906 38.2611523749228 10
"499" 67.4656570438589 25.2011980000464 10
"500" 65.024845011589 23.7168443542255 10
"501" 65.9262246069371 23.6540203740715 10
"502" 66.7677756371677 20.8590461237646 10
"503" 76.684288577789 23.7516201988689 10
"504" 73.4833475659182 21.3258618757481 10
"505" 72.782562670134 24.8546934174459 10
"506" 66.2983818378745 21.8471007569416 10
"507" 67.4998934914712 20.2591556022899 10
"508" 68.3571261014031 18.2740153732638 10
"509" 67.5788204724206 23.5660656218836 10
"510" 68.1956937836697 19.3590407623191 10
"511" 68.0418963301858 18.2300553900453 10
"512" 69.3382356373065 23.9743644346903 10
"513" 72.477785855598 22.7591507097301 10
"514" 67.3164473026044 19.9124415224522 10
"515" 70.3670429604178 24.4684547404845 10
"516" 65.8387957323295 22.1134675645434 10
"517" 70.8147004745482 22.6031928746814 10
"518" 72.609819182326 22.4446225768281 10
"519" 147.65531513754 131.264888702723 10
"520" 137.866908111174 134.825976238601 10
"521" 150.691200830446 135.650568895377 10
"522" 142.192706337643 131.95036822188 10
"523" 136.369635129806 143.849130220126 10
"524" 144.266647853601 137.330464262895 10
"525" 146.445685086675 134.371273353777 10
"526" 142.562862783469 138.594190143196 10
"527" 143.50586031312 134.473917780642 10
"528" 143.884587026295 136.132337264814 10
"529" 140.828669803888 137.544620731009 10
"530" 143.65467615617 130.118104964747 10
"531" 144.451493283259 141.656216004486 10
"532" 146.163005944135 128.210454075698 10
"533" 149.014825584695 142.092354131564 10
"534" 143.46138484437 139.235024745083 10
"535" 145.745879606111 131.861086262093 10
"536" 144.859577976031 132.60802380432 10
"537" 146.115799038695 129.717987218501 10
"538" 140.944076681498 135.729557912466 10
"539" 139.714687472858 132.497805452423 10
"540" 65.2367664895419 36.4315037877206 11
"541" 60.4114739934531 34.2829128894648 11
"542" 61.0500317229075 39.5065830638679 11
"543" 66.8860542238859 30.3645176287203 11
"544" 68.035745285368 27.7876094359024 11
"545" 63.5812998076808 40.484862112173 11
"546" 60.4346810505602 32.4967018642918 11
"547" 59.9313578201321 37.6103776356054 11
"548" 63.8145324596952 38.2614377151149 11
"549" 58.761611896329 34.5900432483171 11
"550" 65.1432941679882 34.9207898916175 11
"551" 63.1747731082311 41.685613319534 11
"552" 64.6824795758174 37.3853880719125 11
"553" 59.7997596691729 22.4094030043505 11
"554" 60.8258379220933 35.1639285826969 11
"555" 66.0422815998745 37.8582957913355 11
"556" 60.2509016262582 37.1410424240325 11
"557" 60.5526261554598 35.2222099439772 11
"558" 61.1621882658739 31.6494990437695 11
"559" 64.2078258434671 31.6792518668085 11
"560" 70.2874110249464 24.9349827654743 11
"561" 77.299701947349 23.6668923995744 11
"562" 64.0418849511009 23.472415819085 11
"563" 69.8484735986046 25.3199942601634 11
"564" 65.3457531805404 23.3859223090296 11
"565" 73.1129567941614 23.5562950931146 11
"566" 61.2576322127575 22.0294613769228 11
"567" 67.2860473310186 19.4380097147601 11
"568" 66.5821596315524 20.9560551245624 11
"569" 66.4404326605011 24.747438856769 11
"570" 66.9050560387834 21.4747558615821 11
"571" 68.0641879219379 25.324454952319 11
"572" 62.870034228017 27.1559768646023 11
"573" 65.9805324744519 22.117796479062 11
"574" 74.6894507375624 20.9012973857552 11
"575" 62.3797001443221 21.790385268692 11
"576" 70.5865295009371 22.3512132763479 11
"577" 72.3079567999767 21.3418762269001 11
"578" 67.2078794108469 25.5583620943241 11
"579" 67.6816810865126 28.1745067170662 11
"580" 150.238560056633 135.948203213342 11
"581" 147.97776372377 128.627605509964 11
"582" 141.451414064478 132.200255052706 11
"583" 146.100883281765 124.252530613296 11
"584" 144.802103780987 124.811340964236 11
"585" 144.796950166975 134.039769652063 11
"586" 146.454484287107 127.414157004024 11
"587" 139.526245841948 136.527109579992 11
"588" 151.004161351947 135.419761030775 11
"589" 136.341171809627 136.513499840128 11
"590" 144.757395379627 137.190459053308 11
"591" 145.349323728026 139.058270856742 11
"592" 144.625157978963 134.468906554272 11
"593" 149.546361686619 139.277073382819 11
"594" 140.817914047263 138.229497274472 11
"595" 145.727300307059 130.007078788779 11
"596" 144.580912808325 131.981206476441 11
"597" 142.944777092478 138.311631727729 11
"598" 144.915507502359 132.404892088757 11
"599" 144.994749312236 133.398515962732 11
"600" 144.383448568871 131.604526169292 11
"601" 147.578711555118 141.526975045444 11
"602" 134.727110746911 143.693271101447 11
"603" 62.2573667789894 27.5620968187009 12
"604" 66.0839598178435 34.6920949837612 12
"605" 67.3581375300666 32.3366094921641 12
"606" 59.1363247738582 31.0486492366636 12
"607" 59.8495943515093 37.6831121140621 12
"608" 67.9669850560993 35.6779529726322 12
"609" 65.8041053032013 36.7938903551924 12
"610" 68.1131431886679 30.9531244239818 12
"611" 60.3307102384267 34.1877794802887 12
"612" 61.0540604657007 32.4991682704816 12
"613" 67.6526967766308 40.0394412662376 12
"614" 71.4503183814368 30.4089149839345 12
"615" 65.7116281574955 22.3793972486487 12
"616" 67.293521817784 19.4592826291634 12
"617" 65.358677503556 22.9183733862466 12
"618" 68.1785374775342 23.2529340129819 12
"619" 67.9682216844422 24.6720111635235 12
"620" 76.8808045772575 19.6013192287721 12
"621" 67.4478391903805 24.2635292398498 12
"622" 73.0607790811782 22.2356702322556 12
"623" 142.347941405174 132.251077702946 12
"624" 148.994597795718 138.163411544651 12
"625" 141.029735868156 134.453325102704 12
"626" 139.930089712484 139.623917276267 12
"627" 143.474040271805 131.622674443857 12
"628" 146.145780733905 128.936858902263 12
"629" 146.809182785685 142.893702148233 12
"630" 145.049957039562 137.483147684747 12
"631" 145.429063450355 138.62319702863 12
"632" 146.654999368974 138.65917248459 12
"633" 136.275576141058 131.065851428677 12
"634" 141.37878902498 136.681033117016 12
"635" 144.737879565045 137.27375037043 12
"636" 142.854499304649 138.00068186464 12
"637" 67.445064753285 145.623300586322 12
"638" 131.012626082209 130.194102737057 12
"639" 67.4969171359932 35.1466638651248 13
"640" 65.1386222340676 37.0116594810699 13
"641" 67.8013741903042 36.0173270393229 13
"642" 68.908549469807 32.2787862496494 13
"643" 60.0440891278373 39.2531981457898 13
"644" 67.7080932760335 35.7348609681793 13
"645" 68.6047565373843 28.1644387476399 13
"646" 63.6941195709332 37.9102600319268 13
"647" 59.6539235150733 31.5600481495133 13
"648" 59.0128348864935 35.8756177157394 13
"649" 60.6402061561302 33.3002161988051 13
"650" 59.1378031336487 36.5435911041321 13
"651" 66.7355821854321 18.7343141489994 13
"652" 64.1245114495361 25.615901188776 13
"653" 68.3458942587996 19.6054764432858 13
"654" 65.0372370170234 23.1562933084919 13
"655" 73.2001354724177 22.4762416683625 13
"656" 68.2749642748867 24.8354913240536 13
"657" 67.4197711039295 25.4684797938869 13
"658" 69.8044672038102 20.9960190090077 13
"659" 145.191010257674 135.411735683604 13
"660" 140.844634664253 134.818830423296 13
"661" 145.021501336156 131.641000303248 13
"662" 141.347681192159 135.090791375537 13
"663" 149.455428034756 137.618103644192 13
"664" 148.179970370824 136.695943715839 13
"665" 147.403936473737 138.861770688181 13
"666" 141.846048311431 136.667513384452 13
"667" 128.267654334213 131.557665142805 13
"668" 59.4781445303075 31.4780305997972 14
"669" 62.1842694360636 41.8573083587427 14
"670" 64.4895806296545 37.7350119823884 14
"671" 59.0820938130842 37.2653165271209 14
"672" 63.3874183785693 37.8179776030757 14
"673" 66.2725551878827 34.0690134359145 14
"674" 65.173931479779 23.1928274233378 14
"675" 71.8093327182949 19.2832714127779 14
"676" 66.7987026912447 25.0202777506694 14
"677" 64.1463109602646 25.0460403633673 14
"678" 146.086737695277 138.214806123004 14
"679" 144.770749662577 140.063684254835 14
"680" 147.368669985124 136.116292477056 14
"681" 144.630761509232 135.380368114408 14
"682" 144.99163902288 135.476759060508 14
"683" 141.535567973927 136.557101721816 14
"684" 142.65720708255 137.452209360054 14
"685" 150.703978651809 133.364183299309 14
"686" 149.583744414328 138.64936175614 14
"687" 149.436390215191 137.597087789853 14
"688" 149.451281384933 137.923044005459 14
"689" 145.368090057965 139.530945944479 14
"690" 66.9709338777831 144.901191819883 14
"691" 65.0944639365338 31.2339692958959 15
"692" 63.247568464595 25.9432523803241 15
"693" 65.537437120477 36.3377565969221 15
"694" 68.8242955157519 21.8096882229705 15
"695" 72.6940062955846 16.4478024466376 15
"696" 71.6143017016737 24.4981134685613 15
"697" 141.299813287562 136.997784355714 15
"698" 144.26989666003 134.285670940066 15
"699" 144.33319773409 140.03665679681 15
"700" 153.416492376469 131.097946363999 15
"701" 141.575732089847 138.394998700584 15
"702" 137.240851897529 139.176248450565 15
"703" 145.903736742449 144.40386833211 15
"704" 152.861161066742 131.829566092408 15
"705" 89.1924940861213 18.049187368279 15
"706" 67.4253730857419 32.0975261421552 16
"707" 64.6400836138078 36.023933860803 16
"708" 65.1171319714907 32.3132835621673 16
"709" 63.5744469974566 36.0883684595841 16
"710" 66.8233712939311 38.5283767704236 16
"711" 68.9251417811249 22.2080874248065 16
"712" 66.9338724973279 24.1892360066008 16
"713" 73.5864631054498 20.5743796550893 16
"714" 137.932113594977 139.336273966069 16
"715" 145.631806809441 130.770672191114 16
"716" 141.203230214837 136.779161751547 16
"717" 144.071501166659 141.45098007754 16
"718" 138.057308999159 139.170345350765 16
"719" 146.958203609505 137.887975943453 16
"720" 136.220951679922 140.277517166712 16
"721" 149.692112462634 135.096019108907 16
"722" 150.057838617961 140.114304753693 16
"723" 67.8814662823503 36.9317075416861 16
"724" 68.0985289853918 33.7037039860321 17
"725" 66.9048848144973 38.7801358182437 17
"726" 66.4874277827437 31.3511778036673 17
"727" 73.7035157993054 20.7255351637747 17
"728" 66.8832924521268 24.8087286031618 17
"729" 73.9358505451175 21.9682430348905 17
"730" 72.9382407894481 19.0272467523153 17
"731" 73.5448999141368 15.9134095634284 17
"732" 62.9256157107801 21.3060157815027 17
"733" 73.1410797804857 21.45440540573 17
"734" 73.3473739092554 20.1473350746088 17
"735" 143.632718178399 140.403639639675 17
"736" 151.447922714909 135.42101933424 17
"737" 138.423633463658 140.363141431283 17
"738" 138.163619851944 139.076226599361 17
"739" 138.09147454664 139.022465052229 17
"740" 142.179171116973 138.379652537433 17
"741" 65.476790117476 39.6891522235466 18
"742" 66.1976756806101 40.4032877569157 18
"743" 67.2587426282785 32.879271771951 18
"744" 67.731633876413 33.3168476120272 18
"745" 63.8513690770433 39.6245700259396 18
"746" 73.2827306297396 21.6703040519196 18
"747" 73.040086240592 21.7733579644026 18
"748" 62.8933241557984 19.8013278112068 18
"749" 73.8185026840426 20.2066320649216 18
"750" 73.3817868617968 21.5943120588094 18
"751" 74.0129350921615 22.0222431509281 18
"752" 73.0970925483601 20.680187790293 18
"753" 71.738438749221 23.872994089241 18
"754" 147.705205451855 126.678006870121 18
"755" 145.725270337891 141.827600670613 18
"756" 144.175064303013 143.192013787314 18
"757" 146.943407541441 136.852742857425 18
"758" 144.544645146378 142.551334392921 18
"759" 133.740068943338 22.638172231388 18
"760" 64.3055920919105 39.1053033216261 19
"761" 71.273614544413 25.8209545522816 19
"762" 77.8832150214711 24.0436311111131 19
"763" 69.4714753300986 25.0585721788898 19
"764" 64.1191535257905 21.3911455869947 19
"765" 144.47383539879 138.335833404069 19
"766" 151.281914557777 138.986057938914 19
"767" 147.099182346518 139.400878108832 19
"768" 140.290977499595 139.360128138257 19
"769" 138.540780003462 140.076016828127 19
"770" 146.781672303302 134.165372583877 19
"771" 137.671415035071 136.798897472786 19
"772" 144.2622747934 124.782851226438 19
"773" 94.5332181808066 106.821923016387 19
"774" 64.4078928821274 34.8840740758817 20
"775" 61.5066612432055 42.2287423089423 20
"776" 66.2842130840494 25.1717018296276 20
"777" 63.3203558192406 20.5304746737675 20
"778" 136.707266502897 143.434189248161 20
"779" 146.260935507855 134.968297030119 20
"780" 144.016045137488 139.184322790794 20
"781" 143.4743683774 134.770866637633 20
"782" 151.357349669304 136.925943637561 20
"783" 139.381687779286 138.798604477974 20
"784" 78.9972045761159 16.0970252465807 20
"785" 109.453480177879 98.7789651437195 20
"786" 50.7365230790478 44.160481525092 20
"787" 62.3085656725579 48.0584201165308 20
"788" 61.5840126911315 43.1645132364941 21
"789" 60.8371127999934 42.4324896270801 21
"790" 65.9805509042429 25.9029358811637 21
"791" 63.2172147967172 19.7897662218007 21
"792" 143.379409400351 134.217334600733 21
"793" 145.52428245843 140.49452532512 21
"794" 147.731096106543 139.847184612353 21
"795" 143.706935188702 144.850541716706 21
"796" 147.35668302607 134.459063115085 21
"797" 137.308880952034 127.787071100334 21
"798" 150.839855264247 127.009179897518 21
"799" 151.922370123655 142.973912072429 21
"800" 135.685835541748 141.577512495219 21
"801" 132.81808572763 141.827961667453 21
"802" 91.5588962230405 107.784529121224 21
"803" 120.734650488957 71.0466084488115 21
"804" 60.7101693199337 42.2503595104013 22
"805" 69.5903553994643 36.0711639257368 22
"806" 62.8762748884087 19.3000323384464 22
"807" 65.5230030242824 20.0793119667066 22
"808" 142.883710842647 133.335297619292 22
"809" 153.330919882742 132.655647189134 22
"810" 138.790504315537 125.801189959598 22
"811" 145.061516958493 135.840784521806 22
"812" 142.472460465023 144.704591308523 22
"813" 147.685522219943 132.156947115447 22
"814" 148.895473215552 131.635238120324 22
"815" 142.431479187898 140.529349943621 22
"816" 135.89813265775 116.65393201176 22
"817" 115.527513103966 38.6242560962369 22
"818" 100.546074921792 132.908983861314 22
"819" 136.1558214487 79.1081255280179 22
"820" 60.681397412135 42.2462046328688 23
"821" 58.6868715074245 42.7505501058871 23
"822" 71.4379057587177 29.3748258921458 23
"823" 64.391388338593 20.5146770416773 23
"824" 63.9492575092329 19.6513166560649 23
"825" 138.29149566655 128.363339396337 23
"826" 142.75773235982 144.14291589059 23
"827" 143.128169561237 136.700632429105 23
"828" 135.435352086713 141.754844537595 23
"829" 97.0851163725005 142.96124532624 23
"830" 141.998505510324 88.851845003562 23
"831" 64.2974009626292 41.9099158770659 24
"832" 61.2475671630194 38.2036309015437 24
"833" 144.013924658654 137.770776173927 24
"834" 142.698736297299 132.455744401724 24
"835" 136.210410446718 129.257126346541 24
"836" 70.6920318470366 101.061262800362 24
"837" 63.3610168708025 133.242773974802 24
"838" 155.510034309068 53.6823061356092 24
"839" 60.4400916331535 20.1680936856199 25
"840" 144.678614622331 136.67651152648 25
"841" 143.228748944909 131.379009344632 25
"842" 143.544589856723 139.759466807078 25
"843" 135.571602180335 74.8416946514395 25
"844" 55.2876133036979 31.5980383050265 26
"845" 54.5804061892065 18.4769795541803 26
"846" 141.126798765079 139.833275999717 26
"847" 92.5944446699077 142.057209017596 26
"848" 144.32154464744 140.796419465824 27
"849" 153.090023165103 139.412812907993 27
"850" 62.3534834885787 19.697461596752 28
"851" 136.390341117551 134.206188143255 28
"852" 66.5007768219582 30.7765549312694 29
"853" 143.16155222075 134.65615971441 29
"854" 134.692533289548 135.128354749944 29
"855" 153.797793944822 137.416710125965 29
"856" 65.1544602914601 37.7418078053039 30
"857" 64.9091202149248 20.09144119536 30
"858" 139.074637238538 135.738265628592 30
"859" 61.3819497085803 29.9257856805821 31
"860" 71.3311602257675 20.0957683023849 31
"861" 141.221061999576 135.823046145632 31
"862" 136.608041197841 134.462938534562 31
"863" 144.171850689315 138.420436179871 31
"864" 140.845243832998 141.336475001031 32
"865" 146.196254919252 136.083137067604 32
"866" 98.6661570288539 113.074421452393 32
"867" 68.9492320235926 31.7278830752744 33
"868" 141.50906270633 143.183255246789 33
"869" 144.744790493971 145.973616263905 33
"870" 143.926335438959 123.779237528284 33
"871" 67.5102987416065 28.6097875621357 34
"872" 66.936715837359 29.1300110175251 34
"873" 145.875472635144 136.221151721057 34
"874" 99.1943971956825 111.592100589335 34
"875" 141.221435549873 134.463828019979 35
"876" 138.008772174987 143.61234440618 35
"877" 99.3546810485946 126.647808008213 35
"878" 137.371289156271 135.822090958889 36
"879" 131.201174330102 93.7445348139674 36
"880" 68.6517137917561 20.1741889414249 37
"881" 137.130999883587 135.237434066641 37
"882" 134.789548736855 130.539825697851 37
"883" 99.7431375730801 127.593132685599 37
"884" 150.503552364093 130.193101623696 38
"885" 137.104085325104 137.785252127054 38
"886" 131.672344788713 85.8132947773907 38
"887" 101.019664431835 127.863211563041 38
"888" 65.5427244421493 16.4090045011826 38
"889" 69.0851871151783 21.338107932828 39
"890" 136.654182599174 138.559525022625 39
"891" 151.949850077493 136.236921051917 39
"892" 141.035407747524 141.92192061321 39
"893" 124.894971671504 55.7823613568597 39
"894" 66.1989156622575 27.7227153598815 40
"895" 67.6761310521512 18.7430328520074 40
"896" 69.1134822775491 21.468135448659 40
"897" 151.758018779394 136.794479142755 40
"898" 103.611868313031 90.1935074464538 40
"899" 65.0402724356614 28.9863414916085 41
"900" 69.6283122993119 21.4334271258614 41
"901" 150.267808096528 132.357434756681 41
"902" 140.528356915855 134.525879633089 41
"903" 69.9256707206336 30.0723270678606 42
"904" 67.2886732049112 31.68265733127 42
"905" 68.3718744983231 25.5054719413 42
"906" 73.0111209454733 24.2404391623039 42
"907" 140.377625612521 134.924312293345 42
"908" 72.037350777442 128.9997903246 42
"909" 73.2864526930808 85.2774432350318 43
"910" 58.488349327439 135.317846517326 43
"911" 61.2111136382065 67.1442198300598 43
"912" 69.2825162899056 132.088261845821 43
"913" 68.7508340599549 24.1043675715863 44
"914" 68.4626866321553 16.6567746295482 44
"915" 108.452844908739 33.3152598676707 44
"916" 71.6902219778375 52.0647528313253 44
"917" 61.2104465238531 26.2173067518646 45
"918" 65.0110458989397 20.9486649255728 45
"919" 59.3467850083895 67.5608084617921 45
"920" 147.76099309901 45.5879960413552 45
"921" 60.5538809395308 81.7321909798046 45
"922" 59.5043798998476 34.7878034033188 46
"923" 68.9134656522352 25.008930161475 46
"924" 64.8140312850104 20.8795150211026 46
"925" 64.5617293854887 28.3870198022748 47
"926" 62.1997995297623 36.2090449951387 47
"927" 64.4904090011457 43.2026174289126 47
"928" 55.3430711194024 32.6981116157621 47
"929" 75.960130827949 28.1887349733373 47
"930" 70.1704410847132 27.466793231274 48
"931" 64.4643969434712 43.2024521520434 48
"932" 63.3959830108767 27.5652892452788 48
"933" 55.3133956932422 32.8383936301775 48
"934" 66.2042580761995 40.8981305922453 48
"935" 54.0936587972118 31.0939562084209 48
"936" 67.811189332271 28.9800060348948 48
"937" 64.654814306342 27.819829155649 48
"938" 73.5262002064174 29.0469999780293 49
"939" 63.6515394952061 27.0889178844536 49
"940" 61.7715154787064 40.7059462817945 49
"941" 65.9547181803678 46.0633648858129 49
"942" 58.1029221440687 21.2033790186037 49
"943" 54.1932844932373 31.1222680730199 49
"944" 65.1890778577453 45.5665553595535 50
"945" 63.5225004509388 27.1639731918176 50
"946" 58.2764856289267 21.1718835514263 50
"947" 55.0167261767343 16.5142217252821 50
