"V1" "V2" "V3" "V4" "V5"
"1" 85.8061159211187 23.7569140719517 1 1 21
"2" 85.4495484689767 11.1550370614776 1 2 12
"3" 86.1216046595722 29.7996460608221 1 3 20
"4" 86.9314607922278 13.5383184740352 1 4 4
"5" 84.0964688142616 22.5443710575392 1 5 9
"6" 86.6263316794877 20.3166831500455 1 6 6
"7" 84.560339959506 11.8988832185746 1 7 9
"8" 88.6389250740349 23.9537309258049 1 8 18
"9" 88.8588682965455 21.752755457006 1 9 4
"10" 85.4057305348487 16.7998130393559 2 10 4
"11" 86.335002359092 16.9726753519091 1 11 4
"12" 84.3325491251458 13.658259741081 1 12 5
"13" 84.4434740514802 18.9073404549109 1 13 3
"14" 84.5299463815813 15.3390201109781 1 14 1
"15" 83.6957713913539 23.4432365368853 2 15 8
"16" 87.4654036191736 23.5427113303032 1 16 8
"17" 85.8949902732047 19.7490385858145 1 17 3
"18" 88.9422836750033 20.2485672459462 1 18 6
"19" 88.0089151558499 20.2375420809298 1 19 3
"20" 84.7836932484031 16.4553971957644 1 20 1
"21" 83.9950613369149 24.8971306641872 1 21 3
"22" 83.3853168145157 17.0609517004047 1 22 8
"23" 87.6747023347087 18.7155984762879 1 23 4
"24" 84.4715747747964 14.9614560469501 1 24 3
"25" 84.3465240428621 19.2102238379744 1 25 3
"26" 87.2632781921387 18.9572664776054 1 26 7
"27" 85.1640666138797 24.2798479985271 2 27 6
"28" 89.0895386298752 20.2073788704185 1 28 1
"29" 85.2030026094817 16.1632368046291 1 29 2
"30" 83.7845602702088 28.8344450627412 2 30 5
"31" 87.1319272219598 15.1048323090861 1 31 10
"32" 84.4392565246851 31.4087989393203 1 32 9
"33" 87.1288237540129 20.8341410808953 1 33 5
"34" 85.1418676089769 19.5961700942264 1 34 1
"35" 83.7587043490658 12.9252371721034 2 35 2
"36" 86.2035367824036 24.1846522559162 1 36 5
"37" 86.8959964920755 18.5719172529185 1 37 3
"38" 84.2113191650799 21.7408050788353 1 38 5
"39" 83.8156840479882 12.7721186930094 1 39 1
"40" 86.2930755141982 29.3186271153718 1 40 5
"41" 86.3431838326158 22.1803040389226 1 41 6
"42" 86.0080198333199 7.06572029471007 1 42 18
"43" 84.0777297250409 20.4315968563508 1 43 5
"44" 84.0181066257583 18.647916123202 1 44 3
"45" 82.9706547441573 20.7508010292382 1 45 6
"46" 86.7480785947123 17.1819510206004 1 46 5
"47" 83.0028851027312 23.4176866417286 1 47 7
"48" 88.1316644311552 17.077488505949 1 48 7
"49" 87.3766184394922 10.897257354818 1 49 3
"50" 92.5630131295914 17.5757644026486 2 50 8
"51" 89.4729732576666 14.4537648092057 0 51 0
"52" 85.3085386927929 10.9308878092258 1 52 18
"53" 85.180555969942 23.7204859346744 2 53 5
"54" 85.904271910779 21.8957497661942 1 54 9
"55" 85.5295343344172 8.84308902178997 1 55 20
"56" 85.1017456066925 21.2746671077586 1 56 8
"57" 86.5665932130761 16.8894283867953 1 57 4
"58" 82.7835729011967 12.4401703294357 1 58 13
"59" 84.5672402030985 22.1674102436512 1 59 6
"60" 83.5722576704055 18.3219059168566 1 60 4
"61" 87.2825633290934 24.487680749705 1 61 7
"62" 87.5063564550818 19.4156589172781 1 62 6
"63" 81.8710255338794 16.3459820450052 1 63 2
"64" 82.5788102447647 13.6054563306681 1 64 10
"65" 84.5532576465411 3.62990477300238 0 65 0
"66" 86.0881051407449 13.2414622484598 1 66 10
"67" 82.9881363027118 14.0734195257149 1 67 14
"68" 84.9989036595106 17.263717445531 1 68 2
"69" 86.0269051849767 21.6326550836077 1 69 8
"70" 86.9035476863133 17.553400847079 2 70 10
"71" 87.1611866123859 32.6210696299386 1 71 12
"72" 84.9243744658025 19.2010089588773 2 72 9
"73" 87.7482904231079 21.5376476271302 1 73 16
"74" 87.2814998003809 27.3768524634775 1 74 39
"75" 85.3678294162381 25.5936162051588 1 75 4
"76" 87.460277740691 25.9517176109238 1 76 7
"77" 84.5577277991801 19.5294822006304 1 77 1
"78" 83.7246528051778 19.9874021988802 1 78 8
"79" 91.5107045592303 20.5334745393049 1 79 11
"80" 83.952120931209 26.6962347677615 1 80 6
"81" 86.3939326865774 9.31132613331118 1 81 18
"82" 85.1049462797228 11.783446947843 1 82 14
"83" 80.7224784625421 20.105447715733 1 83 14
"84" 86.0311549448824 14.6363669772784 2 84 5
"85" 84.5202283535224 15.5481500744768 1 85 3
"86" 85.5625880688884 20.7973995607899 1 86 7
"87" 84.8975921461289 20.8360955198411 1 87 8
"88" 87.2330797805177 12.9936166643515 1 88 4
"89" 85.0137575699299 25.2421293639979 1 89 3
"90" 85.4255827029697 17.4209133545262 1 90 11
"91" 84.4545067850995 23.3617429215819 1 91 20
"92" 86.8096675163292 15.8258881126153 2 92 5
"93" 87.3343563079278 14.7972372467017 1 93 8
"94" 85.7233553228922 20.220693942238 1 94 3
"95" 87.2560166131434 27.8259445314753 1 95 32
"96" 82.4896164480571 9.59487077463306 1 96 26
"97" 86.7381086187664 18.7259022076924 2 97 2
"98" 85.0829516350746 23.6484717574948 1 98 6
"99" 83.0240620675133 16.906989095783 1 99 6
"100" 85.2067372234947 18.7349830270889 1 100 5
"101" 84.5553097006054 22.052830144453 1 101 5
"102" 89.0972709920405 22.7645087168005 1 102 10
"103" 83.1836081688001 11.9473365970426 1 103 20
"104" 86.2956051207813 10.9188762177517 1 104 3
"105" 85.8012327937167 15.6206753632928 1 105 1
"106" 86.7391478598057 14.1698680984437 1 106 4
"107" 82.9276078875626 21.6399290593312 1 107 11
"108" 84.4597615665662 14.0404636186054 1 108 5
"109" 86.6305587847842 18.627036583453 1 109 3
"110" 83.7525970722846 22.5031308735097 1 110 13
"111" 84.8985321908314 15.1988884106113 1 111 4
"112" 83.2826384436672 20.4256825925602 1 112 11
"113" 85.7994374577321 13.0228784659402 1 113 5
"114" 86.4960861052889 19.8402875815773 1 114 8
"115" 85.084182747058 18.2772722332382 1 115 8
"116" 85.1833175725364 12.2886084508859 1 116 3
"117" 84.0710199761141 14.7699536366352 1 117 4
"118" 85.4387311992775 16.5000558097049 1 118 4
"119" 80.8647427673819 21.3895316286606 1 119 7
"120" 81.8968853392512 11.2417635596345 1 120 5
"121" 83.937621744977 12.6985420518592 1 121 4
"122" 88.4236225592363 25.9441947539707 1 122 21
"123" 89.339291485017 12.2941917628216 1 123 41
"124" 88.541443664366 27.3302486575806 1 124 10
"125" 82.5412315499624 24.3197486789859 1 125 8
"126" 84.3511096847794 14.7208410113937 1 126 2
"127" 88.1011633946576 10.7608235696273 1 127 7
"128" 86.6855873718319 24.2345471471655 1 128 3
"129" 89.094809193572 21.8453812411211 1 129 6
"130" 85.9516837501795 9.55347935236624 1 130 14
"131" 83.7870646199748 25.2245547013561 1 131 6
"132" 87.7713667711667 24.3995619938019 1 132 6
"133" 88.1735917394162 11.3445795471954 1 133 4
"134" 86.3428085065228 22.2171410940852 1 134 5
"135" 85.2020421914598 18.6474686747362 2 135 4
"136" 83.5923129665506 20.8843491865703 1 136 3
"137" 82.5466761202196 20.3996854854567 1 137 6
"138" 85.8637468463627 13.1450202877002 2 138 6
"139" 84.7650026358456 22.599415277649 1 139 8
"140" 82.4485456089365 20.282770490419 1 140 7
"141" 88.292516046709 24.5417422890696 1 141 7
"142" 87.0460391019815 10.7002711271477 1 142 6
"143" 85.3242404171554 30.2269650437067 1 143 12
"144" 87.3774217953417 24.9674434794384 1 144 10
"145" 82.5766233397715 14.5970500956605 1 145 4
"146" 85.0903939384423 16.7735909426314 1 146 2
"147" 85.9323015657659 12.8155651063842 1 147 8
"148" 85.5205639413433 21.9293561852803 2 148 6
"149" 85.2026970561568 16.7769870279421 1 149 3
"150" 85.5552118162266 20.95528411818 1 150 5
"151" 89.8255026797799 20.8643354105129 1 151 14
"152" 86.5188272083008 17.6233703094609 1 152 7
"153" 84.8856621275628 13.6021791556806 1 153 2
"154" 88.2417134770187 13.8399633741429 1 154 8
"155" 83.5650806482611 14.7983019148623 1 155 3
"156" 83.7654273581329 26.8510005701848 1 156 5
"157" 87.6199428879461 16.9945499609007 1 157 8
"158" 81.9009858201245 11.6947410555197 1 158 10
"159" 85.6371974675037 8.57611988785708 1 159 19
"160" 87.2037213584407 7.96695047375962 1 160 8
"161" 88.8906682538701 21.7550202631956 1 161 5
"162" 84.3733163852484 21.3094746195112 1 162 3
"163" 88.0416745007621 19.536196286486 2 163 5
"164" 82.7678319178945 24.3262668647243 1 164 9
"165" 82.7571987952661 16.0742190064424 1 165 12
"166" 84.2592871085376 21.2441946303534 1 166 2
"167" 84.9426353588965 23.0354478730635 1 167 5
"168" 86.0150018702798 23.1977447066849 2 168 10
"169" 84.3818805409177 20.0159295774063 1 169 2
"170" 85.8311549874622 16.8382262095663 2 170 14
"171" 85.9115255236717 15.4879027361202 2 171 0
"172" 83.7582373146368 20.1044589539353 1 172 8
"173" 84.816692348582 24.3706320482031 1 173 7
"174" 83.8438774498941 12.3708293846343 1 174 4
"175" 84.6174999898592 18.2532938121198 1 175 11
"176" 85.0105396848888 26.0562480720291 1 176 7
"177" 83.1073775533911 18.7502571835993 1 177 5
"178" 81.117893389623 16.8279343715274 1 178 6
"179" 83.78558375002 25.019135369298 1 179 4
"180" 84.9057448036426 19.7837907303186 2 180 3
"181" 87.794040597798 19.9712151542723 1 181 4
"182" 84.3708799319495 15.6217871885348 1 182 4
"183" 82.227300081171 20.8149256280854 1 183 9
"184" 88.035905165534 16.0667031644651 1 184 9
"185" 87.0539387988244 22.6373945924927 1 185 6
"186" 85.728430169692 20.0979946132778 1 186 2
"187" 86.0113786517854 19.2436412540993 1 187 4
"188" 84.9829768564713 27.7102198606348 1 188 7
"189" 84.1163811730125 22.1926522191984 1 189 10
"190" 85.4261208585054 27.8063178669767 1 190 4
"191" 84.3885069542872 21.7294440413018 1 191 5
"192" 87.5654422434153 22.8259446737027 1 192 7
"193" 89.1703047842914 26.4741786889705 1 193 24
"194" 85.0629890775212 17.3355375520093 2 194 3
"195" 83.8491492404963 26.0358111384851 1 195 4
"196" 87.1257538536712 18.3820626516197 1 196 2
"197" 85.4725409128742 19.0981443571815 1 197 5
"198" 86.762581258509 19.3311186044987 1 198 11
"199" 87.6446336339432 27.5889178704584 1 199 36
"200" 84.4009043901759 18.3592211770845 1 200 9
"201" 86.7363270290492 9.59796685679089 1 201 7
"202" 88.07915163486 24.2244500493782 2 202 10
"203" 84.6054426636898 21.6764174578648 2 203 4
"204" 84.0892269990445 20.8805194329529 1 204 5
"205" 87.365249053635 18.4818052913382 1 205 1
"206" 83.6658578621758 14.0486404541051 1 206 8
"207" 86.5242248512854 18.1300586637188 1 207 5
"208" 82.5469472556294 13.1761489981995 1 208 8
"209" 86.4634263359188 13.8558887262437 1 209 4
"210" 81.9012291886707 7.3564617590143 2 210 24
"211" 88.3045438601654 13.167604359999 1 211 9
"212" 86.2509032066613 20.891268348496 1 212 5
"213" 84.3579614297206 21.673197805451 1 213 4
"214" 83.3866019059814 21.5103959626609 1 214 5
"215" 83.9106310180297 14.4819148906509 1 215 5
"216" 87.0437339218871 23.6210623892617 1 216 6
"217" 85.7007402951254 13.0269849500196 1 217 6
"218" 84.3641823356423 21.5384171510427 1 218 3
"219" 85.6487471902238 19.9575628168515 1 219 3
"220" 86.2689494893081 23.1399725179237 1 220 9
"221" 82.0195354913814 19.9877105422338 1 221 24
"222" 85.084963812112 18.3706505599501 1 222 7
"223" 84.4856260924616 25.6688333367589 1 223 3
"224" 84.7131785135758 22.5210154082267 1 224 7
"225" 85.2536503328697 22.3737306747232 1 225 11
"226" 85.5917179827443 11.6502606732031 1 226 4
"227" 87.0460159378546 17.3918972254034 1 227 7
"228" 83.4614144337554 17.209566674499 1 228 7
"229" 83.7983912825955 22.7401750610772 2 229 11
"230" 85.1769015051824 17.7639511050192 1 230 9
"231" 82.6173823261354 20.7716495961854 1 231 5
"232" 84.8257252362796 15.8484870074539 1 232 6
"233" 87.7215908571406 20.080389550348 1 233 5
"234" 83.2048037058486 21.3013375061142 1 234 3
"235" 85.5170470370374 14.6807861354929 1 235 2
"236" 84.1915119383184 14.8296179272198 1 236 3
"237" 83.5096626528764 15.7804993775399 1 237 2
"238" 82.9878456660499 15.3883750619679 1 238 18
"239" 82.1416039288052 21.1096016100617 1 239 8
"240" 86.5405474451616 13.9765215302578 1 240 3
"241" 83.7050010761944 12.3044456126252 1 241 3
"242" 89.3079838048266 18.598634215474 1 242 34
"243" 86.3421608226938 8.04237604935643 1 243 9
"244" 88.9236621610548 11.8081071932435 1 244 24
"245" 83.6771886786453 15.8156766429826 1 245 3
"246" 84.1162644985062 15.7276887115619 1 246 9
"247" 84.548957805895 15.683245290197 1 247 4
"248" 85.2946125423129 13.603471996232 1 248 5
"249" 80.7108398668842 12.3383618449191 1 249 8
"250" 81.6859902999404 18.2626301530898 1 250 16
"251" 85.2768007561285 15.4097892955605 2 251 5
"252" 87.3623984729565 21.6374942629836 1 252 6
"253" 87.3962759416419 15.9584743514559 1 253 5
"254" 80.8692803866567 29.7522613050064 0 254 0
"255" 85.961019534333 7.48847360659047 1 255 20
"256" 85.0751950516148 17.1334787954205 1 256 3
"257" 86.367284499145 19.162971268399 1 257 1
"258" 84.829467424221 19.7439383164135 1 258 4
"259" 83.6989669178515 20.2229628573881 1 259 7
"260" 85.3424511535307 20.7354097865758 1 260 6
"261" 84.0557304393851 14.1353967799467 1 261 7
"262" 85.4875609038282 19.4721891329331 1 262 2
"263" 85.4159176415202 19.1199485959166 1 263 6
"264" 83.0016342424879 17.5860347282673 1 264 9
"265" 83.635429232672 12.271543960209 1 265 2
"266" 90.2040745200522 25.06320757165 1 266 8
"267" 84.7646891961607 17.978102613541 1 267 22
"268" 86.4284759827636 16.9028775824756 1 268 3
"269" 84.8954503993984 6.56874324591003 1 269 19
"270" 84.4630652877638 16.189763424705 1 270 5
"271" 84.0825753893867 20.3808126927369 1 271 6
"272" 84.0059338338909 28.3210407823961 1 272 9
"273" 86.5935826917334 12.6785239047786 1 273 6
"274" 85.9152759312232 17.7302194686128 2 274 2
"275" 85.2264291645556 21.2156652527325 1 275 7
"276" 84.2453018581869 23.2341156258506 2 276 6
"277" 85.7592701254101 23.5145481400025 1 277 11
"278" 86.0853378909766 21.871394786898 1 278 4
"279" 85.7918857915706 14.5514930927759 1 279 3
"280" 86.8046966642867 16.6025658096129 1 280 5
"281" 85.6577827263272 13.4542353996821 1 281 4
"282" 88.4205526232905 7.31228421458981 1 282 25
"283" 82.0119621996849 13.0142039848923 1 283 6
"284" 84.9608003339372 19.9333235891597 1 284 2
"285" 82.8855653774305 25.6218654685424 1 285 29
"286" 85.2247055973508 18.996280709096 2 286 5
"287" 84.9731864052082 12.5550328255669 1 287 10
"288" 88.4249828660765 19.5851707285679 1 288 11
"289" 85.9245926361781 13.7383977508394 1 289 7
"290" 84.6066312393229 16.8280999660624 1 290 5
"291" 84.4029308340378 16.8694041772523 2 291 4
"292" 86.0963567384709 19.6043194198505 1 292 5
"293" 86.6924780672549 18.6475856046368 1 293 2
"294" 87.141634335702 15.0605653509298 1 294 9
"295" 84.847858719919 15.3834691639559 1 295 5
"296" 87.2665171680279 21.8681629819151 1 296 5
"297" 87.2643978663272 16.1638790915602 1 297 4
"298" 84.4006020820697 13.2283946836742 1 298 3
"299" 84.9313421742166 11.5943421124591 1 299 15
"300" 83.6734691144707 19.1525408514481 1 300 7
"301" 82.4761966477499 10.7459319368593 1 301 5
"302" 84.9833753296887 13.2736323525279 2 302 3
"303" 84.456158465799 14.0110154590424 1 303 6
"304" 84.0443604245805 18.7085132577204 1 304 2
"305" 84.2260963606232 15.0767340958586 1 305 5
"306" 86.6752004737769 21.9058213639934 1 306 2
"307" 88.1978231409894 17.9257359655754 1 307 6
"308" 88.7339701979972 17.5782243754457 1 308 5
"309" 84.6401360243234 10.266060793769 1 309 15
"310" 83.9010935821012 25.4438170435266 1 310 7
"311" 83.5685504923759 14.8801526739721 2 311 2
"312" 85.260939579878 22.7617749211431 1 312 4
"313" 87.5314332918562 18.8683134283513 1 313 6
"314" 82.5187265925388 15.5036819534244 1 314 18
"315" 86.7039989474486 9.93002656668039 1 315 15
"316" 86.3699125833243 23.541422566822 1 316 7
"317" 85.844809181418 12.1519488388288 1 317 8
"318" 85.3994407290657 17.9220009097771 1 318 8
"319" 83.2098887037185 10.6108363691629 1 319 4
"320" 86.8192127481283 19.019326908663 1 320 5
"321" 87.1750866391367 16.8119479246153 1 321 6
"322" 84.9876411257848 11.1238273260633 1 322 14
"323" 84.7573570297404 21.3746837448195 1 323 14
"324" 86.3373441570526 12.2129057651954 1 324 8
"325" 85.50008598477 13.3940411844675 1 325 5
"326" 87.0737395657493 13.6323002209516 1 326 6
"327" 87.7758635468826 21.7828895003988 1 327 8
"328" 87.9837418498364 30.1912607438846 1 328 27
"329" 82.5742047978381 19.7549917461925 1 329 30
"330" 155.06216471272 17.5995060317187 1 330 8
"331" 160.093497206234 7.08605991323298 1 331 29
"332" 155.376295273838 7.87488396787918 1 332 13
"333" 155.428575241811 11.1187351925856 1 333 11
"334" 151.748194753247 4.33630833760787 2 334 19
"335" 155.502474080356 11.4747978590805 1 335 7
"336" 153.508603792138 13.7149107767975 2 336 5
"337" 154.867495770486 12.7705656946313 2 337 9
"338" 156.084961429248 12.6326332148476 1 338 9
"339" 158.207860861484 16.5832909062719 1 339 18
"340" 153.476028899542 15.8478876635697 1 340 15
"341" 153.283865562322 10.4129583882807 1 341 7
"342" 152.133743808107 11.558139008084 1 342 19
"343" 153.926859988353 17.8775379378564 1 343 4
"344" 155.242036223059 12.9761547029056 1 344 7
"345" 155.830499237146 10.1412044274236 1 345 7
"346" 154.930129909618 14.8579165993557 1 346 6
"347" 154.805223403904 13.8452917687588 1 347 6
"348" 156.374148890788 12.3946161785443 1 348 7
"349" 154.911074760451 -0.659017581760237 0 349 0
"350" 152.250031811262 3.81950893821832 1 350 8
"351" 152.80311027213 14.2973475408662 1 351 19
"352" 158.844539121851 12.0802798962414 1 352 17
"353" 157.597342798714 12.4504237944257 1 353 9
"354" 155.029914201704 8.82290272845891 1 354 11
"355" 154.333455914333 14.1950568432788 1 355 7
"356" 154.036238941354 4.33750716327553 1 356 6
"357" 155.998010475607 14.0541673088088 1 357 9
"358" 152.652557515045 9.16250288991753 1 358 13
"359" 155.908270499071 13.4711100703188 1 359 11
"360" 154.677077156911 11.0092263555735 1 360 6
"361" 155.609868817972 16.5782550539332 1 361 14
"362" 153.466367350674 14.6964275906463 1 362 7
"363" 153.35389425824 16.5406651327021 1 363 10
"364" 152.988842286594 11.0630536625161 1 364 10
"365" 152.874287937423 14.8475208175343 1 365 13
"366" 155.207557298719 8.59341566480166 1 366 12
"367" 156.767165773982 6.29864708306093 1 367 10
"368" 154.590663244893 12.8857734386674 1 368 8
"369" 156.478641548863 18.4128585011788 1 369 8
"370" 151.348144193674 8.61795705574411 1 370 9
"371" 152.804917620777 11.849858175868 1 371 11
"372" 154.826956900237 13.1265010355722 1 372 7
"373" 152.529483293517 15.1668125593786 1 373 8
"374" 152.900524045541 13.0467197932373 1 374 6
"375" 155.70642525952 11.7417721544681 1 375 5
"376" 151.247301779754 10.812096060333 1 376 34
"377" 151.706024015615 15.1416269515689 1 377 9
"378" 154.552247362288 11.0983258013521 1 378 4
"379" 155.94709499472 12.6007323219755 1 379 9
"380" 154.387833633781 11.8705697836908 1 380 5
"381" 152.499788918306 9.60542178965958 1 381 12
"382" 153.808476180617 8.82071808580421 1 382 7
"383" 153.830443231841 9.83331527179802 2 383 11
"384" 153.269179364628 14.9023245087692 1 384 8
"385" 154.430882699161 10.7304695865495 1 385 7
"386" 154.251114093169 10.5688194591589 1 386 6
"387" 156.265491949334 6.17941428425981 1 387 7
"388" 153.705331116032 17.020783422383 1 388 7
"389" 157.055513397735 14.5279192964293 1 389 15
"390" 155.832296280598 6.14101740685672 1 390 8
"391" 154.021194959146 15.1244455498705 1 391 7
"392" 154.430546518532 11.1303544275591 1 392 5
"393" 153.886125944918 9.61533389803881 1 393 9
"394" 154.441763698562 14.2642924395425 1 394 6
"395" 154.718098371074 17.8273811764181 1 395 6
"396" 155.27144454621 3.8776112593401 0 396 0
"397" 153.486652811865 11.679703563937 1 397 12
"398" 152.86241549655 17.6971196770414 1 398 13
"399" 154.848053666592 15.825027254851 1 399 8
"400" 158.756319886026 8.62455594493825 1 400 3
"401" 154.637054381122 18.6107191846425 1 401 17
"402" 155.921631602519 7.73111827652262 1 402 9
"403" 155.010471780648 17.6052669550628 1 403 7
"404" 155.541814918106 15.2370766539889 1 404 7
"405" 154.306924432277 18.579317424484 1 405 14
"406" 153.678520256024 8.98488857032021 1 406 6
"407" 156.125364495921 9.72430909979557 1 407 9
"408" 154.840533136559 14.9929012559044 1 408 5
"409" 154.695042792245 14.3622143949843 1 409 4
"410" 155.134715635174 15.343667548385 2 410 7
"411" 153.150281741834 7.47192578415806 1 411 4
"412" 155.270148590583 13.6106403276715 1 412 7
"413" 152.550770104576 15.032701273457 1 413 7
"414" 155.586757032218 10.1777360167519 1 414 9
"415" 154.871308248658 15.5344066267867 1 415 6
"416" 152.527281886831 6.57205436084021 1 416 13
"417" 152.96677883796 9.21260960897017 1 417 7
"418" 156.006654336389 10.005842511076 1 418 8
"419" 154.32146427664 12.3032010493759 1 419 8
"420" 156.539951511092 7.73033333318501 1 420 9
"421" 151.76846479767 10.135352805756 1 421 30
"422" 152.774532228611 15.9522627805817 1 422 8
"423" 154.313617262369 16.0672063135279 1 423 8
"424" 156.638479258442 11.5443032848368 1 424 7
"425" 152.858926438077 9.7725871920645 1 425 6
"426" 155.572717581966 8.19728698924058 1 426 10
"427" 158.757611752311 12.4517425266102 1 427 15
"428" 154.934531776914 14.327960379721 1 428 6
"429" 153.957609832536 3.23225791709619 1 429 15
"430" 151.276657413892 11.9585631148845 1 430 23
"431" 157.724250319491 4.48613490075301 1 431 16
"432" 156.094008332513 12.7873282474481 1 432 8
"433" 156.646233882539 19.4352115110035 1 433 3
"434" 151.371764930691 10.9820107620131 1 434 37
"435" 153.563727480033 17.1876748057721 1 435 5
"436" 156.775911587908 16.0520315670508 1 436 18
"437" 155.023020864034 15.1156358343923 1 437 5
"438" 156.55934024315 4.93067401884006 2 438 8
"439" 155.398625018486 9.33162732695771 1 439 14
"440" 152.61097986558 1.22914047968025 0 440 0
"441" 155.693059113866 17.3649463360568 1 441 12
"442" 154.563630757316 5.16653631611123 2 442 18
"443" 153.280110411529 7.5760203101166 1 443 5
"444" 153.121889488968 7.17595743463073 1 444 4
"445" 153.814054954452 12.1915043116492 1 445 11
"446" 154.432816487857 14.2881552338553 1 446 6
"447" 153.447052583613 11.719546296433 1 447 13
"448" 153.571522213909 14.7717070458405 1 448 9
"449" 153.123207079916 12.8758620762351 1 449 8
"450" 154.752925634944 13.5215570921576 1 450 9
"451" 155.225210365883 10.6938105467573 1 451 7
"452" 152.001278633195 2.63721335318452 2 452 16
"453" 154.281883789006 8.46242866387843 1 453 14
"454" 153.126185270759 8.23108098295581 1 454 4
"455" 152.412010844628 19.7329431423454 2 455 21
"456" 154.946810124534 8.53238993919287 1 456 13
"457" 152.594141127604 17.8627643670259 1 457 13
"458" 155.68233282077 12.423024916779 1 458 11
"459" 155.730018848975 13.7489404178307 1 459 14
"460" 156.131091623746 7.85713297187176 1 460 10
"461" 156.600163679436 18.5495719722446 2 461 9
"462" 152.384296051894 11.5900216286491 1 462 13
"463" 155.396496911613 14.7115465039061 1 463 11
"464" 155.985371855261 15.4050533933331 1 464 15
"465" 154.64277241453 11.485182468882 1 465 11
"466" 153.12450745819 16.3953710013937 1 466 9
"467" 152.95099525825 8.44778792403014 1 467 5
"468" 153.849544092077 18.4757262708774 1 468 8
"469" 152.39330652085 8.14606473247597 1 469 3
"470" 155.769324479108 20.3064101668183 1 470 4
"471" 157.298024580084 14.4650945568148 1 471 15
"472" 156.711213207276 15.0491305236451 1 472 12
"473" 151.896246815185 6.77638558778337 1 473 5
"474" 155.583700387362 15.9154361637942 1 474 6
"475" 153.91178586603 14.6922897752605 1 475 7
"476" 155.430081395199 7.88835337499732 1 476 13
"477" 154.351718772893 18.9789845226956 2 477 7
"478" 152.151599452084 12.1416540157111 1 478 21
"479" 153.769841193088 9.49885382667541 1 479 10
"480" 151.354857851265 13.768123582452 2 480 5
"481" 153.597141967993 12.1457871598407 1 481 13
"482" 156.219499445849 8.57789088818975 1 482 15
"483" 154.79943854251 12.992965573459 2 483 6
"484" 154.562116248871 10.6218226541492 1 484 8
"485" 153.621947411713 16.8959606396531 1 485 8
"486" 157.016791142075 15.5239061504829 1 486 7
"487" 154.870323449921 14.1228450112199 1 487 8
"488" 151.05547281176 16.0769340521022 2 488 18
"489" 154.972907081832 15.0728658714688 1 489 4
"490" 155.003281593295 14.0601721295094 1 490 5
"491" 157.114681602104 14.0423022255561 1 491 10
"492" 157.243396343438 12.3969562953421 1 492 20
"493" 155.560367186311 5.73865659672193 2 493 14
"494" 154.2636942134 14.8969377284882 1 494 6
"495" 153.790703918835 13.1808501129576 1 495 6
"496" 154.860090988414 10.7154887171465 1 496 10
"497" 151.813086827589 8.43910195165996 1 497 4
"498" 154.81076691044 17.0268574205235 1 498 4
"499" 154.131989802868 10.9567038465048 1 499 5
"500" 153.334472730821 21.8430075415486 1 500 33
"501" 153.45092032811 9.26325007745707 1 501 9
"502" 155.747549435362 12.551708042345 1 502 10
"503" 156.964390550402 11.6936550532222 1 503 5
"504" 156.069460157163 6.33973532557969 1 504 8
"505" 157.844055122072 12.1446551117474 1 505 8
"506" 155.018468426243 11.7146516575099 1 506 5
"507" 153.280465760907 15.7695882826395 1 507 15
"508" 154.948190050309 19.5780378909908 1 508 6
"509" 154.858950777418 15.2866797616138 1 509 5
"510" 156.780893644101 16.0793773354111 1 510 17
"511" 157.847826518916 10.2165753603136 2 511 13
"512" 153.782614829686 13.4020805169018 1 512 7
"513" 154.083297696177 11.8129212999554 1 513 10
"514" 156.26298119192 13.4492090129154 1 514 7
"515" 154.455644814141 8.58372323573267 1 515 15
"516" 156.138407928355 20.1066066299844 1 516 9
"517" 157.670137268976 15.3584728167881 1 517 8
"518" 155.268813797378 14.2387675407008 1 518 11
"519" 152.290766797462 15.3171034828945 1 519 6
"520" 154.923754766893 6.39228078874107 1 520 14
"521" 154.880519496549 14.7635013536828 1 521 5
"522" 152.484132076669 16.5248815079554 1 522 12
"523" 151.841631982077 10.4488346532857 1 523 32
"524" 154.83715679884 10.2931449126734 1 524 6
"525" 156.849712589129 6.68036035378594 1 525 9
"526" 155.091828372263 7.50966584580898 1 526 10
"527" 150.673497162178 14.1395015551277 1 527 45
"528" 155.455144481178 17.6692494432312 1 528 11
"529" 154.192936025566 13.4354032623963 1 529 12
"530" 154.650238050305 14.9245812163557 1 530 6
"531" 156.566547357688 12.2302170172494 1 531 10
"532" 154.381256103599 13.368462725623 1 532 7
"533" 156.019003711648 9.61202437325629 1 533 9
"534" 153.576211190261 20.894146700753 1 534 2
"535" 151.018288994051 17.8954314512727 1 535 5
"536" 156.707315732116 13.1760478656207 1 536 6
"537" 157.561837408287 14.7718368839453 1 537 17
"538" 155.157426765547 8.37624997434938 1 538 15
"539" 154.000650025694 17.2207324356641 1 539 9
"540" 155.126670145846 15.4767579274503 1 540 11
"541" 154.684536082067 10.0101030039938 1 541 11
"542" 151.637227133682 18.0193617104867 1 542 10
"543" 156.428647170975 17.0511423502669 2 543 15
"544" 154.931908917753 12.3482834547643 2 544 20
"545" 153.864286323177 13.2363153165389 1 545 7
"546" 153.973939546281 17.5404376411037 1 546 4
"547" 158.705821992917 16.04819829721 1 547 13
"548" 154.203754713532 10.1200143162266 1 548 12
"549" 153.648277651743 13.6984438723492 1 549 6
"550" 153.366218723367 10.5702048805369 1 550 5
"551" 154.583350134102 6.88159744038762 1 551 12
"552" 154.317207186574 12.251472515006 2 552 9
"553" 152.37131647398 20.5373814843851 1 553 6
"554" 156.596194678245 9.9673331073608 1 554 9
"555" 152.627770017086 17.8823471648703 1 555 12
"556" 153.190332189457 11.1491667499514 1 556 7
"557" 152.729215383897 16.4394061730666 1 557 11
"558" 155.517693746888 15.2249967627104 1 558 8
"559" 154.143245151348 9.03436511659417 1 559 15
"560" 153.30738405253 10.4422954986868 1 560 6
"561" 156.110742933972 9.5929049364455 1 561 10
"562" 154.685967078143 12.8692111920805 1 562 7
"563" 155.557930604135 11.3328915071616 2 563 6
"564" 154.315423445901 8.16073282077369 1 564 15
"565" 154.204779682143 17.9053498511752 2 565 3
"566" 152.754958255749 13.8166043875254 2 566 15
"567" 154.412541453823 14.5801499308634 1 567 5
"568" 153.254565133231 19.8286467525418 1 568 3
"569" 153.213222486551 7.7810937311261 1 569 4
"570" 154.369231307538 12.2841573706503 1 570 9
"571" 153.774973807913 6.70197316325573 1 571 3
"572" 154.708070151595 14.8335578034071 1 572 6
"573" 154.687250397234 12.1809903628349 1 573 7
"574" 157.498431709879 15.6184036318826 2 574 7
"575" 156.072277185342 9.75630773508762 1 575 8
"576" 151.854130982886 18.5408603581828 1 576 9
"577" 155.416964018989 10.6532459250128 1 577 9
"578" 156.225949059914 7.43625954966969 2 578 13
"579" 154.509549872276 15.685626815468 1 579 10
"580" 154.22178918899 12.4013943441152 1 580 7
"581" 152.844901830082 15.509599229493 1 581 7
"582" 152.823159160137 13.6592270971852 1 582 14
"583" 156.546214806607 19.3559963659821 1 583 4
"584" 154.49608771685 11.156264025556 1 584 5
"585" 154.790070758553 10.7663082911944 1 585 9
"586" 152.637934140971 8.44790153539403 2 586 7
"587" 153.782658670984 16.798615365527 1 587 9
"588" 155.662205757033 21.3212848482879 1 588 39
"589" 154.858470889678 16.9283737059331 1 589 3
"590" 153.574015729169 8.61569571959758 1 590 5
"591" 155.129583563726 18.8846738390111 2 591 4
"592" 157.460581915395 17.0102192201171 1 592 22
"593" 156.770368403266 17.8989114952534 1 593 6
"594" 153.206511798347 7.26407486941414 1 594 5
"595" 153.435490593099 10.1609023050824 1 595 9
"596" 159.084803237984 98.4096443729996 1 596 19
"597" 162.856209271365 106.979680325581 2 597 14
"598" 162.23354055766 105.510312021214 1 598 10
"599" 163.588048145717 101.704561331467 1 599 16
"600" 154.256596956175 101.917670843099 1 600 14
"601" 157.45205958333 102.377342985574 1 601 9
"602" 162.913228753575 108.214408852994 1 602 17
"603" 159.338798453368 103.495582576138 1 603 12
"604" 155.40146353211 107.755960742315 1 604 11
"605" 163.420549388691 106.587610583308 1 605 16
"606" 155.614567227041 119.271440432178 1 606 15
"607" 159.596791602571 100.608997333164 1 607 9
"608" 165.171784002068 110.646389603086 1 608 17
"609" 172.712176671711 104.559189648166 0 609 0
"610" 162.05188514494 112.042396476989 1 610 16
"611" 155.341147191532 115.473598924451 1 611 13
"612" 160.125092299559 102.365817602249 1 612 10
"613" 161.103769752902 106.246551218068 1 613 18
"614" 160.11425233008 102.076699100987 1 614 9
"615" 157.425443548845 96.2375875007492 1 615 27
"616" 162.873573586973 107.228670463014 1 616 24
"617" 155.162600941278 107.45458134265 1 617 12
"618" 159.435702593288 100.734964880378 1 618 11
"619" 155.528400615018 104.825484748081 1 619 8
"620" 154.463494696954 101.081200985086 1 620 10
"621" 158.498391084543 108.028109508217 1 621 10
"622" 156.012849446406 101.871409230042 1 622 8
"623" 162.532930872625 110.20054713476 1 623 16
"624" 163.305557132527 107.109178847818 1 624 12
"625" 162.778986614012 102.016620697994 1 625 8
"626" 164.247823533673 107.502038576778 1 626 11
"627" 159.650943074811 109.801618144253 1 627 7
"628" 160.101972582078 104.321591963555 1 628 15
"629" 162.244888688138 103.299338211178 1 629 9
"630" 159.448273766714 100.721851649883 1 630 11
"631" 164.999169255978 101.015873076445 1 631 11
"632" 160.280222602723 113.852590859374 2 632 17
"633" 156.304651528999 101.586429040387 1 633 10
"634" 161.789692061 108.121520545185 1 634 14
"635" 158.962277262355 107.465860668062 1 635 9
"636" 160.691687151089 100.73832986435 1 636 8
"637" 158.870230401313 116.653441931275 1 637 9
"638" 159.429876271162 105.97952971405 1 638 16
"639" 154.320891973845 104.472767741598 1 639 9
"640" 162.510643977296 102.871621978684 1 640 10
"641" 160.25795753807 95.0480328778198 1 641 27
"642" 163.723230540555 95.9407255512178 1 642 15
"643" 155.903514668372 102.400160187703 1 643 8
"644" 156.10499900628 107.423276245 1 644 10
"645" 162.428490547581 110.792013125376 1 645 19
"646" 154.273999427697 99.1886847333782 1 646 15
"647" 163.911174963042 106.469413121734 1 647 19
"648" 160.62777294587 100.8381221137 1 648 8
"649" 158.561809214122 104.549380088252 1 649 7
"650" 158.800382301518 108.027215077584 1 650 15
"651" 161.681425428537 107.578846617731 1 651 11
"652" 157.141482641884 112.132467022385 1 652 14
"653" 165.729639446286 101.032069674734 1 653 22
"654" 160.57904612318 103.754541988422 1 654 21
"655" 159.710398525574 104.779447858757 1 655 10
"656" 156.974835113474 113.03397794415 1 656 19
"657" 160.091625475275 99.5793694929536 1 657 6
"658" 157.095392021586 102.830508660604 2 658 9
"659" 162.114043486717 102.002465381525 1 659 11
"660" 156.874066329161 98.8148408910534 1 660 18
"661" 154.81478186146 113.996050988135 1 661 9
"662" 159.686003997823 94.9566323560784 1 662 34
"663" 160.964732429194 104.486677162208 1 663 16
"664" 159.140993411966 100.223327844514 2 664 16
"665" 161.576779323936 97.088990970485 1 665 34
"666" 159.69957373567 99.3525377574519 1 666 9
"667" 162.147817110411 109.395426600871 1 667 9
"668" 159.379180669904 104.749890939826 1 668 9
"669" 165.058123314757 112.883521874446 1 669 10
"670" 164.044291776092 100.445194454615 1 670 12
"671" 160.361499247424 107.497964569416 1 671 13
"672" 166.260515886994 94.0726677790832 1 672 30
"673" 157.035028321984 116.308455409214 1 673 19
"674" 161.340906406755 110.468330647359 1 674 28
"675" 154.800411288436 106.962147086854 1 675 14
"676" 156.114463165717 102.437917807463 1 676 7
"677" 167.006982798387 101.183548536831 1 677 25
"678" 155.542512425432 112.352459583418 1 678 19
"679" 157.609023123049 110.685349453 1 679 10
"680" 164.720354552317 109.139591568749 1 680 12
"681" 166.339163024304 108.273891096153 1 681 12
"682" 162.49972455675 96.812564065066 1 682 33
"683" 163.581415931376 100.70375919028 1 683 18
"684" 163.720406681062 108.803628857136 1 684 11
"685" 156.881467481549 106.654183985198 1 685 12
"686" 157.155926505378 108.169253386901 2 686 11
"687" 162.864520050189 103.358081413469 1 687 10
"688" 156.730880468753 102.675834892066 1 688 8
"689" 157.39197753657 103.304310017866 1 689 15
"690" 151.169849393946 100.995159208555 2 690 12
"691" 160.080786643334 110.040916097897 1 691 13
"692" 162.288568439087 101.57840347144 1 692 8
"693" 161.799998139405 103.143261011772 1 693 12
"694" 164.700427211345 111.905633647079 1 694 19
"695" 160.038963057659 97.6994381460693 1 695 15
"696" 157.144404557882 106.738522350971 2 696 12
"697" 162.523491912418 103.31244380593 1 697 10
"698" 162.350182553059 101.199764233235 1 698 9
"699" 155.481580864644 110.922051251055 0 699 0
"700" 156.380530786376 103.889840573307 1 700 10
"701" 151.874779220001 110.070135881683 1 701 15
"702" 158.444903530665 115.998819299847 1 702 10
"703" 164.164409948974 106.360295279195 1 703 20
"704" 164.713487438185 113.019747127338 1 704 10
"705" 154.13957228192 98.870516567493 1 705 17
"706" 154.264909560394 111.72782287067 1 706 12
"707" 156.946704982969 103.06870670434 1 707 16
"708" 158.335472407813 107.764646982435 1 708 10
"709" 159.799642002717 109.207731402019 1 709 17
"710" 165.110250448706 102.870776709042 1 710 17
"711" 157.586972022842 108.244880832904 1 711 10
"712" 167.332484767584 108.251200108016 1 712 13
"713" 159.050708858655 105.704233678648 1 713 12
"714" 164.026386603215 112.085267068712 1 714 15
"715" 167.475454031122 107.792582966362 1 715 17
"716" 162.804550116484 97.8509757674533 1 716 10
"717" 151.079516398371 102.814414274569 1 717 25
"718" 166.261701256783 108.460832992736 1 718 16
"719" 156.599204752786 101.73693604762 1 719 8
"720" 164.742489299198 105.522462887948 1 720 13
"721" 158.426518939719 117.946729073752 1 721 17
"722" 155.598644614068 107.459270267049 1 722 13
"723" 159.753824829688 103.528124221923 1 723 16
"724" 161.148930131331 111.534159396648 1 724 21
"725" 156.678009434024 113.539875942069 2 725 34
"726" 158.149875972377 102.481453453292 1 726 10
"727" 155.114994008311 101.30936744918 1 727 9
"728" 157.972199289706 105.689058959275 1 728 12
"729" 154.704912134002 98.9238393442396 1 729 14
"730" 163.275909326509 106.440895528315 1 730 17
"731" 159.855842201121 107.813698557846 1 731 13
"732" 164.044089712058 105.779108157095 1 732 11
"733" 155.978901199126 102.749492568212 1 733 10
"734" 163.53181458811 102.32464945714 1 734 10
"735" 163.323603246702 103.07401504306 1 735 7
"736" 156.408775416759 108.782567273839 1 736 9
"737" 158.185757293839 106.533994392484 1 737 15
"738" 163.910220882896 109.825815254801 1 738 9
"739" 162.329049106476 105.848349760789 1 739 9
"740" 157.328875598491 109.248392554861 1 740 22
"741" 163.036392647542 116.34878253503 1 741 17
"742" 163.019353432521 108.008367591328 1 742 15
"743" 163.128033349796 97.7308699430398 1 743 13
"744" 150.866043078844 101.333552560066 1 744 12
"745" 160.611442707298 105.553873410632 1 745 16
"746" 164.76018157715 100.919739937693 1 746 10
"747" 156.640495794631 97.9748433109694 1 747 27
"748" 158.930570384148 107.176753829796 1 748 12
"749" 163.932090353285 102.35995213935 1 749 14
"750" 155.126764217664 103.999762228575 1 750 12
"751" 161.822562708139 106.624625939225 1 751 13
"752" 169.298525341073 112.164875148371 1 752 40
"753" 156.498683170294 99.1335956956145 1 753 9
"754" 152.541186901799 111.034276475458 1 754 26
"755" 154.860609454332 104.327018561679 1 755 9
"756" 159.438764604637 109.282329325473 1 756 11
"757" 157.437119008887 111.545730007684 1 757 12
"758" 158.565221383584 113.866861062314 1 758 9
"759" 161.957585286519 103.117735898009 1 759 14
"760" 157.685094547192 109.548964620065 1 760 26
"761" 158.859660528919 106.601363965056 1 761 16
"762" 159.020037582607 105.720439304965 1 762 11
"763" 161.905654442587 107.571409555899 1 763 11
"764" 155.260699454617 94.2397321602828 2 764 17
"765" 154.635961415609 109.245788435174 1 765 17
"766" 164.263939231382 111.65096473921 1 766 18
"767" 161.623598633524 107.616381114926 1 767 10
"768" 164.816692237 112.582860320719 2 768 10
"769" 160.808943552917 112.906394323901 1 769 28
"770" 163.569038899884 100.707493148821 1 770 17
"771" 164.631791542933 111.118345401822 1 771 24
"772" 153.25623190854 99.691420474791 1 772 14
"773" 159.123945030278 104.774786708093 1 773 11
"774" 160.283215122537 107.036014071303 1 774 12
"775" 162.362294462296 116.633665244235 1 775 10
"776" 160.797031083836 103.960607269646 1 776 16
"777" 164.851140463268 102.017088527638 1 777 9
"778" 158.353088417649 108.766795150848 1 778 9
"779" 161.922819183721 105.121809933988 1 779 20
"780" 167.060885540464 96.9080584276848 1 780 12
"781" 158.097157349362 102.442704486926 1 781 9
"782" 165.694885937126 115.840693868103 1 782 18
"783" 161.832571379311 102.430739027775 1 783 10
"784" 156.314196084817 104.286766985459 1 784 13
"785" 162.532445359172 101.346708459646 1 785 13
"786" 159.394904965364 99.9094443388432 1 786 10
"787" 162.512825017691 91.1322402223804 1 787 39
"788" 156.423712609637 104.846615137358 1 788 20
"789" 158.898286687748 107.311007515027 1 789 10
"790" 163.096681444901 107.235799817539 1 790 13
"791" 153.858165235456 107.712305123357 1 791 15
"792" 160.314975917296 105.21108458057 1 792 19
"793" 162.879050836351 110.362485284559 2 793 11
"794" 154.906806521611 109.292295321945 1 794 16
"795" 161.525317577845 100.215619466496 1 795 12
"796" 164.440734492195 108.393592780948 1 796 15
"797" 156.369191553296 102.723253227597 2 797 15
"798" 155.690353731035 100.565376574373 1 798 22
"799" 162.875460728926 101.923114060332 1 799 9
"800" 162.248224699038 111.731852687019 1 800 15
"801" 160.590355408097 109.946304517362 1 801 16
"802" 162.935738702287 103.682170207292 1 802 8
"803" 164.590556655525 113.169344583749 1 803 10
"804" 160.83554799359 109.177973274495 1 804 11
"805" 164.446539824261 102.064077539233 1 805 7
"806" 158.604770211853 112.753041145635 1 806 15
"807" 157.053111256388 104.373863852393 2 807 20
"808" 158.285450021261 97.4325463258214 1 808 20
"809" 160.279985542725 100.031245549749 1 809 15
"810" 159.210214978188 111.325821828734 1 810 20
"811" 163.166901882241 108.020547462086 1 811 16
"812" 156.250765581522 109.642845153288 1 812 13
"813" 159.256132665784 106.356463456123 1 813 12
"814" 161.265682359026 107.29513584979 1 814 16
"815" 156.625680827755 104.581695663214 1 815 12
"816" 157.760625365442 102.35808080879 1 816 13
"817" 159.03573028014 96.5654152430098 1 817 20
"818" 162.671119605649 97.8824922691183 1 818 9
"819" 157.336501852783 110.586976575943 1 819 16
"820" 165.94246763239 105.48610836643 1 820 11
"821" 158.147489463085 101.150111350972 1 821 16
"822" 162.037270395073 102.571573932625 1 822 9
"823" 157.990155952744 103.33699973527 1 823 7
"824" 162.189059839905 101.399315589259 1 824 7
"825" 155.501803734324 100.411581343887 1 825 21
"826" 154.764360450665 106.734551382761 1 826 13
"827" 153.909069726402 114.605677490382 0 827 0
"828" 157.204360681826 107.490088868073 1 828 18
"829" 163.278273957934 105.474306845275 1 829 8
"830" 160.963648398853 108.189375386633 1 830 16
"831" 165.639523351452 100.21943822002 1 831 23
"832" 159.476621918449 105.640119908288 1 832 10
"833" 155.233285395225 96.8497612399049 1 833 15
"834" 159.760172913251 108.545465607809 1 834 12
"835" 162.728963570964 107.36024490597 1 835 14
"836" 157.614024328585 96.9952124774573 1 836 23
"837" 156.038815090067 103.829323404646 1 837 11
"838" 160.279604344398 107.734093363278 2 838 15
"839" 158.177110800438 105.671259547319 1 839 11
"840" 156.726681590948 107.611538334808 1 840 15
"841" 160.867455439567 103.735519572514 2 841 19
"842" 159.561946293758 106.508802652538 1 842 11
"843" 153.016378626831 104.441422666452 1 843 16
"844" 157.601800840331 110.779441145316 2 844 11
"845" 163.011406866316 98.8424007671773 1 845 28
"846" 159.362038244606 107.182543636905 1 846 7
"847" 153.575770414807 112.378647897731 1 847 25
"848" 159.935220182646 101.152550443515 1 848 7
"849" 160.99258020893 108.198526511063 2 849 17
"850" 169.026530539526 110.30706383096 1 850 26
"851" 160.392625286006 112.168924480387 1 851 17
"852" 167.856230412736 108.439021526443 1 852 27
"853" 164.046365049612 98.2565888987734 1 853 16
"854" 160.858959610673 105.90687898097 1 854 18
"855" 162.408338063184 107.887673494839 1 855 14
"856" 156.93176796784 101.482797160719 1 856 9
"857" 158.696713786751 99.6558525994781 1 857 13
"858" 159.198515569743 99.0092061504325 1 858 28
"859" 155.934168807437 109.669251325098 1 859 15
"860" 162.662388275429 102.651529221984 2 860 10
"861" 161.678022074115 103.907859829747 1 861 10
"862" 162.859088401015 102.996079445684 1 862 10
"863" 160.592195674799 106.813508782966 1 863 14
"864" 158.193015523041 101.619583636786 1 864 14
"865" 164.464857838868 99.6839196793209 1 865 19
"866" 162.919015306502 108.447051599433 1 866 13
"867" 161.132621857582 98.4781678466957 1 867 17
"868" 160.270931938347 106.614010785266 1 868 11
"869" 158.249388371723 111.864246833472 1 869 12
"870" 152.465580419803 105.364723022537 1 870 10
"871" 164.24011183976 103.323534481683 1 871 10
"872" 158.776407461761 105.746616415487 1 872 16
"873" 162.315627140458 100.368194503365 1 873 9
"874" 160.273062509022 101.78195734924 1 874 13
"875" 159.797315858905 99.9180740510316 1 875 9
"876" 158.782672776548 111.221126334446 1 876 13
"877" 161.422482184732 100.985459704562 1 877 8
"878" 159.430744212602 112.416192772054 1 878 9
"879" 161.014269503334 113.805344775234 2 879 8
"880" 155.783735890483 109.37661455802 1 880 20
"881" 150.909448861092 99.8480725052148 1 881 13
"882" 159.995378837585 109.435096678337 1 882 8
"883" 150.113493759073 110.973751032793 0 883 0
"884" 161.068230787177 106.583726366221 1 884 17
"885" 160.250208839703 111.952854566 1 885 20
"886" 159.418224950595 104.844912532915 1 886 10
"887" 156.427978171501 120.109802235246 1 887 26
"888" 162.233844346724 96.4581519502851 1 888 35
"889" 159.801446815571 94.3504517568932 1 889 23
"890" 162.591080080642 102.652806100512 1 890 9
"891" 152.891632201378 101.71126613616 1 891 9
"892" 158.43729875398 109.251678596294 1 892 19
"893" 153.528914680344 105.210517976506 1 893 8
"894" 160.312873825152 104.644147001494 1 894 12
"895" 159.083415714535 107.860050406864 2 895 9
"896" 160.585298205986 115.681846689484 1 896 12
"897" 164.343134032432 96.1978004167555 1 897 9
"898" 160.611451827773 113.969939269366 1 898 9
"899" 155.767135906676 95.2222520626335 1 899 40
"900" 162.676376111752 108.600510077934 1 900 15
"901" 157.527979832306 103.657154814429 1 901 13
"902" 158.862515968672 107.205084470041 1 902 11
"903" 153.294498073545 99.4454900569971 1 903 13
"904" 164.724326928376 100.132425964277 1 904 15
"905" 161.925962064522 100.022140179344 1 905 18
"906" 160.81643817422 104.390974030466 1 906 14
"907" 161.051586846101 109.30789656135 1 907 14
"908" 159.539448365712 104.9123034745 1 908 10
"909" 162.267253494933 107.085567820405 1 909 15
"910" 158.727608128337 110.952412495802 1 910 12
"911" 165.126435406583 108.189248882894 1 911 16
"912" 154.89647230824 109.188534292427 1 912 17
"913" 159.200547809625 105.590388011256 1 913 11
"914" 154.871545558763 109.980438113776 1 914 17
"915" 156.346678932292 105.373756881367 2 915 12
"916" 160.921355519134 108.487317903251 1 916 19
"917" 158.447530519399 101.063120687048 1 917 13
"918" 166.184813813083 106.922541212774 1 918 25
"919" 164.081503722884 100.01761266706 1 919 11
"920" 161.573207401722 99.0244084905595 1 920 18
"921" 163.604857440448 103.066577618159 1 921 6
"922" 160.43356497343 110.606796779632 1 922 27
"923" 154.701120611783 105.395057081949 1 923 7
"924" 163.139333418943 101.552423398148 1 924 12
"925" 165.126734704783 107.04284719724 1 925 19
"926" 163.828852003604 101.339249068769 1 926 15
"927" 165.757848412561 108.860089004268 1 927 14
"928" 162.148358315761 121.383759619007 0 928 0
"929" 160.960254697271 102.062245153803 1 929 22
"930" 165.868370475948 100.383302262269 2 930 32
"931" 158.176775602994 112.662535498162 1 931 17
"932" 165.65624791861 103.545377909544 2 932 17
"933" 164.09693014116 114.659102089327 2 933 16
"934" 158.200112998609 113.236312149773 1 934 12
"935" 157.16802044233 104.847182793661 1 935 10
"936" 156.623439049788 102.651208666146 1 936 9
"937" 156.717467053525 106.229091397267 1 937 13
"938" 159.230792591566 96.7842277316856 1 938 18
"939" 160.810847612944 100.573401757209 1 939 9
"940" 163.118792490742 103.375528056805 1 940 11
"941" 159.409728985461 96.6137303553045 1 941 19
"942" 165.934466466583 105.391333452577 1 942 12
"943" 154.063507965042 104.769437684168 1 943 8
"944" 153.908593905973 108.685702230776 1 944 19
"945" 153.349489370585 111.096281340446 1 945 13
"946" 161.845291806716 104.615571050717 1 946 28
"947" 164.454714496154 105.506364049129 1 947 10
"948" 161.76316909708 106.500867563685 1 948 14
"949" 161.193022432681 108.366437220673 1 949 17
"950" 157.128303488745 106.757581244466 1 950 11
"951" 159.188495762519 102.81201548359 2 951 7
"952" 157.092915192998 114.117599080985 2 952 38
"953" 165.206624860395 107.826962112068 1 953 11
"954" 150.43343551439 96.1793088284998 0 954 0
"955" 152.628492088368 107.111012086606 1 955 29
"956" 160.029418569115 108.749955760231 1 956 18
"957" 166.291557244972 105.13585337812 1 957 18
"958" 161.327411786495 109.272709244427 2 958 15
"959" 159.084458553639 101.854765902255 1 959 19
"960" 162.722715048647 111.965226800345 1 960 14
"961" 155.648177163392 98.7542753938968 1 961 33
"962" 158.472393488933 104.339288884311 1 962 6
"963" 161.557678877358 111.030765902977 1 963 15
"964" 162.688895981341 100.186650286762 1 964 10
"965" 158.427489650109 105.398719377923 1 965 8
"966" 158.860224427165 105.359002210361 1 966 14
"967" 166.931159721383 113.961579260864 1 967 11
"968" 162.164449420679 100.976233019106 1 968 11
"969" 161.265924281104 98.7344365696069 1 969 18
"970" 164.964488483411 117.185114102045 0 970 0
"971" 155.805725590147 105.155192805645 1 971 6
"972" 160.122860504204 108.223334461428 1 972 13
"973" 165.128076036954 105.152936900603 1 973 9
"974" 158.804625764948 103.75784509769 1 974 7
"975" 160.146497927809 109.507999831072 1 975 10
"976" 165.379744783531 106.483212758148 2 976 18
"977" 163.055765790339 95.2643958387357 1 977 13
"978" 163.635764372972 102.090819443617 1 978 10
"979" 166.66512003779 110.036372118952 1 979 22
"980" 154.683895657876 97.6980569749056 0 980 0
"981" 164.936964059594 108.792660470653 1 981 14
"982" 162.415983637363 109.709737562786 1 982 14
"983" 157.121122647081 100.04331771306 1 983 10
"984" 159.522072568964 106.697806321211 1 984 10
"985" 165.974585236199 108.00343428077 1 985 10
"986" 155.653370268989 106.696515733797 1 986 8
"987" 153.725436793449 101.890646524468 1 987 8
"988" 164.020749058997 113.646785379939 1 988 14
"989" 163.346611169987 109.882934261937 1 989 8
"990" 150.576259326082 106.938770872579 1 990 37
"991" 160.088356591024 112.688015451692 1 991 17
"992" 162.891767713837 108.45979042939 1 992 14
"993" 167.701747340727 101.041647307515 1 993 23
"994" 157.706627000772 101.88592825825 1 994 12
"995" 161.55184907652 107.824862056542 1 995 12
"996" 164.220380565058 99.003361760082 1 996 28
"997" 165.098944043111 102.492723193732 1 997 8
"998" 123.00451773824 48.3018028497717 1 998 6
"999" 125.472387021157 48.2731810654532 1 999 5
"1000" 123.886216867119 51.3526670541248 2 1000 7
"1001" 124.468234272184 50.1945301278892 1 1001 6
"1002" 121.626812718906 47.9999548461705 1 1002 7
"1003" 123.845498196807 50.9308983327808 1 1003 6
"1004" 125.410741388371 56.6776076024399 1 1004 13
"1005" 122.29648985808 54.2196001220531 2 1005 9
"1006" 123.498817828904 47.1544580378791 1 1006 5
"1007" 125.556245445321 51.4899939050249 1 1007 12
"1008" 123.104932653109 40.8607395683715 1 1008 6
"1009" 123.53285620021 50.2313457419425 1 1009 3
"1010" 124.821505548659 50.46286266819 1 1010 6
"1011" 123.551116531698 43.0731920958576 1 1011 6
"1012" 123.631809326481 53.2586001108185 1 1012 8
"1013" 123.563453267482 55.1824809466795 1 1013 10
"1014" 123.628817531075 46.7387008200954 2 1014 4
"1015" 123.770988117589 57.4526337734324 1 1015 5
"1016" 123.793924861901 54.7424496327748 1 1016 11
"1017" 124.897132668937 49.4996872295861 1 1017 4
"1018" 122.94084446535 56.8960447422062 1 1018 6
"1019" 124.262667947882 46.8681145795573 2 1019 6
"1020" 123.916232407353 50.9400356384946 1 1020 5
"1021" 123.575275641056 49.1120553202004 2 1021 4
"1022" 126.115930892492 49.0759651013289 1 1022 9
"1023" 123.160361521588 44.0591200311068 2 1023 5
"1024" 122.905282908555 54.503464516966 1 1024 21
"1025" 123.391209830297 51.1586415797916 1 1025 8
"1026" 123.391279355672 46.6322510295172 1 1026 8
"1027" 122.989977846861 39.6190959740848 1 1027 15
"1028" 124.271627046331 48.15495810547 2 1028 11
"1029" 123.618071479033 53.5052734140418 2 1029 7
"1030" 124.689369958021 48.416759516866 1 1030 6
"1031" 123.644767443546 47.5654602740495 1 1031 5
"1032" 123.785450112281 53.4941843942538 2 1032 7
"1033" 124.204742550021 47.1176580163017 2 1033 4
"1034" 123.733089265354 51.6730070598 2 1034 4
"1035" 123.737158414532 47.9667565919267 1 1035 4
"1036" 125.171167003391 49.9549395943123 1 1036 5
"1037" 124.33297713549 53.4536126130438 1 1037 7
"1038" 124.538237332508 51.4499795808093 1 1038 14
"1039" 124.40297691756 55.3381865940932 1 1039 9
"1040" 123.258621375657 48.626441849441 1 1040 4
"1041" 123.786654470791 47.2131905136102 1 1041 7
"1042" 123.990703078234 48.4781908643668 2 1042 5
"1043" 123.747256067432 48.3807754671637 1 1043 2
"1044" 125.316634922604 47.4776315282823 2 1044 7
"1045" 123.682646952341 46.4871474629777 1 1045 18
"1046" 123.221307231914 43.3550972219814 1 1046 19
"1047" 124.067792715661 47.9032089956354 1 1047 5
"1048" 124.06948624627 48.4413952404388 1 1048 4
"1049" 124.239461320121 50.6787850518763 1 1049 4
"1050" 122.582994889531 50.4112307212787 1 1050 11
"1051" 125.643838495398 47.9980215569696 1 1051 7
"1052" 123.227385650353 46.7684266482925 2 1052 7
"1053" 123.325621239701 45.6422736672214 1 1053 8
"1054" 123.896616486789 53.8603747772583 1 1054 11
"1055" 124.305756900128 46.8815341960171 1 1055 5
"1056" 125.077071852942 47.2299052645624 2 1056 5
"1057" 123.113744673985 50.9737000508916 2 1057 8
"1058" 125.039476706716 46.4247266109662 1 1058 24
"1059" 126.07391623314 53.2872733920553 1 1059 11
"1060" 123.88878117001 49.7570215765303 1 1060 5
"1061" 124.525603110017 51.2606577444404 1 1061 9
"1062" 124.785884193532 49.1179084852036 1 1062 8
"1063" 122.277504639555 52.2978183153126 1 1063 10
"1064" 123.620541077096 54.8959656657763 1 1064 9
"1065" 123.595066997579 53.0073060943391 1 1065 8
"1066" 124.061997290366 56.1402194891152 1 1066 8
"1067" 122.357896825891 58.7849771886129 1 1067 17
"1068" 123.890336210008 41.3931602114953 1 1068 11
"1069" 123.228910932595 53.2740009704093 1 1069 13
"1070" 122.582825175692 61.6682071460516 1 1070 32
"1071" 124.44872138251 50.5533991865683 1 1071 8
"1072" 123.909297549916 56.4007097392977 1 1072 8
"1073" 124.376143379181 39.6035768031405 1 1073 8
"1074" 124.221639968533 53.6685453511027 1 1074 6
"1075" 123.562645616284 50.4755298737327 1 1075 4
"1076" 123.154779239846 45.568381746985 1 1076 7
"1077" 124.208062294124 47.540639807827 1 1077 5
"1078" 125.363869098898 49.6822713961138 1 1078 9
"1079" 123.931162665089 47.4014630014908 1 1079 3
"1080" 125.426374530807 44.4028150092023 1 1080 9
"1081" 125.992846453116 49.8645021841417 1 1081 7
"1082" 124.173529580371 41.9461716442484 1 1082 7
"1083" 123.956555223545 42.4013151935774 1 1083 17
"1084" 123.240511432741 46.0447592546754 1 1084 5
"1085" 124.103132113314 55.8504733457693 1 1085 8
"1086" 122.902116394896 41.1421604323765 1 1086 7
"1087" 122.986323926701 44.4415889730667 1 1087 5
"1088" 123.291618942415 49.0922474875962 1 1088 4
"1089" 123.788522090617 51.8593417212476 1 1089 9
"1090" 123.093328236049 47.9803846051776 1 1090 8
"1091" 123.852615217954 51.2652990586836 1 1091 6
"1092" 124.057218198558 41.77412697614 1 1092 4
"1093" 124.821958890202 54.7963987179973 1 1093 15
"1094" 123.998933015721 51.5395072950973 1 1094 5
"1095" 123.398553921346 49.716587451282 1 1095 5
"1096" 124.439821175469 52.179211079826 1 1096 8
"1097" 125.681232558455 51.3888721166794 1 1097 13
"1098" 124.751487309525 48.760784058953 1 1098 4
"1099" 123.77930383168 50.39256470564 1 1099 7
"1100" 123.524751481541 50.5882654936733 1 1100 5
"1101" 124.997022748218 48.3814533286028 1 1101 7
"1102" 123.459939158507 47.567537025846 1 1102 3
"1103" 123.32561495096 51.4394415280505 1 1103 13
"1104" 125.01353785403 52.6048392895682 1 1104 7
"1105" 123.21191111404 49.6824880764326 1 1105 7
"1106" 124.51363889192 43.2826490954736 1 1106 4
"1107" 124.625042807321 47.7011670912235 1 1107 8
"1108" 124.187726051433 52.3466412378864 1 1108 6
"1109" 124.764507387536 50.282837172237 1 1109 6
"1110" 124.145168559877 55.8705314437007 1 1110 7
"1111" 123.19427839737 49.5493605300544 1 1111 8
"1112" 123.032614610011 49.5157727851499 1 1112 10
"1113" 125.868999994364 47.7217534993581 1 1113 3
"1114" 123.504871686313 42.6234612505107 2 1114 4
"1115" 125.134088905567 53.6779792913015 1 1115 14
"1116" 124.862380120371 44.5411597469379 1 1116 11
"1117" 123.705207130272 47.8583345279705 1 1117 5
"1118" 123.949653181909 45.1428845849612 1 1118 8
"1119" 124.438217806788 55.8294223640732 1 1119 6
"1120" 125.873118921732 47.5304000306731 1 1120 4
"1121" 124.192416114532 40.8138625265331 1 1121 5
"1122" 124.249705224099 45.0508582528228 1 1122 14
"1123" 126.591936354922 51.5119160625505 1 1123 16
"1124" 123.718049966725 52.5996849640628 1 1124 11
"1125" 123.494528036621 52.9260642160327 1 1125 10
"1126" 125.510992412769 52.8674382678716 1 1126 13
"1127" 123.420309209514 48.8162582876481 2 1127 5
"1128" 125.051171274329 54.3877842365753 1 1128 10
"1129" 123.489511652132 51.2322118806901 1 1129 9
"1130" 125.071715424782 56.388078523611 1 1130 10
"1131" 124.978645287284 52.8859867210415 1 1131 8
"1132" 123.633937381733 45.1571339386813 1 1132 5
"1133" 124.590182981199 56.4867581627661 1 1133 10
"1134" 123.754637467084 59.0272665778985 1 1134 17
"1135" 122.425084487614 55.8277293399085 1 1135 6
"1136" 126.244126835857 51.1457144494144 1 1136 14
"1137" 123.464356334589 52.7213500615746 1 1137 9
"1138" 124.536311032916 49.4308048378004 1 1138 4
"1139" 122.110681766329 55.5393727310417 1 1139 11
"1140" 122.750449847309 47.4042467786856 1 1140 11
"1141" 122.958995653801 52.6149280846724 1 1141 20
"1142" 123.381326175565 50.3986329921434 1 1142 5
"1143" 124.754020493419 52.2540881212221 1 1143 12
"1144" 126.137977159024 52.1912016825628 1 1144 11
"1145" 124.649219024842 49.4810723750567 2 1145 5
"1146" 124.501623447048 39.9567327863171 2 1146 7
"1147" 126.149369244735 48.2356735833651 1 1147 4
"1148" 123.028249367638 44.6009924462348 1 1148 6
"1149" 123.586305981944 45.2539911755766 1 1149 5
"1150" 123.644148676015 45.9470219801927 2 1150 8
"1151" 126.203634705735 49.8170228396207 1 1151 8
"1152" 123.224229353823 53.5731512676982 2 1152 8
"1153" 123.59222213314 47.0829062383954 1 1153 5
"1154" 125.408446980229 42.1457551362754 2 1154 30
"1155" 124.700798676166 56.6327347317186 1 1155 9
"1156" 122.714563020345 56.7303051625938 1 1156 2
"1157" 124.162253101459 54.5301660019894 1 1157 5
"1158" 123.790553030028 43.3470454222786 1 1158 6
"1159" 123.502693258657 49.5693336682936 1 1159 4
"1160" 124.806391065777 48.5679861050819 1 1160 5
"1161" 122.432932508416 46.158798514874 1 1161 5
"1162" 124.341713643867 49.3915982739802 1 1162 5
"1163" 123.873557625828 53.5414865645589 1 1163 7
"1164" 124.474862403517 50.9316186245867 1 1164 10
"1165" 124.042357393889 47.3959580707483 2 1165 4
"1166" 125.031256269587 58.436793171506 1 1166 8
"1167" 124.56486100465 50.3978821340229 1 1167 5
"1168" 124.222347263427 47.737230636973 1 1168 7
"1169" 126.268921447468 45.6012941902258 1 1169 8
"1170" 122.219816338964 49.6868460802175 1 1170 8
"1171" 122.816878832056 51.5382962719613 2 1171 13
"1172" 123.92877593867 59.705447340987 1 1172 9
"1173" 122.689213027796 45.6973309445856 1 1173 7
"1174" 122.962216359562 58.2766318890229 1 1174 11
"1175" 124.296375834308 51.9224672417903 1 1175 6
"1176" 123.312768064201 49.664414338173 1 1176 6
"1177" 124.346935911244 58.9838990052728 1 1177 20
"1178" 125.773418192099 46.8654979184597 1 1178 8
"1179" 123.092044193407 41.6682438328678 1 1179 8
"1180" 122.97049591846 52.2830144175059 1 1180 15
"1181" 124.375253819425 46.6369728422505 1 1181 6
"1182" 124.340677004603 50.7164309566524 1 1182 5
"1183" 124.928275736418 44.472809405989 2 1183 10
"1184" 125.73485506097 48.3377520394376 1 1184 6
"1185" 124.245327162874 47.8088426159343 1 1185 6
"1186" 124.259780748217 45.9545996439991 1 1186 7
"1187" 123.84862591875 55.1138860204414 1 1187 8
"1188" 123.401361711072 50.3096949870157 1 1188 4
"1189" 123.97518468884 47.0267651049408 1 1189 7
"1190" 122.781315448225 51.7409789958801 1 1190 13
"1191" 122.889081192542 47.9039627200708 1 1191 8
"1192" 123.47556815243 47.4497877462977 1 1192 4
"1193" 125.207425297897 52.2926910431244 1 1193 9
"1194" 124.007615750953 44.7065835762995 1 1194 12
"1195" 124.01496304886 60.1553491914869 1 1195 19
"1196" 123.887726928611 49.8249419668752 1 1196 4
"1197" 124.291123179777 52.7112769787095 1 1197 7
"1198" 124.119444172544 43.246608396243 1 1198 4
"1199" 124.747854894413 57.4994931281065 1 1199 10
"1200" 124.614835327036 48.4529583723996 1 1200 6
"1201" 122.226105597454 45.2284003578479 1 1201 8
"1202" 123.00904494419 41.2223651881938 1 1202 8
"1203" 123.534720928158 50.2456320986705 1 1203 4
"1204" 124.094857413442 48.7079468314261 1 1204 5
"1205" 123.753433794119 57.4043057099382 1 1205 4
"1206" 125.548038285036 48.2993180322054 1 1206 4
"1207" 123.29723570637 45.3867030311091 1 1207 6
"1208" 122.915810890454 47.2842514193214 1 1208 7
"1209" 123.832717360728 56.5076756113216 1 1209 8
"1210" 123.573550066111 54.2539201122701 1 1210 7
"1211" 123.826348946085 53.7156355891189 1 1211 9
"1212" 125.671059404901 51.2184921931407 1 1212 14
"1213" 122.037896753752 51.6419826785813 1 1213 5
"1214" 123.883339509528 49.039405920097 2 1214 9
"1215" 123.610340854406 49.3547927719776 1 1215 5
"1216" 124.893662224526 54.1470885082132 1 1216 7
"1217" 124.686796249587 44.3547631309111 1 1217 11
"1218" 125.115764692024 47.1574332048182 1 1218 6
"1219" 124.564859101816 48.7514940129926 1 1219 6
"1220" 122.777228448339 50.3564123989041 2 1220 10
"1221" 123.284381535696 49.0265335753784 1 1221 5
"1222" 124.936337581161 45.6385993827897 1 1222 9
"1223" 123.730453389358 50.0743420675078 2 1223 7
"1224" 123.979883881126 57.0860454008477 2 1224 5
"1225" 124.048313415727 54.0233238638507 1 1225 9
"1226" 124.749611868321 55.4820308911042 1 1226 23
"1227" 123.417769078986 45.7056967781607 2 1227 9
"1228" 124.423719515398 47.2828121102554 2 1228 8
"1229" 124.265916376848 56.1727885667237 1 1229 7
"1230" 123.202632556397 46.3638548257406 1 1230 4
"1231" 126.253521356105 48.2644910209151 1 1231 5
"1232" 122.331347733558 43.3123283226284 2 1232 4
"1233" 124.59082147276 54.1624688781715 1 1233 11
"1234" 125.709591155806 57.3417133690685 1 1234 15
"1235" 123.743897256908 43.8919507996695 1 1235 7
"1236" 123.138077481074 40.8048709790788 1 1236 5
"1237" 123.78081829429 52.1691895275281 1 1237 10
"1238" 123.826861392793 53.2290991989503 1 1238 7
"1239" 124.301526323285 47.5998152130145 1 1239 6
"1240" 124.592544732874 53.7370413307466 1 1240 11
"1241" 124.603340073695 56.6528929731145 1 1241 10
"1242" 123.984950519557 52.6439201604699 1 1242 7
"1243" 123.812312176474 42.9055630703694 1 1243 3
"1244" 124.086009885451 46.8548975252131 1 1244 6
"1245" 123.381931861835 55.9652962570739 1 1245 14
"1246" 121.901756612177 39.3175915233981 1 1246 24
"1247" 124.923657883731 50.2320015893125 1 1247 7
"1248" 127.185067205911 55.6484092335584 1 1248 23
"1249" 125.217276114069 54.3098953348584 1 1249 6
"1250" 124.128196147084 48.9382925516743 1 1250 13
"1251" 123.535950823093 45.2098250765167 1 1251 4
"1252" 123.706395372126 49.9061636782916 1 1252 6
"1253" 124.668381778787 47.8493391358541 1 1253 7
"1254" 124.480617236213 54.2412063040679 1 1254 12
"1255" 122.49783583433 57.4763589400185 1 1255 3
"1256" 124.959616529244 43.216729633567 1 1256 13
"1257" 122.594430620288 46.5336507640773 1 1257 12
"1258" 123.250398144175 39.954308392934 1 1258 17
"1259" 122.404693814684 53.4477713622841 1 1259 7
"1260" 124.183688089286 54.8925813365814 1 1260 7
"1261" 122.462291310069 47.7843186224589 1 1261 10
"1262" 125.357219612824 51.3268638873144 1 1262 15
"1263" 101.023100295003 152.38576353501 1 1263 17
"1264" 103.754892449437 151.886595189235 1 1264 10
"1265" 106.32224419074 153.250801221378 1 1265 12
"1266" 103.148245523587 152.299747671867 1 1266 9
"1267" 105.299287923291 151.954722585495 1 1267 12
"1268" 105.684646023405 150.237564789457 1 1268 10
"1269" 105.639055406849 150.94056280763 1 1269 7
"1270" 106.635291041993 149.505343165234 1 1270 13
"1271" 106.45125803503 150.539169210354 1 1271 11
"1272" 103.668857102347 149.918683763891 1 1272 16
"1273" 108.36690264774 153.215446860262 1 1273 15
"1274" 106.326963271892 153.108400725536 1 1274 11
"1275" 104.858010186862 148.891333732779 2 1275 14
"1276" 104.744246111897 152.536692638562 1 1276 11
"1277" 106.153060368054 154.024679558916 1 1277 9
"1278" 104.873541660328 150.557509347057 2 1278 9
"1279" 106.260519859776 152.802942608 1 1279 9
"1280" 104.956934975667 153.444104663477 1 1280 9
"1281" 102.351198441716 153.057321305343 1 1281 10
"1282" 104.390160826263 153.10574626 2 1282 8
"1283" 104.842594350692 153.840522706647 1 1283 10
"1284" 106.470045228273 151.480079870467 1 1284 9
"1285" 104.800744591185 153.999767186067 1 1285 9
"1286" 102.967234412508 152.087013624739 1 1286 15
"1287" 103.56268908629 150.696533222887 1 1287 11
"1288" 106.819305293844 153.382753196905 1 1288 12
"1289" 102.224403801462 153.426420475185 1 1289 16
"1290" 105.122909290635 152.212592513668 1 1290 13
"1291" 106.153463353274 149.999465617506 1 1291 20
"1292" 103.613031576714 153.378177367872 1 1292 24
"1293" 103.230327623776 150.126616904822 1 1293 15
"1294" 106.730781628658 151.709953396633 1 1294 17
"1295" 104.391901812578 151.719663389365 1 1295 10
"1296" 105.016307356614 151.223245704612 1 1296 13
"1297" 103.038288290016 151.286464814129 1 1297 12
"1298" 104.305480572301 153.169398066524 1 1298 9
"1299" 103.260204495198 152.248726412982 1 1299 10
"1300" 106.139936828489 151.839157658816 1 1300 10
"1301" 105.551691291311 151.507802042697 1 1301 11
"1302" 101.245130196371 153.923136866739 1 1302 14
"1303" 102.209042543444 153.776895748369 1 1303 12
"1304" 104.634162659918 150.837404750225 1 1304 10
"1305" 103.039053842841 153.812237182253 1 1305 19
"1306" 104.459174726803 150.965349190126 1 1306 11
"1307" 101.935832059487 151.20551773073 1 1307 15
"1308" 105.002834153089 151.903487642582 1 1308 12
"1309" 105.092451023695 152.846382397127 1 1309 13
"1310" 102.338801472306 154.423520972885 1 1310 9
"1311" 104.486802661023 152.482780807004 1 1311 10
"1312" 102.767819232791 153.429016186642 1 1312 17
"1313" 105.230989618745 153.540542559387 1 1313 11
"1314" 106.1328172671 152.84274086702 1 1314 9
"1315" 107.069009314924 152.546100846171 1 1315 12
"1316" 104.726111343943 151.562081542931 1 1316 9
"1317" 103.564668091622 151.397547877719 1 1317 13
"1318" 102.109018097872 151.647904777257 1 1318 13
"1319" 104.464450878112 151.968483710338 1 1319 9
"1320" 106.425401748369 153.404483068381 1 1320 11
"1321" 104.303515283035 152.481141318201 1 1321 9
"1322" 103.321180256417 152.061866939638 1 1322 11
"1323" 105.529236040033 152.553293230416 1 1323 16
"1324" 105.783140165346 152.383315464804 1 1324 13
"1325" 106.184735707404 150.5908824638 1 1325 11
"1326" 106.266775183474 153.067251602444 1 1326 10
"1327" 105.716679153111 151.939529811183 1 1327 37
"1328" 104.424275954002 152.309502015523 1 1328 10
"1329" 104.563443741973 151.963314067394 1 1329 9
"1330" 105.864060391707 154.168205149311 1 1330 11
"1331" 106.810596633843 153.056096492883 1 1331 15
"1332" 101.166457688287 151.870165404413 1 1332 12
"1333" 103.503450670684 150.285492978919 1 1333 12
"1334" 101.81484538883 151.721819188315 2 1334 16
"1335" 103.228895408289 152.874394184726 1 1335 11
"1336" 104.864472330156 153.653604579775 1 1336 10
"1337" 103.220950877673 151.129751602133 1 1337 10
"1338" 103.843524135452 152.582377557714 1 1338 10
"1339" 104.436995263612 152.285285177851 1 1339 9
"1340" 105.175211530297 150.706391909745 1 1340 13
"1341" 106.14332841981 153.652017783468 1 1341 9
"1342" 106.831529266803 153.844605707066 1 1342 11
"1343" 102.939267453083 152.969985198074 1 1343 10
"1344" 106.0041967355 152.347767923453 1 1344 13
"1345" 107.586636442621 151.524673195785 1 1345 18
"1346" 106.755817966525 153.609945516534 1 1346 10
"1347" 104.086168726951 152.601944068629 1 1347 9
"1348" 104.859746128858 152.231805291403 1 1348 10
"1349" 105.770179053914 153.190148724914 1 1349 10
"1350" 105.731558363449 153.087986535604 1 1350 9
"1351" 104.799737215229 153.696950769093 1 1351 11
"1352" 104.228096216371 152.40003526187 1 1352 9
"1353" 103.160694251018 152.838725451881 1 1353 10
"1354" 106.337449182893 151.768458192001 1 1354 9
"1355" 104.823296696511 151.716688497608 2 1355 8
"1356" 103.092569344832 151.154698352268 1 1356 11
"1357" 103.274673471986 151.24446643196 1 1357 11
"1358" 104.773499934432 151.835350899056 1 1358 8
"1359" 105.399469032499 154.385058631344 1 1359 8
"1360" 102.905078731107 151.657822490528 1 1360 18
"1361" 104.479193707689 152.032462547516 2 1361 9
"1362" 102.746401836589 152.799103430979 1 1362 11
"1363" 106.548848958372 151.365990010026 1 1363 8
"1364" 103.944327120184 152.7228829937 1 1364 9
"1365" 105.437145018577 151.710182614779 1 1365 10
"1366" 103.444530899871 151.293354497448 1 1366 13
"1367" 106.473577015117 153.080233332169 1 1367 12
"1368" 103.389479747735 152.460428084479 1 1368 12
"1369" 107.207712662453 152.364885202055 1 1369 12
"1370" 104.105591920873 149.987089503189 1 1370 12
"1371" 105.805904949409 151.451352399187 2 1371 12
"1372" 107.908212116023 151.530939349647 1 1372 13
"1373" 106.874555534142 151.97775699247 1 1373 11
"1374" 106.071763881282 151.77559689602 1 1374 9
"1375" 102.51197935494 152.43719741223 1 1375 10
"1376" 104.417682052894 152.125923500053 1 1376 8
"1377" 104.872841063497 151.556560608492 1 1377 9
"1378" 102.757698725612 150.573452703094 1 1378 33
"1379" 107.054437708217 154.003968934326 1 1379 15
"1380" 105.111820825611 153.164901668848 1 1380 15
"1381" 103.266210129815 152.485417717632 1 1381 11
"1382" 109.215535984335 150.619416826301 1 1382 28
"1383" 104.329775694194 153.061391429159 1 1383 9
"1384" 103.541817768332 151.272286522583 2 1384 12
"1385" 104.760385766424 151.653157945836 1 1385 9
"1386" 104.741361344694 151.540427419161 1 1386 10
"1387" 102.295458614328 151.859999158658 1 1387 12
"1388" 104.976913607616 152.754139033656 1 1388 12
"1389" 104.810812145182 151.650754490155 2 1389 9
"1390" 104.661976671426 151.891150898486 1 1390 9
"1391" 99.7617784188272 152.345963908252 1 1391 32
"1392" 104.831312086838 153.303943371762 1 1392 9
"1393" 104.560562437478 152.551139752945 2 1393 11
"1394" 102.664832205515 151.438307913681 1 1394 17
"1395" 102.592698248006 152.3107718165 1 1395 11
"1396" 106.184808179149 151.252035801678 1 1396 17
"1397" 108.460828413836 149.953582841242 1 1397 27
"1398" 150.449795010539 151.769415598793 0 1398 0
"1399" 149.393168126976 35.6370241752801 1 1399 22
"1400" 143.236434436295 73.1440327683685 0 1400 0
"1401" 85.8046442452631 125.815209917881 1 1401 27
"1402" 136.216047931893 81.5514732152204 0 1402 0
"1403" 114.348476038073 136.741615821822 1 1403 24
"1404" 116.746216063125 53.8610636266998 1 1404 4
"1405" 103.144254836359 72.6972023423389 0 1405 0
"1406" 90.0880952998786 97.3269943231008 0 1406 0
"1407" 121.712844258067 8.04330186563658 0 1407 0
"1408" 91.2884058458179 28.2422330426505 2 1408 35
"1409" 131.258394765968 45.5926114117867 0 1409 0
"1410" 134.863094438799 63.6964507259858 0 1410 0
"1411" 81.288848310888 145.037869763323 0 1411 0
"1412" 117.840764537087 24.2666345613413 1 1412 17
"1413" 149.653521597172 140.057368101686 0 1413 0
"1414" 134.27450929492 11.3852958634711 1 1414 21
"1415" 129.994954499811 76.328684168449 1 1415 12
"1416" 131.871291325046 138.58523439652 0 1416 0
"1417" 143.579941982597 67.7306037646362 0 1417 0
"1418" 156.444921563937 88.1704778466235 1 1418 38
"1419" 148.247157012114 88.2602669511092 0 1419 0
"1420" 135.446790043899 38.6989912822076 0 1420 0
"1421" 170.745977675838 135.186814297691 0 1421 0
"1422" 109.215062137155 34.7245455838615 0 1422 0
"1423" 86.966060506854 43.9156597396629 1 1423 15
"1424" 127.852000675687 87.8020438475701 1 1424 45
"1425" 96.2197976674493 126.625058328413 1 1425 39
"1426" 160.661284047455 14.340041336502 1 1426 11
"1427" 107.636107149476 37.7218674776364 0 1427 0
"1428" 101.710565089269 84.5813464053823 1 1428 18
"1429" 143.264837039649 1.29877214675547 1 1429 17
"1430" 103.091347538555 112.009535241544 1 1430 25
"1431" 156.545629028988 14.6689701501836 1 1431 13
"1432" 122.103191080488 76.1688200791243 0 1432 0
"1433" 114.464717474126 26.9049222987506 1 1433 42
"1434" 163.838629886974 150.661827281253 0 1434 0
"1435" 155.080620138988 121.563931800492 1 1435 16
"1436" 150.157142613221 33.7267461044751 1 1436 16
"1437" 117.576368675161 7.05154364636228 1 1437 22
"1438" 118.17524506626 70.0219704854603 1 1438 29
"1439" 108.440452622387 36.1275681702671 1 1439 46
"1440" 125.563556436255 44.453744639814 1 1440 10
"1441" 121.608369893301 105.777642538504 1 1441 38
"1442" 160.633582823079 153.818187619573 0 1442 0
"1443" 156.507230506026 138.071188953307 0 1443 0
"1444" 155.624000344219 113.564542003361 1 1444 11
"1445" 163.122587455412 100.771068866344 1 1445 10
"1446" 113.678673766221 9.18612794843652 0 1446 0
"1447" 118.041238454499 24.1036001924903 1 1447 20
"1448" 137.213858673416 8.84480139197644 1 1448 19
"1449" 81.6779256765599 92.3410139273741 0 1449 0
"1450" 104.594427000134 92.1473731816852 0 1450 0
"1451" 113.566645616485 150.457724324263 0 1451 0
"1452" 93.1751600221138 73.7026827085232 0 1452 0
"1453" 86.5015103248142 146.903327014355 0 1453 0
"1454" 106.877501876425 97.3758967874948 0 1454 0
"1455" 132.571945789304 124.678063907197 1 1455 20
"1456" 100.616486650395 2.0124743924082 0 1456 0
"1457" 116.208092719357 103.147294040399 0 1457 0
"1458" 96.7071032414074 5.93430211652808 1 1458 11
"1459" 84.1466283831799 130.210976738295 0 1459 0
"1460" 84.6983902631934 124.376687566805 1 1460 42
"1461" 122.95911593728 96.8322249015678 1 1461 28
"1462" 144.321023898566 56.705928800096 0 1462 0
"1463" 151.100472361555 35.2806014915394 1 1463 33
"1464" 112.098783613712 145.641877809804 1 1464 11
"1465" 103.697211607559 20.6757729346324 0 1465 0
"1466" 164.867925096603 49.361989962093 1 1466 18
"1467" 161.883824877526 146.730575774863 0 1467 0
"1468" 109.887686525984 32.7658426126375 1 1468 31
"1469" 169.261771205885 136.081931997906 0 1469 0
"1470" 167.996308394357 143.35958191587 1 1470 46
"1471" 160.384211675709 126.46103351802 0 1471 0
"1472" 144.064356721876 17.8808207793102 0 1472 0
"1473" 159.074574284091 112.836633114093 1 1473 8
"1474" 105.069755194073 153.865071576381 1 1474 11
"1475" 106.401872528437 27.6698080213058 0 1475 0
"1476" 98.3610484363973 104.23503149742 0 1476 0
"1477" 103.97964676628 41.1566697115321 1 1477 33
"1478" 95.1129184785194 51.7800123830663 1 1478 35
"1479" 157.863304571134 108.187647149237 1 1479 8
"1480" 144.758417606827 11.7074464895366 0 1480 0
"1481" 106.603319525372 118.992328545903 0 1481 0
"1482" 124.869160873811 29.5098948396173 1 1482 12
"1483" 84.5094939078656 80.0019578974982 0 1483 0
"1484" 108.380435612775 88.6956177155362 0 1484 0
"1485" 143.251035855796 21.2427518995975 1 1485 34
"1486" 119.155724294762 118.424695051815 0 1486 0
"1487" 141.579096647435 98.5273292765098 0 1487 0
"1488" 123.837268786186 66.7506559198368 0 1488 0
"1489" 148.135373979796 37.469126402681 1 1489 7
"1490" 105.435333697113 142.795493321469 1 1490 32
"1491" 117.692451019448 -0.016688366261833 1 1491 21
"1492" 163.38803378996 58.8591253149798 0 1492 0
"1493" 104.28783107821 134.990213131982 1 1493 8
"1494" 145.583981855556 145.332256034547 0 1494 0
"1495" 93.7638814446793 112.841365424284 1 1495 39
"1496" 102.962846011682 82.4447636356435 2 1496 19
"1497" 127.636057370775 5.50391760581157 1 1497 17
"1498" 143.71397564874 112.883890968902 1 1498 6
"1499" 94.9522892618453 9.16964942762892 1 1499 13
"1500" 147.891424419307 22.3961601082576 1 1500 19
"1501" 109.149938511084 117.245436282795 0 1501 0
"1502" 95.3661076568876 24.7069122940104 1 1502 36
"1503" 159.024222479431 97.1797987140933 1 1503 14
"1504" 165.873412299619 57.2678643847325 0 1504 0
"1505" 86.0521858052027 20.0309626684868 1 1505 4
"1506" 125.397610701383 77.6238920837035 1 1506 33
"1507" 167.132188437345 96.8681491153935 1 1507 11
"1508" 95.9919412018683 47.1460858597963 0 1508 0
"1509" 99.8148488434983 114.820516337373 0 1509 0
"1510" 135.490081854267 72.930834322747 0 1510 0
"1511" 84.7836525890118 29.2022640576748 1 1511 7
"1512" 165.107916770145 110.451144079955 1 1512 14
"1513" 150.99627952945 71.9028448274934 0 1513 0
"1514" 108.86141191782 54.6949135808047 0 1514 0
"1515" 130.788690177818 49.5368567312789 1 1515 25
"1516" 83.9048617236495 131.619804474815 0 1516 0
"1517" 83.6536091721019 100.764712203138 0 1517 0
"1518" 131.608252380712 63.1315264848983 1 1518 36
"1519" 92.1946666987704 71.4248246643066 0 1519 0
"1520" 129.424917373656 87.1548871051714 1 1520 37
"1521" 81.8319960583521 99.1096435118227 0 1521 0
"1522" 166.731134698429 5.19492493966752 1 1522 36
"1523" 145.416201863535 22.4271584009722 1 1523 42
"1524" 139.109646164535 16.3567910787234 2 1524 11
"1525" 122.352935805398 63.3628064645343 1 1525 39
"1526" 93.7840399371812 17.128523160737 1 1526 6
"1527" 154.005485979931 140.777898038978 1 1527 37
"1528" 138.469507705805 52.9830287863408 0 1528 0
"1529" 88.3942125024421 112.608018624601 1 1529 35
"1530" 112.83521547467 128.162363845327 1 1530 49
"1531" 147.502769748909 147.956430323005 0 1531 0
"1532" 154.886054144721 57.9934010166583 1 1532 34
"1533" 114.129352654358 141.722227612759 1 1533 15
"1534" 132.654899988574 -0.455072922098977 1 1534 48
"1535" 116.223431247614 146.837975168282 1 1535 33
"1536" 121.055665265519 10.6036486058609 2 1536 42
"1537" 151.157761012727 101.399712079008 1 1537 10
"1538" 146.348255782193 144.487148482838 0 1538 0
"1539" 153.564669667357 32.7861053206311 1 1539 47
"1540" 164.586934444841 63.6234172709565 1 1540 28
"1541" 136.490351095867 61.0569597266751 0 1541 0
"1542" 94.695205923203 84.0714602028115 1 1542 35
"1543" 111.288051421488 90.2853318887896 0 1543 0
"1544" 89.3299931783659 142.995896981104 1 1544 38
"1545" 120.49332899907 89.0624993608608 1 1545 49
"1546" 114.79402367591 34.9046766419198 1 1546 11
"1547" 125.862162811289 4.20575046209928 1 1547 44
"1548" 119.251447648511 6.21801541424576 1 1548 19
"1549" 135.778986159272 5.77450818498389 1 1549 42
"1550" 129.324327851147 120.996196698585 1 1550 13
"1551" 170.073155166674 40.5413722563276 0 1551 0
"1552" 102.332285297061 93.7031690109107 0 1552 0
"1553" 147.308098450331 140.97132646982 0 1553 0
"1554" 114.095338290879 115.445739656133 0 1554 0
"1555" 117.682871754467 71.4494121318641 1 1555 43
"1556" 92.2092806922401 152.393117833323 1 1556 39
"1557" 150.465905070666 114.522407298616 1 1557 11
"1558" 114.398969733651 142.642789225407 1 1558 14
"1559" 171.539159071024 148.989591634627 0 1559 0
"1560" 169.713868981787 110.122719875116 1 1560 32
"1561" 93.5337721822961 150.225329438922 1 1561 12
"1562" 102.317497624309 42.394982844377 1 1562 45
"1563" 115.013549469468 70.0688338968345 1 1563 47
"1564" 109.950549429583 104.775914981683 1 1564 48
"1565" 113.443302351454 31.6295892992279 1 1565 34
"1566" 150.683777076728 86.3506556861358 0 1566 0
"1567" 104.30866899344 151.375311868079 1 1567 12
"1568" 106.58292994603 81.0611883671146 0 1568 0
"1569" 140.446762026353 145.155974121907 0 1569 0
"1570" 81.5272783917583 78.8871892579105 0 1570 0
"1571" 110.381821500071 82.1534034287252 0 1571 0
"1572" 89.5791322107006 35.2422315767665 0 1572 0
"1573" 145.059666743061 81.5702695064472 0 1573 0
"1574" 166.568701813408 36.9295735692284 2 1574 9
"1575" 138.352568532299 70.7289811665104 0 1575 0
"1576" 159.857210317931 25.9515564534048 0 1576 0
"1577" 119.629549631673 39.8796476101016 1 1577 31
"1578" 145.874537913087 8.18502339848189 1 1578 25
"1579" 92.3899261891865 134.641693615685 0 1579 0
"1580" 115.127917662641 25.2435943274171 1 1580 40
"1581" 84.3858364007185 79.9090523143573 0 1581 0
"1582" 108.13131476664 84.0786333393736 1 1582 31
"1583" 124.337123031044 112.107987730617 1 1583 46
"1584" 95.8638356371987 63.2912097455228 1 1584 37
"1585" 110.048043935009 12.8860366112194 0 1585 0
"1586" 135.424945889855 63.7289118607785 0 1586 0
"1587" 120.386165668589 89.9311069164768 0 1587 0
"1588" 136.262034684361 104.067552959957 1 1588 26
"1589" 89.4709293750111 46.9292563969861 1 1589 19
"1590" 140.263353555067 47.8907334999917 1 1590 12
"1591" 110.03335342669 101.045052619525 1 1591 23
"1592" 164.859744476797 95.7326390122743 1 1592 13
"1593" 137.651678204377 95.4444422604764 1 1593 18
"1594" 81.6053620095966 2.15763333152179 0 1594 0
"1595" 93.0889552698378 72.2069683342509 0 1595 0
"1596" 82.9457317017929 147.924084842031 0 1596 0
"1597" 158.533965450126 125.992632120127 1 1597 49
"1598" 128.624818303511 107.225541442629 1 1598 24
"1599" 99.4635867785606 25.0922877541199 0 1599 0
"1600" 83.9941871336226 84.6698010677216 0 1600 0
"1601" 157.083373290089 95.1530421903622 1 1601 25
"1602" 168.39518465176 111.452011508889 1 1602 32
"1603" 141.551969070221 137.828061480206 0 1603 0
"1604" 160.408681732839 115.687841301884 1 1604 11
"1605" 149.247691506618 33.65906980801 1 1605 24
"1606" 163.148023030547 93.4500750527912 1 1606 28
"1607" 120.03605074803 122.935772412954 0 1607 0
"1608" 106.399672340948 135.955298576373 1 1608 12
"1609" 160.572917429377 128.059415372709 1 1609 38
"1610" 160.08342893304 -0.0127914500020609 1 1610 35
"1611" 84.1114672823162 34.4866022760531 0 1611 0
"1612" 136.142442767594 55.5318409447442 1 1612 49
"1613" 112.755897337293 143.467948497301 1 1613 16
"1614" 156.17587973836 82.3016206765586 1 1614 43
"1615" 165.064397407357 68.9083596839511 1 1615 35
"1616" 136.1721383905 146.177249701727 0 1616 0
"1617" 123.700694728513 57.0295307859059 1 1617 11
"1618" 170.934123662978 62.7672972947415 0 1618 0
"1619" 140.376597202733 77.4461481955775 0 1619 0
"1620" 147.699063924869 6.3899617710388 0 1620 0
"1621" 152.054027895356 74.460309465878 0 1621 0
"1622" 157.961405326074 10.1122972367257 1 1622 11
"1623" 100.699852556104 63.9640287452327 1 1623 45
"1624" 112.172450126983 151.665167997621 1 1624 36
"1625" 130.865024921538 22.7572191633198 1 1625 37
"1626" 165.052469059391 44.4558096905702 1 1626 45
"1627" 168.99609005729 124.291245789363 1 1627 32
"1628" 141.341578511323 133.913691134567 1 1628 49
"1629" 155.361762299577 10.4779939268883 1 1629 9
"1630" 158.138004189987 133.082835903051 0 1630 0
"1631" 93.6799291036325 3.27577987144767 1 1631 17
"1632" 102.000474540629 81.6752261236648 1 1632 23
"1633" 115.025130437449 47.9997077424037 0 1633 0
"1634" 169.641985465857 143.159288746615 0 1634 0
"1635" 88.3013259174499 93.0853413982237 0 1635 0
"1636" 169.963257758418 4.34882564652962 1 1636 40
"1637" 152.726139707526 112.838293466752 1 1637 30
"1638" 85.0577179400354 -0.444520224232113 0 1638 0
"1639" 146.928258153471 31.6175207166791 1 1639 13
"1640" 108.499840633669 55.9665346885988 0 1640 0
"1641" 123.623386284069 139.066989495626 1 1641 47
"1642" 101.489618458659 95.5628548366694 1 1642 30
"1643" 149.001546171311 151.333647209617 0 1643 0
"1644" 129.630084958686 43.2255676633255 1 1644 14
"1645" 150.185788020554 19.4246064847859 2 1645 12
"1646" 153.870321042171 24.758525889019 0 1646 0
"1647" 119.62900822271 126.734727107576 1 1647 39
"1648" 113.757957030648 31.1150837321881 1 1648 31
"1649" 167.883992114376 105.958465569648 1 1649 12
"1650" 131.961203598772 116.154777438465 1 1650 21
"1651" 83.9725755444488 104.978398568556 0 1651 0
"1652" 147.024004641609 150.066229177537 0 1652 0
"1653" 154.2544219009 59.1792509340248 1 1653 37
"1654" 162.855245985999 11.2808063028102 1 1654 25
"1655" 115.142333064519 11.0199050438993 0 1655 0
"1656" 104.939964996056 27.1272283291728 1 1656 50
"1657" 171.989729934417 61.240086554454 0 1657 0
"1658" 170.751550428814 97.6268163960412 1 1658 29
"1659" 118.779941619771 59.0532034364763 1 1659 21
"1660" 135.268647002369 97.8481832943427 2 1660 33
"1661" 148.418577585802 12.037173144863 0 1661 0
"1662" 119.179376529824 55.2925010168698 1 1662 3
"1663" 159.676653609912 149.584986883783 0 1663 0
"1664" 168.895721660981 74.861831397928 0 1664 0
"1665" 94.6310937626033 84.975130544478 1 1665 27
"1666" 172.138865601112 83.3762393146949 0 1666 0
"1667" 121.009984465345 108.026292992427 1 1667 34
"1668" 97.7995746756604 138.938906411422 0 1668 0
"1669" 170.332806786637 154.055525432878 0 1669 0
"1670" 150.001142159352 138.372665132229 1 1670 26
"1671" 141.132924081208 73.1306997209138 0 1671 0
"1672" 86.1501795421732 88.6261303517567 0 1672 0
"1673" 124.476491530109 132.402541109798 1 1673 24
"1674" 140.003633067456 65.0024817877821 2 1674 38
"1675" 141.397358864601 47.187546255488 1 1675 11
"1676" 120.430423018382 27.6107454248651 1 1676 33
"1677" 121.19830216106 123.739723056436 0 1677 0
"1678" 115.78555887171 143.116434186199 1 1678 22
"1679" 134.756184665504 82.1791580863247 0 1679 0
"1680" 83.7495675541051 26.9747633039616 1 1680 6
"1681" 133.747034474736 74.2640378575858 0 1681 0
"1682" 171.953654725302 40.6737381426371 1 1682 10
"1683" 162.095445500451 17.464154768599 0 1683 0
"1684" 154.395190458908 94.7090506088274 1 1684 30
"1685" 134.743219554182 137.712643987682 0 1685 0
"1686" 82.3348962239792 18.1576568091496 1 1686 10
"1687" 128.516086782773 91.7333999226333 1 1687 49
"1688" 105.810688300227 98.7399942630228 0 1688 0
"1689" 141.638962640897 2.329368781678 0 1689 0
"1690" 169.111470765551 13.059468485894 0 1690 0
"1691" 148.165258212234 75.7316569113881 0 1691 0
"1692" 95.036144738349 114.697400301256 1 1692 34
"1693" 148.858484909679 106.438628704584 1 1693 22
"1694" 167.015760169682 143.745334920886 1 1694 42
"1695" 127.165358582263 109.817920499427 1 1695 23
"1696" 131.163529847992 75.2446259688608 1 1696 8
"1697" 160.033242732047 53.905365394444 0 1697 0
"1698" 96.6900343893849 43.9453498407233 0 1698 0
"1699" 85.1813513702814 52.0670195939904 0 1699 0
"1700" 112.36388657395 114.957725024253 0 1700 0
"1701" 121.436504839456 39.5142748806213 1 1701 26
"1702" 112.205210113906 145.232249964074 1 1702 12
"1703" 96.1711947583284 146.130136278787 0 1703 0
"1704" 84.8991941883795 81.3124879398006 0 1704 0
"1705" 128.288707014128 15.0598374876831 0 1705 0
"1706" 117.797105104143 78.2867290358614 1 1706 31
"1707" 94.8159385795501 115.195820599359 1 1707 39
"1708" 84.5101050841473 82.2443203294606 0 1708 0
"1709" 139.053438746154 108.084340052289 0 1709 0
"1710" 153.737011053986 148.133282127691 0 1710 0
"1711" 141.020337792919 89.3456530573017 0 1711 0
"1712" 125.3263396684 81.0158387461602 1 1712 31
"1713" 144.723321153728 34.0891847366428 1 1713 39
"1714" 145.841656192152 24.7977158157286 1 1714 31
"1715" 163.052842542371 84.5075101980247 0 1715 0
"1716" 82.9948777549555 89.4137259275713 1 1716 38
"1717" 89.3280180799134 47.0937562799047 2 1717 19
"1718" 123.616490565359 43.3799042005883 1 1718 5
"1719" 96.9060015141491 -0.352030171578594 0 1719 0
"1720" 154.968859984011 118.07114778994 2 1720 9
"1721" 165.720413104295 37.501436100659 0 1721 0
"1722" 122.427231574047 146.959593084838 0 1722 0
"1723" 99.476153335771 64.9382271906195 1 1723 35
"1724" 133.645177294819 152.185280843114 1 1724 36
"1725" 140.12340172667 153.433799423505 2 1725 25
"1726" 108.331038358706 42.3382487785297 0 1726 0
"1727" 162.363893029282 111.212618646734 1 1727 24
"1728" 149.034925538656 136.355110796172 1 1728 47
"1729" 113.142972785758 86.2421249217778 0 1729 0
"1730" 148.821892282819 144.227142629299 1 1730 40
"1731" 142.03089978119 71.0063492472475 2 1731 35
"1732" 139.906762269438 119.545673214643 1 1732 7
"1733" 167.236701894944 150.691835276857 0 1733 0
"1734" 114.047189501244 37.9573747975408 1 1734 15
"1735" 92.7719039750567 129.599040393224 1 1735 40
"1736" 169.408009161844 9.28628354200187 0 1736 0
"1737" 144.681157873124 84.172715536736 1 1737 31
"1738" 85.6973764458792 75.9410434027968 0 1738 0
"1739" 126.194831853549 13.7309610955342 0 1739 0
"1740" 169.073169556967 9.74196218930337 0 1740 0
"1741" 109.466782217566 55.0459946685151 1 1741 38
"1742" 94.5859190271861 21.7090379483362 0 1742 0
"1743" 117.715415756166 71.392151539638 1 1743 43
"1744" 91.7282974897203 96.7905621568276 0 1744 0
"1745" 167.344109764484 61.8476322068128 0 1745 0
"1746" 134.318205785728 3.28029658096565 0 1746 0
"1747" 168.179129166482 61.2279836332283 0 1747 0
"1748" 119.226008945949 122.418214025605 1 1748 48
"1749" 160.16055778608 150.903770774108 0 1749 0
"1750" 151.797921727596 16.9882878318245 1 1750 13
"1751" 111.376094500853 114.245860385271 0 1751 0
"1752" 171.109191565864 147.59199752002 1 1752 50
"1753" 143.637214868112 6.09938470982255 1 1753 31
"1754" 165.40436312156 105.857712966951 1 1754 12
"1755" 125.616139552725 96.1530957096055 1 1755 5
"1756" 101.256248618367 53.8135625847315 0 1756 0
"1757" 121.244781311859 27.928503516712 1 1757 37
"1758" 152.358335826218 117.204239041969 0 1758 0
"1759" 170.879756563813 105.2795322273 0 1759 0
"1760" 80.8462776833299 61.3178358183328 0 1760 0
"1761" 81.8688927310603 132.037575208785 0 1761 0
"1762" 130.900302208444 122.132535082365 0 1762 0
"1763" 126.289895834372 8.92575852377558 1 1763 42
"1764" 91.6154956017791 47.171442138193 0 1764 0
"1765" 134.036777872595 99.121557191192 0 1765 0
"1766" 117.657100088071 56.1553412274135 2 1766 26
"1767" 131.531631006198 49.2092211966611 1 1767 34
"1768" 156.554533026862 13.1516003114042 1 1768 4
"1769" 87.5004333591866 137.261287608495 1 1769 49
"1770" 151.65794001728 70.0925769073615 0 1770 0
"1771" 143.881891448193 24.7363275773319 1 1771 27
"1772" 101.549899500194 116.607749107569 0 1772 0
"1773" 143.598528707581 25.370144520086 1 1773 25
"1774" 142.569137061823 99.5537806445736 0 1774 0
"1775" 125.974247961589 22.7799940109203 0 1775 0
"1776" 148.019527584855 129.49472797825 0 1776 0
"1777" 125.357767949931 68.9706920373681 2 1777 43
"1778" 105.370081953653 56.375703024338 2 1778 43
"1779" 132.074151104838 11.5544549018386 1 1779 26
"1780" 164.542250929615 137.073967959665 0 1780 0
"1781" 115.81609150966 23.9510893823765 1 1781 24
"1782" 94.0414155402701 15.0411655884037 1 1782 41
"1783" 141.266571488739 47.3667771780302 1 1783 12
"1784" 120.031323771176 89.2474864711135 1 1784 48
"1785" 112.278226979264 61.3692059373181 0 1785 0
"1786" 111.43395512837 64.7411228603861 0 1786 0
"1787" 96.3949802783466 92.3121053471573 0 1787 0
"1788" 170.014925031556 4.9866897146873 1 1788 49
"1789" 81.5485849925716 120.647060458207 0 1789 0
"1790" 166.720078838235 49.0914124901128 1 1790 3
"1791" 164.363183947717 50.4994635081486 1 1791 19
"1792" 112.048879438056 15.2402927952875 2 1792 49
"1793" 91.6665741689821 8.0460011528379 1 1793 13
"1794" 157.246083852038 105.419692054453 1 1794 5
"1795" 106.349504904516 148.835234263067 1 1795 14
"1796" 170.377535285397 147.832073075512 0 1796 0
"1797" 122.81069651555 139.210790161334 1 1797 43
"1798" 112.509087530927 62.4267525840967 1 1798 47
"1799" 96.2825091479046 85.6289542619536 0 1799 0
"1800" 143.424789189874 81.1663913489929 2 1800 42
"1801" 126.061722491925 35.7362682232117 0 1801 0
"1802" 170.758900117065 151.882620214543 1 1802 40
"1803" 145.163058097115 6.31168486143426 1 1803 39
"1804" 159.107351557544 73.4106847265789 0 1804 0
"1805" 131.614414953501 62.9763634362646 1 1805 37
"1806" 138.608760425822 99.5808032695519 1 1806 49
"1807" 158.469276150785 30.6311506727129 1 1807 26
"1808" 157.492166146136 44.9375534517739 1 1808 12
"1809" 131.413305033181 145.96521519643 0 1809 0
"1810" 97.6909603477387 112.985540782369 0 1810 0
"1811" 128.842776827904 130.760547546727 1 1811 43
"1812" 134.812346393467 27.7186339368092 0 1812 0
"1813" 108.96412663384 60.4891668520198 0 1813 0
"1814" 95.804963929783 15.6233264731796 1 1814 15
"1815" 91.1549672689879 75.641110333965 0 1815 0
"1816" 170.057716646447 125.140628777152 1 1816 38
"1817" 164.936900534165 113.207429982417 1 1817 8
"1818" 84.2704061034664 58.8693704090735 0 1818 0
"1819" 167.465498195074 49.2029216201511 1 1819 5
"1820" 124.368943911723 98.2918186707804 1 1820 17
"1821" 123.302009972441 131.308456919261 1 1821 36
"1822" 138.345670243101 86.9854042505534 1 1822 29
"1823" 145.411419321306 105.014813200793 1 1823 35
"1824" 85.749759492726 123.015781421748 1 1824 16
"1825" 105.561103545333 63.464409157104 0 1825 0
"1826" 85.2014158471973 64.0549055661245 0 1826 0
"1827" 126.350381443883 77.6003948601098 0 1827 0
"1828" 155.217054512077 78.6867716606003 1 1828 40
"1829" 140.860945880478 135.971672925695 1 1829 24
"1830" 146.949238259511 56.261211412311 0 1830 0
"1831" 102.210973488424 69.1812535903557 2 1831 39
"1832" 130.428080898672 153.275990852433 0 1832 0
"1833" 165.770872505284 52.9727736542322 2 1833 14
"1834" 94.6508298811419 55.9122137543121 0 1834 0
"1835" 127.509757616525 8.46845407913973 1 1835 22
"1836" 148.89629982484 76.4321727801492 0 1836 0
"1837" 110.560314920489 70.8137117253212 0 1837 0
"1838" 144.490933625294 74.6785894940575 0 1838 0
"1839" 86.7349156164149 137.464599909326 1 1839 46
"1840" 101.452452377424 84.9535192400149 1 1840 19
"1841" 134.633112094243 94.1662194608103 1 1841 15
"1842" 124.803562114517 139.898232960005 1 1842 38
"1843" 124.983394523376 0.733489245229039 0 1843 0
"1844" 106.543370098165 141.473115749594 1 1844 35
"1845" 159.274368093311 80.4386839421826 0 1845 0
"1846" 83.2427394262911 74.4437326230755 0 1846 0
"1847" 130.284493415376 71.1358111863971 1 1847 41
"1848" 166.893245801237 17.4753642703906 1 1848 37
"1849" 84.6922466263301 72.7236457955221 1 1849 45
"1850" 159.622947918642 136.31938423736 0 1850 0
"1851" 121.653866796505 25.3799419476014 2 1851 20
"1852" 126.239515197409 30.4068345117527 2 1852 26
"1853" 85.467531900883 88.8781861336013 0 1853 0
"1854" 82.5308274899234 14.6670834366778 1 1854 5
"1855" 135.919228067201 9.95221751062055 1 1855 13
"1856" 81.2754458525127 77.2144696923066 0 1856 0
"1857" 96.2937714610991 122.423099289145 1 1857 50
"1858" 93.0434124191675 52.3924250283336 0 1858 0
"1859" 93.2475041265898 8.35230955269501 0 1859 0
"1860" 133.076049307307 102.934269960151 2 1860 25
"1861" 136.895025366646 4.84895970097601 1 1861 44
"1862" 162.548147126744 105.553582274708 1 1862 7
"1863" 152.744734122551 62.9356111178111 0 1863 0
"1864" 93.6504805474314 31.6268846319395 2 1864 9
"1865" 131.595121537199 26.6282644256217 1 1865 21
"1866" 168.675649788742 30.4893398087565 0 1866 0
"1867" 151.313588087204 76.1727459178659 0 1867 0
"1868" 158.549309397827 118.815867718286 2 1868 22
"1869" 88.013149210397 113.918900900124 1 1869 36
"1870" 93.4768503182917 146.433492780104 0 1870 0
"1871" 135.109695135994 89.8829873811372 1 1871 7
"1872" 118.950388642681 43.3338257042066 0 1872 0
"1873" 155.658672131337 17.4768500410278 1 1873 13
"1874" 93.1985535590135 53.1821326313699 1 1874 36
"1875" 107.885170480949 47.1354008262294 1 1875 3
"1876" 136.749475080397 131.870469774948 1 1876 46
"1877" 150.253168042111 112.88872546464 1 1877 21
"1878" 101.540559868925 111.132905506623 1 1878 23
"1879" 135.897296537997 81.4834436384035 2 1879 7
"1880" 157.470780417144 45.7910179397518 1 1880 2
"1881" 114.33969874382 91.6973118508521 0 1881 0
"1882" 113.157680751972 63.1632683128749 2 1882 12
"1883" 135.988484073491 32.2564266802324 0 1883 0
"1884" 157.051857590556 81.7682775468855 1 1884 35
"1885" 168.763626442421 84.4398483086385 0 1885 0
"1886" 149.362765234391 26.7856790226626 1 1886 39
"1887" 138.3261944507 25.8746209547844 1 1887 3
"1888" 95.084787061614 39.4945921026901 0 1888 0
"1889" 121.711006616442 -0.31785221126605 0 1889 0
"1890" 152.725109177604 32.2753377586871 1 1890 24
"1891" 153.618914175681 55.4648055285902 1 1891 27
"1892" 116.263449799001 117.425075297583 0 1892 0
"1893" 109.158394280173 68.99276805137 0 1893 0
"1894" 168.730644879461 49.6680057790913 1 1894 2
"1895" 169.786880127809 15.5803339081128 1 1895 38
"1896" 104.196316019748 150.473134193672 1 1896 11
"1897" 171.760627146476 116.315337761615 0 1897 0
"1898" 105.056502552286 59.7666388081429 0 1898 0
"1899" 96.635088502083 57.3400168414683 0 1899 0
"1900" 171.978369664222 81.6816956964847 0 1900 0
"1901" 125.65410034306 113.891709434291 1 1901 34
"1902" 150.9666840913 66.09654001669 0 1902 0
"1903" 113.696188726376 35.0584271829818 1 1903 39
"1904" 100.257618469642 147.696198469699 1 1904 28
"1905" 157.474021823499 48.7562959985118 0 1905 0
"1906" 114.903064297788 124.571900489497 0 1906 0
"1907" 131.720990327773 89.8456999471151 1 1907 3
"1908" 136.452174663037 147.912428468037 0 1908 0
"1909" 83.9344539701105 62.4002910047139 0 1909 0
"1910" 114.189594088962 118.386211758025 0 1910 0
"1911" 162.329988018632 81.5364976524425 0 1911 0
"1912" 139.412849963845 34.298483521799 1 1912 34
"1913" 145.63251418337 123.668315579281 0 1913 0
"1914" 120.286166244363 148.054580841147 0 1914 0
"1915" 129.073129751096 75.5858288194251 2 1915 9
"1916" 98.702610744745 153.047816049658 1 1916 40
"1917" 124.466063811415 26.4879254668433 1 1917 28
"1918" 118.652506352599 22.1420989982347 1 1918 22
"1919" 130.615528377212 48.7219503889072 2 1919 24
"1920" 160.116044951234 94.6445092782967 1 1920 26
"1921" 164.04560990143 151.832548574168 0 1921 0
"1922" 143.97129789279 65.6977655398696 1 1922 34
"1923" 94.8385778711094 79.4813703405592 0 1923 0
"1924" 169.134998117754 22.3843358322153 0 1924 0
"1925" 143.753881291457 -0.648209961644439 1 1925 36
"1926" 90.6006850686694 1.75158790165594 1 1926 27
"1927" 149.676112006625 144.761708916364 0 1927 0
"1928" 162.575852506742 52.085705719809 1 1928 17
"1929" 96.893313501397 103.174492727826 0 1929 0
"1930" 155.871297472204 79.313998249384 1 1930 36
"1931" 149.61650250499 120.661606336175 1 1931 26
"1932" 141.46252376842 105.658421179953 0 1932 0
"1933" 153.384320868948 119.416096343833 1 1933 37
"1934" 111.075374606606 149.197911677222 1 1934 35
"1935" 120.188787260936 8.18757323480668 1 1935 14
"1936" 100.819699122515 78.4725157570493 0 1936 0
"1937" 144.766723495065 89.1834333564083 0 1937 0
"1938" 158.941997227619 106.15902824877 1 1938 11
"1939" 157.389301592106 28.1348166423784 2 1939 37
"1940" 124.92289439061 87.5712747956709 0 1940 0
"1941" 141.36198231403 119.17049128645 1 1941 44
"1942" 83.6723645210754 147.936626908355 0 1942 0
"1943" 164.76176697674 143.55528496811 1 1943 40
"1944" 89.3532572912121 121.233932421689 0 1944 0
"1945" 106.442822903019 102.482936653955 1 1945 14
"1946" 127.437069173807 32.8882243932407 0 1946 0
"1947" 96.3472248161644 57.027544883814 0 1947 0
"1948" 170.431772767722 115.549191040519 0 1948 0
"1949" 117.256160885801 46.1500557430222 1 1949 9
"1950" 102.527391479309 100.904904130273 1 1950 19
"1951" 86.7769748136896 103.924407437207 0 1951 0
"1952" 98.7847471862082 102.384675501001 0 1952 0
"1953" 118.642719413636 88.3048651652647 1 1953 41
"1954" 141.722210304174 119.202395636387 1 1954 43
"1955" 130.731400905445 50.1436367502997 1 1955 26
"1956" 163.733561632456 106.479212868234 1 1956 19
"1957" 122.752712311839 143.577912422988 0 1957 0
"1958" 104.850565877349 60.9741216586449 0 1958 0
"1959" 125.845305960236 108.644673887497 2 1959 39
"1960" 85.3475191738661 92.1328403025861 1 1960 39
"1961" 127.882185526656 125.989840252097 0 1961 0
"1962" 136.320830348184 119.998986176252 0 1962 0
"1963" 166.419084694376 18.7558158704445 2 1963 45
"1964" 158.337870572642 -0.593676929158062 1 1964 39
"1965" 136.277886110588 20.4996565770231 2 1965 41
"1966" 140.056949522632 131.992259023808 0 1966 0
"1967" 140.078824094114 46.3160166626205 1 1967 8
"1968" 88.6797412002157 1.61816444909312 1 1968 33
"1969" 100.716540504697 56.9758445935759 0 1969 0
"1970" 107.329202940399 36.1179945399328 1 1970 42
"1971" 124.801330095823 121.804102789342 1 1971 39
"1972" 139.181681553444 17.6270547435959 1 1972 4
"1973" 142.968228918877 47.8137455364948 1 1973 5
"1974" 144.345192823068 48.8899175393831 1 1974 6
"1975" 125.364675578567 136.002680137077 0 1975 0
"1976" 83.56643007648 27.4778477043057 1 1976 13
"1977" 170.780144833388 122.180979156115 1 1977 24
"1978" 103.26369087447 92.3227395768143 0 1978 0
"1979" 99.5894128990392 -0.629246743285007 0 1979 0
"1980" 106.594361611519 103.037287362879 1 1980 7
"1981" 132.829492779658 100.130520640223 0 1981 0
"1982" 161.384000536007 102.898178385897 1 1982 12
"1983" 137.774818336621 70.1095319450132 1 1983 48
"1984" 135.136093530122 27.628806738418 0 1984 0
"1985" 167.25039586804 4.31313591784336 1 1985 35
"1986" 127.145775921837 43.9602971670708 1 1986 28
"1987" 155.505537171423 38.5604630657718 0 1987 0
"1988" 134.426564671439 140.367850618668 0 1988 0
"1989" 151.527892449186 147.542822404366 1 1989 26
"1990" 120.277179605311 63.0569237415034 0 1990 0
"1991" 103.658940773571 130.648533627306 0 1991 0
"1992" 91.4905203983975 139.633256664232 0 1992 0
"1993" 101.778147386783 121.324969814711 1 1993 42
"1994" 119.768132311241 107.280853829481 2 1994 33
"1995" 115.113425017609 15.8223025321125 0 1995 0
"1996" 102.920820530637 49.4318495629071 1 1996 43
"1997" 149.379630589474 18.9334072024089 1 1997 13
"1998" 156.080661571119 123.385289524504 1 1998 18
"1999" 163.127617000084 18.4948993017555 0 1999 0
"2000" 139.352623845063 153.654711361418 0 2000 0
