"V1" "V2" "V3"
"1" 85.9115255236717 15.4879027361202 1
"2" 83.7587043490658 12.9252371721034 3
"3" 86.7381086187664 18.7259022076924 3
"4" 85.9152759312232 17.7302194686128 3
"5" 83.5685504923759 14.8801526739721 3
"6" 84.9057448036426 19.7837907303186 4
"7" 85.0629890775212 17.3355375520093 4
"8" 84.9833753296887 13.2736323525279 4
"9" 154.204779682143 17.9053498511752 4
"10" 85.4057305348487 16.7998130393559 5
"11" 85.2020421914598 18.6474686747362 5
"12" 84.6054426636898 21.6764174578648 5
"13" 84.4029308340378 16.8694041772523 5
"14" 155.129583563726 18.8846738390111 5
"15" 123.628817531075 46.7387008200954 5
"16" 123.575275641056 49.1120553202004 5
"17" 124.204742550021 47.1176580163017 5
"18" 123.733089265354 51.6730070598 5
"19" 123.504871686313 42.6234612505107 5
"20" 124.042357393889 47.3959580707483 5
"21" 122.331347733558 43.3123283226284 5
"22" 83.7845602702088 28.8344450627412 6
"23" 85.180555969942 23.7204859346744 6
"24" 86.0311549448824 14.6363669772784 6
"25" 86.8096675163292 15.8258881126153 6
"26" 88.0416745007621 19.536196286486 6
"27" 85.2768007561285 15.4097892955605 6
"28" 85.2247055973508 18.996280709096 6
"29" 153.508603792138 13.7149107767975 6
"30" 151.354857851265 13.768123582452 6
"31" 123.160361521588 44.0591200311068 6
"32" 123.990703078234 48.4781908643668 6
"33" 125.077071852942 47.2299052645624 6
"34" 123.420309209514 48.8162582876481 6
"35" 124.649219024842 49.4810723750567 6
"36" 123.979883881126 57.0860454008477 6
"37" 85.1640666138797 24.2798479985271 7
"38" 85.8637468463627 13.1450202877002 7
"39" 85.5205639413433 21.9293561852803 7
"40" 84.2453018581869 23.2341156258506 7
"41" 155.557930604135 11.3328915071616 7
"42" 124.262667947882 46.8681145795573 7
"43" 155.134715635174 15.343667548385 8
"44" 154.351718772893 18.9789845226956 8
"45" 154.79943854251 12.992965573459 8
"46" 157.498431709879 15.6184036318826 8
"47" 152.637934140971 8.44790153539403 8
"48" 159.188495762519 102.81201548359 8
"49" 123.886216867119 51.3526670541248 8
"50" 123.618071479033 53.5052734140418 8
"51" 123.785450112281 53.4941843942538 8
"52" 125.316634922604 47.4776315282823 8
"53" 123.227385650353 46.7684266482925 8
"54" 124.501623447048 39.9567327863171 8
"55" 123.730453389358 50.0743420675078 8
"56" 135.897296537997 81.4834436384035 8
"57" 83.6957713913539 23.4432365368853 9
"58" 92.5630131295914 17.5757644026486 9
"59" 156.55934024315 4.93067401884006 9
"60" 161.014269503334 113.805344775234 9
"61" 123.644148676015 45.9470219801927 9
"62" 123.224229353823 53.5731512676982 9
"63" 124.423719515398 47.2828121102554 9
"64" 104.390160826263 153.10574626 9
"65" 104.823296696511 151.716688497608 9
"66" 84.9243744658025 19.2010089588773 10
"67" 154.867495770486 12.7705656946313 10
"68" 156.600163679436 18.5495719722446 10
"69" 154.317207186574 12.251472515006 10
"70" 157.095392021586 102.830508660604 10
"71" 159.083415714535 107.860050406864 10
"72" 122.29648985808 54.2196001220531 10
"73" 123.113744673985 50.9737000508916 10
"74" 123.883339509528 49.039405920097 10
"75" 123.417769078986 45.7056967781607 10
"76" 104.873541660328 150.557509347057 10
"77" 104.479193707689 152.032462547516 10
"78" 104.810812145182 151.650754490155 10
"79" 166.568701813408 36.9295735692284 10
"80" 154.968859984011 118.07114778994 10
"81" 93.6504805474314 31.6268846319395 10
"82" 129.073129751096 75.5858288194251 10
"83" 86.0150018702798 23.1977447066849 11
"84" 88.07915163486 24.2244500493782 11
"85" 164.816692237 112.582860320719 11
"86" 162.662388275429 102.651529221984 11
"87" 122.777228448339 50.3564123989041 11
"88" 86.9035476863133 17.553400847079 12
"89" 83.7983912825955 22.7401750610772 12
"90" 153.830443231841 9.83331527179802 12
"91" 157.155926505378 108.169253386901 12
"92" 162.879050836351 110.362485284559 12
"93" 157.601800840331 110.779441145316 12
"94" 124.271627046331 48.15495810547 12
"95" 124.928275736418 44.472809405989 12
"96" 104.560562437478 152.551139752945 12
"97" 139.109646164535 16.3567910787234 12
"98" 151.169849393946 100.995159208555 13
"99" 157.144404557882 106.738522350971 13
"100" 156.346678932292 105.373756881367 13
"101" 105.805904949409 151.451352399187 13
"102" 103.541817768332 151.272286522583 13
"103" 150.185788020554 19.4246064847859 13
"104" 113.157680751972 63.1632683128749 13
"105" 157.847826518916 10.2165753603136 14
"106" 156.225949059914 7.43625954966969 14
"107" 122.816878832056 51.5382962719613 14
"108" 85.8311549874622 16.8382262095663 15
"109" 155.560367186311 5.73865659672193 15
"110" 162.856209271365 106.979680325581 15
"111" 104.858010186862 148.891333732779 15
"112" 165.770872505284 52.9727736542322 15
"113" 156.428647170975 17.0511423502669 16
"114" 152.754958255749 13.8166043875254 16
"115" 156.369191553296 102.723253227597 16
"116" 160.279604344398 107.734093363278 16
"117" 161.327411786495 109.272709244427 16
"118" 152.001278633195 2.63721335318452 17
"119" 159.140993411966 100.223327844514 17
"120" 164.09693014116 114.659102089327 17
"121" 101.81484538883 151.721819188315 17
"122" 160.280222602723 113.852590859374 18
"123" 155.260699454617 94.2397321602828 18
"124" 160.99258020893 108.198526511063 18
"125" 165.65624791861 103.545377909544 18
"126" 154.563630757316 5.16653631611123 19
"127" 151.05547281176 16.0769340521022 19
"128" 165.379744783531 106.483212758148 19
"129" 151.748194753247 4.33630833760787 20
"130" 160.867455439567 103.735519572514 20
"131" 102.962846011682 82.4447636356435 20
"132" 89.3280180799134 47.0937562799047 20
"133" 154.931908917753 12.3482834547643 21
"134" 157.053111256388 104.373863852393 21
"135" 121.653866796505 25.3799419476014 21
"136" 152.412010844628 19.7329431423454 22
"137" 158.549309397827 118.815867718286 23
"138" 81.9012291886707 7.3564617590143 25
"139" 130.615528377212 48.7219503889072 25
"140" 140.12340172667 153.433799423505 26
"141" 133.076049307307 102.934269960151 26
"142" 117.657100088071 56.1553412274135 27
"143" 126.239515197409 30.4068345117527 27
"144" 125.408446980229 42.1457551362754 31
"145" 165.868370475948 100.383302262269 33
"146" 135.268647002369 97.8481832943427 34
"147" 119.768132311241 107.280853829481 34
"148" 156.678009434024 113.539875942069 35
"149" 91.2884058458179 28.2422330426505 36
"150" 142.03089978119 71.0063492472475 36
"151" 157.092915192998 114.117599080985 39
"152" 140.003633067456 65.0024817877821 39
"153" 157.389301592106 28.1348166423784 39
"154" 102.210973488424 69.1812535903557 40
"155" 125.845305960236 108.644673887497 40
"156" 136.277886110588 20.4996565770231 42
"157" 121.055665265519 10.6036486058609 43
"158" 143.424789189874 81.1663913489929 43
"159" 125.357767949931 68.9706920373681 44
"160" 105.370081953653 56.375703024338 44
"161" 166.419084694376 18.7558158704445 46
"162" 112.048879438056 15.2402927952875 50
